/*--------------------------------*- C++ -*----------------------------------*\
  =========                 |
  \\      /  F ield         | OpenFOAM: The Open Source CFD Toolbox
   \\    /   O peration     | Website:  https://openfoam.org
    \\  /    A nd           | Version:  9
     \\/     M anipulation  |
\*---------------------------------------------------------------------------*/
FoamFile
{
    format      ascii;
    class       volScalarField;
    location    "0.047";
    object      rho;
}
// * * * * * * * * * * * * * * * * * * * * * * * * * * * * * * * * * * * * * //

dimensions      [1 -3 0 0 0 0 0];

internalField   nonuniform List<scalar> 
10000
(
0.169322
0.16932
0.169318
0.169315
0.169313
0.16931
0.169308
0.169306
0.169303
0.169301
0.169299
0.169296
0.169294
0.169292
0.169289
0.169287
0.169285
0.169282
0.16928
0.169277
0.169275
0.169273
0.16927
0.169268
0.169266
0.169263
0.169261
0.169259
0.169256
0.169254
0.169252
0.169249
0.169247
0.169245
0.169242
0.16924
0.169238
0.169235
0.169233
0.169231
0.169228
0.169226
0.169224
0.169221
0.169219
0.169217
0.169214
0.169212
0.16921
0.169207
0.169205
0.169203
0.1692
0.169198
0.169196
0.169194
0.169192
0.169189
0.169187
0.169185
0.169182
0.16918
0.169178
0.169175
0.169173
0.169171
0.169169
0.169167
0.169165
0.169163
0.169161
0.169158
0.169156
0.169154
0.169151
0.169149
0.169147
0.169145
0.169143
0.169141
0.169139
0.169137
0.169135
0.169133
0.169131
0.169129
0.169127
0.169125
0.169123
0.169121
0.169119
0.169116
0.169114
0.169112
0.16911
0.169107
0.169105
0.169103
0.169101
0.169099
0.169097
0.169095
0.169094
0.169092
0.169091
0.16909
0.169089
0.169088
0.169087
0.169086
0.169085
0.169085
0.169084
0.169083
0.169083
0.169082
0.169082
0.169081
0.169081
0.169081
0.16908
0.16908
0.16908
0.169079
0.169079
0.169079
0.169079
0.169078
0.169078
0.169078
0.169078
0.169077
0.169077
0.169077
0.169077
0.169077
0.169076
0.169076
0.169076
0.169076
0.169076
0.169076
0.169076
0.169075
0.169075
0.169075
0.169075
0.169075
0.169075
0.169075
0.169075
0.169075
0.169075
0.169075
0.169074
0.169074
0.169074
0.169074
0.169074
0.169074
0.169074
0.169074
0.169074
0.169074
0.169075
0.169075
0.169075
0.169075
0.169075
0.169075
0.169075
0.169075
0.169075
0.169075
0.169075
0.169075
0.169076
0.169076
0.169076
0.169076
0.169076
0.169076
0.169076
0.169077
0.169077
0.169077
0.169077
0.169077
0.169077
0.169078
0.169078
0.169078
0.169078
0.169078
0.169078
0.169079
0.169079
0.169079
0.169079
0.169079
0.169079
0.16908
0.16908
0.16908
0.16908
0.16908
0.16908
0.16908
0.169081
0.169081
0.169081
0.169081
0.169081
0.169081
0.169081
0.169081
0.169081
0.169082
0.169082
0.169082
0.169082
0.169082
0.169082
0.169082
0.169082
0.169082
0.169082
0.169082
0.169082
0.169082
0.169082
0.169082
0.169082
0.169082
0.169082
0.169082
0.169082
0.169082
0.169082
0.169082
0.169082
0.169082
0.169082
0.169082
0.169082
0.169082
0.169082
0.169082
0.169082
0.169081
0.169081
0.169081
0.169081
0.169081
0.169081
0.169081
0.169081
0.169081
0.169081
0.169081
0.169081
0.16908
0.16908
0.16908
0.16908
0.16908
0.16908
0.16908
0.16908
0.16908
0.16908
0.16908
0.16908
0.16908
0.16908
0.169079
0.169079
0.169079
0.169079
0.169079
0.169079
0.169079
0.169079
0.169079
0.169079
0.169079
0.169079
0.169079
0.169079
0.169079
0.169079
0.169079
0.169079
0.169079
0.169079
0.16908
0.16908
0.16908
0.16908
0.16908
0.16908
0.16908
0.16908
0.16908
0.16908
0.16908
0.16908
0.169081
0.169081
0.169081
0.169081
0.169081
0.169081
0.169081
0.169081
0.169082
0.169082
0.169082
0.169082
0.169082
0.169082
0.169082
0.169082
0.169083
0.169083
0.169083
0.169083
0.169083
0.169083
0.169083
0.169084
0.169084
0.169084
0.169084
0.169084
0.169084
0.169084
0.169085
0.169085
0.169085
0.169085
0.169085
0.169085
0.169085
0.169086
0.169086
0.169086
0.169086
0.169086
0.169086
0.169086
0.169086
0.169087
0.169087
0.169087
0.169087
0.169087
0.169087
0.169087
0.169087
0.169088
0.169088
0.169088
0.169088
0.169088
0.169088
0.169088
0.169089
0.169089
0.169089
0.169089
0.169089
0.169089
0.169089
0.16909
0.16909
0.16909
0.16909
0.16909
0.16909
0.169091
0.169091
0.169091
0.169091
0.169091
0.169092
0.169092
0.169092
0.169092
0.169092
0.169093
0.169093
0.169093
0.169093
0.169093
0.169094
0.169094
0.169094
0.169094
0.169095
0.169095
0.169095
0.169095
0.169096
0.169096
0.169096
0.169096
0.169097
0.169097
0.169097
0.169097
0.169097
0.169098
0.169098
0.169098
0.169098
0.169099
0.169099
0.169099
0.169099
0.1691
0.1691
0.1691
0.1691
0.1691
0.169101
0.169101
0.169101
0.169101
0.169101
0.169102
0.169102
0.169102
0.169102
0.169102
0.169102
0.169103
0.169103
0.169103
0.169103
0.169103
0.169103
0.169103
0.169103
0.169104
0.169104
0.169104
0.169104
0.169104
0.169104
0.169104
0.169104
0.169104
0.169104
0.169104
0.169104
0.169104
0.169104
0.169105
0.169105
0.169105
0.169105
0.169105
0.169105
0.169105
0.169105
0.169105
0.169105
0.169105
0.169105
0.169105
0.169105
0.169105
0.169105
0.169105
0.169105
0.169105
0.169105
0.169105
0.169105
0.169105
0.169105
0.169105
0.169105
0.169105
0.169106
0.169106
0.169106
0.169106
0.169106
0.169106
0.169106
0.169106
0.169106
0.169107
0.169107
0.169107
0.169107
0.169107
0.169107
0.169108
0.169108
0.169108
0.169108
0.169108
0.169109
0.169109
0.169109
0.169109
0.16911
0.16911
0.16911
0.16911
0.169111
0.169111
0.169111
0.169111
0.169112
0.169112
0.169112
0.169112
0.169113
0.169113
0.169113
0.169114
0.169114
0.169114
0.169114
0.169115
0.169115
0.169115
0.169116
0.169116
0.169116
0.169116
0.169117
0.169117
0.169117
0.169117
0.169118
0.169118
0.169118
0.169118
0.169119
0.169119
0.169119
0.169119
0.16912
0.16912
0.16912
0.16912
0.16912
0.169121
0.169121
0.169121
0.169121
0.169121
0.169121
0.169122
0.169122
0.169122
0.169122
0.169122
0.169122
0.169123
0.169123
0.169123
0.169123
0.169123
0.169123
0.169123
0.169123
0.169124
0.169124
0.169124
0.169124
0.169124
0.169124
0.169124
0.169125
0.169125
0.169125
0.169125
0.169125
0.169125
0.169125
0.169126
0.169126
0.169126
0.169126
0.169126
0.169126
0.169127
0.169127
0.169127
0.169127
0.169128
0.169128
0.169128
0.169128
0.169129
0.169129
0.169129
0.169129
0.16913
0.16913
0.16913
0.169131
0.169131
0.169131
0.169132
0.169132
0.169133
0.169133
0.169134
0.169134
0.169134
0.169135
0.169135
0.169136
0.169136
0.169137
0.169137
0.169138
0.169139
0.169139
0.16914
0.16914
0.169141
0.169142
0.169142
0.169143
0.169144
0.169144
0.169145
0.169146
0.169146
0.169147
0.169148
0.169148
0.169149
0.16915
0.169151
0.169151
0.169152
0.169153
0.169154
0.169155
0.169155
0.169156
0.169157
0.169158
0.169159
0.169159
0.16916
0.169161
0.169162
0.169163
0.169164
0.169165
0.169165
0.169166
0.169167
0.169168
0.169169
0.16917
0.169171
0.169172
0.169173
0.169174
0.169175
0.169176
0.169177
0.169178
0.169178
0.169179
0.16918
0.169181
0.169182
0.169183
0.169185
0.169186
0.169187
0.169188
0.169189
0.16919
0.169191
0.169192
0.169193
0.169194
0.169195
0.169196
0.169197
0.169198
0.1692
0.169201
0.169202
0.169203
0.169204
0.169205
0.169206
0.169208
0.169209
0.16921
0.169211
0.169212
0.169213
0.169215
0.169216
0.169217
0.169218
0.169219
0.169221
0.169222
0.169223
0.169224
0.169225
0.169227
0.169228
0.169229
0.16923
0.169231
0.169233
0.169234
0.169235
0.169236
0.169238
0.169239
0.16924
0.169241
0.169242
0.169244
0.169245
0.169246
0.169247
0.169248
0.16925
0.169251
0.169252
0.169253
0.169254
0.169256
0.169257
0.169258
0.169259
0.16926
0.169261
0.169263
0.169264
0.169265
0.169266
0.169267
0.169268
0.16927
0.169271
0.169272
0.169273
0.169274
0.169275
0.169276
0.169277
0.169279
0.16928
0.169281
0.169282
0.169283
0.169284
0.169285
0.169286
0.169287
0.169288
0.169289
0.16929
0.169291
0.169293
0.169294
0.169295
0.169296
0.169297
0.169298
0.169299
0.1693
0.169301
0.169302
0.169303
0.169304
0.169305
0.169306
0.169307
0.169308
0.169309
0.16931
0.169311
0.169312
0.169314
0.169315
0.169316
0.169317
0.169318
0.169319
0.16932
0.169321
0.169322
0.169323
0.169325
0.169326
0.169327
0.169328
0.169329
0.16933
0.169332
0.169333
0.169334
0.169335
0.169337
0.169338
0.169339
0.16934
0.169342
0.169343
0.169344
0.169346
0.169347
0.169348
0.16935
0.169351
0.169353
0.169354
0.169356
0.169357
0.169358
0.16936
0.169362
0.169363
0.169365
0.169366
0.169368
0.169369
0.169371
0.169373
0.169374
0.169376
0.169378
0.169379
0.169381
0.169383
0.169385
0.169387
0.169388
0.16939
0.169392
0.169394
0.169396
0.169398
0.1694
0.169402
0.169404
0.169406
0.169408
0.16941
0.169412
0.169414
0.169417
0.169419
0.169421
0.169423
0.169425
0.169428
0.16943
0.169432
0.169435
0.169437
0.16944
0.169442
0.169445
0.169447
0.16945
0.169452
0.169455
0.169457
0.16946
0.169463
0.169466
0.169468
0.169471
0.169474
0.169477
0.16948
0.169483
0.169486
0.169489
0.169492
0.169495
0.169498
0.169501
0.169504
0.169507
0.169511
0.169514
0.169517
0.169521
0.169524
0.169528
0.169531
0.169535
0.169538
0.169542
0.169546
0.169549
0.169553
0.169557
0.169561
0.169565
0.169569
0.169573
0.169577
0.169581
0.169586
0.16959
0.169594
0.169598
0.169603
0.169607
0.169612
0.169616
0.169621
0.169625
0.16963
0.169635
0.16964
0.169644
0.169649
0.169654
0.169659
0.169664
0.169669
0.169674
0.169679
0.169685
0.16969
0.169695
0.1697
0.169706
0.169711
0.169717
0.169722
0.169727
0.169733
0.169739
0.169744
0.16975
0.169755
0.169761
0.169767
0.169773
0.169778
0.169784
0.16979
0.169796
0.169802
0.169808
0.169814
0.16982
0.169826
0.169832
0.169839
0.169845
0.169851
0.169857
0.169863
0.16987
0.169876
0.169882
0.169889
0.169895
0.169902
0.169908
0.169915
0.169921
0.169928
0.169934
0.169941
0.169947
0.169954
0.169961
0.169967
0.169974
0.169981
0.169987
0.169994
0.170001
0.170007
0.170014
0.170021
0.170028
0.170035
0.170041
0.170048
0.170055
0.170062
0.170069
0.170075
0.170082
0.170089
0.170096
0.170103
0.17011
0.170117
0.170124
0.17013
0.170137
0.170144
0.170151
0.170158
0.170165
0.170172
0.170179
0.170186
0.170193
0.1702
0.170207
0.170214
0.170221
0.170228
0.170235
0.170242
0.170249
0.170256
0.170263
0.17027
0.170277
0.170284
0.170291
0.170298
0.170305
0.170312
0.170319
0.170326
0.170333
0.17034
0.170347
0.170354
0.170362
0.170369
0.170376
0.170383
0.17039
0.170397
0.170405
0.170412
0.170419
0.170426
0.170433
0.170441
0.170448
0.170455
0.170462
0.17047
0.170477
0.170484
0.170492
0.170499
0.170506
0.170514
0.170521
0.170528
0.170536
0.170543
0.17055
0.170558
0.170565
0.170572
0.17058
0.170587
0.170595
0.170602
0.170609
0.170617
0.170624
0.170632
0.170639
0.170647
0.170654
0.170661
0.170669
0.170676
0.170684
0.170691
0.170699
0.170706
0.170714
0.170721
0.170729
0.170736
0.170744
0.170751
0.170759
0.170766
0.170774
0.170781
0.170789
0.170797
0.170804
0.170812
0.170819
0.170827
0.170834
0.170842
0.17085
0.170857
0.170865
0.170872
0.17088
0.170888
0.170895
0.170903
0.170911
0.170918
0.170926
0.170934
0.170941
0.170949
0.170957
0.170964
0.170972
0.17098
0.170988
0.170995
0.171003
0.171011
0.171019
0.171026
0.171034
0.171042
0.17105
0.171057
0.171065
0.171073
0.171081
0.171089
0.171097
0.171104
0.171112
0.17112
0.171128
0.171136
0.171144
0.171152
0.17116
0.171168
0.171176
0.171184
0.171192
0.1712
0.171208
0.171216
0.171224
0.171232
0.17124
0.171248
0.171256
0.171264
0.171272
0.17128
0.171288
0.171296
0.171304
0.171312
0.171321
0.171329
0.171337
0.171345
0.171353
0.171361
0.17137
0.171378
0.171386
0.171394
0.171403
0.171411
0.171419
0.171427
0.171436
0.171444
0.171452
0.17146
0.171469
0.171477
0.171485
0.171494
0.171502
0.17151
0.171519
0.171527
0.171535
0.171544
0.171552
0.171561
0.171569
0.171577
0.171586
0.171594
0.171602
0.171611
0.171619
0.171628
0.171636
0.171645
0.171653
0.171661
0.17167
0.171678
0.171687
0.171695
0.171704
0.171712
0.17172
0.171729
0.171737
0.171746
0.171754
0.171763
0.171771
0.171779
0.171788
0.171796
0.171805
0.171813
0.171822
0.17183
0.171838
0.171847
0.171855
0.171864
0.171872
0.171881
0.171889
0.171897
0.171906
0.171914
0.171923
0.171931
0.171939
0.171948
0.171956
0.171964
0.171973
0.171981
0.17199
0.171998
0.172006
0.172015
0.172023
0.172031
0.17204
0.172048
0.172056
0.172065
0.172073
0.172082
0.17209
0.172098
0.172107
0.172115
0.172123
0.172132
0.17214
0.172148
0.172157
0.172165
0.172173
0.172182
0.17219
0.172198
0.172207
0.172215
0.172223
0.172232
0.17224
0.172248
0.172257
0.172265
0.172273
0.172282
0.17229
0.172299
0.172307
0.172315
0.172324
0.172332
0.17234
0.172349
0.172357
0.172366
0.172374
0.172382
0.172391
0.172399
0.172408
0.172416
0.172424
0.172433
0.172441
0.17245
0.172458
0.172467
0.172475
0.172484
0.172492
0.172501
0.172509
0.172518
0.172526
0.172535
0.172543
0.172552
0.17256
0.172569
0.172577
0.172586
0.172594
0.172603
0.172611
0.17262
0.172629
0.172637
0.172646
0.172654
0.172663
0.172672
0.17268
0.172689
0.172697
0.172706
0.172715
0.172723
0.172732
0.17274
0.172749
0.172758
0.172766
0.172775
0.172783
0.172792
0.172801
0.172809
0.172818
0.172826
0.172835
0.172844
0.172852
0.172861
0.17287
0.172878
0.172887
0.172895
0.172904
0.172912
0.172921
0.17293
0.172938
0.172947
0.172955
0.172964
0.172973
0.172981
0.17299
0.172998
0.173007
0.173015
0.173024
0.173032
0.173041
0.173049
0.173058
0.173066
0.173075
0.173083
0.173092
0.1731
0.173109
0.173117
0.173126
0.173134
0.173143
0.173151
0.173159
0.173168
0.173176
0.173185
0.173193
0.173201
0.17321
0.173218
0.173227
0.173235
0.173243
0.173252
0.17326
0.173268
0.173277
0.173285
0.173293
0.173302
0.17331
0.173318
0.173327
0.173335
0.173343
0.173352
0.17336
0.173368
0.173376
0.173385
0.173393
0.173401
0.17341
0.173418
0.173426
0.173434
0.173443
0.173451
0.173459
0.173468
0.173476
0.173484
0.173492
0.173501
0.173509
0.173517
0.173526
0.173534
0.173542
0.17355
0.173559
0.173567
0.173575
0.173583
0.173592
0.1736
0.173608
0.173617
0.173625
0.173633
0.173642
0.17365
0.173658
0.173666
0.173675
0.173683
0.173691
0.1737
0.173708
0.173716
0.173725
0.173733
0.173741
0.17375
0.173758
0.173766
0.173775
0.173783
0.173791
0.1738
0.173808
0.173816
0.173825
0.173833
0.173841
0.17385
0.173858
0.173866
0.173875
0.173883
0.173892
0.1739
0.173908
0.173917
0.173925
0.173933
0.173942
0.17395
0.173959
0.173967
0.173975
0.173984
0.173992
0.174
0.174009
0.174017
0.174025
0.174034
0.174042
0.174051
0.174059
0.174067
0.174076
0.174084
0.174092
0.174101
0.174109
0.174118
0.174126
0.174134
0.174143
0.174151
0.174159
0.174168
0.174176
0.174184
0.174193
0.174201
0.17421
0.174218
0.174226
0.174235
0.174243
0.174251
0.17426
0.174268
0.174277
0.174285
0.174293
0.174302
0.17431
0.174318
0.174327
0.174335
0.174344
0.174352
0.17436
0.174369
0.174377
0.174386
0.174394
0.174402
0.174411
0.174419
0.174428
0.174436
0.174445
0.174453
0.174461
0.17447
0.174478
0.174487
0.174495
0.174504
0.174512
0.174521
0.174529
0.174538
0.174546
0.174555
0.174563
0.174572
0.17458
0.174589
0.174597
0.174606
0.174615
0.174623
0.174632
0.17464
0.174649
0.174658
0.174666
0.174675
0.174683
0.174692
0.174701
0.174709
0.174718
0.174727
0.174736
0.174744
0.174753
0.174762
0.17477
0.174779
0.174788
0.174797
0.174805
0.174814
0.174823
0.174832
0.174841
0.174849
0.174858
0.174867
0.174876
0.174885
0.174894
0.174902
0.174911
0.17492
0.174929
0.174938
0.174947
0.174956
0.174965
0.174974
0.174982
0.174991
0.175
0.175009
0.175018
0.175027
0.175036
0.175045
0.175054
0.175063
0.175072
0.175081
0.17509
0.175099
0.175107
0.175116
0.175125
0.175134
0.175143
0.175152
0.175161
0.17517
0.175179
0.175188
0.175197
0.175206
0.175215
0.175223
0.175232
0.175241
0.17525
0.175259
0.175268
0.175277
0.175286
0.175294
0.175303
0.175312
0.175321
0.17533
0.175339
0.175347
0.175356
0.175365
0.175374
0.175382
0.175391
0.1754
0.175409
0.175417
0.175426
0.175435
0.175444
0.175452
0.175461
0.17547
0.175478
0.175487
0.175495
0.175504
0.175513
0.175521
0.17553
0.175538
0.175547
0.175556
0.175564
0.175573
0.175581
0.17559
0.175598
0.175607
0.175615
0.175624
0.175632
0.175641
0.175649
0.175657
0.175666
0.175674
0.175683
0.175691
0.1757
0.175708
0.175716
0.175725
0.175733
0.175741
0.17575
0.175758
0.175767
0.175775
0.175783
0.175792
0.1758
0.175808
0.175817
0.175825
0.175833
0.175842
0.17585
0.175858
0.175866
0.175875
0.175883
0.175891
0.1759
0.175908
0.175916
0.175925
0.175933
0.175941
0.175949
0.175958
0.175966
0.175974
0.175983
0.175991
0.175999
0.176008
0.176016
0.176024
0.176033
0.176041
0.176049
0.176058
0.176066
0.176074
0.176083
0.176091
0.176099
0.176108
0.176116
0.176124
0.176133
0.176141
0.17615
0.176158
0.176166
0.176175
0.176183
0.176192
0.1762
0.176209
0.176217
0.176225
0.176234
0.176242
0.176251
0.176259
0.176268
0.176276
0.176285
0.176293
0.176302
0.17631
0.176319
0.176327
0.176336
0.176344
0.176353
0.176361
0.17637
0.176379
0.176387
0.176396
0.176404
0.176413
0.176421
0.17643
0.176439
0.176447
0.176456
0.176465
0.176473
0.176482
0.17649
0.176499
0.176508
0.176516
0.176525
0.176534
0.176542
0.176551
0.17656
0.176569
0.176577
0.176586
0.176595
0.176603
0.176612
0.176621
0.17663
0.176638
0.176647
0.176656
0.176665
0.176673
0.176682
0.176691
0.1767
0.176709
0.176717
0.176726
0.176735
0.176744
0.176753
0.176761
0.17677
0.176779
0.176788
0.176797
0.176805
0.176814
0.176823
0.176832
0.176841
0.17685
0.176859
0.176867
0.176876
0.176885
0.176894
0.176903
0.176912
0.176921
0.17693
0.176938
0.176947
0.176956
0.176965
0.176974
0.176983
0.176992
0.177001
0.17701
0.177019
0.177028
0.177036
0.177045
0.177054
0.177063
0.177072
0.177081
0.17709
0.177099
0.177108
0.177117
0.177126
0.177135
0.177144
0.177153
0.177162
0.177171
0.17718
0.177188
0.177197
0.177206
0.177215
0.177224
0.177233
0.177242
0.177251
0.17726
0.177269
0.177278
0.177287
0.177296
0.177305
0.177314
0.177323
0.177332
0.177341
0.177349
0.177358
0.177367
0.177376
0.177385
0.177394
0.177403
0.177412
0.177421
0.17743
0.177439
0.177447
0.177456
0.177465
0.177474
0.177483
0.177492
0.177501
0.177509
0.177518
0.177527
0.177536
0.177545
0.177553
0.177562
0.177571
0.17758
0.177589
0.177597
0.177606
0.177615
0.177624
0.177632
0.177641
0.17765
0.177658
0.177667
0.177676
0.177684
0.177693
0.177702
0.17771
0.177719
0.177728
0.177736
0.177745
0.177753
0.177762
0.177771
0.177779
0.177788
0.177796
0.177805
0.177813
0.177822
0.17783
0.177839
0.177847
0.177856
0.177864
0.177873
0.177881
0.17789
0.177898
0.177907
0.177915
0.177923
0.177932
0.17794
0.177949
0.177957
0.177965
0.177974
0.177982
0.17799
0.177999
0.178007
0.178016
0.178024
0.178032
0.178041
0.178049
0.178057
0.178066
0.178074
0.178082
0.17809
0.178099
0.178107
0.178115
0.178124
0.178132
0.17814
0.178149
0.178157
0.178165
0.178174
0.178182
0.17819
0.178199
0.178207
0.178215
0.178224
0.178232
0.17824
0.178249
0.178257
0.178265
0.178274
0.178282
0.17829
0.178299
0.178307
0.178315
0.178324
0.178332
0.178341
0.178349
0.178357
0.178366
0.178374
0.178383
0.178391
0.178399
0.178408
0.178416
0.178425
0.178433
0.178442
0.17845
0.178459
0.178467
0.178476
0.178484
0.178493
0.178502
0.17851
0.178519
0.178527
0.178536
0.178545
0.178553
0.178562
0.17857
0.178579
0.178588
0.178596
0.178605
0.178614
0.178623
0.178631
0.17864
0.178649
0.178658
0.178666
0.178675
0.178684
0.178693
0.178702
0.178711
0.178719
0.178728
0.178737
0.178746
0.178755
0.178764
0.178773
0.178782
0.178791
0.1788
0.178809
0.178818
0.178827
0.178836
0.178845
0.178854
0.178863
0.178872
0.178881
0.17889
0.178899
0.178908
0.178917
0.178926
0.178936
0.178945
0.178954
0.178963
0.178972
0.178981
0.17899
0.179
0.179009
0.179018
0.179027
0.179036
0.179046
0.179055
0.179064
0.179073
0.179082
0.179092
0.179101
0.17911
0.179119
0.179129
0.179138
0.179147
0.179156
0.179166
0.179175
0.179184
0.179193
0.179203
0.179212
0.179221
0.17923
0.17924
0.179249
0.179258
0.179267
0.179277
0.179286
0.179295
0.179304
0.179314
0.179323
0.179332
0.179341
0.17935
0.17936
0.179369
0.179378
0.179387
0.179396
0.179406
0.179415
0.179424
0.179433
0.179442
0.179451
0.17946
0.17947
0.179479
0.179488
0.179497
0.179506
0.179515
0.179524
0.179533
0.179542
0.179551
0.17956
0.179569
0.179578
0.179587
0.179596
0.179605
0.179614
0.179623
0.179632
0.179641
0.17965
0.179659
0.179668
0.179677
0.179686
0.179695
0.179703
0.179712
0.179721
0.17973
0.179739
0.179748
0.179756
0.179765
0.179774
0.179783
0.179791
0.1798
0.179809
0.179818
0.179826
0.179835
0.179844
0.179852
0.179861
0.17987
0.179878
0.179887
0.179896
0.179904
0.179913
0.179921
0.17993
0.179939
0.179947
0.179956
0.179964
0.179973
0.179981
0.17999
0.179998
0.180007
0.180016
0.180024
0.180033
0.180041
0.18005
0.180058
0.180067
0.180075
0.180083
0.180092
0.1801
0.180109
0.180117
0.180126
0.180134
0.180143
0.180151
0.18016
0.180168
0.180177
0.180185
0.180194
0.180202
0.18021
0.180219
0.180227
0.180236
0.180244
0.180253
0.180261
0.18027
0.180278
0.180287
0.180295
0.180304
0.180312
0.18032
0.180329
0.180337
0.180346
0.180354
0.180363
0.180371
0.18038
0.180389
0.180397
0.180406
0.180414
0.180423
0.180431
0.18044
0.180448
0.180457
0.180466
0.180474
0.180483
0.180491
0.1805
0.180509
0.180517
0.180526
0.180535
0.180543
0.180552
0.180561
0.180569
0.180578
0.180587
0.180595
0.180604
0.180613
0.180622
0.18063
0.180639
0.180648
0.180657
0.180666
0.180674
0.180683
0.180692
0.180701
0.18071
0.180719
0.180727
0.180736
0.180745
0.180754
0.180763
0.180772
0.180781
0.18079
0.180799
0.180808
0.180817
0.180826
0.180835
0.180844
0.180853
0.180862
0.180871
0.18088
0.180889
0.180898
0.180907
0.180916
0.180925
0.180935
0.180944
0.180953
0.180962
0.180971
0.18098
0.180989
0.180999
0.181008
0.181017
0.181026
0.181035
0.181044
0.181054
0.181063
0.181072
0.181081
0.18109
0.1811
0.181109
0.181118
0.181127
0.181137
0.181146
0.181155
0.181164
0.181173
0.181183
0.181192
0.181201
0.18121
0.18122
0.181229
0.181238
0.181247
0.181257
0.181266
0.181275
0.181284
0.181293
0.181303
0.181312
0.181321
0.18133
0.18134
0.181349
0.181358
0.181367
0.181376
0.181386
0.181395
0.181404
0.181413
0.181422
0.181432
0.181441
0.18145
0.181459
0.181468
0.181477
0.181486
0.181496
0.181505
0.181514
0.181523
0.181532
0.181541
0.18155
0.181559
0.181568
0.181577
0.181586
0.181595
0.181604
0.181613
0.181622
0.181631
0.18164
0.181649
0.181658
0.181667
0.181676
0.181685
0.181694
0.181703
0.181712
0.181721
0.18173
0.181739
0.181748
0.181756
0.181765
0.181774
0.181783
0.181792
0.181801
0.18181
0.181819
0.181827
0.181836
0.181845
0.181854
0.181863
0.181871
0.18188
0.181889
0.181898
0.181906
0.181915
0.181924
0.181933
0.181941
0.18195
0.181959
0.181968
0.181976
0.181985
0.181994
0.182003
0.182011
0.18202
0.182029
0.182037
0.182046
0.182055
0.182063
0.182072
0.182081
0.18209
0.182098
0.182107
0.182116
0.182124
0.182133
0.182142
0.18215
0.182159
0.182168
0.182176
0.182185
0.182194
0.182203
0.182211
0.18222
0.182229
0.182237
0.182246
0.182255
0.182264
0.182272
0.182281
0.18229
0.182299
0.182307
0.182316
0.182325
0.182334
0.182342
0.182351
0.18236
0.182369
0.182378
0.182386
0.182395
0.182404
0.182413
0.182422
0.18243
0.182439
0.182448
0.182457
0.182466
0.182475
0.182484
0.182493
0.182502
0.18251
0.182519
0.182528
0.182537
0.182546
0.182555
0.182564
0.182573
0.182582
0.182591
0.1826
0.182609
0.182618
0.182627
0.182636
0.182645
0.182654
0.182663
0.182672
0.182681
0.18269
0.1827
0.182709
0.182718
0.182727
0.182736
0.182745
0.182754
0.182763
0.182772
0.182782
0.182791
0.1828
0.182809
0.182818
0.182827
0.182837
0.182846
0.182855
0.182864
0.182873
0.182883
0.182892
0.182901
0.18291
0.182919
0.182929
0.182938
0.182947
0.182956
0.182966
0.182975
0.182984
0.182993
0.183002
0.183012
0.183021
0.18303
0.183039
0.183049
0.183058
0.183067
0.183076
0.183086
0.183095
0.183104
0.183113
0.183122
0.183132
0.183141
0.18315
0.183159
0.183169
0.183178
0.183187
0.183196
0.183205
0.183215
0.183224
0.183233
0.183242
0.183251
0.18326
0.18327
0.183279
0.183288
0.183297
0.183306
0.183315
0.183324
0.183333
0.183343
0.183352
0.183361
0.18337
0.183379
0.183388
0.183397
0.183406
0.183415
0.183424
0.183433
0.183442
0.183451
0.18346
0.183469
0.183478
0.183487
0.183496
0.183505
0.183514
0.183523
0.183532
0.183541
0.18355
0.183559
0.183568
0.183577
0.183586
0.183594
0.183603
0.183612
0.183621
0.18363
0.183639
0.183648
0.183657
0.183665
0.183674
0.183683
0.183692
0.183701
0.18371
0.183718
0.183727
0.183736
0.183745
0.183754
0.183762
0.183771
0.18378
0.183789
0.183798
0.183806
0.183815
0.183824
0.183833
0.183841
0.18385
0.183859
0.183868
0.183877
0.183885
0.183894
0.183903
0.183912
0.18392
0.183929
0.183938
0.183947
0.183955
0.183964
0.183973
0.183982
0.183991
0.183999
0.184008
0.184017
0.184026
0.184034
0.184043
0.184052
0.184061
0.18407
0.184079
0.184087
0.184096
0.184105
0.184114
0.184122
0.184132
0.18414
0.18415
0.184158
0.184167
0.184176
0.184185
0.184193
0.184203
0.184211
0.184221
0.184229
0.184239
0.184247
0.184257
0.184265
0.184275
0.184283
0.184293
0.184301
0.184311
0.184319
0.184329
0.184337
0.184347
0.184355
0.184365
0.184373
0.184383
0.184391
0.184401
0.184409
0.18442
0.184428
0.184438
0.184446
0.184456
0.184464
0.184475
0.184483
0.184493
0.184501
0.184511
0.184519
0.18453
0.184538
0.184548
0.184556
0.184567
0.184575
0.184585
0.184594
0.184604
0.184612
0.184623
0.184631
0.184641
0.18465
0.18466
0.184668
0.184679
0.184687
0.184698
0.184706
0.184716
0.184725
0.184735
0.184743
0.184754
0.184762
0.184773
0.184781
0.184792
0.1848
0.184811
0.184819
0.184829
0.184838
0.184848
0.184857
0.184867
0.184876
0.184886
0.184894
0.184905
0.184913
0.184924
0.184932
0.184943
0.184951
0.184962
0.18497
0.184981
0.184989
0.185
0.185008
0.185019
0.185027
0.185037
0.185046
0.185056
0.185065
0.185075
0.185083
0.185094
0.185102
0.185113
0.185121
0.185131
0.18514
0.18515
0.185159
0.185169
0.185178
0.185187
0.185196
0.185206
0.185215
0.185225
0.185234
0.185243
0.185252
0.185262
0.185271
0.18528
0.185289
0.185299
0.185308
0.185317
0.185326
0.185336
0.185345
0.185354
0.185363
0.185372
0.185382
0.185391
0.1854
0.185409
0.185418
0.185427
0.185436
0.185445
0.185454
0.185464
0.185473
0.185482
0.185491
0.1855
0.185509
0.185518
0.185527
0.185536
0.185545
0.185554
0.185563
0.185572
0.185581
0.18559
0.185598
0.185607
0.185616
0.185625
0.185634
0.185643
0.185652
0.185661
0.18567
0.185678
0.185687
0.185696
0.185705
0.185714
0.185723
0.185731
0.18574
0.185749
0.185758
0.185767
0.185775
0.185784
0.185793
0.185802
0.185811
0.185819
0.185828
0.185837
0.185846
0.185854
0.185863
0.185872
0.185881
0.185889
0.185898
0.185907
0.185916
0.185924
0.185933
0.185942
0.185951
0.185959
0.185968
0.185977
0.185986
0.185994
0.186003
0.186012
0.186021
0.186029
0.186038
0.186047
0.186056
0.186064
0.186073
0.186082
0.186091
0.186099
0.186108
0.186117
0.186126
0.186135
0.186143
0.186152
0.186161
0.18617
0.186179
0.186188
0.186196
0.186205
0.186214
0.186223
0.186232
0.186241
0.18625
0.186259
0.186268
0.186276
0.186285
0.186294
0.186303
0.186312
0.186321
0.18633
0.186339
0.186348
0.186357
0.186366
0.186375
0.186384
0.186393
0.186402
0.186411
0.18642
0.186429
0.186439
0.186448
0.186457
0.186466
0.186475
0.186484
0.186493
0.186503
0.186512
0.186521
0.18653
0.186539
0.186549
0.186558
0.186567
0.186576
0.186586
0.186595
0.186604
0.186613
0.186623
0.186632
0.186641
0.186651
0.18666
0.18667
0.186679
0.186688
0.186698
0.186707
0.186717
0.186726
0.186735
0.186745
0.186754
0.186764
0.186773
0.186783
0.186792
0.186802
0.186811
0.186821
0.18683
0.18684
0.186849
0.186859
0.186869
0.186878
0.186888
0.186897
0.186907
0.186916
0.186926
0.186936
0.186945
0.186955
0.186964
0.186974
0.186984
0.186993
0.187003
0.187013
0.187022
0.187032
0.187041
0.187051
0.187061
0.18707
0.18708
0.18709
0.187099
0.187109
0.187119
0.187128
0.187138
0.187148
0.187157
0.187167
0.187176
0.187186
0.187196
0.187205
0.187215
0.187225
0.187234
0.187244
0.187253
0.187263
0.187273
0.187282
0.187292
0.187302
0.187311
0.187321
0.18733
0.18734
0.187349
0.187359
0.187369
0.187378
0.187388
0.187397
0.187407
0.187416
0.187426
0.187435
0.187445
0.187454
0.187464
0.187473
0.187483
0.187492
0.187502
0.187511
0.18752
0.18753
0.187539
0.187549
0.187558
0.187567
0.187577
0.187586
0.187596
0.187605
0.187614
0.187624
0.187633
0.187642
0.187651
0.187661
0.18767
0.187679
0.187689
0.187698
0.187707
0.187716
0.187726
0.187735
0.187744
0.187753
0.187762
0.187772
0.187781
0.18779
0.187799
0.187808
0.187817
0.187827
0.187836
0.187845
0.187854
0.187863
0.187872
0.187881
0.18789
0.187899
0.187908
0.187917
0.187927
0.187936
0.187945
0.187954
0.187963
0.187972
0.187981
0.18799
0.187999
0.188008
0.188017
0.188026
0.188035
0.188044
0.188053
0.188062
0.188071
0.18808
0.188089
0.188098
0.188107
0.188115
0.188124
0.188133
0.188142
0.188151
0.18816
0.188169
0.188178
0.188187
0.188196
0.188205
0.188214
0.188223
0.188232
0.188241
0.18825
0.188259
0.188268
0.188277
0.188286
0.188295
0.188303
0.188312
0.188321
0.18833
0.188339
0.188348
0.188357
0.188366
0.188375
0.188384
0.188393
0.188402
0.188411
0.18842
0.188429
0.188438
0.188447
0.188456
0.188465
0.188474
0.188483
0.188492
0.188502
0.188511
0.18852
0.188529
0.188538
0.188547
0.188556
0.188565
0.188574
0.188583
0.188592
0.188602
0.188611
0.18862
0.188629
0.188638
0.188647
0.188656
0.188666
0.188675
0.188684
0.188693
0.188702
0.188712
0.188721
0.18873
0.188739
0.188749
0.188758
0.188767
0.188777
0.188786
0.188795
0.188804
0.188814
0.188823
0.188832
0.188842
0.188851
0.18886
0.18887
0.188879
0.188889
0.188898
0.188907
0.188917
0.188926
0.188936
0.188945
0.188954
0.188964
0.188973
0.188983
0.188992
0.189002
0.189011
0.189021
0.18903
0.18904
0.189049
0.189059
0.189068
0.189078
0.189087
0.189097
0.189106
0.189116
0.189125
0.189135
0.189145
0.189154
0.189164
0.189173
0.189183
0.189192
0.189202
0.189211
0.189221
0.189231
0.18924
0.18925
0.189259
0.189269
0.189279
0.189288
0.189298
0.189307
0.189317
0.189327
0.189336
0.189346
0.189356
0.189365
0.189375
0.189384
0.189394
0.189404
0.189413
0.189423
0.189432
0.189442
0.189452
0.189461
0.189471
0.18948
0.18949
0.1895
0.189509
0.189519
0.189528
0.189538
0.189547
0.189557
0.189567
0.189576
0.189586
0.189595
0.189605
0.189614
0.189624
0.189634
0.189643
0.189653
0.189662
0.189672
0.189681
0.189691
0.1897
0.18971
0.189719
0.189729
0.189738
0.189748
0.189757
0.189766
0.189776
0.189785
0.189795
0.189804
0.189814
0.189823
0.189833
0.189842
0.189851
0.189861
0.18987
0.18988
0.189889
0.189898
0.189908
0.189917
0.189926
0.189936
0.189945
0.189954
0.189964
0.189973
0.189982
0.189992
0.190001
0.19001
0.190019
0.190029
0.190038
0.190047
0.190057
0.190066
0.190075
0.190084
0.190094
0.190103
0.190112
0.190121
0.19013
0.19014
0.190149
0.190158
0.190167
0.190176
0.190186
0.190195
0.190204
0.190213
0.190222
0.190232
0.190241
0.19025
0.190259
0.190268
0.190277
0.190287
0.190296
0.190305
0.190314
0.190323
0.190332
0.190341
0.190351
0.19036
0.190369
0.190378
0.190387
0.190396
0.190406
0.190415
0.190424
0.190433
0.190442
0.190451
0.19046
0.19047
0.190479
0.190488
0.190497
0.190506
0.190515
0.190525
0.190534
0.190543
0.190552
0.190561
0.190571
0.19058
0.190589
0.190598
0.190607
0.190617
0.190626
0.190635
0.190644
0.190653
0.190663
0.190672
0.190681
0.19069
0.1907
0.190709
0.190718
0.190727
0.190737
0.190746
0.190755
0.190765
0.190774
0.190783
0.190793
0.190802
0.190811
0.190821
0.19083
0.190839
0.190849
0.190858
0.190867
0.190877
0.190886
0.190896
0.190905
0.190914
0.190924
0.190933
0.190943
0.190952
0.190962
0.190971
0.19098
0.19099
0.190999
0.191009
0.191018
0.191028
0.191037
0.191047
0.191056
0.191066
0.191075
0.191085
0.191094
0.191104
0.191114
0.191123
0.191133
0.191142
0.191152
0.191161
0.191171
0.191181
0.19119
0.1912
0.191209
0.191219
0.191229
0.191238
0.191248
0.191257
0.191267
0.191277
0.191286
0.191296
0.191306
0.191315
0.191325
0.191334
0.191344
0.191354
0.191363
0.191373
0.191383
0.191392
0.191402
0.191412
0.191421
0.191431
0.191441
0.19145
0.19146
0.19147
0.191479
0.191489
0.191499
0.191508
0.191518
0.191528
0.191537
0.191547
0.191557
0.191566
0.191576
0.191586
0.191595
0.191605
0.191614
0.191624
0.191634
0.191643
0.191653
0.191663
0.191672
0.191682
0.191692
0.191701
0.191711
0.19172
0.19173
0.19174
0.191749
0.191759
0.191768
0.191778
0.191788
0.191797
0.191807
0.191816
0.191826
0.191835
0.191845
0.191855
0.191864
0.191874
0.191883
0.191893
0.191902
0.191912
0.191921
0.191931
0.19194
0.19195
0.191959
0.191969
0.191978
0.191988
0.191997
0.192007
0.192016
0.192026
0.192035
0.192045
0.192054
0.192064
0.192073
0.192082
0.192092
0.192101
0.192111
0.19212
0.192129
0.192139
0.192148
0.192158
0.192167
0.192176
0.192186
0.192195
0.192204
0.192214
0.192223
0.192233
0.192242
0.192251
0.192261
0.19227
0.192279
0.192289
0.192298
0.192307
0.192317
0.192326
0.192335
0.192345
0.192354
0.192364
0.192373
0.192382
0.192391
0.192401
0.19241
0.192419
0.192429
0.192438
0.192447
0.192457
0.192466
0.192475
0.192485
0.192494
0.192503
0.192513
0.192522
0.192531
0.192541
0.19255
0.192559
0.192569
0.192578
0.192587
0.192597
0.192606
0.192615
0.192625
0.192634
0.192643
0.192653
0.192662
0.192671
0.192681
0.19269
0.192699
0.192709
0.192718
0.192728
0.192737
0.192746
0.192756
0.192765
0.192775
0.192784
0.192793
0.192803
0.192812
0.192822
0.192831
0.19284
0.19285
0.192859
0.192869
0.192878
0.192888
0.192897
0.192907
0.192916
0.192926
0.192935
0.192945
0.192954
0.192964
0.192973
0.192983
0.192992
0.193002
0.193011
0.193021
0.19303
0.19304
0.19305
0.193059
0.193069
0.193078
0.193088
0.193097
0.193107
0.193117
0.193126
0.193136
0.193145
0.193155
0.193165
0.193174
0.193184
0.193194
0.193203
0.193213
0.193223
0.193232
0.193242
0.193252
0.193261
0.193271
0.193281
0.19329
0.1933
0.19331
0.193319
0.193329
0.193339
0.193349
0.193358
0.193368
0.193378
0.193387
0.193397
0.193407
0.193416
0.193426
0.193436
0.193446
0.193456
0.193465
0.193475
0.193485
0.193495
0.193504
0.193514
0.193524
0.193533
0.193543
0.193553
0.193563
0.193572
0.193582
0.193592
0.193602
0.193611
0.193621
0.193631
0.193641
0.19365
0.19366
0.19367
0.19368
0.193689
0.193699
0.193709
0.193719
0.193728
0.193738
0.193748
0.193757
0.193767
0.193777
0.193786
0.193796
0.193806
0.193815
0.193825
0.193835
0.193845
0.193854
0.193864
0.193874
0.193883
0.193893
0.193902
0.193912
0.193922
0.193931
0.193941
0.193951
0.193961
0.19397
0.19398
0.193989
0.193999
0.194008
0.194018
0.194027
0.194037
0.194047
0.194056
0.194066
0.194075
0.194085
0.194095
0.194104
0.194114
0.194123
0.194133
0.194142
0.194152
0.194161
0.194171
0.19418
0.19419
0.194199
0.194209
0.194218
0.194228
0.194237
0.194247
0.194256
0.194266
0.194275
0.194285
0.194294
0.194304
0.194313
0.194322
0.194332
0.194341
0.194351
0.19436
0.19437
0.194379
0.194389
0.194398
0.194408
0.194417
0.194426
0.194436
0.194445
0.194454
0.194464
0.194473
0.194482
0.194492
0.194502
0.194511
0.194521
0.19453
0.19454
0.194549
0.194558
0.194568
0.194577
0.194587
0.194596
0.194605
0.194615
0.194624
0.194633
0.194643
0.194652
0.194662
0.194671
0.194681
0.194691
0.1947
0.19471
0.194719
0.194729
0.194738
0.194747
0.194757
0.194766
0.194775
0.194785
0.194794
0.194804
0.194813
0.194823
0.194833
0.194842
0.194852
0.194861
0.194871
0.194881
0.19489
0.1949
0.194909
0.194919
0.194928
0.194938
0.194947
0.194957
0.194967
0.194976
0.194986
0.194995
0.195005
0.195015
0.195024
0.195034
0.195044
0.195053
0.195063
0.195073
0.195083
0.195092
0.195102
0.195112
0.195121
0.195131
0.19514
0.19515
0.19516
0.195169
0.195179
0.195189
0.195199
0.195209
0.195219
0.195228
0.195238
0.195248
0.195258
0.195267
0.195277
0.195287
0.195296
0.195306
0.195316
0.195326
0.195336
0.195345
0.195355
0.195365
0.195375
0.195385
0.195395
0.195405
0.195414
0.195424
0.195434
0.195444
0.195453
0.195463
0.195473
0.195483
0.195493
0.195503
0.195513
0.195523
0.195532
0.195542
0.195552
0.195562
0.195571
0.195581
0.195591
0.195601
0.195611
0.195621
0.19563
0.19564
0.19565
0.19566
0.19567
0.19568
0.19569
0.195699
0.195709
0.195719
0.195729
0.195738
0.195748
0.195758
0.195768
0.195778
0.195788
0.195798
0.195808
0.195817
0.195827
0.195837
0.195846
0.195856
0.195866
0.195876
0.195885
0.195895
0.195905
0.195915
0.195925
0.195935
0.195944
0.195954
0.195964
0.195973
0.195983
0.195993
0.196002
0.196012
0.196022
0.196032
0.196041
0.196051
0.196061
0.196071
0.19608
0.19609
0.1961
0.196109
0.196119
0.196129
0.196138
0.196148
0.196158
0.196167
0.196177
0.196187
0.196196
0.196206
0.196215
0.196225
0.196235
0.196244
0.196254
0.196264
0.196273
0.196283
0.196293
0.196302
0.196311
0.196321
0.19633
0.19634
0.19635
0.196359
0.196369
0.196379
0.196388
0.196398
0.196408
0.196417
0.196427
0.196436
0.196446
0.196455
0.196465
0.196474
0.196484
0.196493
0.196503
0.196513
0.196522
0.196532
0.196541
0.196551
0.196561
0.19657
0.19658
0.196589
0.196599
0.196608
0.196618
0.196627
0.196637
0.196646
0.196656
0.196666
0.196675
0.196685
0.196695
0.196704
0.196714
0.196723
0.196733
0.196742
0.196752
0.196761
0.196771
0.196781
0.19679
0.1968
0.19681
0.196819
0.196829
0.196838
0.196848
0.196858
0.196867
0.196877
0.196886
0.196896
0.196906
0.196916
0.196925
0.196935
0.196945
0.196954
0.196964
0.196974
0.196983
0.196993
0.197003
0.197012
0.197022
0.197032
0.197042
0.197052
0.197061
0.197071
0.197081
0.19709
0.1971
0.19711
0.197119
0.197129
0.197139
0.197149
0.197159
0.197169
0.197178
0.197188
0.197198
0.197208
0.197218
0.197227
0.197237
0.197247
0.197257
0.197266
0.197276
0.197286
0.197296
0.197306
0.197316
0.197326
0.197336
0.197346
0.197355
0.197365
0.197375
0.197385
0.197395
0.197405
0.197414
0.197424
0.197434
0.197444
0.197454
0.197464
0.197474
0.197484
0.197494
0.197504
0.197514
0.197524
0.197533
0.197543
0.197553
0.197563
0.197573
0.197583
0.197593
0.197603
0.197613
0.197623
0.197633
0.197643
0.197653
0.197662
0.197672
0.197682
0.197692
0.197702
0.197712
0.197722
0.197732
0.197742
0.197752
0.197762
0.197772
0.197782
0.197791
0.197801
0.197811
0.197821
0.197831
0.197841
0.197851
0.197861
0.19787
0.19788
0.19789
0.1979
0.19791
0.19792
0.19793
0.197939
0.197949
0.197959
0.197969
0.197979
0.197989
0.197999
0.198009
0.198018
0.198028
0.198038
0.198048
0.198057
0.198067
0.198077
0.198087
0.198097
0.198107
0.198116
0.198126
0.198136
0.198146
0.198156
0.198165
0.198175
0.198185
0.198194
0.198204
0.198214
0.198224
0.198234
0.198244
0.198253
0.198263
0.198273
0.198283
0.198292
0.198302
0.198312
0.198321
0.198331
0.198341
0.198351
0.19836
0.19837
0.19838
0.19839
0.198399
0.198409
0.198419
0.198428
0.198438
0.198448
0.198458
0.198467
0.198477
0.198487
0.198497
0.198506
0.198516
0.198526
0.198535
0.198545
0.198555
0.198564
0.198574
0.198584
0.198594
0.198604
0.198613
0.198623
0.198633
0.198642
0.198652
0.198662
0.198671
0.198681
0.198691
0.198701
0.198711
0.19872
0.19873
0.19874
0.19875
0.198759
0.198769
0.198779
0.198788
0.198798
0.198808
0.198818
0.198828
0.198838
0.198847
0.198857
0.198867
0.198876
0.198886
0.198896
0.198906
0.198916
0.198925
0.198935
0.198945
0.198955
0.198965
0.198975
0.198984
0.198994
0.199004
0.199014
0.199023
0.199033
0.199043
0.199053
0.199063
0.199073
0.199083
0.199093
0.199102
0.199112
0.199122
0.199132
0.199142
0.199152
0.199162
0.199172
0.199181
0.199191
0.199201
0.199211
0.199221
0.199231
0.199241
0.19925
0.19926
0.19927
0.19928
0.19929
0.1993
0.19931
0.19932
0.19933
0.19934
0.19935
0.19936
0.199369
0.199379
0.19939
0.1994
0.199409
0.199419
0.199429
0.199439
0.199449
0.199459
0.199469
0.199479
0.199489
0.199499
0.199509
0.199519
0.199529
0.199539
0.199549
0.199558
0.199568
0.199578
0.199588
0.199598
0.199608
0.199618
0.199628
0.199638
0.199648
0.199658
0.199668
0.199678
0.199688
0.199698
0.199708
0.199718
0.199728
0.199738
0.199748
0.199758
0.199767
0.199777
0.199787
0.199797
0.199807
0.199817
0.199827
0.199837
0.199847
0.199857
0.199867
0.199877
0.199886
0.199896
0.199906
0.199916
0.199926
0.199936
0.199946
0.199956
0.199966
0.199976
0.199986
0.199996
0.200005
0.200015
0.200025
0.200035
0.200045
0.200055
0.200065
0.200075
0.200085
0.200094
0.200104
0.200114
0.200124
0.200134
0.200144
0.200154
0.200164
0.200174
0.200184
0.200193
0.200203
0.200213
0.200223
0.200233
0.200243
0.200252
0.200262
0.200272
0.200282
0.200292
0.200302
0.200312
0.200321
0.200331
0.200341
0.200351
0.200361
0.200371
0.200381
0.200391
0.200401
0.20041
0.20042
0.20043
0.20044
0.20045
0.20046
0.20047
0.200479
0.200489
0.200499
0.200509
0.200519
0.200529
0.200538
0.200548
0.200558
0.200568
0.200578
0.200588
0.200598
0.200608
0.200618
0.200627
0.200637
0.200647
0.200657
0.200667
0.200677
0.200687
0.200697
0.200707
0.200716
0.200726
0.200736
0.200746
0.200756
0.200766
0.200776
0.200786
0.200796
0.200806
0.200816
0.200826
0.200835
0.200845
0.200855
0.200865
0.200875
0.200885
0.200895
0.200905
0.200915
0.200925
0.200935
0.200945
0.200955
0.200965
0.200975
0.200985
0.200995
0.201005
0.201015
0.201025
0.201035
0.201045
0.201055
0.201065
0.201075
0.201085
0.201095
0.201105
0.201115
0.201125
0.201135
0.201145
0.201155
0.201165
0.201175
0.201185
0.201195
0.201205
0.201215
0.201225
0.201235
0.201245
0.201255
0.201266
0.201276
0.201286
0.201295
0.201305
0.201315
0.201326
0.201336
0.201346
0.201356
0.201366
0.201376
0.201386
0.201396
0.201406
0.201416
0.201426
0.201436
0.201446
0.201456
0.201466
0.201477
0.201487
0.201497
0.201506
0.201516
0.201526
0.201537
0.201547
0.201557
0.201567
0.201577
0.201587
0.201597
0.201607
0.201617
0.201627
0.201637
0.201647
0.201657
0.201667
0.201677
0.201687
0.201697
0.201707
0.201717
0.201727
0.201737
0.201747
0.201757
0.201767
0.201777
0.201787
0.201797
0.201807
0.201817
0.201827
0.201837
0.201847
0.201857
0.201867
0.201877
0.201887
0.201897
0.201907
0.201917
0.201927
0.201937
0.201947
0.201957
0.201967
0.201977
0.201987
0.201997
0.202007
0.202017
0.202027
0.202036
0.202046
0.202056
0.202066
0.202076
0.202087
0.202096
0.202106
0.202116
0.202126
0.202136
0.202146
0.202156
0.202166
0.202176
0.202186
0.202196
0.202206
0.202216
0.202226
0.202235
0.202245
0.202255
0.202265
0.202275
0.202285
0.202295
0.202305
0.202315
0.202325
0.202335
0.202345
0.202355
0.202365
0.202375
0.202385
0.202395
0.202405
0.202415
0.202424
0.202434
0.202444
0.202454
0.202464
0.202475
0.202485
0.202495
0.202505
0.202514
0.202524
0.202534
0.202544
0.202554
0.202564
0.202574
0.202584
0.202595
0.202605
0.202615
0.202624
0.202634
0.202644
0.202654
0.202664
0.202674
0.202684
0.202695
0.202705
0.202715
0.202725
0.202735
0.202745
0.202755
0.202765
0.202775
0.202785
0.202795
0.202805
0.202815
0.202825
0.202836
0.202846
0.202856
0.202866
0.202876
0.202886
0.202896
0.202906
0.202916
0.202926
0.202936
0.202947
0.202957
0.202967
0.202977
0.202987
0.202997
0.203007
0.203017
0.203027
0.203037
0.203048
0.203058
0.203068
0.203078
0.203088
0.203099
0.203109
0.203119
0.203129
0.203139
0.203149
0.203159
0.203169
0.20318
0.20319
0.2032
0.20321
0.20322
0.20323
0.20324
0.203251
0.203261
0.203271
0.203281
0.203291
0.203301
0.203312
0.203322
0.203332
0.203342
0.203352
0.203362
0.203372
0.203382
0.203393
0.203403
0.203413
0.203423
0.203433
0.203444
0.203454
0.203464
0.203474
0.203484
0.203494
0.203504
0.203514
0.203525
0.203535
0.203545
0.203555
0.203565
0.203575
0.203585
0.203595
0.203605
0.203615
0.203626
0.203636
0.203646
0.203656
0.203666
0.203676
0.203686
0.203696
0.203706
0.203716
0.203727
0.203737
0.203747
0.203757
0.203767
0.203777
0.203787
0.203797
0.203807
0.203817
0.203827
0.203837
0.203848
0.203858
0.203868
0.203878
0.203888
0.203898
0.203908
0.203918
0.203928
0.203938
0.203948
0.203958
0.203968
0.203979
0.203989
0.203999
0.204009
0.204019
0.204029
0.204039
0.204049
0.204059
0.204069
0.204079
0.204089
0.204099
0.204109
0.204119
0.204129
0.204139
0.204149
0.204159
0.204169
0.20418
0.20419
0.2042
0.20421
0.20422
0.20423
0.20424
0.20425
0.20426
0.20427
0.20428
0.20429
0.2043
0.20431
0.20432
0.20433
0.20434
0.20435
0.204361
0.204371
0.204381
0.204391
0.204401
0.204411
0.204421
0.204431
0.204441
0.204451
0.204461
0.204472
0.204482
0.204492
0.204502
0.204512
0.204522
0.204532
0.204542
0.204552
0.204562
0.204573
0.204583
0.204593
0.204603
0.204613
0.204623
0.204633
0.204643
0.204653
0.204664
0.204674
0.204684
0.204694
0.204704
0.204715
0.204725
0.204735
0.204745
0.204755
0.204765
0.204775
0.204785
0.204796
0.204806
0.204816
0.204826
0.204836
0.204846
0.204856
0.204867
0.204877
0.204887
0.204897
0.204907
0.204918
0.204928
0.204938
0.204948
0.204958
0.204968
0.204978
0.204989
0.204999
0.205009
0.205019
0.20503
0.20504
0.20505
0.20506
0.20507
0.20508
0.205091
0.205101
0.205111
0.205121
0.205132
0.205142
0.205152
0.205162
0.205172
0.205182
0.205192
0.205203
0.205213
0.205223
0.205234
0.205244
0.205254
0.205264
0.205274
0.205284
0.205294
0.205305
0.205315
0.205325
0.205336
0.205346
0.205356
0.205366
0.205376
0.205386
0.205397
0.205407
0.205417
0.205427
0.205438
0.205448
0.205458
0.205468
0.205478
0.205488
0.205499
0.205509
0.205519
0.205529
0.20554
0.20555
0.20556
0.20557
0.20558
0.20559
0.205601
0.205611
0.205621
0.205632
0.205642
0.205652
0.205662
0.205672
0.205682
0.205692
0.205703
0.205713
0.205723
0.205734
0.205744
0.205754
0.205764
0.205774
0.205784
0.205794
0.205805
0.205815
0.205825
0.205836
0.205846
0.205856
0.205866
0.205876
0.205886
0.205896
0.205907
0.205917
0.205927
0.205938
0.205948
0.205958
0.205968
0.205978
0.205988
0.205999
0.206009
0.206019
0.206029
0.20604
0.20605
0.20606
0.20607
0.20608
0.20609
0.206101
0.206111
0.206121
0.206132
0.206142
0.206152
0.206162
0.206172
0.206182
0.206193
0.206203
0.206213
0.206223
0.206234
0.206244
0.206254
0.206264
0.206274
0.206285
0.206295
0.206305
0.206315
0.206326
0.206336
0.206346
0.206357
0.206367
0.206377
0.206387
0.206397
0.206407
0.206418
0.206428
0.206438
0.206449
0.206459
0.206469
0.206479
0.206489
0.2065
0.20651
0.20652
0.206531
0.206541
0.206551
0.206562
0.206572
0.206582
0.206592
0.206602
0.206613
0.206623
0.206633
0.206644
0.206654
0.206664
0.206674
0.206685
0.206695
0.206705
0.206715
0.206726
0.206736
0.206747
0.206757
0.206767
0.206778
0.206788
0.206798
0.206808
0.206818
0.206828
0.206839
0.206849
0.206859
0.20687
0.20688
0.20689
0.206901
0.206911
0.206921
0.206932
0.206942
0.206952
0.206963
0.206973
0.206983
0.206993
0.207003
0.207013
0.207024
0.207034
0.207044
0.207055
0.207065
0.207076
0.207086
0.207096
0.207107
0.207117
0.207127
0.207137
0.207148
0.207158
0.207168
0.207178
0.207188
0.207199
0.207209
0.207219
0.207229
0.20724
0.20725
0.207261
0.207271
0.207281
0.207292
0.207302
0.207312
0.207322
0.207332
0.207342
0.207353
0.207363
0.207373
0.207383
0.207394
0.207404
0.207414
0.207425
0.207435
0.207445
0.207456
0.207466
0.207476
0.207486
0.207496
0.207506
0.207517
0.207527
0.207537
0.207547
0.207558
0.207568
0.207578
0.207589
0.207599
0.207609
0.20762
0.20763
0.20764
0.20765
0.20766
0.207671
0.207681
0.207691
0.207701
0.207711
0.207722
0.207732
0.207742
0.207753
0.207763
0.207773
0.207784
0.207794
0.207804
0.207814
0.207825
0.207835
0.207845
0.207855
0.207865
0.207875
0.207886
0.207896
0.207906
0.207917
0.207927
0.207938
0.207948
0.207958
0.207969
0.207979
0.207989
0.207999
0.208009
0.20802
0.20803
0.20804
0.20805
0.208061
0.208071
0.208082
0.208092
0.208102
0.208113
0.208123
0.208133
0.208144
0.208154
0.208164
0.208174
0.208185
0.208195
0.208205
0.208215
0.208226
0.208236
0.208247
0.208257
0.208268
0.208278
0.208289
0.208299
0.208309
0.208319
0.20833
0.20834
0.20835
0.20836
0.208371
0.208381
0.208392
0.208402
0.208413
0.208423
0.208434
0.208444
0.208454
0.208465
0.208475
0.208485
0.208496
0.208506
0.208516
0.208526
0.208537
0.208547
0.208558
0.208568
0.208579
0.208589
0.2086
0.20861
0.208621
0.208631
0.208641
0.208651
0.208662
0.208672
0.208682
0.208693
0.208703
0.208714
0.208724
0.208735
0.208745
0.208756
0.208766
0.208776
0.208787
0.208797
0.208807
0.208818
0.208828
0.208838
0.208849
0.208859
0.208869
0.20888
0.20889
0.208901
0.208912
0.208922
0.208932
0.208943
0.208953
0.208963
0.208974
0.208984
0.208994
0.209005
0.209015
0.209025
0.209036
0.209046
0.209057
0.209067
0.209078
0.209088
0.209099
0.209109
0.209119
0.20913
0.20914
0.20915
0.20916
0.209171
0.209181
0.209192
0.209202
0.209213
0.209223
0.209234
0.209244
0.209255
0.209265
0.209275
0.209285
0.209296
0.209306
0.209316
0.209327
0.209337
0.209348
0.209358
0.209369
0.209379
0.20939
0.2094
0.20941
0.209421
0.209431
0.209441
0.209451
0.209462
0.209472
0.209482
0.209493
0.209503
0.209514
0.209524
0.209535
0.209545
0.209556
0.209566
0.209576
0.209587
0.209597
0.209607
0.209617
0.209628
0.209638
0.209649
0.209659
0.20967
0.20968
0.209691
0.209701
0.209711
0.209722
0.209732
0.209742
0.209753
0.209763
0.209773
0.209784
0.209794
0.209804
0.209815
0.209826
0.209836
0.209847
0.209857
0.209867
0.209878
0.209888
0.209898
0.209909
0.209919
0.209929
0.20994
0.20995
0.209961
0.209971
0.209982
0.209992
0.210003
0.210013
0.210023
0.210034
0.210044
0.210054
0.210065
0.210075
0.210085
0.210096
0.210106
0.210117
0.210127
0.210138
0.210148
0.210159
0.210169
0.21018
0.21019
0.2102
0.210211
0.210221
0.210231
0.210242
0.210252
0.210263
0.210273
0.210284
0.210294
0.210305
0.210315
0.210326
0.210336
0.210346
0.210357
0.210367
0.210377
0.210388
0.210398
0.210409
0.210419
0.21043
0.21044
0.210451
0.210461
0.210472
0.210482
0.210493
0.210503
0.210513
0.210524
0.210534
0.210544
0.210555
0.210566
0.210576
0.210587
0.210597
0.210608
0.210618
0.210629
0.210639
0.210649
0.21066
0.21067
0.21068
0.210691
0.210701
0.210712
0.210723
0.210733
0.210744
0.210754
0.210765
0.210775
0.210786
0.210796
0.210806
0.210817
0.210827
0.210837
0.210848
0.210859
0.210869
0.21088
0.21089
0.210901
0.210911
0.210922
0.210932
0.210943
0.210953
0.210963
0.210974
0.210984
0.210995
0.211005
0.211016
0.211027
0.211037
0.211048
0.211058
0.211069
0.211079
0.211089
0.2111
0.21111
0.211121
0.211131
0.211142
0.211152
0.211163
0.211173
0.211184
0.211195
0.211205
0.211216
0.211226
0.211236
0.211247
0.211257
0.211268
0.211278
0.211289
0.211299
0.21131
0.211321
0.211331
0.211342
0.211352
0.211362
0.211373
0.211383
0.211394
0.211404
0.211415
0.211425
0.211436
0.211446
0.211457
0.211468
0.211478
0.211489
0.211499
0.211509
0.21152
0.21153
0.211541
0.211551
0.211562
0.211572
0.211583
0.211594
0.211604
0.211615
0.211625
0.211636
0.211646
0.211656
0.211667
0.211677
0.211688
0.211698
0.211709
0.21172
0.21173
0.211741
0.211752
0.211762
0.211773
0.211783
0.211793
0.211804
0.211814
0.211825
0.211835
0.211846
0.211856
0.211867
0.211878
0.211888
0.211899
0.211909
0.21192
0.21193
0.211941
0.211951
0.211962
0.211972
0.211983
0.211994
0.212004
0.212015
0.212025
0.212036
0.212046
0.212056
0.212067
0.212078
0.212088
0.212099
0.21211
0.21212
0.212131
0.212141
0.212152
0.212162
0.212173
0.212183
0.212193
0.212204
0.212214
0.212225
0.212236
0.212247
0.212257
0.212268
0.212279
0.212289
0.2123
0.21231
0.21232
0.212331
0.212341
0.212352
0.212362
0.212373
0.212383
0.212394
0.212405
0.212415
0.212426
0.212436
0.212447
0.212458
0.212468
0.212479
0.212489
0.2125
0.21251
0.212521
0.212531
0.212542
0.212552
0.212563
0.212573
0.212584
0.212595
0.212605
0.212616
0.212627
0.212637
0.212648
0.212658
0.212669
0.212679
0.212689
0.2127
0.21271
0.212721
0.212731
0.212742
0.212753
0.212763
0.212774
0.212785
0.212795
0.212806
0.212816
0.212827
0.212837
0.212848
0.212858
0.212869
0.212879
0.21289
0.2129
0.212911
0.212921
0.212932
0.212943
0.212953
0.212964
0.212975
0.212985
0.212996
0.213006
0.213017
0.213027
0.213037
0.213048
0.213058
0.213069
0.213079
0.21309
0.213101
0.213111
0.213122
0.213133
0.213143
0.213154
0.213164
0.213175
0.213185
0.213196
0.213206
0.213217
0.213227
0.213238
0.213248
0.213259
0.21327
0.21328
0.213291
0.213302
0.213312
0.213323
0.213333
0.213344
0.213354
0.213365
0.213375
0.213386
0.213396
0.213407
0.213417
0.213428
0.213439
0.21345
0.21346
0.213471
0.213482
0.213492
0.213503
0.213513
0.213524
0.213534
0.213545
0.213555
0.213566
0.213576
0.213587
0.213598
0.213608
0.213619
0.21363
0.21364
0.213651
0.213662
0.213672
0.213683
0.213693
0.213704
0.213714
0.213725
0.213735
0.213746
0.213757
0.213767
0.213778
0.213789
0.2138
0.21381
0.213821
0.213832
0.213842
0.213853
0.213863
0.213874
0.213884
0.213895
0.213906
0.213916
0.213927
0.213938
0.213949
0.213959
0.21397
0.213981
0.213991
0.214002
0.214012
0.214023
0.214033
0.214044
0.214055
0.214065
0.214076
0.214087
0.214098
0.214108
0.214119
0.21413
0.214141
0.214151
0.214162
0.214172
0.214183
0.214193
0.214204
0.214215
0.214225
0.214236
0.214247
0.214258
0.214268
0.214279
0.21429
0.2143
0.214311
0.214322
0.214332
0.214343
0.214353
0.214364
0.214374
0.214385
0.214396
0.214407
0.214418
0.214428
0.214439
0.21445
0.21446
0.214471
0.214482
0.214492
0.214503
0.214513
0.214524
0.214534
0.214545
0.214556
0.214567
0.214578
0.214588
0.214599
0.21461
0.21462
0.214631
0.214642
0.214652
0.214663
0.214673
0.214684
0.214695
0.214705
0.214716
0.214727
0.214738
0.214749
0.214759
0.21477
0.214781
0.214791
0.214802
0.214812
0.214823
0.214833
0.214844
0.214855
0.214866
0.214876
0.214887
0.214898
0.214909
0.21492
0.21493
0.214941
0.214951
0.214962
0.214972
0.214983
0.214994
0.215004
0.215015
0.215026
0.215037
0.215048
0.215059
0.215069
0.21508
0.215091
0.215101
0.215112
0.215122
0.215133
0.215144
0.215154
0.215165
0.215176
0.215187
0.215197
0.215208
0.215219
0.21523
0.215241
0.215251
0.215262
0.215272
0.215283
0.215293
0.215304
0.215315
0.215325
0.215336
0.215347
0.215358
0.215368
0.215379
0.21539
0.215401
0.215411
0.215422
0.215433
0.215443
0.215454
0.215464
0.215475
0.215486
0.215496
0.215507
0.215518
0.215529
0.215539
0.21555
0.215561
0.215572
0.215583
0.215593
0.215604
0.215614
0.215625
0.215635
0.215646
0.215657
0.215667
0.215678
0.215689
0.2157
0.215711
0.215721
0.215732
0.215743
0.215754
0.215764
0.215775
0.215785
0.215796
0.215807
0.215817
0.215828
0.215839
0.21585
0.21586
0.215871
0.215882
0.215893
0.215903
0.215914
0.215925
0.215935
0.215946
0.215956
0.215967
0.215978
0.215989
0.215999
0.21601
0.216021
0.216032
0.216043
0.216053
0.216064
0.216075
0.216085
0.216096
0.216106
0.216117
0.216128
0.216139
0.21615
0.216161
0.216171
0.216182
0.216193
0.216204
0.216214
0.216225
0.216236
0.216246
0.216257
0.216268
0.216279
0.216289
0.2163
0.216311
0.216322
0.216333
0.216344
0.216355
0.216365
0.216376
0.216386
0.216397
0.216408
0.216419
0.216429
0.21644
0.216451
0.216462
0.216473
0.216484
0.216495
0.216506
0.216516
0.216527
0.216537
0.216548
0.216559
0.21657
0.21658
0.216591
0.216602
0.216613
0.216624
0.216635
0.216646
0.216657
0.216667
0.216678
0.216689
0.216699
0.21671
0.216721
0.216732
0.216742
0.216753
0.216764
0.216775
0.216786
0.216797
0.216808
0.216818
0.216829
0.21684
0.216851
0.216862
0.216872
0.216883
0.216894
0.216904
0.216915
0.216926
0.216937
0.216948
0.216959
0.21697
0.216981
0.216991
0.217002
0.217013
0.217024
0.217034
0.217045
0.217056
0.217066
0.217077
0.217088
0.217099
0.21711
0.217121
0.217132
0.217143
0.217154
0.217164
0.217175
0.217186
0.217197
0.217207
0.217218
0.217229
0.217239
0.21725
0.217261
0.217272
0.217283
0.217294
0.217305
0.217316
0.217326
0.217337
0.217348
0.217359
0.217369
0.21738
0.217391
0.217401
0.217412
0.217423
0.217434
0.217445
0.217456
0.217467
0.217477
0.217488
0.217499
0.21751
0.217521
0.217531
0.217542
0.217553
0.217563
0.217574
0.217585
0.217596
0.217607
0.217618
0.217629
0.21764
0.21765
0.217661
0.217672
0.217683
0.217693
0.217704
0.217715
0.217725
0.217736
0.217747
0.217758
0.217769
0.21778
0.217791
0.217802
0.217813
0.217824
0.217834
0.217845
0.217856
0.217866
0.217877
0.217888
0.217899
0.217909
0.21792
0.217931
0.217942
0.217953
0.217964
0.217975
0.217986
0.217997
0.218008
0.218018
0.218029
0.21804
0.21805
0.218061
0.218072
0.218083
0.218094
0.218105
0.218116
0.218127
0.218138
0.218149
0.218159
0.21817
0.218181
0.218191
0.218202
0.218213
0.218224
0.218235
0.218246
0.218256
0.218267
0.218278
0.218289
0.2183
0.218311
0.218322
0.218333
0.218343
0.218354
0.218365
0.218376
0.218387
0.218398
0.218408
0.218419
0.21843
0.218441
0.218452
0.218463
0.218474
0.218485
0.218495
0.218506
0.218517
0.218528
0.218539
0.21855
0.218561
0.218572
0.218582
0.218593
0.218604
0.218615
0.218626
0.218636
0.218647
0.218658
0.218669
0.21868
0.218691
0.218702
0.218713
0.218724
0.218734
0.218745
0.218756
0.218767
0.218777
0.218788
0.218799
0.21881
0.218821
0.218832
0.218843
0.218854
0.218865
0.218876
0.218886
0.218897
0.218908
0.218919
0.218929
0.21894
0.218951
0.218962
0.218973
0.218984
0.218995
0.219006
0.219017
0.219028
0.219039
0.21905
0.21906
0.219071
0.219082
0.219092
0.219103
0.219114
0.219125
0.219136
0.219147
0.219158
0.219169
0.21918
0.219191
0.219202
0.219213
0.219224
0.219235
0.219245
0.219256
0.219267
0.219278
0.219289
0.2193
0.21931
0.219321
0.219332
0.219344
0.219355
0.219366
0.219377
0.219387
0.219398
0.219409
0.21942
0.219431
0.219442
0.219452
0.219463
0.219474
0.219485
0.219496
0.219507
0.219518
0.219529
0.21954
0.219551
0.219562
0.219573
0.219584
0.219594
0.219605
0.219616
0.219627
0.219638
0.219649
0.21966
0.219671
0.219682
0.219693
0.219704
0.219715
0.219726
0.219737
0.219748
0.219758
0.219769
0.21978
0.219791
0.219802
0.219813
0.219824
0.219835
0.219846
0.219857
0.219868
0.219879
0.21989
0.219901
0.219912
0.219922
0.219933
0.219944
0.219955
0.219966
0.219977
0.219988
0.219999
0.22001
0.220021
0.220032
0.220043
0.220054
0.220065
0.220076
0.220087
0.220098
0.220108
0.220119
0.22013
0.220142
0.220153
0.220164
0.220175
0.220186
0.220197
0.220208
0.220219
0.220229
0.22024
0.220251
0.220261
0.220272
0.220281
0.220292
0.220306
0.220326
0.220353
0.220393
0.220463
0.220599
0.220871
0.221414
0.222496
0.224572
0.228235
0.233841
0.240593
0.246286
0.249724
0.251463
0.252247
0.252522
0.252507
0.252378
0.252124
0.251917
0.251801
0.251746
0.251731
0.251734
0.251732
0.251715
0.25167
0.251589
0.251489
0.251396
0.251323
0.251265
0.251217
0.251178
0.251146
0.251117
0.251093
0.251071
0.251052
0.251034
0.251018
0.251004
0.25099
0.25098
0.250975
0.25098
0.250995
0.251026
0.251064
0.251085
0.251087
0.251081
0.251074
0.251065
0.251054
0.251045
0.251038
0.251033
0.251028
0.251026
0.251024
0.251024
0.251025
0.251026
0.251028
0.251032
0.251036
0.251042
0.251049
0.251056
0.251064
0.251073
0.251082
0.251091
0.251101
0.251111
0.251122
0.251136
0.251156
0.251185
0.251215
0.251238
0.251255
0.251268
0.25128
0.251292
0.251304
0.251316
0.251329
0.251342
0.251356
0.251371
0.251386
0.251402
0.251419
0.251435
0.251449
0.251461
0.25147
0.251477
0.251485
0.251493
0.251503
0.251513
0.251524
0.251536
0.251548
0.251561
0.251575
0.251589
0.251603
0.251619
0.251634
0.25165
0.251666
0.251682
0.251699
0.251716
0.251733
0.25175
0.251768
0.251786
0.251804
0.251823
0.251842
0.251863
0.251885
0.251906
0.251928
0.251947
0.251963
0.251976
0.251988
0.252
0.252012
0.252025
0.252038
0.252052
0.252066
0.252081
0.252096
0.252111
0.252126
0.252141
0.252157
0.252172
0.252187
0.252202
0.252216
0.252231
0.252245
0.252259
0.252273
0.252288
0.252302
0.252317
0.252331
0.252345
0.252359
0.252373
0.252387
0.252401
0.252415
0.252429
0.252443
0.252457
0.252471
0.252485
0.252498
0.252512
0.252526
0.25254
0.252553
0.252567
0.252581
0.252594
0.252608
0.252622
0.252635
0.252649
0.252662
0.252676
0.252689
0.252703
0.252716
0.25273
0.252743
0.252757
0.25277
0.252783
0.252797
0.25281
0.252823
0.252836
0.252849
0.252862
0.252875
0.252888
0.252902
0.252914
0.252928
0.252941
0.252954
0.252967
0.25298
0.252993
0.253007
0.25302
0.253033
0.253046
0.253059
0.253072
0.253085
0.253098
0.253111
0.253125
0.253138
0.253151
0.253164
0.253177
0.25319
0.253203
0.253217
0.25323
0.253243
0.253256
0.253269
0.253282
0.253295
0.253308
0.253321
0.253334
0.253347
0.25336
0.253373
0.253386
0.253399
0.253412
0.253425
0.253438
0.253451
0.253464
0.253478
0.253491
0.253504
0.253518
0.253531
0.253545
0.253558
0.253572
0.253585
0.253599
0.253612
0.253626
0.25364
0.253653
0.253667
0.253681
0.253694
0.253708
0.253721
0.253735
0.253749
0.253762
0.253776
0.253789
0.253803
0.253817
0.253831
0.253845
0.253858
0.253872
0.253886
0.2539
0.253914
0.253928
0.253943
0.253957
0.253971
0.253985
0.254
0.254014
0.254028
0.254043
0.254057
0.254071
0.254086
0.2541
0.254115
0.254129
0.254144
0.254158
0.254172
0.254187
0.254201
0.254215
0.25423
0.254244
0.254258
0.254273
0.254287
0.254301
0.254315
0.25433
0.254344
0.254359
0.254373
0.254387
0.254401
0.254416
0.25443
0.254444
0.254459
0.254473
0.254487
0.254502
0.254516
0.25453
0.254544
0.254558
0.254573
0.254587
0.254601
0.254615
0.254629
0.254643
0.254657
0.254671
0.254685
0.254699
0.254713
0.254727
0.254741
0.254754
0.254768
0.254782
0.254796
0.254809
0.254823
0.254836
0.25485
0.254864
0.254877
0.254891
0.254904
0.254918
0.254931
0.254945
0.254958
0.254972
0.254985
0.254999
0.255012
0.255026
0.255039
0.255053
0.255066
0.25508
0.255093
0.255107
0.25512
0.255133
0.255147
0.25516
0.255174
0.255187
0.2552
0.255214
0.255227
0.255241
0.255254
0.255267
0.255281
0.255294
0.255307
0.255321
0.255334
0.255347
0.25536
0.255374
0.255387
0.2554
0.255413
0.255426
0.255439
0.255453
0.255466
0.255479
0.255492
0.255505
0.255518
0.255531
0.255545
0.255558
0.255571
0.255584
0.255597
0.25561
0.255624
0.255637
0.25565
0.255663
0.255676
0.25569
0.255703
0.255716
0.255729
0.255743
0.255756
0.255769
0.255782
0.255796
0.255809
0.255822
0.255835
0.255849
0.255862
0.255875
0.255888
0.255901
0.255915
0.255928
0.255941
0.255954
0.255967
0.255981
0.255994
0.256007
0.25602
0.256033
0.256046
0.25606
0.256073
0.256086
0.256099
0.256112
0.256125
0.256139
0.256152
0.256165
0.256178
0.256191
0.256204
0.256218
0.256231
0.256244
0.256257
0.25627
0.256284
0.256297
0.25631
0.256323
0.256336
0.256349
0.256363
0.256376
0.256389
0.256402
0.256415
0.256428
0.256441
0.256454
0.256467
0.25648
0.256493
0.256506
0.256519
0.256532
0.256545
0.256558
0.256571
0.256584
0.256598
0.25661
0.256624
0.256636
0.256649
0.256662
0.256675
0.256688
0.256701
0.256714
0.256727
0.25674
0.256753
0.256766
0.256779
0.256792
0.256805
0.256818
0.256831
0.256844
0.256857
0.25687
0.256883
0.256896
0.256909
0.256922
0.256935
0.256948
0.256961
0.256974
0.256987
0.257
0.257013
0.257026
0.257039
0.257052
0.257065
0.257078
0.257091
0.257104
0.257117
0.25713
0.257143
0.257156
0.257169
0.257182
0.257196
0.257209
0.257222
0.257235
0.257248
0.257261
0.257274
0.257287
0.2573
0.257313
0.257326
0.257339
0.257352
0.257365
0.257378
0.257391
0.257405
0.257418
0.257431
0.257444
0.257457
0.25747
0.257483
0.257496
0.257509
0.257522
0.257535
0.257548
0.257561
0.257575
0.257588
0.257601
0.257614
0.257627
0.25764
0.257653
0.257666
0.257679
0.257692
0.257705
0.257718
0.257732
0.257745
0.257758
0.257771
0.257784
0.257797
0.25781
0.257823
0.257836
0.25785
0.257863
0.257876
0.257889
0.257902
0.257915
0.257928
0.257941
0.257954
0.257968
0.257981
0.257994
0.258007
0.25802
0.258033
0.258046
0.258059
0.258073
0.258086
0.258099
0.258112
0.258125
0.258138
0.258151
0.258165
0.258178
0.258191
0.258204
0.258217
0.25823
0.258243
0.258257
0.25827
0.258283
0.258296
0.258309
0.258322
0.258336
0.258349
0.258362
0.258375
0.258388
0.258401
0.258415
0.258428
0.258441
0.258454
0.258467
0.25848
0.258494
0.258507
0.25852
0.258533
0.258546
0.258559
0.258573
0.258586
0.258599
0.258612
0.258625
0.258638
0.258652
0.258665
0.258678
0.258691
0.258704
0.258718
0.258731
0.258744
0.258757
0.25877
0.258784
0.258797
0.25881
0.258823
0.258836
0.25885
0.258863
0.258876
0.258889
0.258902
0.258916
0.258929
0.258942
0.258955
0.258968
0.258981
0.258995
0.259008
0.259021
0.259034
0.259047
0.25906
0.259073
0.259087
0.2591
0.259113
0.259126
0.259139
0.259152
0.259165
0.259178
0.259192
0.259205
0.259218
0.259231
0.259244
0.259257
0.25927
0.259284
0.259297
0.25931
0.259323
0.259336
0.259349
0.259362
0.259376
0.259389
0.259402
0.259415
0.259428
0.259441
0.259455
0.259468
0.259481
0.259494
0.259507
0.259521
0.259534
0.259547
0.25956
0.259574
0.259587
0.2596
0.259614
0.259627
0.25964
0.259653
0.259667
0.25968
0.259693
0.259707
0.25972
0.259733
0.259747
0.25976
0.259773
0.259787
0.2598
0.259814
0.259827
0.25984
0.259854
0.259867
0.25988
0.259894
0.259907
0.259921
0.259934
0.259947
0.259961
0.259974
0.259988
0.260001
0.260014
0.260028
0.260041
0.260055
0.260068
0.260081
0.260095
0.260108
0.260122
0.260135
0.260149
0.260162
0.260175
0.260189
0.260202
0.260215
0.260229
0.260242
0.260256
0.260269
0.260282
0.260296
0.260309
0.260322
0.260336
0.260349
0.260362
0.260376
0.260389
0.260402
0.260415
0.260429
0.260442
0.260455
0.260469
0.260482
0.260495
0.260508
0.260522
0.260535
0.260548
0.260561
0.260575
0.260588
0.260601
0.260614
0.260628
0.260641
0.260654
0.260667
0.260681
0.260694
0.260707
0.26072
0.260734
0.260747
0.26076
0.260774
0.260787
0.2608
0.260813
0.260827
0.26084
0.260853
0.260867
0.26088
0.260893
0.260906
0.26092
0.260933
0.260946
0.26096
0.260973
0.260986
0.261
0.261013
0.261026
0.261039
0.261053
0.261066
0.261079
0.261093
0.261106
0.261119
0.261133
0.261146
0.261159
0.261173
0.261186
0.261199
0.261212
0.261226
0.261239
0.261252
0.261266
0.261279
0.261292
0.261306
0.261319
0.261332
0.261346
0.261359
0.261372
0.261386
0.261399
0.261412
0.261425
0.261439
0.261452
0.261465
0.261479
0.261492
0.261505
0.261519
0.261532
0.261545
0.261559
0.261572
0.261585
0.261599
0.261612
0.261625
0.261639
0.261652
0.261665
0.261679
0.261692
0.261705
0.261719
0.261732
0.261746
0.261759
0.261772
0.261786
0.261799
0.261812
0.261826
0.261839
0.261852
0.261866
0.261879
0.261893
0.261906
0.261919
0.261933
0.261946
0.261959
0.261973
0.261986
0.261999
0.262013
0.262026
0.26204
0.262053
0.262066
0.26208
0.262093
0.262106
0.26212
0.262133
0.262146
0.26216
0.262173
0.262186
0.2622
0.262213
0.262227
0.26224
0.262253
0.262267
0.26228
0.262293
0.262307
0.26232
0.262333
0.262347
0.26236
0.262373
0.262387
0.2624
0.262413
0.262427
0.26244
0.262453
0.262467
0.26248
0.262493
0.262507
0.26252
0.262533
0.262547
0.26256
0.262573
0.262587
0.2626
0.262613
0.262627
0.26264
0.262654
0.262667
0.26268
0.262694
0.262707
0.26272
0.262734
0.262747
0.262761
0.262774
0.262787
0.262801
0.262814
0.262828
0.262841
0.262854
0.262868
0.262881
0.262895
0.262908
0.262921
0.262935
0.262948
0.262961
0.262975
0.262988
0.263002
0.263015
0.263028
0.263042
0.263055
0.263068
0.263082
0.263095
0.263109
0.263122
0.263135
0.263149
0.263162
0.263175
0.263189
0.263202
0.263216
0.263229
0.263242
0.263256
0.263269
0.263283
0.263296
0.263309
0.263323
0.263336
0.26335
0.263363
0.263376
0.26339
0.263403
0.263417
0.26343
0.263444
0.263457
0.263471
0.263484
0.263498
0.263511
0.263525
0.263538
0.263552
0.263565
0.263579
0.263592
0.263606
0.263619
0.263633
0.263646
0.26366
0.263673
0.263687
0.2637
0.263714
0.263727
0.263741
0.263754
0.263768
0.263781
0.263795
0.263809
0.263822
0.263836
0.263849
0.263863
0.263876
0.26389
0.263903
0.263917
0.26393
0.263944
0.263957
0.263971
0.263984
0.263998
0.264011
0.264025
0.264038
0.264052
0.264065
0.264079
0.264092
0.264106
0.264119
0.264133
0.264146
0.264159
0.264173
0.264186
0.2642
0.264213
0.264226
0.26424
0.264253
0.264267
0.26428
0.264293
0.264307
0.26432
0.264333
0.264347
0.26436
0.264374
0.264387
0.2644
0.264414
0.264427
0.264441
0.264454
0.264467
0.264481
0.264494
0.264507
0.264521
0.264534
0.264548
0.264561
0.264574
0.264588
0.264601
0.264615
0.264628
0.264641
0.264655
0.264668
0.264682
0.264695
0.264708
0.264722
0.264735
0.264749
0.264762
0.264776
0.264789
0.264802
0.264816
0.264829
0.264843
0.264856
0.26487
0.264883
0.264897
0.26491
0.264924
0.264937
0.264951
0.264964
0.264978
0.264991
0.265005
0.265018
0.265032
0.265045
0.265059
0.265072
0.265086
0.265099
0.265113
0.265126
0.26514
0.265153
0.265167
0.26518
0.265194
0.265207
0.265221
0.265234
0.265248
0.265261
0.265275
0.265289
0.265302
0.265316
0.265329
0.265343
0.265356
0.26537
0.265384
0.265397
0.265411
0.265424
0.265438
0.265451
0.265465
0.265479
0.265492
0.265506
0.265519
0.265533
0.265547
0.26556
0.265574
0.265587
0.265601
0.265614
0.265628
0.265642
0.265655
0.265669
0.265682
0.265696
0.26571
0.265723
0.265737
0.26575
0.265764
0.265777
0.265791
0.265805
0.265818
0.265832
0.265845
0.265859
0.265872
0.265886
0.2659
0.265913
0.265927
0.26594
0.265954
0.265967
0.265981
0.265995
0.266008
0.266022
0.266035
0.266049
0.266062
0.266076
0.26609
0.266103
0.266117
0.26613
0.266144
0.266157
0.266171
0.266185
0.266198
0.266212
0.266225
0.266239
0.266252
0.266266
0.26628
0.266293
0.266307
0.26632
0.266334
0.266348
0.266361
0.266375
0.266388
0.266402
0.266415
0.266429
0.266443
0.266456
0.26647
0.266483
0.266497
0.26651
0.266524
0.266538
0.266551
0.266565
0.266578
0.266592
0.266606
0.266619
0.266633
0.266646
0.26666
0.266674
0.266687
0.266701
0.266714
0.266728
0.266742
0.266755
0.266769
0.266782
0.266796
0.26681
0.266823
0.266837
0.266851
0.266864
0.266878
0.266891
0.266905
0.266919
0.266932
0.266946
0.26696
0.266973
0.266987
0.267
0.267014
0.267027
0.267041
0.267055
0.267068
0.267082
0.267096
0.267109
0.267123
0.267136
0.26715
0.267163
0.267177
0.267191
0.267205
0.267218
0.267232
0.267245
0.267259
0.267272
0.267286
0.2673
0.267314
0.267327
0.267341
0.267354
0.267368
0.267381
0.267396
0.267409
0.267423
0.267436
0.26745
0.267463
0.267478
0.267491
0.267505
0.267518
0.267532
0.267545
0.26756
0.267572
0.267587
0.2676
0.267614
0.267627
0.267642
0.267654
0.267669
0.267682
0.267696
0.267709
0.267724
0.267736
0.267751
0.267764
0.267778
0.267791
0.267806
0.267818
0.267833
0.267845
0.26786
0.267873
0.267887
0.2679
0.267915
0.267927
0.267942
0.267954
0.267969
0.267981
0.267996
0.268009
0.268024
0.268036
0.268051
0.268063
0.268078
0.26809
0.268105
0.268117
0.268132
0.268145
0.26816
0.268172
0.268187
0.268199
0.268214
0.268226
0.268241
0.268253
0.268268
0.26828
0.268295
0.268307
0.268322
0.268335
0.26835
0.268362
0.268377
0.268389
0.268404
0.268416
0.268431
0.268443
0.268458
0.26847
0.268485
0.268497
0.268513
0.268525
0.26854
0.268552
0.268567
0.268579
0.268594
0.268606
0.268621
0.268633
0.268649
0.268661
0.268676
0.268688
0.268703
0.268715
0.26873
0.268742
0.268758
0.26877
0.268785
0.268797
0.268812
0.268824
0.268839
0.268851
0.268867
0.268879
0.268894
0.268906
0.268921
0.268933
0.268949
0.268961
0.268976
0.268988
0.269003
0.269016
0.269031
0.269043
0.269058
0.26907
0.269086
0.269098
0.269113
0.269125
0.26914
0.269152
0.269168
0.26918
0.269195
0.269207
0.269223
0.269235
0.26925
0.269262
0.269278
0.26929
0.269305
0.269317
0.269333
0.269345
0.26936
0.269372
0.269388
0.2694
0.269415
0.269427
0.269443
0.269455
0.26947
0.269482
0.269498
0.26951
0.269525
0.269537
0.269553
0.269565
0.26958
0.269592
0.269608
0.26962
0.269635
0.269647
0.269662
0.269674
0.26969
0.269702
0.269717
0.269729
0.269744
0.269756
0.269772
0.269784
0.269799
0.269811
0.269826
0.269838
0.269853
0.269865
0.26988
0.269892
0.269907
0.269919
0.269934
0.269946
0.269961
0.269972
0.269987
0.269999
0.270014
0.270025
0.27004
0.270052
0.270066
0.270078
0.270093
0.270104
0.270118
0.27013
0.270144
0.270155
0.27017
0.270181
0.270195
0.270206
0.27022
0.270231
0.270245
0.270255
0.270269
0.27028
0.270293
0.270304
0.270317
0.270327
0.270341
0.270351
0.270364
0.270374
0.270387
0.270397
0.27041
0.270419
0.270432
0.270442
0.270454
0.270463
0.270476
0.270485
0.270497
0.270506
0.270518
0.270527
0.270538
0.270547
0.270558
0.270567
0.270578
0.270587
0.270597
0.270606
0.270617
0.270625
0.270635
0.270643
0.270654
0.270661
0.270672
0.270679
0.270689
0.270697
0.270707
0.270714
0.270724
0.270731
0.270741
0.270748
0.270757
0.270764
0.270774
0.27078
0.27079
0.270796
0.270805
0.270812
0.270821
0.270827
0.270836
0.270843
0.270851
0.270858
0.270866
0.270872
0.270881
0.270887
0.270895
0.270901
0.27091
0.270916
0.270924
0.27093
0.270938
0.270944
0.270952
0.270958
0.270965
0.270971
0.270979
0.270985
0.270992
0.270998
0.271006
0.271012
0.271019
0.271025
0.271032
0.271038
0.271045
0.271051
0.271058
0.271064
0.271071
0.271077
0.271084
0.27109
0.271097
0.271103
0.27111
0.271115
0.271123
0.271128
0.271135
0.271141
0.271148
0.271153
0.27116
0.271166
0.271173
0.271178
0.271185
0.271191
0.271198
0.271203
0.27121
0.271215
0.271222
0.271227
0.271234
0.27124
0.271246
0.271252
0.271259
0.271264
0.271271
0.271276
0.271283
0.271288
0.271295
0.2713
0.271306
0.271312
0.271318
0.271323
0.27133
0.271335
0.271342
0.271347
0.271354
0.271359
0.271365
0.27137
0.271377
0.271382
0.271389
0.271394
0.2714
0.271405
0.271412
0.271417
0.271423
0.271428
0.271435
0.27144
0.271446
0.271451
0.271458
0.271463
0.271469
0.271474
0.271481
0.271486
0.271492
0.271497
0.271504
0.271509
0.271515
0.27152
0.271526
0.271531
0.271538
0.271543
0.271549
0.271554
0.271561
0.271565
0.271572
0.271577
0.271583
0.271588
0.271595
0.271599
0.271606
0.271611
0.271617
0.271622
0.271629
0.271633
0.27164
0.271645
0.271651
0.271656
0.271663
0.271668
0.271674
0.271679
0.271685
0.27169
0.271697
0.271702
0.271708
0.271713
0.271719
0.271724
0.271731
0.271736
0.271742
0.271747
0.271753
0.271758
0.271764
0.271769
0.271776
0.271781
0.271787
0.271792
0.271798
0.271803
0.271809
0.271814
0.271821
0.271826
0.271832
0.271837
0.271843
0.271848
0.271854
0.271859
0.271865
0.27187
0.271876
0.271881
0.271888
0.271892
0.271899
0.271903
0.27191
0.271915
0.271921
0.271926
0.271932
0.271937
0.271943
0.271948
0.271954
0.271959
0.271965
0.27197
0.271976
0.271981
0.271987
0.271992
0.271998
0.272003
0.272009
0.272014
0.27202
0.272024
0.272031
0.272035
0.272042
0.272046
0.272052
0.272057
0.272063
0.272068
0.272074
0.272079
0.272085
0.27209
0.272096
0.272101
0.272107
0.272111
0.272118
0.272122
0.272128
0.272133
0.272139
0.272144
0.27215
0.272155
0.272161
0.272165
0.272171
0.272176
0.272182
0.272187
0.272193
0.272197
0.272204
0.272208
0.272214
0.272219
0.272225
0.272229
0.272236
0.27224
0.272246
0.272251
0.272257
0.272261
0.272267
0.272272
0.272278
0.272283
0.272289
0.272293
0.272299
0.272304
0.27231
0.272314
0.27232
0.272325
0.272331
0.272335
0.272341
0.272346
0.272352
0.272357
0.272363
0.272367
0.272373
0.272378
0.272384
0.272388
0.272395
0.272399
0.272405
0.27241
0.272416
0.27242
0.272426
0.272431
0.272437
0.272442
0.272448
0.272452
0.272459
0.272463
0.272469
0.272474
0.27248
0.272485
0.272491
0.272495
0.272501
0.272506
0.272512
0.272517
0.272523
0.272527
0.272533
0.272538
0.272544
0.272549
0.272555
0.27256
0.272566
0.27257
0.272576
0.272581
0.272587
0.272592
0.272598
0.272602
0.272608
0.272613
0.272619
0.272624
0.27263
0.272635
0.272641
0.272645
0.272651
0.272656
0.272662
0.272667
0.272673
0.272677
0.272683
0.272688
0.272694
0.272699
0.272705
0.272709
0.272715
0.27272
0.272726
0.272731
0.272737
0.272741
0.272747
0.272752
0.272758
0.272763
0.272769
0.272773
0.272779
0.272784
0.27279
0.272794
0.2728
0.272805
0.272811
0.272815
0.272821
0.272826
0.272832
0.272836
0.272842
0.272847
0.272853
0.272857
0.272863
0.272867
0.272873
0.272878
0.272884
0.272888
0.272894
0.272898
0.272904
0.272909
0.272915
0.272919
0.272925
0.272929
0.272935
0.27294
0.272945
0.27295
0.272956
0.27296
0.272966
0.27297
0.272976
0.272981
0.272987
0.272991
0.272997
0.273001
0.273007
0.273012
0.273017
0.273022
0.273028
0.273032
0.273038
0.273043
0.273048
0.273053
0.273059
0.273063
0.273069
0.273074
0.273079
0.273084
0.27309
0.273094
0.2731
0.273105
0.273111
0.273115
0.273121
0.273125
0.273131
0.273136
0.273142
0.273146
0.273152
0.273157
0.273162
0.273167
0.273173
0.273177
0.273183
0.273188
0.273194
0.273198
0.273204
0.273209
0.273215
0.273219
0.273225
0.273229
0.273235
0.27324
0.273246
0.27325
0.273256
0.273261
0.273267
0.273271
0.273277
0.273282
0.273288
0.273292
0.273298
0.273303
0.273309
0.273313
0.273319
0.273324
0.27333
0.273334
0.27334
0.273345
0.27335
0.273355
0.273361
0.273366
0.273371
0.273376
0.273382
0.273386
0.273392
0.273397
0.273403
0.273407
0.273413
0.273418
0.273424
0.273428
0.273434
0.273439
0.273445
0.273449
0.273455
0.27346
0.273466
0.27347
0.273476
0.273481
0.273486
0.273491
0.273497
0.273501
0.273507
0.273512
0.273518
0.273522
0.273528
0.273533
0.273538
0.273543
0.273549
0.273553
0.273559
0.273564
0.27357
0.273574
0.27358
0.273584
0.27359
0.273595
0.273601
0.273605
0.273611
0.273615
0.273621
0.273626
0.273631
0.273636
0.273642
0.273646
0.273652
0.273656
0.273662
0.273667
0.273672
0.273677
0.273683
0.273687
0.273693
0.273697
0.273703
0.273708
0.273713
0.273718
0.273724
0.273728
0.273734
0.273738
0.273744
0.273749
0.273754
0.273759
0.273765
0.273769
0.273775
0.273779
0.273785
0.273789
0.273795
0.2738
0.273805
0.27381
0.273816
0.27382
0.273826
0.27383
0.273836
0.27384
0.273846
0.273851
0.273856
0.273861
0.273866
0.273871
0.273876
0.273881
0.273887
0.273891
0.273897
0.273901
0.273907
0.273911
0.273917
0.273921
0.273927
0.273931
0.273937
0.273941
0.273947
0.273951
0.273957
0.273961
0.273967
0.273971
0.273977
0.273982
0.273987
0.273992
0.273997
0.274002
0.274007
0.274012
0.274017
0.274022
0.274027
0.274032
0.274037
0.274042
0.274047
0.274052
0.274057
0.274061
0.274067
0.274071
0.274077
0.274081
0.274087
0.274091
0.274097
0.274101
0.274107
0.274111
0.274117
0.274121
0.274127
0.274131
0.274137
0.274141
0.274146
0.274151
0.274156
0.274161
0.274166
0.27417
0.274176
0.27418
0.274186
0.27419
0.274195
0.2742
0.274205
0.274209
0.274215
0.274219
0.274225
0.274229
0.274234
0.274238
0.274244
0.274248
0.274253
0.274258
0.274263
0.274267
0.274273
0.274277
0.274282
0.274286
0.274292
0.274296
0.274301
0.274305
0.274311
0.274315
0.27432
0.274324
0.274329
0.274333
0.274339
0.274343
0.274348
0.274352
0.274357
0.274361
0.274367
0.274371
0.274376
0.27438
0.274385
0.274389
0.274394
0.274398
0.274403
0.274407
0.274413
0.274417
0.274422
0.274426
0.274431
0.274435
0.27444
0.274444
0.274449
0.274453
0.274458
0.274462
0.274467
0.274471
0.274477
0.274481
0.274486
0.27449
0.274495
0.274499
0.274504
0.274508
0.274513
0.274517
0.274523
0.274527
0.274532
0.274536
0.274541
0.274545
0.27455
0.274554
0.27456
0.274564
0.274569
0.274573
0.274578
0.274582
0.274587
0.274591
0.274597
0.274601
0.274606
0.27461
0.274615
0.274619
0.274624
0.274628
0.274633
0.274637
0.274643
0.274647
0.274652
0.274656
0.274661
0.274665
0.27467
0.274674
0.274679
0.274683
0.274688
0.274692
0.274698
0.274702
0.274707
0.274711
0.274716
0.27472
0.274725
0.274729
0.274735
0.274739
0.274744
0.274748
0.274753
0.274757
0.274763
0.274767
0.274772
0.274776
0.274781
0.274785
0.274791
0.274795
0.2748
0.274804
0.274809
0.274813
0.274818
0.274822
0.274827
0.274831
0.274837
0.274841
0.274846
0.27485
0.274855
0.274859
0.274864
0.274868
0.274874
0.274878
0.274883
0.274887
0.274892
0.274896
0.274901
0.274905
0.274911
0.274914
0.27492
0.274924
0.274929
0.274933
0.274938
0.274942
0.274947
0.274951
0.274956
0.27496
0.274965
0.274969
0.274975
0.274979
0.274984
0.274988
0.274993
0.274997
0.275002
0.275007
0.275012
0.275016
0.275021
0.275025
0.27503
0.275034
0.275039
0.275043
0.275048
0.275051
0.275056
0.27506
0.275065
0.275069
0.275074
0.275078
0.275083
0.275087
0.275093
0.275097
0.275102
0.275106
0.275111
0.275115
0.27512
0.275124
0.275129
0.275133
0.275138
0.275142
0.275147
0.27515
0.275155
0.275159
0.275164
0.275168
0.275173
0.275176
0.275181
0.275185
0.27519
0.275194
0.275199
0.275203
0.275208
0.275212
0.275217
0.275221
0.275226
0.275229
0.275235
0.275238
0.275243
0.275247
0.275252
0.275256
0.275261
0.275265
0.27527
0.275273
0.275278
0.275282
0.275287
0.275291
0.275296
0.275299
0.275304
0.275308
0.275313
0.275317
0.275322
0.275326
0.275331
0.275335
0.27534
0.275344
0.275349
0.275353
0.275358
0.275361
0.275366
0.27537
0.275375
0.275379
0.275384
0.275388
0.275392
0.275396
0.275401
0.275405
0.27541
0.275413
0.275418
0.275422
0.275428
0.275432
0.275437
0.275441
0.275446
0.27545
0.275455
0.275458
0.275463
0.275467
0.275472
0.275476
0.275481
0.275484
0.275489
0.275493
0.275498
0.275502
0.275507
0.275511
0.275516
0.27552
0.275525
0.275528
0.275534
0.275537
0.275542
0.275546
0.275551
0.275555
0.27556
0.275564
0.275569
0.275572
0.275577
0.275581
0.275586
0.275589
0.275594
0.275598
0.275603
0.275607
0.275612
0.275616
0.275621
0.275624
0.275629
0.275633
0.275638
0.275642
0.275647
0.27565
0.275655
0.275659
0.275664
0.275667
0.275672
0.275676
0.27568
0.275684
0.275689
0.275693
0.275698
0.275701
0.275706
0.27571
0.275715
0.275719
0.275723
0.275727
0.275732
0.275735
0.27574
0.275744
0.275748
0.275752
0.275756
0.27576
0.275765
0.275768
0.275773
0.275777
0.275782
0.275786
0.275791
0.275794
0.275799
0.275803
0.275807
0.275811
0.275816
0.275819
0.275824
0.275827
0.275832
0.275836
0.27584
0.275844
0.275849
0.275852
0.275857
0.275861
0.275866
0.275869
0.275874
0.275878
0.275883
0.275886
0.275891
0.275894
0.275899
0.275903
0.275907
0.275911
0.275916
0.275919
0.275924
0.275928
0.275933
0.275936
0.275941
0.275945
0.27595
0.275953
0.275958
0.275962
0.275966
0.27597
0.275974
0.275978
0.275983
0.275986
0.275991
0.275995
0.276
0.276004
0.276009
0.276012
0.276017
0.276021
0.276026
0.276029
0.276034
0.276037
0.276042
0.276046
0.27605
0.276054
0.276059
0.276063
0.276068
0.276072
0.276077
0.27608
0.276085
0.276089
0.276093
0.276097
0.276101
0.276105
0.27611
0.276113
0.276118
0.276122
0.276127
0.276131
0.276135
0.276139
0.276144
0.276148
0.276152
0.276156
0.27616
0.276164
0.276168
0.276172
0.276177
0.27618
0.276185
0.276189
0.276194
0.276198
0.276202
0.276206
0.276211
0.276214
0.276219
0.276222
0.276227
0.27623
0.276235
0.276238
0.276243
0.276247
0.276252
0.276255
0.27626
0.276264
0.276269
0.276272
0.276277
0.27628
0.276285
0.276288
0.276292
0.276296
0.276301
0.276304
0.276309
0.276313
0.276318
0.276321
0.276326
0.276329
0.276334
0.276337
0.276342
0.276345
0.27635
0.276353
0.276358
0.276362
0.276366
0.27637
0.276375
0.276378
0.276383
0.276386
0.276391
0.276394
0.276399
0.276402
0.276407
0.27641
0.276415
0.276419
0.276423
0.276427
0.276432
0.276435
0.27644
0.276444
0.276448
0.276451
0.276456
0.276459
0.276464
0.276467
0.276472
0.276476
0.27648
0.276484
0.276489
0.276493
0.276497
0.276501
0.276505
0.276509
0.276513
0.276517
0.276521
0.276525
0.276529
0.276533
0.276538
0.276542
0.276546
0.27655
0.276554
0.276557
0.276562
0.276565
0.27657
0.276573
0.276578
0.276582
0.276587
0.27659
0.276595
0.276599
0.276603
0.276607
0.276611
0.276614
0.276619
0.276622
0.276626
0.27663
0.276635
0.276638
0.276643
0.276647
0.276651
0.276655
0.276659
0.276663
0.276667
0.276671
0.276675
0.276679
0.276683
0.276687
0.276691
0.276695
0.276699
0.276703
0.276707
0.276711
0.276715
0.276718
0.276723
0.276727
0.276731
0.276735
0.276739
0.276743
0.276748
0.276751
0.276755
0.276759
0.276763
0.276766
0.276771
0.276774
0.276778
0.276782
0.276787
0.27679
0.276795
0.276798
0.276803
0.276806
0.27681
0.276814
0.276818
0.276821
0.276825
0.276829
0.276833
0.276837
0.276841
0.276845
0.276849
0.276853
0.276857
0.27686
0.276865
0.276868
0.276872
0.276875
0.27688
0.276883
0.276887
0.276891
0.276895
0.276898
0.276903
0.276906
0.27691
0.276914
0.276918
0.276921
0.276926
0.276929
0.276933
0.276937
0.276941
0.276944
0.276948
0.276951
0.276956
0.276959
0.276964
0.276967
0.276972
0.276975
0.276979
0.276983
0.276987
0.27699
0.276994
0.276997
0.277001
0.277004
0.277009
0.277012
0.277017
0.27702
0.277025
0.277028
0.277033
0.277036
0.27704
0.277043
0.277047
0.27705
0.277054
0.277057
0.277062
0.277065
0.277069
0.277073
0.277077
0.277081
0.277085
0.277089
0.277093
0.277096
0.277101
0.277104
0.277108
0.277111
0.277115
0.277119
0.277123
0.277126
0.27713
0.277134
0.277138
0.277142
0.277146
0.27715
0.277154
0.277158
0.277162
0.277165
0.277169
0.277173
0.277177
0.27718
0.277184
0.277188
0.277192
0.277195
0.2772
0.277203
0.277208
0.277211
0.277216
0.277219
0.277223
0.277227
0.277231
0.277235
0.277239
0.277242
0.277246
0.277249
0.277253
0.277257
0.277261
0.277264
0.277269
0.277272
0.277277
0.27728
0.277285
0.277288
0.277292
0.277296
0.2773
0.277303
0.277307
0.27731
0.277314
0.277318
0.277322
0.277325
0.27733
0.277333
0.277338
0.277341
0.277345
0.277349
0.277353
0.277356
0.27736
0.277363
0.277367
0.277371
0.277375
0.277378
0.277382
0.277386
0.27739
0.277393
0.277398
0.277401
0.277405
0.277409
0.277413
0.277416
0.27742
0.277423
0.277427
0.27743
0.277434
0.277437
0.277442
0.277445
0.277449
0.277453
0.277457
0.27746
0.277464
0.277468
0.277472
0.277475
0.277479
0.277482
0.277486
0.277489
0.277493
0.277496
0.2775
0.277503
0.277508
0.277511
0.277515
0.277518
0.277522
0.277525
0.277529
0.277532
0.277536
0.277539
0.277543
0.277546
0.27755
0.277553
0.277557
0.277561
0.277565
0.277568
0.277572
0.277575
0.277579
0.277582
0.277586
0.277589
0.277592
0.277595
0.277599
0.277603
0.277607
0.27761
0.277614
0.277617
0.277621
0.277625
0.277628
0.277631
0.277635
0.277638
0.277642
0.277645
0.277648
0.277651
0.277655
0.277659
0.277663
0.277666
0.27767
0.277673
0.277677
0.27768
0.277684
0.277687
0.27769
0.277693
0.277697
0.2777
0.277704
0.277707
0.277711
0.277714
0.277718
0.277722
0.277726
0.277729
0.277732
0.277735
0.277739
0.277742
0.277746
0.277748
0.277752
0.277755
0.277759
0.277762
0.277767
0.27777
0.277774
0.277777
0.277781
0.277784
0.277788
0.27779
0.277794
0.277797
0.277801
0.277804
0.277808
0.277811
0.277815
0.277818
0.277822
0.277825
0.277829
0.277832
0.277836
0.277839
0.277843
0.277846
0.277849
0.277852
0.277856
0.277859
0.277863
0.277866
0.277871
0.277874
0.277878
0.277881
0.277885
0.277888
0.277891
0.277894
0.277898
0.277901
0.277904
0.277907
0.277911
0.277914
0.277919
0.277922
0.277926
0.277929
0.277933
0.277936
0.27794
0.277942
0.277946
0.277949
0.277953
0.277955
0.277959
0.277962
0.277966
0.27797
0.277974
0.277977
0.277981
0.277984
0.277988
0.277991
0.277994
0.277997
0.278001
0.278004
0.278008
0.278011
0.278014
0.278018
0.278022
0.278025
0.278029
0.278032
0.278036
0.278039
0.278043
0.278046
0.278049
0.278052
0.278056
0.278059
0.278063
0.278066
0.27807
0.278073
0.278077
0.278081
0.278085
0.278088
0.278092
0.278094
0.278098
0.278101
0.278105
0.278108
0.278112
0.278115
0.278119
0.278122
0.278126
0.278129
0.278133
0.278136
0.27814
0.278143
0.278147
0.27815
0.278154
0.278157
0.27816
0.278163
0.278167
0.278171
0.278175
0.278178
0.278182
0.278185
0.278189
0.278192
0.278196
0.278199
0.278202
0.278205
0.278209
0.278212
0.278216
0.278219
0.278223
0.278226
0.27823
0.278233
0.278237
0.27824
0.278244
0.278247
0.27825
0.278253
0.278257
0.27826
0.278264
0.278267
0.278271
0.278274
0.278278
0.278281
0.278284
0.278287
0.278291
0.278294
0.278297
0.2783
0.278304
0.278306
0.27831
0.278313
0.278317
0.27832
0.278324
0.278327
0.278331
0.278334
0.278337
0.27834
0.278343
0.278346
0.27835
0.278353
0.278356
0.278359
0.278363
0.278366
0.27837
0.278373
0.278377
0.27838
0.278383
0.278386
0.278389
0.278392
0.278396
0.278399
0.278402
0.278405
0.278409
0.278412
0.278416
0.278419
0.278423
0.278426
0.278429
0.278432
0.278435
0.278438
0.278442
0.278445
0.278449
0.278452
0.278456
0.278459
0.278463
0.278465
0.278469
0.278472
0.278475
0.278478
0.278482
0.278485
0.278488
0.278491
0.278495
0.278498
0.278502
0.278505
0.278509
0.278512
0.278516
0.278518
0.278522
0.278525
0.278528
0.278531
0.278535
0.278538
0.278542
0.278545
0.278549
0.278552
0.278556
0.278559
0.278562
0.278565
0.278569
0.278572
0.278575
0.278578
0.278582
0.278585
0.278589
0.278592
0.278596
0.278599
0.278603
0.278606
0.278609
0.278612
0.278616
0.278619
0.278622
0.278626
0.27863
0.278633
0.278637
0.27864
0.278644
0.278647
0.27865
0.278653
0.278657
0.278659
0.278663
0.278666
0.27867
0.278673
0.278677
0.27868
0.278684
0.278687
0.278691
0.278694
0.278697
0.2787
0.278704
0.278707
0.27871
0.278714
0.278718
0.278721
0.278725
0.278728
0.278731
0.278734
0.278738
0.27874
0.278744
0.278747
0.278751
0.278754
0.278758
0.278761
0.278765
0.278769
0.278772
0.278775
0.278779
0.278782
0.278785
0.278788
0.278792
0.278794
0.278798
0.278801
0.278805
0.278809
0.278813
0.278816
0.27882
0.278822
0.278826
0.278829
0.278833
0.278835
0.278839
0.278842
0.278846
0.278849
0.278853
0.278856
0.278859
0.278862
0.278866
0.278869
0.278872
0.278875
0.278879
0.278882
0.278886
0.278889
0.278893
0.278896
0.278899
0.278902
0.278905
0.278908
0.278912
0.278914
0.278918
0.278921
0.278925
0.278928
0.278932
0.278935
0.278938
0.278941
0.278945
0.278948
0.278951
0.278954
0.278957
0.27896
0.278964
0.278967
0.278971
0.278973
0.278977
0.27898
0.278984
0.278986
0.27899
0.278993
0.278996
0.278999
0.279003
0.279006
0.27901
0.279012
0.279016
0.279019
0.279022
0.279025
0.279029
0.279031
0.279035
0.279037
0.279041
0.279044
0.279048
0.279051
0.279055
0.279058
0.279061
0.279064
0.279067
0.27907
0.279073
0.279076
0.27908
0.279082
0.279086
0.279089
0.279093
0.279096
0.2791
0.279103
0.279106
0.279109
0.279113
0.279115
0.279119
0.279122
0.279125
0.279128
0.279132
0.279135
0.279139
0.279142
0.279146
0.279149
0.279152
0.279155
0.279159
0.279162
0.279165
0.279168
0.279172
0.279175
0.279178
0.279182
0.279185
0.279189
0.279192
0.279195
0.279199
0.279202
0.279206
0.279209
0.279212
0.279215
0.279219
0.279222
0.279226
0.279229
0.279233
0.279236
0.27924
0.279243
0.279247
0.279249
0.279253
0.279256
0.27926
0.279263
0.279266
0.27927
0.279273
0.279276
0.27928
0.279283
0.279287
0.27929
0.279294
0.279297
0.279301
0.279304
0.279307
0.27931
0.279314
0.279317
0.279321
0.279324
0.279327
0.279331
0.279334
0.279338
0.279341
0.279344
0.279348
0.279351
0.279354
0.279357
0.279361
0.279364
0.279367
0.279371
0.279375
0.279378
0.279382
0.279385
0.279389
0.279391
0.279395
0.279397
0.279401
0.279403
0.279407
0.27941
0.279414
0.279417
0.279421
0.279424
0.279428
0.27943
0.279434
0.279436
0.27944
0.279442
0.279446
0.279448
0.279452
0.279454
0.279458
0.279461
0.279465
0.279467
0.279471
0.279474
0.279477
0.27948
0.279483
0.279486
0.279489
0.279491
0.279495
0.279497
0.279501
0.279503
0.279507
0.27951
0.279513
0.279516
0.279519
0.279522
0.279525
0.279528
0.279531
0.279533
0.279536
0.279539
0.279542
0.279545
0.279548
0.279551
0.279554
0.279557
0.279561
0.279563
0.279566
0.279569
0.279572
0.279574
0.279577
0.27958
0.279583
0.279586
0.279589
0.279592
0.279595
0.279598
0.279602
0.279604
0.279608
0.27961
0.279613
0.279616
0.279619
0.279621
0.279625
0.279627
0.279631
0.279633
0.279637
0.27964
0.279643
0.279646
0.27965
0.279652
0.279656
0.279658
0.279661
0.279664
0.279667
0.27967
0.279673
0.279676
0.279679
0.279682
0.279686
0.279689
0.279692
0.279695
0.279699
0.279701
0.279704
0.279707
0.27971
0.279713
0.279716
0.279719
0.279723
0.279725
0.279729
0.279732
0.279736
0.279739
0.279742
0.279745
0.279748
0.27975
0.279754
0.279756
0.27976
0.279762
0.279766
0.279769
0.279773
0.279776
0.279779
0.279782
0.279786
0.279788
0.279792
0.279794
0.279797
0.2798
0.279803
0.279806
0.27981
0.279813
0.279816
0.279819
0.279823
0.279826
0.279829
0.279832
0.279836
0.279838
0.279842
0.279844
0.279848
0.27985
0.279854
0.279857
0.27986
0.279863
0.279867
0.27987
0.279874
0.279877
0.27988
0.279883
0.279886
0.279889
0.279892
0.279895
0.279899
0.279901
0.279905
0.279908
0.279912
0.279915
0.279919
0.279922
0.279925
0.279928
0.279931
0.279934
0.279937
0.27994
0.279944
0.279946
0.27995
0.279953
0.279957
0.27996
0.279963
0.279966
0.27997
0.279972
0.279976
0.279978
0.279982
0.279984
0.279988
0.27999
0.279994
0.279997
0.280001
0.280003
0.280007
0.28001
0.280013
0.280015
0.280019
0.280021
0.280024
0.280027
0.28003
0.280033
0.280037
0.280039
0.280043
0.280046
0.280049
0.280052
0.280055
0.280058
0.280061
0.280063
0.280067
0.280069
0.280073
0.280075
0.28008
0.28008
)
;

boundaryField
{
    sides
    {
        type            calculated;
        value           nonuniform List<scalar> 2(0.28008 0.169322);
    }
    empty
    {
        type            empty;
    }
}


// ************************************************************************* //
