/*--------------------------------*- C++ -*----------------------------------*\
  =========                 |
  \\      /  F ield         | OpenFOAM: The Open Source CFD Toolbox
   \\    /   O peration     | Website:  https://openfoam.org
    \\  /    A nd           | Version:  9
     \\/     M anipulation  |
\*---------------------------------------------------------------------------*/
FoamFile
{
    format      ascii;
    class       volScalarField;
    location    "0.005";
    object      rho_0;
}
// * * * * * * * * * * * * * * * * * * * * * * * * * * * * * * * * * * * * * //

dimensions      [1 -3 0 0 0 0 0];

internalField   nonuniform List<scalar> 
10000
(
0.997574
0.997574
0.997574
0.997574
0.997574
0.997574
0.997574
0.997574
0.997574
0.997574
0.997574
0.997574
0.997574
0.997574
0.997574
0.997574
0.997574
0.997574
0.997574
0.997574
0.997574
0.997574
0.997574
0.997574
0.997574
0.997574
0.997574
0.997574
0.997574
0.997574
0.997574
0.997574
0.997574
0.997574
0.997574
0.997574
0.997574
0.997574
0.997574
0.997574
0.997574
0.997574
0.997574
0.997574
0.997574
0.997574
0.997574
0.997574
0.997574
0.997574
0.997574
0.997574
0.997574
0.997574
0.997574
0.997574
0.997574
0.997574
0.997574
0.997574
0.997574
0.997574
0.997574
0.997574
0.997574
0.997574
0.997574
0.997574
0.997574
0.997574
0.997574
0.997574
0.997574
0.997574
0.997574
0.997574
0.997574
0.997574
0.997574
0.997574
0.997574
0.997574
0.997574
0.997574
0.997574
0.997574
0.997574
0.997574
0.997574
0.997574
0.997574
0.997574
0.997574
0.997574
0.997574
0.997574
0.997574
0.997574
0.997574
0.997574
0.997574
0.997574
0.997574
0.997574
0.997574
0.997574
0.997574
0.997574
0.997574
0.997574
0.997574
0.997574
0.997574
0.997574
0.997574
0.997574
0.997574
0.997574
0.997574
0.997574
0.997574
0.997574
0.997574
0.997574
0.997574
0.997574
0.997574
0.997574
0.997574
0.997574
0.997574
0.997574
0.997574
0.997574
0.997574
0.997574
0.997574
0.997574
0.997574
0.997574
0.997574
0.997574
0.997574
0.997574
0.997574
0.997574
0.997574
0.997574
0.997574
0.997574
0.997574
0.997574
0.997574
0.997574
0.997574
0.997574
0.997574
0.997574
0.997574
0.997574
0.997574
0.997574
0.997574
0.997574
0.997574
0.997574
0.997574
0.997574
0.997574
0.997574
0.997574
0.997574
0.997574
0.997574
0.997574
0.997574
0.997574
0.997574
0.997574
0.997574
0.997574
0.997574
0.997574
0.997574
0.997574
0.997574
0.997574
0.997574
0.997574
0.997574
0.997574
0.997574
0.997574
0.997574
0.997574
0.997574
0.997574
0.997574
0.997574
0.997574
0.997574
0.997574
0.997574
0.997574
0.997574
0.997574
0.997574
0.997574
0.997574
0.997574
0.997574
0.997574
0.997574
0.997574
0.997574
0.997574
0.997574
0.997574
0.997574
0.997574
0.997574
0.997574
0.997574
0.997574
0.997574
0.997574
0.997574
0.997574
0.997574
0.997574
0.997574
0.997574
0.997574
0.997574
0.997574
0.997574
0.997574
0.997574
0.997574
0.997574
0.997574
0.997574
0.997574
0.997574
0.997574
0.997574
0.997574
0.997574
0.997574
0.997574
0.997574
0.997574
0.997574
0.997574
0.997574
0.997574
0.997574
0.997574
0.997574
0.997574
0.997574
0.997574
0.997574
0.997574
0.997574
0.997574
0.997574
0.997574
0.997574
0.997574
0.997574
0.997574
0.997574
0.997574
0.997574
0.997574
0.997574
0.997574
0.997574
0.997574
0.997574
0.997574
0.997574
0.997574
0.997574
0.997574
0.997574
0.997574
0.997574
0.997574
0.997574
0.997574
0.997574
0.997574
0.997574
0.997574
0.997574
0.997574
0.997574
0.997574
0.997574
0.997574
0.997574
0.997574
0.997574
0.997574
0.997574
0.997574
0.997574
0.997574
0.997574
0.997574
0.997574
0.997574
0.997574
0.997574
0.997574
0.997574
0.997574
0.997574
0.997574
0.997574
0.997574
0.997574
0.997574
0.997574
0.997574
0.997574
0.997574
0.997574
0.997574
0.997574
0.997574
0.997574
0.997574
0.997574
0.997574
0.997574
0.997574
0.997574
0.997574
0.997574
0.997574
0.997574
0.997574
0.997574
0.997574
0.997574
0.997574
0.997574
0.997574
0.997574
0.997574
0.997574
0.997574
0.997574
0.997574
0.997574
0.997574
0.997574
0.997574
0.997574
0.997574
0.997574
0.997574
0.997574
0.997574
0.997574
0.997574
0.997574
0.997574
0.997574
0.997574
0.997574
0.997574
0.997574
0.997574
0.997574
0.997574
0.997574
0.997574
0.997574
0.997574
0.997574
0.997574
0.997574
0.997574
0.997574
0.997574
0.997574
0.997574
0.997574
0.997574
0.997574
0.997574
0.997574
0.997574
0.997574
0.997574
0.997574
0.997574
0.997574
0.997574
0.997574
0.997574
0.997574
0.997574
0.997574
0.997574
0.997574
0.997574
0.997574
0.997574
0.997574
0.997574
0.997574
0.997574
0.997574
0.997574
0.997574
0.997574
0.997574
0.997574
0.997574
0.997574
0.997574
0.997574
0.997574
0.997574
0.997574
0.997574
0.997574
0.997574
0.997574
0.997574
0.997574
0.997574
0.997574
0.997574
0.997574
0.997574
0.997574
0.997574
0.997574
0.997574
0.997574
0.997574
0.997574
0.997574
0.997574
0.997574
0.997574
0.997574
0.997574
0.997574
0.997574
0.997574
0.997574
0.997574
0.997574
0.997574
0.997574
0.997574
0.997574
0.997574
0.997574
0.997574
0.997574
0.997574
0.997574
0.997574
0.997574
0.997574
0.997574
0.997574
0.997574
0.997574
0.997574
0.997574
0.997574
0.997574
0.997574
0.997574
0.997574
0.997574
0.997574
0.997574
0.997574
0.997574
0.997574
0.997574
0.997574
0.997574
0.997574
0.997574
0.997574
0.997574
0.997574
0.997574
0.997574
0.997574
0.997574
0.997574
0.997574
0.997574
0.997574
0.997574
0.997574
0.997574
0.997574
0.997574
0.997574
0.997574
0.997574
0.997574
0.997574
0.997574
0.997574
0.997574
0.997574
0.997574
0.997574
0.997574
0.997574
0.997574
0.997574
0.997574
0.997574
0.997574
0.997574
0.997574
0.997574
0.997574
0.997574
0.997574
0.997574
0.997574
0.997574
0.997574
0.997574
0.997574
0.997574
0.997574
0.997574
0.997574
0.997574
0.997574
0.997574
0.997574
0.997574
0.997574
0.997574
0.997574
0.997574
0.997574
0.997574
0.997574
0.997574
0.997574
0.997574
0.997574
0.997574
0.997574
0.997574
0.997574
0.997574
0.997574
0.997574
0.997574
0.997574
0.997574
0.997574
0.997574
0.997574
0.997574
0.997574
0.997574
0.997574
0.997574
0.997574
0.997574
0.997574
0.997574
0.997574
0.997574
0.997574
0.997574
0.997574
0.997574
0.997574
0.997574
0.997574
0.997574
0.997574
0.997574
0.997574
0.997574
0.997574
0.997574
0.997574
0.997574
0.997574
0.997574
0.997574
0.997574
0.997574
0.997574
0.997574
0.997574
0.997574
0.997574
0.997574
0.997574
0.997574
0.997574
0.997574
0.997574
0.997574
0.997574
0.997574
0.997574
0.997574
0.997574
0.997574
0.997574
0.997574
0.997574
0.997574
0.997574
0.997574
0.997574
0.997574
0.997574
0.997574
0.997574
0.997574
0.997574
0.997574
0.997574
0.997574
0.997574
0.997574
0.997574
0.997574
0.997574
0.997574
0.997574
0.997574
0.997574
0.997574
0.997574
0.997574
0.997574
0.997574
0.997574
0.997574
0.997574
0.997574
0.997574
0.997574
0.997574
0.997574
0.997574
0.997574
0.997574
0.997574
0.997574
0.997574
0.997574
0.997574
0.997574
0.997574
0.997574
0.997574
0.997574
0.997574
0.997574
0.997574
0.997574
0.997574
0.997574
0.997574
0.997574
0.997574
0.997574
0.997574
0.997574
0.997574
0.997574
0.997574
0.997574
0.997574
0.997574
0.997574
0.997574
0.997574
0.997574
0.997574
0.997574
0.997574
0.997574
0.997574
0.997574
0.997574
0.997574
0.997574
0.997574
0.997574
0.997574
0.997574
0.997574
0.997574
0.997574
0.997574
0.997574
0.997574
0.997574
0.997574
0.997574
0.997574
0.997574
0.997574
0.997574
0.997574
0.997574
0.997574
0.997574
0.997574
0.997574
0.997574
0.997574
0.997574
0.997574
0.997574
0.997574
0.997574
0.997574
0.997574
0.997574
0.997574
0.997574
0.997574
0.997574
0.997574
0.997574
0.997574
0.997574
0.997574
0.997574
0.997574
0.997574
0.997574
0.997574
0.997574
0.997574
0.997574
0.997574
0.997574
0.997574
0.997574
0.997574
0.997574
0.997574
0.997574
0.997574
0.997574
0.997574
0.997574
0.997574
0.997574
0.997574
0.997574
0.997574
0.997574
0.997574
0.997574
0.997574
0.997574
0.997574
0.997574
0.997574
0.997574
0.997574
0.997574
0.997574
0.997574
0.997574
0.997574
0.997574
0.997574
0.997574
0.997574
0.997574
0.997574
0.997574
0.997574
0.997574
0.997574
0.997574
0.997574
0.997574
0.997574
0.997574
0.997574
0.997574
0.997574
0.997574
0.997574
0.997574
0.997574
0.997574
0.997574
0.997574
0.997574
0.997574
0.997574
0.997574
0.997574
0.997574
0.997574
0.997574
0.997574
0.997574
0.997574
0.997574
0.997574
0.997574
0.997574
0.997574
0.997574
0.997574
0.997574
0.997574
0.997574
0.997574
0.997574
0.997574
0.997574
0.997574
0.997574
0.997574
0.997574
0.997574
0.997574
0.997574
0.997574
0.997574
0.997574
0.997574
0.997574
0.997574
0.997574
0.997574
0.997574
0.997574
0.997574
0.997574
0.997574
0.997574
0.997574
0.997574
0.997574
0.997574
0.997574
0.997574
0.997574
0.997574
0.997574
0.997574
0.997574
0.997574
0.997574
0.997574
0.997574
0.997574
0.997574
0.997574
0.997574
0.997574
0.997574
0.997574
0.997574
0.997574
0.997574
0.997574
0.997574
0.997574
0.997574
0.997574
0.997574
0.997574
0.997574
0.997574
0.997574
0.997574
0.997574
0.997574
0.997574
0.997574
0.997574
0.997574
0.997574
0.997574
0.997574
0.997574
0.997574
0.997574
0.997574
0.997574
0.997574
0.997574
0.997574
0.997574
0.997574
0.997574
0.997574
0.997574
0.997574
0.997574
0.997574
0.997574
0.997574
0.997574
0.997574
0.997574
0.997574
0.997574
0.997574
0.997574
0.997574
0.997574
0.997574
0.997574
0.997574
0.997574
0.997574
0.997574
0.997574
0.997574
0.997574
0.997574
0.997574
0.997574
0.997574
0.997574
0.997574
0.997574
0.997574
0.997574
0.997574
0.997574
0.997574
0.997574
0.997574
0.997574
0.997574
0.997574
0.997574
0.997574
0.997574
0.997574
0.997574
0.997574
0.997574
0.997574
0.997574
0.997574
0.997574
0.997574
0.997574
0.997574
0.997574
0.997574
0.997574
0.997574
0.997574
0.997574
0.997574
0.997574
0.997574
0.997574
0.997574
0.997574
0.997574
0.997574
0.997574
0.997574
0.997574
0.997574
0.997574
0.997574
0.997574
0.997574
0.997574
0.997574
0.997574
0.997574
0.997574
0.997574
0.997574
0.997574
0.997574
0.997574
0.997574
0.997574
0.997574
0.997574
0.997574
0.997574
0.997574
0.997574
0.997574
0.997574
0.997574
0.997574
0.997574
0.997574
0.997574
0.997574
0.997574
0.997574
0.997574
0.997574
0.997574
0.997574
0.997574
0.997574
0.997574
0.997574
0.997574
0.997574
0.997574
0.997574
0.997574
0.997574
0.997574
0.997574
0.997574
0.997574
0.997574
0.997574
0.997574
0.997574
0.997574
0.997574
0.997574
0.997574
0.997574
0.997574
0.997574
0.997574
0.997574
0.997574
0.997574
0.997574
0.997574
0.997574
0.997574
0.997574
0.997574
0.997574
0.997574
0.997574
0.997574
0.997574
0.997574
0.997574
0.997574
0.997574
0.997574
0.997574
0.997574
0.997574
0.997574
0.997574
0.997574
0.997574
0.997574
0.997574
0.997574
0.997574
0.997574
0.997574
0.997574
0.997574
0.997574
0.997574
0.997574
0.997574
0.997574
0.997574
0.997574
0.997574
0.997574
0.997574
0.997574
0.997574
0.997574
0.997574
0.997574
0.997574
0.997574
0.997574
0.997574
0.997574
0.997574
0.997574
0.997574
0.997574
0.997574
0.997574
0.997574
0.997574
0.997574
0.997574
0.997574
0.997574
0.997574
0.997574
0.997574
0.997574
0.997574
0.997574
0.997574
0.997574
0.997574
0.997574
0.997574
0.997574
0.997574
0.997574
0.997574
0.997574
0.997574
0.997574
0.997574
0.997574
0.997574
0.997574
0.997574
0.997574
0.997574
0.997574
0.997574
0.997574
0.997574
0.997574
0.997574
0.997574
0.997574
0.997574
0.997574
0.997574
0.997574
0.997574
0.997574
0.997574
0.997574
0.997574
0.997574
0.997574
0.997574
0.997574
0.997574
0.997574
0.997574
0.997574
0.997574
0.997574
0.997574
0.997574
0.997574
0.997574
0.997574
0.997574
0.997574
0.997574
0.997574
0.997574
0.997574
0.997574
0.997574
0.997574
0.997574
0.997574
0.997574
0.997574
0.997574
0.997574
0.997574
0.997574
0.997574
0.997574
0.997574
0.997574
0.997574
0.997574
0.997574
0.997574
0.997574
0.997574
0.997574
0.997574
0.997574
0.997574
0.997574
0.997574
0.997574
0.997574
0.997574
0.997574
0.997574
0.997574
0.997574
0.997574
0.997574
0.997574
0.997574
0.997574
0.997574
0.997574
0.997574
0.997574
0.997574
0.997574
0.997574
0.997574
0.997574
0.997574
0.997574
0.997574
0.997574
0.997574
0.997574
0.997574
0.997574
0.997574
0.997574
0.997574
0.997574
0.997574
0.997574
0.997574
0.997574
0.997574
0.997574
0.997574
0.997574
0.997574
0.997574
0.997574
0.997574
0.997574
0.997574
0.997574
0.997574
0.997574
0.997574
0.997574
0.997574
0.997574
0.997574
0.997574
0.997574
0.997574
0.997574
0.997574
0.997574
0.997574
0.997574
0.997574
0.997574
0.997574
0.997574
0.997574
0.997574
0.997574
0.997574
0.997574
0.997574
0.997574
0.997574
0.997574
0.997574
0.997574
0.997574
0.997574
0.997574
0.997574
0.997574
0.997574
0.997574
0.997574
0.997574
0.997574
0.997574
0.997574
0.997574
0.997574
0.997574
0.997574
0.997574
0.997574
0.997574
0.997574
0.997574
0.997574
0.997574
0.997574
0.997574
0.997574
0.997574
0.997574
0.997574
0.997574
0.997574
0.997574
0.997574
0.997574
0.997574
0.997574
0.997574
0.997574
0.997574
0.997574
0.997574
0.997574
0.997574
0.997574
0.997574
0.997574
0.997574
0.997574
0.997574
0.997574
0.997574
0.997574
0.997574
0.997574
0.997574
0.997574
0.997574
0.997574
0.997574
0.997574
0.997574
0.997574
0.997574
0.997574
0.997574
0.997574
0.997574
0.997574
0.997574
0.997574
0.997574
0.997574
0.997574
0.997574
0.997574
0.997574
0.997574
0.997574
0.997574
0.997574
0.997574
0.997574
0.997574
0.997574
0.997574
0.997574
0.997574
0.997574
0.997574
0.997574
0.997574
0.997574
0.997574
0.997574
0.997574
0.997574
0.997574
0.997574
0.997574
0.997574
0.997574
0.997574
0.997574
0.997574
0.997574
0.997574
0.997574
0.997574
0.997574
0.997574
0.997574
0.997574
0.997574
0.997574
0.997574
0.997574
0.997574
0.997574
0.997574
0.997574
0.997574
0.997574
0.997574
0.997574
0.997574
0.997574
0.997574
0.997574
0.997574
0.997574
0.997574
0.997574
0.997574
0.997574
0.997574
0.997574
0.997574
0.997574
0.997574
0.997574
0.997574
0.997574
0.997574
0.997574
0.997574
0.997574
0.997574
0.997574
0.997574
0.997574
0.997574
0.997574
0.997574
0.997574
0.997574
0.997574
0.997574
0.997574
0.997574
0.997574
0.997574
0.997574
0.997574
0.997574
0.997574
0.997574
0.997574
0.997574
0.997574
0.997574
0.997574
0.997574
0.997574
0.997574
0.997574
0.997574
0.997574
0.997574
0.997574
0.997574
0.997574
0.997574
0.997574
0.997574
0.997574
0.997574
0.997574
0.997574
0.997574
0.997574
0.997574
0.997574
0.997574
0.997574
0.997574
0.997574
0.997574
0.997574
0.997574
0.997574
0.997574
0.997574
0.997574
0.997574
0.997574
0.997574
0.997574
0.997574
0.997574
0.997574
0.997574
0.997574
0.997574
0.997574
0.997574
0.997574
0.997574
0.997574
0.997574
0.997574
0.997574
0.997574
0.997574
0.997574
0.997574
0.997574
0.997574
0.997574
0.997574
0.997574
0.997574
0.997574
0.997574
0.997574
0.997574
0.997574
0.997574
0.997574
0.997574
0.997574
0.997574
0.997574
0.997574
0.997574
0.997574
0.997574
0.997574
0.997574
0.997574
0.997574
0.997574
0.997574
0.997574
0.997574
0.997574
0.997574
0.997574
0.997574
0.997574
0.997574
0.997574
0.997574
0.997574
0.997574
0.997574
0.997574
0.997574
0.997574
0.997574
0.997574
0.997574
0.997574
0.997574
0.997574
0.997574
0.997574
0.997574
0.997574
0.997574
0.997574
0.997574
0.997574
0.997574
0.997574
0.997574
0.997574
0.997574
0.997574
0.997574
0.997574
0.997574
0.997574
0.997574
0.997574
0.997574
0.997574
0.997574
0.997574
0.997574
0.997574
0.997574
0.997574
0.997574
0.997574
0.997574
0.997574
0.997574
0.997574
0.997574
0.997574
0.997574
0.997574
0.997574
0.997574
0.997574
0.997574
0.997574
0.997574
0.997574
0.997574
0.997574
0.997574
0.997574
0.997574
0.997574
0.997574
0.997574
0.997574
0.997574
0.997574
0.997574
0.997574
0.997574
0.997574
0.997574
0.997574
0.997574
0.997574
0.997574
0.997574
0.997574
0.997574
0.997574
0.997574
0.997574
0.997574
0.997574
0.997574
0.997574
0.997574
0.997574
0.997574
0.997574
0.997574
0.997574
0.997574
0.997574
0.997574
0.997574
0.997574
0.997574
0.997574
0.997574
0.997574
0.997574
0.997574
0.997574
0.997574
0.997574
0.997574
0.997574
0.997574
0.997574
0.997574
0.997574
0.997574
0.997574
0.997574
0.997574
0.997574
0.997574
0.997574
0.997574
0.997574
0.997574
0.997574
0.997574
0.997574
0.997574
0.997574
0.997574
0.997574
0.997574
0.997574
0.997574
0.997574
0.997574
0.997574
0.997574
0.997574
0.997574
0.997574
0.997574
0.997574
0.997574
0.997574
0.997574
0.997574
0.997574
0.997574
0.997574
0.997574
0.997574
0.997574
0.997574
0.997574
0.997574
0.997574
0.997574
0.997574
0.997574
0.997574
0.997574
0.997574
0.997574
0.997574
0.997574
0.997574
0.997574
0.997574
0.997574
0.997574
0.997574
0.997574
0.997574
0.997574
0.997574
0.997574
0.997574
0.997574
0.997574
0.997574
0.997574
0.997574
0.997574
0.997574
0.997574
0.997574
0.997574
0.997574
0.997574
0.997574
0.997574
0.997574
0.997574
0.997574
0.997574
0.997574
0.997574
0.997574
0.997574
0.997574
0.997574
0.997574
0.997574
0.997574
0.997574
0.997574
0.997574
0.997574
0.997574
0.997574
0.997574
0.997574
0.997574
0.997574
0.997574
0.997574
0.997574
0.997574
0.997574
0.997574
0.997574
0.997574
0.997574
0.997574
0.997574
0.997574
0.997574
0.997574
0.997574
0.997574
0.997574
0.997574
0.997574
0.997574
0.997574
0.997574
0.997574
0.997574
0.997574
0.997574
0.997574
0.997574
0.997574
0.997574
0.997574
0.997574
0.997574
0.997574
0.997574
0.997574
0.997574
0.997574
0.997574
0.997574
0.997574
0.997574
0.997574
0.997574
0.997574
0.997574
0.997574
0.997574
0.997574
0.997574
0.997574
0.997574
0.997574
0.997574
0.997574
0.997574
0.997574
0.997574
0.997574
0.997574
0.997574
0.997574
0.997574
0.997574
0.997574
0.997574
0.997574
0.997574
0.997574
0.997574
0.997574
0.997574
0.997574
0.997574
0.997574
0.997574
0.997574
0.997574
0.997574
0.997574
0.997574
0.997574
0.997574
0.997574
0.997574
0.997574
0.997574
0.997574
0.997574
0.997574
0.997574
0.997574
0.997574
0.997574
0.997574
0.997574
0.997574
0.997574
0.997574
0.997574
0.997574
0.997574
0.997574
0.997574
0.997574
0.997574
0.997574
0.997574
0.997574
0.997574
0.997574
0.997574
0.997574
0.997574
0.997574
0.997574
0.997574
0.997574
0.997574
0.997574
0.997574
0.997574
0.997574
0.997574
0.997574
0.997574
0.997574
0.997574
0.997574
0.997574
0.997574
0.997574
0.997574
0.997574
0.997574
0.997574
0.997574
0.997574
0.997574
0.997574
0.997574
0.997574
0.997574
0.997574
0.997574
0.997574
0.997574
0.997574
0.997574
0.997574
0.997574
0.997574
0.997574
0.997574
0.997574
0.997574
0.997574
0.997574
0.997574
0.997574
0.997574
0.997574
0.997574
0.997574
0.997574
0.997574
0.997574
0.997574
0.997574
0.997574
0.997574
0.997574
0.997574
0.997574
0.997574
0.997574
0.997574
0.997574
0.997574
0.997574
0.997574
0.997574
0.997574
0.997574
0.997574
0.997574
0.997574
0.997574
0.997574
0.997574
0.997574
0.997574
0.997574
0.997574
0.997574
0.997574
0.997574
0.997574
0.997574
0.997574
0.997574
0.997574
0.997574
0.997574
0.997574
0.997574
0.997574
0.997574
0.997574
0.997574
0.997574
0.997574
0.997574
0.997574
0.997574
0.997574
0.997574
0.997574
0.997574
0.997574
0.997574
0.997574
0.997574
0.997574
0.997574
0.997574
0.997574
0.997574
0.997574
0.997574
0.997574
0.997574
0.997574
0.997574
0.997574
0.997574
0.997574
0.997574
0.997574
0.997574
0.997574
0.997574
0.997574
0.997574
0.997574
0.997574
0.997574
0.997574
0.997574
0.997574
0.997574
0.997574
0.997574
0.997574
0.997574
0.997574
0.997574
0.997574
0.997574
0.997574
0.997574
0.997574
0.997574
0.997574
0.997574
0.997574
0.997574
0.997574
0.997574
0.997574
0.997574
0.997574
0.997574
0.997574
0.997574
0.997574
0.997574
0.997574
0.997574
0.997574
0.997574
0.997574
0.997574
0.997574
0.997574
0.997574
0.997574
0.997574
0.997574
0.997574
0.997574
0.997574
0.997574
0.997574
0.997574
0.997574
0.997574
0.997574
0.997574
0.997574
0.997574
0.997574
0.997574
0.997574
0.997574
0.997574
0.997574
0.997574
0.997574
0.997574
0.997574
0.997574
0.997574
0.997574
0.997574
0.997574
0.997574
0.997574
0.997574
0.997574
0.997574
0.997574
0.997574
0.997574
0.997574
0.997574
0.997574
0.997574
0.997574
0.997574
0.997574
0.997574
0.997574
0.997574
0.997574
0.997574
0.997574
0.997574
0.997574
0.997574
0.997574
0.997574
0.997574
0.997574
0.997574
0.997574
0.997574
0.997574
0.997574
0.997574
0.997574
0.997574
0.997574
0.997574
0.997574
0.997574
0.997574
0.997574
0.997574
0.997574
0.997574
0.997574
0.997574
0.997574
0.997574
0.997574
0.997574
0.997574
0.997574
0.997574
0.997574
0.997574
0.997574
0.997574
0.997574
0.997574
0.997574
0.997574
0.997574
0.997574
0.997574
0.997574
0.997574
0.997574
0.997574
0.997574
0.997574
0.997574
0.997574
0.997574
0.997574
0.997574
0.997574
0.997574
0.997574
0.997574
0.997574
0.997574
0.997574
0.997574
0.997574
0.997574
0.997574
0.997574
0.997574
0.997574
0.997574
0.997574
0.997574
0.997574
0.997574
0.997574
0.997574
0.997574
0.997574
0.997574
0.997574
0.997574
0.997574
0.997574
0.997574
0.997574
0.997574
0.997574
0.997574
0.997574
0.997574
0.997574
0.997574
0.997574
0.997574
0.997574
0.997574
0.997574
0.997574
0.997574
0.997574
0.997574
0.997574
0.997574
0.997574
0.997574
0.997574
0.997574
0.997574
0.997574
0.997574
0.997574
0.997574
0.997574
0.997574
0.997574
0.997574
0.997574
0.997574
0.997574
0.997574
0.997574
0.997574
0.997574
0.997574
0.997574
0.997574
0.997574
0.997574
0.997574
0.997574
0.997574
0.997574
0.997574
0.997574
0.997574
0.997574
0.997574
0.997574
0.997574
0.997574
0.997574
0.997574
0.997574
0.997574
0.997574
0.997574
0.997574
0.997574
0.997574
0.997574
0.997574
0.997574
0.997574
0.997574
0.997574
0.997574
0.997574
0.997574
0.997574
0.997574
0.997574
0.997574
0.997574
0.997574
0.997574
0.997574
0.997574
0.997574
0.997574
0.997574
0.997574
0.997574
0.997574
0.997574
0.997574
0.997574
0.997574
0.997574
0.997574
0.997574
0.997574
0.997574
0.997574
0.997574
0.997574
0.997574
0.997574
0.997574
0.997574
0.997574
0.997574
0.997574
0.997574
0.997574
0.997574
0.997574
0.997574
0.997574
0.997574
0.997574
0.997574
0.997574
0.997574
0.997574
0.997574
0.997574
0.997574
0.997574
0.997574
0.997574
0.997574
0.997574
0.997574
0.997574
0.997574
0.997574
0.997574
0.997574
0.997574
0.997574
0.997574
0.997574
0.997574
0.997574
0.997574
0.997574
0.997574
0.997574
0.997574
0.997574
0.997574
0.997574
0.997574
0.997574
0.997574
0.997574
0.997574
0.997574
0.997574
0.997574
0.997574
0.997574
0.997574
0.997574
0.997574
0.997574
0.997574
0.997574
0.997574
0.997574
0.997574
0.997574
0.997574
0.997574
0.997574
0.997574
0.997574
0.997574
0.997574
0.997574
0.997574
0.997574
0.997574
0.997574
0.997574
0.997574
0.997574
0.997574
0.997574
0.997574
0.997574
0.997574
0.997574
0.997574
0.997574
0.997574
0.997574
0.997574
0.997574
0.997574
0.997574
0.997574
0.997574
0.997574
0.997574
0.997574
0.997574
0.997574
0.997574
0.997574
0.997574
0.997574
0.997574
0.997574
0.997574
0.997574
0.997574
0.997574
0.997574
0.997574
0.997574
0.997574
0.997574
0.997574
0.997574
0.997574
0.997574
0.997574
0.997574
0.997574
0.997574
0.997574
0.997574
0.997574
0.997574
0.997574
0.997574
0.997574
0.997574
0.997574
0.997574
0.997574
0.997574
0.997574
0.997574
0.997574
0.997574
0.997574
0.997574
0.997574
0.997574
0.997574
0.997574
0.997574
0.997574
0.997574
0.997574
0.997574
0.997574
0.997574
0.997574
0.997574
0.997574
0.997574
0.997574
0.997574
0.997574
0.997574
0.997574
0.997574
0.997574
0.997574
0.997574
0.997574
0.997574
0.997574
0.997574
0.997574
0.997574
0.997574
0.997574
0.997574
0.997574
0.997574
0.997574
0.997574
0.997574
0.997574
0.997574
0.997574
0.997574
0.997574
0.997574
0.997574
0.997574
0.997574
0.997574
0.997574
0.997574
0.997574
0.997574
0.997574
0.997574
0.997574
0.997574
0.997574
0.997574
0.997574
0.997574
0.997574
0.997574
0.997574
0.997574
0.997574
0.997574
0.997574
0.997574
0.997574
0.997574
0.997574
0.997574
0.997574
0.997574
0.997574
0.997574
0.997574
0.997574
0.997574
0.997574
0.997574
0.997574
0.997574
0.997574
0.997574
0.997574
0.997574
0.997574
0.997574
0.997574
0.997574
0.997574
0.997574
0.997574
0.997574
0.997574
0.997574
0.997574
0.997574
0.997574
0.997574
0.997574
0.997574
0.997574
0.997574
0.997574
0.997574
0.997574
0.997574
0.997574
0.997574
0.997574
0.997574
0.997574
0.997574
0.997574
0.997574
0.997574
0.997574
0.997574
0.997574
0.997574
0.997574
0.997574
0.997574
0.997574
0.997574
0.997574
0.997574
0.997574
0.997574
0.997574
0.997574
0.997574
0.997574
0.997574
0.997574
0.997574
0.997574
0.997574
0.997574
0.997574
0.997574
0.997574
0.997574
0.997574
0.997574
0.997574
0.997574
0.997574
0.997574
0.997574
0.997574
0.997574
0.997574
0.997574
0.997574
0.997574
0.997574
0.997574
0.997574
0.997574
0.997574
0.997574
0.997574
0.997574
0.997574
0.997574
0.997574
0.997574
0.997574
0.997574
0.997574
0.997574
0.997574
0.997574
0.997574
0.997574
0.997574
0.997574
0.997574
0.997574
0.997574
0.997574
0.997574
0.997574
0.997574
0.997574
0.997574
0.997574
0.997574
0.997574
0.997574
0.997574
0.997574
0.997574
0.997574
0.997574
0.997574
0.997574
0.997574
0.997574
0.997574
0.997574
0.997574
0.997574
0.997574
0.997574
0.997574
0.997574
0.997574
0.997574
0.997574
0.997574
0.997574
0.997574
0.997574
0.997574
0.997574
0.997574
0.997574
0.997574
0.997574
0.997574
0.997574
0.997574
0.997574
0.997574
0.997574
0.997574
0.997574
0.997574
0.997574
0.997574
0.997574
0.997574
0.997574
0.997574
0.997574
0.997574
0.997574
0.997574
0.997574
0.997574
0.997574
0.997574
0.997574
0.997574
0.997574
0.997574
0.997574
0.997574
0.997574
0.997574
0.997574
0.997574
0.997574
0.997574
0.997574
0.997574
0.997574
0.997574
0.997574
0.997574
0.997574
0.997574
0.997574
0.997574
0.997574
0.997574
0.997574
0.997574
0.997574
0.997574
0.997574
0.997574
0.997574
0.997574
0.997574
0.997574
0.997574
0.997574
0.997574
0.997574
0.997574
0.997574
0.997574
0.997574
0.997574
0.997574
0.997574
0.997574
0.997574
0.997574
0.997574
0.997574
0.997574
0.997574
0.997574
0.997574
0.997574
0.997574
0.997574
0.997574
0.997574
0.997574
0.997574
0.997574
0.997574
0.997574
0.997574
0.997574
0.997574
0.997574
0.997574
0.997574
0.997574
0.997574
0.997574
0.997574
0.997574
0.997574
0.997574
0.997574
0.997574
0.997574
0.997574
0.997574
0.997574
0.997574
0.997574
0.997574
0.997574
0.997574
0.997574
0.997574
0.997574
0.997574
0.997574
0.997574
0.997574
0.997574
0.997574
0.997574
0.997574
0.997574
0.997574
0.997574
0.997574
0.997574
0.997574
0.997574
0.997574
0.997574
0.997574
0.997574
0.997574
0.997574
0.997574
0.997574
0.997574
0.997574
0.997574
0.997574
0.997574
0.997574
0.997574
0.997574
0.997574
0.997574
0.997574
0.997574
0.997574
0.997574
0.997574
0.997574
0.997574
0.997574
0.997574
0.997574
0.997574
0.997574
0.997574
0.997574
0.997574
0.997574
0.997574
0.997574
0.997574
0.997574
0.997574
0.997574
0.997574
0.997574
0.997574
0.997574
0.997574
0.997574
0.997574
0.997574
0.997574
0.997574
0.997574
0.997574
0.997574
0.997574
0.997574
0.997574
0.997574
0.997574
0.997574
0.997574
0.997574
0.997574
0.997574
0.997574
0.997574
0.997574
0.997574
0.997574
0.997574
0.997574
0.997574
0.997574
0.997574
0.997574
0.997574
0.997574
0.997574
0.997574
0.997574
0.997574
0.997574
0.997574
0.997574
0.997574
0.997574
0.997574
0.997574
0.997574
0.997574
0.997574
0.997574
0.997574
0.997574
0.997574
0.997574
0.997574
0.997574
0.997574
0.997574
0.997574
0.997574
0.997574
0.997574
0.997574
0.997574
0.997574
0.997574
0.997574
0.997574
0.997574
0.997574
0.997574
0.997574
0.997574
0.997574
0.997574
0.997574
0.997574
0.997574
0.997574
0.997574
0.997574
0.997574
0.997574
0.997574
0.997574
0.997574
0.997574
0.997574
0.997574
0.997574
0.997574
0.997574
0.997574
0.997574
0.997574
0.997574
0.997574
0.997574
0.997574
0.997574
0.997574
0.997574
0.997574
0.997574
0.997574
0.997574
0.997574
0.997574
0.997574
0.997574
0.997574
0.997574
0.997574
0.997574
0.997574
0.997574
0.997574
0.997574
0.997574
0.997574
0.997574
0.997574
0.997574
0.997574
0.997574
0.997574
0.997574
0.997574
0.997574
0.997574
0.997574
0.997574
0.997574
0.997574
0.997574
0.997574
0.997574
0.997574
0.997574
0.997574
0.997574
0.997574
0.997574
0.997574
0.997574
0.997574
0.997574
0.997574
0.997574
0.997574
0.997574
0.997574
0.997574
0.997574
0.997574
0.997574
0.997574
0.997574
0.997574
0.997574
0.997574
0.997574
0.997574
0.997574
0.997574
0.997574
0.997574
0.997574
0.997574
0.997574
0.997574
0.997574
0.997574
0.997574
0.997574
0.997574
0.997574
0.997574
0.997574
0.997574
0.997574
0.997574
0.997574
0.997574
0.997574
0.997574
0.997574
0.997574
0.997574
0.997574
0.997574
0.997574
0.997574
0.997574
0.997574
0.997574
0.997574
0.997574
0.997574
0.997574
0.997574
0.997574
0.997574
0.997574
0.997574
0.997574
0.997574
0.997574
0.997574
0.997574
0.997574
0.997574
0.997574
0.997574
0.997574
0.997574
0.997574
0.997574
0.997574
0.997574
0.997574
0.997574
0.997574
0.997574
0.997574
0.997574
0.997574
0.997574
0.997574
0.997574
0.997574
0.997574
0.997574
0.997574
0.997574
0.997574
0.997574
0.997574
0.997574
0.997574
0.997574
0.997574
0.997574
0.997574
0.997574
0.997574
0.997574
0.997574
0.997574
0.997574
0.997574
0.997574
0.997574
0.997574
0.997574
0.997574
0.997574
0.997574
0.997574
0.997573
0.997573
0.997573
0.997572
0.997571
0.997571
0.99757
0.997568
0.997567
0.997564
0.997562
0.997559
0.997554
0.997549
0.997543
0.997536
0.997526
0.997515
0.997502
0.997485
0.997466
0.997442
0.997415
0.997382
0.997344
0.9973
0.997249
0.99719
0.997122
0.997045
0.996958
0.99686
0.996751
0.996629
0.996495
0.996347
0.996186
0.99601
0.995821
0.995618
0.9954
0.995169
0.994925
0.994668
0.994398
0.994116
0.993823
0.99352
0.993206
0.992884
0.992552
0.992213
0.991867
0.991514
0.991155
0.99079
0.99042
0.990046
0.989668
0.989286
0.988901
0.988512
0.988121
0.987727
0.987331
0.986933
0.986533
0.986131
0.985727
0.985323
0.984917
0.984509
0.984101
0.983691
0.983281
0.98287
0.982458
0.982045
0.981632
0.981218
0.980804
0.980389
0.979974
0.979558
0.979142
0.978725
0.978309
0.977891
0.977474
0.977056
0.976638
0.97622
0.975802
0.975384
0.974965
0.974546
0.974127
0.973708
0.973289
0.97287
0.97245
0.972031
0.971611
0.971192
0.970772
0.970352
0.969932
0.969512
0.969092
0.968672
0.968252
0.967832
0.967412
0.966992
0.966572
0.966152
0.965732
0.965312
0.964892
0.964471
0.964051
0.963631
0.963211
0.962791
0.962371
0.961951
0.961531
0.96111
0.96069
0.96027
0.95985
0.95943
0.95901
0.95859
0.95817
0.957751
0.957331
0.956911
0.956491
0.956071
0.955652
0.955232
0.954812
0.954393
0.953973
0.953554
0.953134
0.952715
0.952295
0.951876
0.951457
0.951037
0.950618
0.950199
0.94978
0.949361
0.948942
0.948523
0.948105
0.947686
0.947267
0.946849
0.94643
0.946012
0.945593
0.945175
0.944757
0.944339
0.94392
0.943502
0.943085
0.942667
0.942249
0.941831
0.941414
0.940996
0.940579
0.940161
0.939744
0.939327
0.93891
0.938493
0.938076
0.937659
0.937242
0.936826
0.936409
0.935993
0.935576
0.93516
0.934744
0.934328
0.933912
0.933496
0.93308
0.932665
0.932249
0.931834
0.931419
0.931003
0.930588
0.930173
0.929758
0.929344
0.928929
0.928514
0.9281
0.927685
0.927271
0.926857
0.926443
0.926029
0.925615
0.925202
0.924788
0.924375
0.923961
0.923548
0.923135
0.922722
0.922309
0.921897
0.921484
0.921072
0.920659
0.920247
0.919835
0.919423
0.919011
0.918599
0.918187
0.917776
0.917365
0.916953
0.916542
0.916131
0.91572
0.915309
0.914899
0.914488
0.914078
0.913668
0.913257
0.912847
0.912437
0.912028
0.911618
0.911208
0.910799
0.91039
0.909981
0.909572
0.909163
0.908754
0.908345
0.907937
0.907529
0.90712
0.906712
0.906304
0.905896
0.905489
0.905081
0.904674
0.904266
0.903859
0.903452
0.903045
0.902638
0.902232
0.901825
0.901419
0.901012
0.900606
0.9002
0.899794
0.899389
0.898983
0.898578
0.898172
0.897767
0.897362
0.896957
0.896552
0.896147
0.895743
0.895338
0.894934
0.89453
0.894126
0.893722
0.893318
0.892915
0.892511
0.892108
0.891705
0.891302
0.890899
0.890496
0.890093
0.889691
0.889288
0.888886
0.888484
0.888082
0.88768
0.887278
0.886877
0.886475
0.886074
0.885673
0.885272
0.884871
0.88447
0.884069
0.883669
0.883269
0.882868
0.882468
0.882068
0.881668
0.881269
0.880869
0.88047
0.880071
0.879671
0.879272
0.878874
0.878475
0.878076
0.877678
0.877279
0.876881
0.876483
0.876085
0.875687
0.87529
0.874892
0.874495
0.874098
0.873701
0.873304
0.872907
0.87251
0.872114
0.871717
0.871321
0.870925
0.870529
0.870133
0.869737
0.869342
0.868946
0.868551
0.868156
0.867761
0.867366
0.866971
0.866576
0.866182
0.865788
0.865393
0.864999
0.864605
0.864212
0.863818
0.863424
0.863031
0.862638
0.862245
0.861852
0.861459
0.861066
0.860674
0.860281
0.859889
0.859497
0.859105
0.858713
0.858321
0.85793
0.857538
0.857147
0.856756
0.856365
0.855974
0.855583
0.855192
0.854802
0.854412
0.854021
0.853631
0.853241
0.852852
0.852462
0.852072
0.851683
0.851294
0.850905
0.850516
0.850127
0.849738
0.84935
0.848961
0.848573
0.848185
0.847797
0.847409
0.847021
0.846633
0.846246
0.845859
0.845471
0.845084
0.844698
0.844311
0.843924
0.843538
0.843151
0.842765
0.842379
0.841993
0.841607
0.841222
0.840836
0.840451
0.840065
0.83968
0.839295
0.83891
0.838526
0.838141
0.837757
0.837372
0.836988
0.836604
0.83622
0.835837
0.835453
0.83507
0.834686
0.834303
0.83392
0.833537
0.833154
0.832772
0.832389
0.832007
0.831625
0.831242
0.830861
0.830479
0.830097
0.829715
0.829334
0.828953
0.828572
0.828191
0.82781
0.827429
0.827049
0.826668
0.826288
0.825908
0.825528
0.825148
0.824768
0.824388
0.824009
0.823629
0.82325
0.822871
0.822492
0.822113
0.821735
0.821356
0.820978
0.8206
0.820221
0.819843
0.819466
0.819088
0.81871
0.818333
0.817956
0.817578
0.817201
0.816825
0.816448
0.816071
0.815695
0.815318
0.814942
0.814566
0.81419
0.813814
0.813439
0.813063
0.812688
0.812313
0.811938
0.811563
0.811188
0.810813
0.810438
0.810064
0.80969
0.809316
0.808942
0.808568
0.808194
0.80782
0.807447
0.807074
0.8067
0.806327
0.805954
0.805582
0.805209
0.804836
0.804464
0.804092
0.80372
0.803348
0.802976
0.802604
0.802233
0.801861
0.80149
0.801119
0.800748
0.800377
0.800006
0.799635
0.799265
0.798895
0.798524
0.798154
0.797784
0.797415
0.797045
0.796675
0.796306
0.795937
0.795568
0.795199
0.79483
0.794461
0.794092
0.793724
0.793356
0.792987
0.792619
0.792251
0.791884
0.791516
0.791149
0.790781
0.790414
0.790047
0.78968
0.789313
0.788946
0.78858
0.788213
0.787847
0.787481
0.787115
0.786749
0.786383
0.786018
0.785652
0.785287
0.784922
0.784557
0.784192
0.783827
0.783462
0.783098
0.782733
0.782369
0.782005
0.781641
0.781277
0.780913
0.78055
0.780186
0.779823
0.77946
0.779097
0.778734
0.778371
0.778008
0.777646
0.777283
0.776921
0.776559
0.776197
0.775835
0.775473
0.775112
0.77475
0.774389
0.774028
0.773667
0.773306
0.772945
0.772584
0.772224
0.771863
0.771503
0.771143
0.770783
0.770423
0.770064
0.769704
0.769344
0.768985
0.768626
0.768267
0.767908
0.767549
0.767191
0.766832
0.766474
0.766115
0.765757
0.765399
0.765042
0.764684
0.764326
0.763969
0.763611
0.763254
0.762897
0.76254
0.762183
0.761827
0.76147
0.761114
0.760758
0.760402
0.760046
0.75969
0.759334
0.758978
0.758623
0.758268
0.757912
0.757557
0.757202
0.756848
0.756493
0.756138
0.755784
0.75543
0.755076
0.754722
0.754368
0.754014
0.75366
0.753307
0.752954
0.7526
0.752247
0.751894
0.751541
0.751189
0.750836
0.750484
0.750132
0.749779
0.749427
0.749075
0.748724
0.748372
0.748021
0.747669
0.747318
0.746967
0.746616
0.746265
0.745914
0.745564
0.745213
0.744863
0.744513
0.744163
0.743813
0.743463
0.743113
0.742764
0.742414
0.742065
0.741716
0.741367
0.741018
0.740669
0.740321
0.739972
0.739624
0.739276
0.738928
0.73858
0.738232
0.737884
0.737537
0.737189
0.736842
0.736495
0.736148
0.735801
0.735454
0.735107
0.734761
0.734414
0.734068
0.733722
0.733376
0.73303
0.732684
0.732339
0.731993
0.731648
0.731303
0.730958
0.730613
0.730268
0.729923
0.729579
0.729234
0.72889
0.728546
0.728202
0.727858
0.727514
0.72717
0.726827
0.726483
0.72614
0.725797
0.725454
0.725111
0.724768
0.724426
0.724083
0.723741
0.723398
0.723056
0.722714
0.722372
0.722031
0.721689
0.721348
0.721006
0.720665
0.720324
0.719983
0.719642
0.719302
0.718961
0.718621
0.71828
0.71794
0.7176
0.71726
0.71692
0.716581
0.716241
0.715902
0.715563
0.715223
0.714884
0.714545
0.714207
0.713868
0.71353
0.713191
0.712853
0.712515
0.712177
0.711839
0.711501
0.711164
0.710826
0.710489
0.710152
0.709815
0.709478
0.709141
0.708804
0.708467
0.708131
0.707795
0.707458
0.707122
0.706786
0.706451
0.706115
0.705779
0.705444
0.705109
0.704773
0.704438
0.704104
0.703769
0.703434
0.7031
0.702765
0.702431
0.702097
0.701763
0.701429
0.701095
0.700761
0.700428
0.700094
0.699761
0.699428
0.699095
0.698762
0.698429
0.698097
0.697764
0.697432
0.6971
0.696767
0.696435
0.696104
0.695772
0.69544
0.695109
0.694777
0.694446
0.694115
0.693784
0.693453
0.693122
0.692792
0.692461
0.692131
0.691801
0.691471
0.691141
0.690811
0.690481
0.690151
0.689822
0.689493
0.689163
0.688834
0.688505
0.688177
0.687848
0.687519
0.687191
0.686862
0.686534
0.686206
0.685878
0.68555
0.685223
0.684895
0.684568
0.68424
0.683913
0.683586
0.683259
0.682932
0.682605
0.682279
0.681952
0.681626
0.6813
0.680974
0.680648
0.680322
0.679996
0.679671
0.679345
0.67902
0.678695
0.67837
0.678045
0.67772
0.677395
0.677071
0.676746
0.676422
0.676098
0.675774
0.67545
0.675126
0.674802
0.674478
0.674155
0.673832
0.673508
0.673185
0.672862
0.67254
0.672217
0.671894
0.671572
0.671249
0.670927
0.670605
0.670283
0.669961
0.66964
0.669318
0.668997
0.668675
0.668354
0.668033
0.667712
0.667391
0.66707
0.66675
0.666429
0.666109
0.665789
0.665469
0.665149
0.664829
0.664509
0.664189
0.66387
0.66355
0.663231
0.662912
0.662593
0.662274
0.661955
0.661637
0.661318
0.661
0.660682
0.660364
0.660046
0.659728
0.65941
0.659092
0.658775
0.658457
0.65814
0.657823
0.657506
0.657189
0.656872
0.656556
0.656239
0.655923
0.655606
0.65529
0.654974
0.654658
0.654342
0.654027
0.653711
0.653396
0.65308
0.652765
0.65245
0.652135
0.65182
0.651506
0.651191
0.650877
0.650562
0.650248
0.649934
0.64962
0.649306
0.648992
0.648679
0.648365
0.648052
0.647739
0.647426
0.647113
0.6468
0.646487
0.646174
0.645862
0.645549
0.645237
0.644925
0.644613
0.644301
0.643989
0.643678
0.643366
0.643055
0.642743
0.642432
0.642121
0.64181
0.641499
0.641189
0.640878
0.640568
0.640257
0.639947
0.639637
0.639327
0.639017
0.638708
0.638398
0.638089
0.637779
0.63747
0.637161
0.636852
0.636543
0.636234
0.635926
0.635617
0.635309
0.635
0.634692
0.634384
0.634076
0.633769
0.633461
0.633153
0.632846
0.632539
0.632231
0.631924
0.631617
0.631311
0.631004
0.630697
0.630391
0.630085
0.629778
0.629472
0.629166
0.62886
0.628555
0.628249
0.627943
0.627638
0.627333
0.627028
0.626723
0.626418
0.626113
0.625808
0.625504
0.625199
0.624895
0.624591
0.624287
0.623982
0.62368
0.623375
0.623073
0.622767
0.622467
0.622159
0.621862
0.621551
0.621258
0.620943
0.620655
0.620335
0.620054
0.619726
0.619454
0.619118
0.618853
0.618512
0.618251
0.617909
0.617646
0.61731
0.617038
0.616715
0.616427
0.616122
0.615816
0.615531
0.615207
0.614935
0.614604
0.614333
0.61401
0.613724
0.61342
0.613114
0.612831
0.612508
0.612235
0.611912
0.61163
0.611324
0.61102
0.610737
0.610416
0.610141
0.609823
0.609536
0.609238
0.608929
0.60865
0.608331
0.608051
0.607744
0.607445
0.60716
0.606844
0.606566
0.606256
0.605962
0.605673
0.60536
0.605083
0.604772
0.60448
0.604191
0.60388
0.603602
0.603292
0.603
0.602712
0.602402
0.602123
0.601817
0.601522
0.601238
0.600926
0.600646
0.600346
0.600046
0.599765
0.599456
0.599171
0.598878
0.598573
0.598294
0.597989
0.597698
0.597413
0.597105
0.596824
0.596528
0.596227
0.595948
0.595643
0.595354
0.595069
0.594763
0.594482
0.594187
0.593888
0.593609
0.593307
0.593017
0.592733
0.592429
0.592147
0.591856
0.591556
0.591276
0.590979
0.590685
0.590405
0.590104
0.589816
0.589533
0.589232
0.588949
0.588661
0.588361
0.588082
0.587789
0.587494
0.587215
0.586918
0.586628
0.586347
0.586049
0.585763
0.58548
0.585182
0.584899
0.584614
0.584317
0.584036
0.583749
0.583453
0.583173
0.582884
0.58259
0.582312
0.582021
0.581729
0.581451
0.581159
0.580869
0.58059
0.580298
0.58001
0.579731
0.579438
0.579152
0.578872
0.57858
0.578294
0.578015
0.577722
0.577438
0.577158
0.576866
0.576582
0.576303
0.576012
0.575728
0.575449
0.575158
0.574874
0.574595
0.574305
0.574022
0.573743
0.573453
0.57317
0.572892
0.572603
0.572319
0.572042
0.571754
0.571469
0.571192
0.570906
0.570621
0.570344
0.570059
0.569773
0.569497
0.569212
0.568927
0.56865
0.568368
0.568081
0.567804
0.567524
0.567237
0.566959
0.566681
0.566394
0.566116
0.565838
0.565553
0.565273
0.564997
0.564713
0.564431
0.564156
0.563873
0.563591
0.563316
0.563035
0.562752
0.562476
0.562198
0.561914
0.561638
0.561362
0.561079
0.5608
0.560526
0.560244
0.559964
0.55969
0.559411
0.559129
0.558855
0.558578
0.558296
0.55802
0.557746
0.557465
0.557187
0.556914
0.556635
0.556355
0.556082
0.555806
0.555526
0.555251
0.554977
0.554698
0.554421
0.554149
0.553871
0.553593
0.553321
0.553046
0.552767
0.552493
0.55222
0.551942
0.551667
0.551395
0.551119
0.550842
0.55057
0.550297
0.55002
0.549746
0.549475
0.549199
0.548923
0.548652
0.548379
0.548103
0.54783
0.54756
0.547284
0.54701
0.54674
0.546467
0.546191
0.54592
0.54565
0.545375
0.545102
0.544833
0.54456
0.544286
0.544015
0.543746
0.543472
0.543199
0.542931
0.54266
0.542386
0.542116
0.541847
0.541574
0.541302
0.541034
0.540764
0.540491
0.540222
0.539954
0.539683
0.539411
0.539143
0.538875
0.538603
0.538333
0.538066
0.537796
0.537525
0.537258
0.53699
0.53672
0.53645
0.536184
0.535916
0.535645
0.535377
0.535111
0.534842
0.534573
0.534307
0.53404
0.533771
0.533503
0.533237
0.532971
0.532702
0.532435
0.53217
0.531903
0.531634
0.531369
0.531104
0.530836
0.530569
0.530305
0.530039
0.529772
0.529506
0.529242
0.528976
0.528709
0.528444
0.528181
0.527915
0.527649
0.527385
0.527122
0.526856
0.52659
0.526327
0.526064
0.525798
0.525534
0.525271
0.525008
0.524743
0.524479
0.524217
0.523954
0.523689
0.523426
0.523165
0.522901
0.522637
0.522375
0.522114
0.521851
0.521587
0.521326
0.521065
0.520802
0.520539
0.520278
0.520018
0.519755
0.519493
0.519233
0.518972
0.51871
0.518448
0.518189
0.517928
0.517667
0.517406
0.517146
0.516886
0.516625
0.516365
0.516106
0.515846
0.515586
0.515326
0.515067
0.514808
0.514548
0.514288
0.514031
0.513772
0.513512
0.513253
0.512996
0.512737
0.512478
0.512219
0.511962
0.511705
0.511446
0.511188
0.510931
0.510674
0.510415
0.510158
0.509901
0.509645
0.509387
0.509129
0.508873
0.508617
0.50836
0.508103
0.507847
0.507592
0.507335
0.507079
0.506823
0.506568
0.506312
0.506056
0.505801
0.505547
0.505291
0.505035
0.50478
0.504527
0.504272
0.504016
0.503762
0.503508
0.503254
0.502999
0.502745
0.502492
0.502239
0.501984
0.50173
0.501478
0.501225
0.500971
0.500717
0.500465
0.500213
0.49996
0.499706
0.499454
0.499202
0.49895
0.498697
0.498445
0.498194
0.497942
0.49769
0.497438
0.497187
0.496937
0.496685
0.496433
0.496183
0.495932
0.495681
0.49543
0.49518
0.49493
0.49468
0.494429
0.494179
0.49393
0.49368
0.49343
0.49318
0.492931
0.492682
0.492433
0.492183
0.491934
0.491686
0.491438
0.491189
0.49094
0.490692
0.490444
0.490196
0.489947
0.4897
0.489453
0.489205
0.488957
0.488709
0.488463
0.488216
0.487969
0.487721
0.487475
0.487229
0.486982
0.486735
0.486489
0.486243
0.485998
0.485751
0.485505
0.48526
0.485015
0.48477
0.484524
0.484279
0.484034
0.48379
0.483545
0.4833
0.483055
0.482811
0.482567
0.482323
0.482079
0.481835
0.481592
0.481348
0.481104
0.480861
0.480618
0.480375
0.480132
0.479889
0.479647
0.479405
0.479162
0.478919
0.478677
0.478436
0.478194
0.477952
0.47771
0.477469
0.477228
0.476987
0.476745
0.476504
0.476264
0.476024
0.475783
0.475542
0.475302
0.475062
0.474823
0.474583
0.474343
0.474103
0.473864
0.473625
0.473386
0.473147
0.472908
0.47267
0.472431
0.472193
0.471954
0.471717
0.471479
0.471241
0.471003
0.470766
0.470529
0.470292
0.470055
0.469817
0.469581
0.469345
0.469108
0.468872
0.468636
0.4684
0.468165
0.467929
0.467693
0.467458
0.467223
0.466988
0.466753
0.466518
0.466284
0.46605
0.465816
0.465582
0.465348
0.465114
0.464881
0.464648
0.464415
0.464182
0.463949
0.463717
0.463485
0.463252
0.46302
0.462788
0.462557
0.462325
0.462094
0.461863
0.461632
0.461402
0.461171
0.46094
0.46071
0.46048
0.460251
0.460021
0.459792
0.459563
0.459334
0.459105
0.458877
0.458648
0.45842
0.458192
0.457965
0.457738
0.45751
0.457283
0.457056
0.45683
0.456604
0.456378
0.456152
0.455926
0.455701
0.455476
0.455251
0.455026
0.454802
0.454578
0.454354
0.45413
0.453907
0.453684
0.453461
0.453239
0.453016
0.452794
0.452572
0.452351
0.45213
0.451909
0.451688
0.451468
0.451248
0.451029
0.450809
0.45059
0.450371
0.450153
0.449935
0.449717
0.4495
0.449283
0.449066
0.44885
0.448634
0.448418
0.448203
0.447988
0.447774
0.44756
0.447346
0.447132
0.446919
0.446707
0.446495
0.446283
0.446072
0.445861
0.445651
0.445441
0.445231
0.445022
0.444814
0.444606
0.444398
0.444191
0.443985
0.443779
0.443573
0.443368
0.443164
0.44296
0.442757
0.442554
0.442352
0.442151
0.44195
0.441749
0.441549
0.441351
0.441152
0.440955
0.440758
0.440561
0.440366
0.440171
0.439977
0.439783
0.439591
0.439399
0.439208
0.439018
0.438828
0.43864
0.438452
0.438265
0.438079
0.437894
0.43771
0.437527
0.437345
0.437164
0.436984
0.436805
0.436626
0.436449
0.436274
0.436099
0.435925
0.435753
0.435581
0.435411
0.435243
0.435075
0.434908
0.434743
0.43458
0.434417
0.434256
0.434097
0.433938
0.433782
0.433626
0.433473
0.433321
0.43317
0.43302
0.432873
0.432727
0.432583
0.432441
0.4323
0.432161
0.432023
0.431888
0.431754
0.431622
0.431492
0.431364
0.431238
0.431114
0.430992
0.430871
0.430753
0.430637
0.430523
0.430411
0.430301
0.430193
0.430087
0.429983
0.429882
0.429782
0.429685
0.42959
0.429497
0.429407
0.429318
0.429232
0.429148
0.429066
0.428987
0.428909
0.428834
0.428761
0.42869
0.428621
0.428555
0.428491
0.428429
0.428368
0.42831
0.428254
0.4282
0.428149
0.428099
0.42805
0.428004
0.42796
0.427918
0.427877
0.427839
0.427801
0.427766
0.427733
0.427701
0.42767
0.427641
0.427614
0.427588
0.427563
0.42754
0.427518
0.427497
0.427477
0.427459
0.427442
0.427426
0.427411
0.427396
0.427383
0.427371
0.42736
0.427349
0.427339
0.42733
0.427321
0.427313
0.427306
0.4273
0.427294
0.427288
0.427283
0.427278
0.427274
0.42727
0.427267
0.427264
0.427261
0.427259
0.427257
0.427255
0.427253
0.427251
0.42725
0.427249
0.427248
0.427247
0.427247
0.427246
0.427246
0.427246
0.427245
0.427245
0.427245
0.427245
0.427245
0.427245
0.427246
0.427246
0.427246
0.427246
0.427247
0.427247
0.427248
0.427248
0.427249
0.427249
0.427249
0.42725
0.42725
0.427251
0.427251
0.427252
0.427252
0.427253
0.427253
0.427253
0.427254
0.427254
0.427255
0.427255
0.427256
0.427256
0.427256
0.427257
0.427257
0.427257
0.427258
0.427258
0.427258
0.427259
0.427259
0.427259
0.427259
0.42726
0.42726
0.42726
0.42726
0.427261
0.427261
0.427261
0.427261
0.427261
0.427261
0.427262
0.427262
0.427262
0.427262
0.427262
0.427262
0.427262
0.427262
0.427263
0.427263
0.427263
0.427263
0.427263
0.427263
0.427263
0.427263
0.427263
0.427263
0.427263
0.427263
0.427263
0.427263
0.427263
0.427263
0.427263
0.427263
0.427263
0.427263
0.427263
0.427263
0.427263
0.427263
0.427263
0.427263
0.427263
0.427263
0.427263
0.427263
0.427263
0.427263
0.427263
0.427263
0.427263
0.427263
0.427263
0.427263
0.427263
0.427263
0.427263
0.427263
0.427263
0.427263
0.427263
0.427263
0.427263
0.427263
0.427263
0.427263
0.427263
0.427263
0.427262
0.427262
0.427262
0.427262
0.427262
0.427262
0.427262
0.427262
0.427262
0.427262
0.427262
0.427262
0.427262
0.427262
0.427262
0.427262
0.427262
0.427262
0.427262
0.427262
0.427262
0.427262
0.427262
0.427262
0.427262
0.427262
0.427262
0.427262
0.427262
0.427262
0.427262
0.427262
0.427262
0.427262
0.427262
0.427262
0.427262
0.427262
0.427262
0.427262
0.427262
0.427262
0.427261
0.427261
0.427261
0.427261
0.427261
0.427261
0.427261
0.427261
0.427261
0.427261
0.427261
0.427261
0.427261
0.427261
0.427261
0.427261
0.427261
0.427261
0.427261
0.427261
0.427261
0.427261
0.427261
0.427261
0.427261
0.427261
0.427261
0.427261
0.427261
0.427261
0.427261
0.427261
0.427261
0.427261
0.427261
0.427261
0.427261
0.427261
0.427261
0.427261
0.427261
0.427261
0.427261
0.427261
0.427261
0.427261
0.427261
0.427261
0.42726
0.42726
0.42726
0.42726
0.42726
0.42726
0.42726
0.42726
0.42726
0.42726
0.42726
0.42726
0.42726
0.42726
0.42726
0.42726
0.42726
0.42726
0.42726
0.42726
0.42726
0.42726
0.42726
0.42726
0.42726
0.42726
0.42726
0.42726
0.42726
0.42726
0.42726
0.427259
0.427259
0.427259
0.427259
0.427259
0.427259
0.427259
0.427259
0.427259
0.427259
0.427259
0.427259
0.427259
0.427259
0.427259
0.427259
0.427259
0.427259
0.427259
0.427259
0.427259
0.427259
0.427259
0.427259
0.427259
0.427259
0.427258
0.427258
0.427258
0.427258
0.427258
0.427258
0.427258
0.427258
0.427258
0.427258
0.427258
0.427258
0.427258
0.427258
0.427258
0.427258
0.427258
0.427258
0.427258
0.427258
0.427258
0.427258
0.427258
0.427258
0.427258
0.427258
0.427258
0.427258
0.427258
0.427257
0.427257
0.427257
0.427257
0.427257
0.427257
0.427257
0.427257
0.427257
0.427257
0.427257
0.427257
0.427257
0.427257
0.427257
0.427257
0.427257
0.427257
0.427257
0.427257
0.427257
0.427257
0.427257
0.427257
0.427257
0.427257
0.427257
0.427257
0.427257
0.427257
0.427256
0.427256
0.427256
0.427256
0.427256
0.427256
0.427256
0.427256
0.427256
0.427256
0.427256
0.427256
0.427256
0.427256
0.427256
0.427256
0.427256
0.427256
0.427256
0.427256
0.427256
0.427256
0.427256
0.427256
0.427256
0.427256
0.427256
0.427256
0.427256
0.427255
0.427255
0.427255
0.427255
0.427255
0.427255
0.427255
0.427255
0.427255
0.427255
0.427255
0.427255
0.427255
0.427255
0.427255
0.427255
0.427255
0.427255
0.427255
0.427255
0.427255
0.427255
0.427255
0.427255
0.427255
0.427254
0.427254
0.427254
0.427254
0.427254
0.427254
0.427254
0.427254
0.427254
0.427254
0.427254
0.427254
0.427254
0.427254
0.427254
0.427254
0.427254
0.427254
0.427254
0.427254
0.427254
0.427254
0.427254
0.427253
0.427253
0.427253
0.427253
0.427253
0.427253
0.427253
0.427253
0.427253
0.427253
0.427253
0.427253
0.427253
0.427253
0.427253
0.427253
0.427253
0.427253
0.427253
0.427253
0.427253
0.427252
0.427252
0.427252
0.427252
0.427252
0.427252
0.427252
0.427252
0.427252
0.427252
0.427252
0.427252
0.427252
0.427252
0.427252
0.427252
0.427252
0.427252
0.427252
0.427252
0.427251
0.427251
0.427251
0.427251
0.427251
0.427251
0.427251
0.427251
0.427251
0.427251
0.427251
0.427251
0.427251
0.427251
0.427251
0.427251
0.427251
0.427251
0.427251
0.427251
0.42725
0.42725
0.42725
0.42725
0.42725
0.42725
0.42725
0.42725
0.42725
0.42725
0.42725
0.42725
0.42725
0.42725
0.42725
0.42725
0.42725
0.42725
0.42725
0.42725
0.42725
0.427249
0.427249
0.427249
0.427249
0.427249
0.427249
0.427249
0.427249
0.427249
0.427249
0.427249
0.427249
0.427249
0.427249
0.427249
0.427249
0.427249
0.427249
0.427249
0.427249
0.427249
0.427248
0.427248
0.427248
0.427248
0.427248
0.427248
0.427248
0.427248
0.427248
0.427248
0.427248
0.427248
0.427248
0.427248
0.427248
0.427248
0.427248
0.427248
0.427248
0.427248
0.427248
0.427248
0.427248
0.427247
0.427247
0.427247
0.427247
0.427247
0.427247
0.427247
0.427247
0.427247
0.427247
0.427247
0.427247
0.427247
0.427247
0.427247
0.427247
0.427247
0.427247
0.427247
0.427247
0.427247
0.427247
0.427247
0.427246
0.427246
0.427246
0.427246
0.427246
0.427246
0.427246
0.427246
0.427246
0.427246
0.427246
0.427246
0.427246
0.427246
0.427246
0.427246
0.427246
0.427246
0.427246
0.427246
0.427245
0.427245
0.427245
0.427245
0.427245
0.427245
0.427245
0.427245
0.427245
0.427245
0.427245
0.427245
0.427245
0.427245
0.427245
0.427245
0.427245
0.427245
0.427244
0.427244
0.427244
0.427244
0.427244
0.427244
0.427244
0.427244
0.427244
0.427244
0.427244
0.427244
0.427244
0.427244
0.427244
0.427244
0.427244
0.427244
0.427243
0.427243
0.427243
0.427243
0.427243
0.427243
0.427243
0.427243
0.427243
0.427243
0.427243
0.427243
0.427243
0.427243
0.427243
0.427243
0.427242
0.427242
0.427242
0.427242
0.427242
0.427242
0.427242
0.427242
0.427242
0.427242
0.427242
0.427242
0.427242
0.427242
0.427241
0.427241
0.427241
0.427241
0.427241
0.427241
0.427241
0.427241
0.427241
0.427241
0.427241
0.427241
0.427241
0.427241
0.427241
0.427241
0.42724
0.42724
0.42724
0.42724
0.42724
0.42724
0.42724
0.42724
0.42724
0.42724
0.42724
0.42724
0.42724
0.42724
0.427239
0.427239
0.427239
0.427239
0.427239
0.427239
0.427239
0.427239
0.427239
0.427239
0.427239
0.427239
0.427239
0.427239
0.427238
0.427238
0.427238
0.427238
0.427238
0.427238
0.427238
0.427238
0.427238
0.427238
0.427238
0.427238
0.427238
0.427238
0.427237
0.427237
0.427237
0.427237
0.427237
0.427237
0.427237
0.427237
0.427237
0.427237
0.427237
0.427237
0.427237
0.427236
0.427236
0.427236
0.427236
0.427236
0.427236
0.427236
0.427236
0.427236
0.427236
0.427236
0.427236
0.427235
0.427235
0.427235
0.427235
0.427235
0.427235
0.427235
0.427235
0.427235
0.427235
0.427235
0.427234
0.427234
0.427234
0.427234
0.427234
0.427234
0.427234
0.427234
0.427234
0.427234
0.427234
0.427233
0.427233
0.427233
0.427233
0.427233
0.427233
0.427233
0.427233
0.427233
0.427233
0.427233
0.427232
0.427232
0.427232
0.427232
0.427232
0.427232
0.427232
0.427232
0.427232
0.427232
0.427231
0.427231
0.427231
0.427231
0.427231
0.427231
0.427231
0.42723
0.42723
0.42723
0.42723
0.42723
0.42723
0.42723
0.42723
0.42723
0.42723
0.42723
0.42723
0.42723
0.427229
0.427229
0.427229
0.427229
0.427229
0.427229
0.427228
0.427228
0.427228
0.427228
0.427228
0.427228
0.427228
0.427228
0.427228
0.427228
0.427228
0.427227
0.427227
0.427227
0.427227
0.427227
0.427227
0.427227
0.427227
0.427227
0.427227
0.427226
0.427226
0.427226
0.427226
0.427226
0.427226
0.427226
0.427226
0.427225
0.427225
0.427225
0.427225
0.427225
0.427225
0.427225
0.427225
0.427224
0.427224
0.427224
0.427224
0.427224
0.427224
0.427224
0.427224
0.427224
0.427224
0.427223
0.427223
0.427223
0.427223
0.427223
0.427223
0.427223
0.427222
0.427222
0.427222
0.427222
0.427222
0.427222
0.427222
0.427222
0.427222
0.427221
0.427221
0.427221
0.427221
0.427221
0.427221
0.427221
0.427221
0.42722
0.42722
0.42722
0.42722
0.42722
0.42722
0.42722
0.42722
0.427219
0.427219
0.427219
0.427219
0.427219
0.427219
0.427219
0.427218
0.427218
0.427218
0.427218
0.427218
0.427218
0.427218
0.427218
0.427218
0.427217
0.427217
0.427217
0.427217
0.427217
0.427217
0.427217
0.427217
0.427216
0.427216
0.427216
0.427216
0.427216
0.427216
0.427216
0.427216
0.427215
0.427215
0.427215
0.427215
0.427215
0.427215
0.427215
0.427214
0.427214
0.427214
0.427214
0.427214
0.427214
0.427214
0.427214
0.427213
0.427213
0.427213
0.427213
0.427213
0.427213
0.427213
0.427212
0.427212
0.427212
0.427212
0.427212
0.427212
0.427212
0.427212
0.427211
0.427211
0.427211
0.427211
0.42721
0.42721
0.42721
0.42721
0.42721
0.42721
0.42721
0.42721
0.427209
0.427209
0.427209
0.427209
0.427209
0.427209
0.427208
0.427208
0.427208
0.427208
0.427208
0.427208
0.427207
0.427207
0.427207
0.427207
0.427207
0.427206
0.427206
0.427206
0.427206
0.427206
0.427205
0.427205
0.427205
0.427205
0.427205
0.427205
0.427205
0.427205
0.427204
0.427204
0.427204
0.427204
0.427203
0.427203
0.427203
0.427203
0.427203
0.427202
0.427202
0.427202
0.427202
0.427202
0.427201
0.427201
0.427201
0.427201
0.427201
0.427201
0.4272
0.4272
0.4272
0.4272
0.427199
0.427199
0.427199
0.427199
0.427199
0.427198
0.427198
0.427198
0.427198
0.427198
0.427198
0.427197
0.427197
0.427197
0.427196
0.427196
0.427196
0.427196
0.427196
0.427195
0.427195
0.427195
0.427195
0.427195
0.427194
0.427194
0.427194
0.427193
0.427193
0.427193
0.427193
0.427193
0.427193
0.427193
0.427193
0.427192
0.427192
0.427192
0.427191
0.427191
0.427191
0.427191
0.42719
0.42719
0.42719
0.427189
0.427189
0.427189
0.427189
0.427188
0.427188
0.427188
0.427188
0.427188
0.427188
0.427187
0.427187
0.427187
0.427187
0.427186
0.427186
0.427186
0.427186
0.427185
0.427185
0.427185
0.427184
0.427184
0.427184
0.427184
0.427183
0.427183
0.427183
0.427183
0.427182
0.427182
0.427182
0.427181
0.427181
0.427181
0.42718
0.42718
0.42718
0.427179
0.427179
0.427179
0.427178
0.427178
0.427178
0.427178
0.427177
0.427177
0.427177
0.427177
0.427176
0.427176
0.427176
0.427175
0.427175
0.427174
0.427174
0.427174
0.427173
0.427173
0.427173
0.427172
0.427172
0.427172
0.427171
0.427171
0.427171
0.42717
0.42717
0.42717
0.427169
0.427169
0.427169
0.427169
0.427169
0.427169
0.427169
0.427168
0.427167
0.427167
0.427166
0.427165
0.427165
0.427165
0.427164
0.427164
0.427163
0.427163
0.427163
0.427162
0.427162
0.427162
0.427161
0.427161
0.427161
0.427161
0.42716
0.42716
0.42716
0.427159
0.427159
0.427158
0.427158
0.427157
0.427156
0.427156
0.427156
0.427155
0.427155
0.427155
0.427154
0.427154
0.427153
0.427153
0.427152
0.427152
0.427151
0.42715
0.42715
0.427149
0.427149
0.427149
0.427149
0.427148
0.427148
0.427148
0.427147
0.427147
0.427146
0.427145
0.427145
0.427144
0.427144
0.427143
0.427143
0.427142
0.427142
0.427141
0.42714
0.42714
0.427139
0.427139
0.427138
0.427138
0.427138
0.427137
0.427137
0.427136
0.427135
0.427134
0.427133
0.427133
0.427132
0.427131
0.427131
0.42713
0.42713
0.427129
0.427129
0.427129
0.427128
0.427128
0.427127
0.427126
0.427125
0.427125
0.427124
0.427123
0.427123
0.427122
0.427122
0.427121
0.42712
0.42712
0.427119
0.427118
0.427117
0.427116
0.427116
0.427115
0.427114
0.427113
0.427113
0.427112
0.427111
0.42711
0.42711
0.427109
0.427108
0.427108
0.427108
0.427107
0.427107
0.427106
0.427105
0.427104
0.427103
0.427102
0.4271
0.427099
0.427098
0.427096
0.427095
0.427095
0.427094
0.427094
0.427093
0.427093
0.427092
0.427092
0.427091
0.42709
0.427089
0.427088
0.427087
0.427086
0.427085
0.427084
0.427083
0.427081
0.42708
0.427079
0.427078
0.427077
0.427076
0.427075
0.427075
0.427074
0.427074
0.427073
0.427072
0.427071
0.42707
0.427068
0.427066
0.427065
0.427063
0.427062
0.427061
0.42706
0.427059
0.427059
0.427058
0.427057
0.427056
0.427055
0.427053
0.427051
0.427049
0.427047
0.427046
0.427044
0.427043
0.427043
0.427042
0.427041
0.42704
0.427038
0.427037
0.427035
0.427033
0.427031
0.427029
0.427027
0.427026
0.427025
0.427025
0.427024
0.427023
0.427021
0.42702
0.427017
0.427015
0.427012
0.427009
0.427007
0.427004
0.427002
0.427001
0.426999
0.426998
0.426997
0.426996
0.426994
0.426993
0.42699
0.426988
0.426985
0.426983
0.42698
0.426978
0.426975
0.426973
0.426972
0.42697
0.426968
0.426966
0.426964
0.426962
0.426959
0.426956
0.426953
0.426949
0.426946
0.426943
0.42694
0.426938
0.426936
0.426934
0.426932
0.426931
0.426929
0.426927
0.426924
0.426921
0.426918
0.426914
0.426909
0.426904
0.426899
0.426893
0.426888
0.426883
0.426879
0.426876
0.426873
0.426871
0.426869
0.426868
0.426867
0.426866
0.426865
0.426863
0.42686
0.426856
0.42685
0.426844
0.426836
0.426828
0.426818
0.426809
0.4268
0.426792
0.426785
0.426779
0.426775
0.426772
0.42677
0.42677
0.426769
0.426767
0.426761
0.426752
0.426742
0.426733
0.426724
0.426717
0.426712
0.426708
0.426705
0.426702
0.426699
0.426695
0.426689
0.426681
0.426671
0.426659
0.426644
0.426629
0.426611
0.426594
0.426576
0.42656
0.426545
0.426531
0.426521
0.426513
0.426506
0.426502
0.4265
0.426499
0.426498
0.426497
0.426494
0.42649
0.426471
0.426439
0.426405
0.426369
0.426332
0.426296
0.426262
0.42623
0.426201
0.426177
0.426156
0.42614
0.426128
0.42612
0.426115
0.426111
0.42611
0.426108
0.426106
0.426098
0.426081
0.426009
0.42591
0.425806
0.4257
0.425594
0.425494
0.425398
0.42531
0.425232
0.425165
0.425106
0.425058
0.425022
0.424994
0.424974
0.424962
0.424956
0.424951
0.424952
0.424953
0.424955
0.424958
0.424914
0.424832
0.424326
0.423125
0.417951
0.407542
0.396796
0.38627
0.376044
0.36626
0.356992
0.348287
0.340166
0.332637
0.325699
0.31934
0.31354
0.308276
0.30352
0.299242
0.29541
0.29199
0.288951
0.286261
0.283887
0.281801
0.279974
0.27838
0.276995
0.275794
0.274758
0.273867
0.273104
0.272452
0.271897
0.271427
0.27103
0.270696
0.270417
0.270183
0.269989
0.269829
0.269696
0.269588
0.269499
0.269427
0.269368
0.269321
0.269283
0.269253
0.26923
0.269211
0.269196
0.269185
0.269176
0.26917
0.269165
0.269161
0.269159
0.269157
0.269156
0.269155
0.269155
0.269155
0.269155
0.269155
0.269155
0.269155
0.269156
0.269157
0.269158
0.269159
0.26916
0.26916
0.269161
0.269162
0.269162
0.269163
0.269164
0.269164
0.269165
0.269165
0.269166
0.269166
0.269167
0.269167
0.269168
0.269168
0.269168
0.269169
0.269169
0.269169
0.269169
0.269169
0.269169
0.26917
0.26917
0.26917
0.26917
0.26917
0.26917
0.26917
0.26917
0.26917
0.269169
0.269169
0.269169
0.269169
0.269169
0.269169
0.269169
0.269169
0.269169
0.269169
0.269169
0.269169
0.269169
0.269169
0.269169
0.269169
0.269169
0.269169
0.269169
0.269168
0.269168
0.269168
0.269168
0.269168
0.269168
0.269168
0.269168
0.269168
0.269168
0.269168
0.269167
0.269167
0.269167
0.269166
0.269166
0.269166
0.269165
0.269165
0.269165
0.269165
0.269165
0.269165
0.269165
0.269165
0.269165
0.269165
0.269165
0.269165
0.269165
0.269165
0.269165
0.269166
0.269166
0.269167
0.269167
0.269167
0.269168
0.269168
0.269168
0.269169
0.269169
0.269169
0.269169
0.26917
0.26917
0.26917
0.26917
0.26917
0.26917
0.26917
0.26917
0.26917
0.26917
0.26917
0.26917
0.26917
0.26917
0.26917
0.269169
0.269169
0.269168
0.269168
0.269167
0.269167
0.269167
0.269166
0.269166
0.269166
0.269165
0.269165
0.269165
0.269164
0.269164
0.269164
0.269164
0.269164
0.269164
0.269164
0.269164
0.269164
0.269164
0.269164
0.269164
0.269164
0.269164
0.269164
0.269164
0.269164
0.269164
0.269164
0.269164
0.269165
0.269165
0.269166
0.269166
0.269166
0.269167
0.269167
0.269167
0.269167
0.269167
0.269167
0.269167
0.269167
0.269167
0.269167
0.269167
0.269167
0.269167
0.269167
0.269167
0.269167
0.269167
0.269167
0.269166
0.269166
0.269166
0.269166
0.269165
0.269165
0.269165
0.269164
0.269164
0.269164
0.269164
0.269164
0.269164
0.269164
0.269164
0.269164
0.269164
0.269164
0.269164
0.269164
0.269164
0.269164
0.269165
0.269165
0.269166
0.269166
0.269166
0.269167
0.269167
0.269167
0.269167
0.269167
0.269168
0.269168
0.269168
0.269168
0.269168
0.269168
0.269168
0.269168
0.269168
0.269168
0.269168
0.269168
0.269168
0.269168
0.269168
0.269168
0.269168
0.269168
0.269168
0.269167
0.269166
0.269166
0.269165
0.269165
0.269165
0.269164
0.269164
0.269164
0.269164
0.269164
0.269164
0.269164
0.269164
0.269164
0.269164
0.269164
0.269165
0.269165
0.269165
0.269165
0.269166
0.269166
0.269166
0.269166
0.269166
0.269166
0.269166
0.269166
0.269166
0.269166
0.269166
0.269166
0.269166
0.269166
0.269166
0.269166
0.269166
0.269166
0.269165
0.269165
0.269164
0.269164
0.269164
0.269163
0.269163
0.269163
0.269163
0.269163
0.269163
0.269163
0.269163
0.269163
0.269163
0.269163
0.269163
0.269164
0.269164
0.269165
0.269165
0.269165
0.269166
0.269166
0.269166
0.269166
0.269166
0.269166
0.269166
0.269166
0.269166
0.269166
0.269166
0.269166
0.269166
0.269166
0.269165
0.269165
0.269165
0.269165
0.269164
0.269164
0.269164
0.269164
0.269163
0.269163
0.269163
0.269163
0.269163
0.269163
0.269163
0.269163
0.269163
0.269163
0.269163
0.269163
0.269163
0.269163
0.269163
0.269164
0.269164
0.269165
0.269165
0.269165
0.269165
0.269165
0.269165
0.269165
0.269165
0.269166
0.269165
0.269165
0.269164
0.269164
0.269164
0.269163
0.269163
0.269163
0.269163
0.269163
0.269163
0.269163
0.269163
0.269163
0.269163
0.269163
0.269164
0.269164
0.269164
0.269165
0.269165
0.269165
0.269166
0.269166
0.269166
0.269166
0.269167
0.269167
0.269167
0.269167
0.269167
0.269168
0.269168
0.269168
0.269168
0.269168
0.269168
0.269168
0.269168
0.269168
0.269168
0.269168
0.269167
0.269166
0.269165
0.269164
0.269164
0.269163
0.269163
0.269162
0.269162
0.269162
0.269162
0.269162
0.269162
0.269162
0.269162
0.269162
0.269163
0.269163
0.269164
0.269165
0.269165
0.269165
0.269165
0.269166
0.269166
0.269166
0.269166
0.269166
0.269166
0.269167
0.269167
0.269167
0.269167
0.269167
0.269167
0.269167
0.269168
0.269168
0.269168
0.269168
0.269168
0.269168
0.269167
0.269167
0.269166
0.269165
0.269165
0.269164
0.269163
0.269163
0.269162
0.269162
0.269162
0.269162
0.269162
0.269162
0.269162
0.269162
0.269162
0.269163
0.269163
0.269164
0.269164
0.269164
0.269164
0.269164
0.269164
0.269164
0.269164
0.269164
0.269164
0.269164
0.269163
0.269163
0.269163
0.269163
0.269163
0.269163
0.269163
0.269163
0.269163
0.269163
0.269163
0.269164
0.269164
0.269164
0.269165
0.269165
0.269165
0.269165
0.269165
0.269165
0.269165
0.269165
0.269165
0.269166
0.269166
0.269166
0.269166
0.269166
0.269166
0.269166
0.269167
0.269167
0.269167
0.269167
0.269167
0.269166
0.269166
0.269165
0.269164
0.269163
0.269162
0.269162
0.269161
0.269161
0.26916
0.26916
0.26916
0.26916
0.26916
0.26916
0.26916
0.26916
0.269161
0.269162
0.269163
0.269163
0.269164
0.269164
0.269165
0.269165
0.269165
0.269165
0.269165
0.269165
0.269165
0.269165
0.269165
0.269165
0.269165
0.269165
0.269165
0.269165
0.269165
0.269165
0.269165
0.269165
0.269165
0.269165
0.269164
0.269164
0.269164
0.269164
0.269163
0.269163
0.269163
0.269163
0.269163
0.269163
0.269163
0.269163
0.269163
0.269164
0.269165
0.269165
0.269166
0.269166
0.269167
0.269167
0.269167
0.269167
0.269167
0.269167
0.269167
0.269167
0.269167
0.269166
0.269165
0.269165
0.269164
0.269164
0.269164
0.269163
0.269163
0.269163
0.269163
0.269163
0.269163
0.269164
0.269164
0.269165
0.269165
0.269165
0.269166
0.269166
0.269166
0.269166
0.269166
0.269166
0.269166
0.269166
0.269166
0.269166
0.269166
0.269166
0.269166
0.269167
0.269167
0.269167
0.269167
0.269167
0.269167
0.269168
0.269168
0.269167
0.269167
0.269167
0.269167
0.269165
0.269164
0.269163
0.269162
0.269161
0.269161
0.269161
0.26916
0.26916
0.26916
0.26916
0.26916
0.26916
0.269161
0.269162
0.269163
0.269164
0.269164
0.269164
0.269165
0.269165
0.269165
0.269165
0.269165
0.269164
0.269164
0.269164
0.269163
0.269163
0.269163
0.269162
0.269162
0.269162
0.269162
0.269162
0.269162
0.269162
0.269162
0.269162
0.269162
0.269162
0.269162
0.269162
0.269162
0.269162
0.269161
0.269161
0.269161
0.269161
0.269161
0.269161
0.269161
0.269161
0.269161
0.269162
0.269163
0.269164
0.269164
0.269165
0.269165
0.269165
0.269165
0.269165
0.269165
0.269165
0.269165
0.269164
0.269162
0.269161
0.26916
0.26916
0.269159
0.269159
0.269159
0.269159
0.269159
0.269159
0.269159
0.26916
0.269161
0.269163
0.269163
0.269164
0.269165
0.269165
0.269166
0.269166
0.269166
0.269166
0.269166
0.269165
0.269165
0.269164
0.269164
0.269164
0.269163
0.269163
0.269163
0.269163
0.269163
0.269163
0.269163
0.269164
0.269164
0.269164
0.269164
0.269164
0.269164
0.269164
0.269164
0.269164
0.269163
0.269163
0.269163
0.269163
0.269163
0.269163
0.269163
0.269163
0.269163
0.269164
0.269165
0.269165
0.269166
0.269166
0.269167
0.269167
0.269167
0.269167
0.269167
0.269167
0.269166
0.269165
0.269163
0.269162
0.269161
0.269161
0.26916
0.26916
0.26916
0.26916
0.26916
0.26916
0.269161
0.269162
0.269164
0.269165
0.269166
0.269167
0.269167
0.269167
0.269168
0.269168
0.269168
0.269168
0.269167
0.269167
0.269166
0.269165
0.269165
0.269164
0.269164
0.269164
0.269164
0.269164
0.269164
0.269164
0.269164
0.269164
0.269164
0.269164
0.269164
0.269164
0.269164
0.269164
0.269163
0.269163
0.269162
0.269162
0.269162
0.269161
0.269161
0.269161
0.269161
0.269161
0.269162
0.269163
0.269164
0.269165
0.269166
0.269166
0.269167
0.269167
0.269167
0.269167
0.269167
0.269166
0.269165
0.269162
0.26916
0.269159
0.269158
0.269157
0.269156
0.269156
0.269155
0.269155
0.269155
0.269155
0.269157
0.269159
0.269161
0.269162
0.269164
0.269165
0.269165
0.269166
0.269166
0.269166
0.269165
0.269165
0.269164
0.269163
0.269162
0.269161
0.26916
0.26916
0.26916
0.26916
0.26916
0.26916
0.26916
0.26916
0.269161
0.269161
0.269162
0.269162
0.269162
0.269162
0.269163
0.269163
0.269162
0.269162
0.269161
0.269161
0.26916
0.26916
0.26916
0.26916
0.269161
0.269161
0.269161
0.269162
0.269164
0.269165
0.269166
0.269167
0.269167
0.269167
0.269168
0.269168
0.269168
0.269167
0.269166
0.269163
0.269162
0.269159
0.269158
0.269157
0.269156
0.269156
0.269156
0.269156
0.269156
0.269156
0.269158
0.269161
0.269163
0.269165
0.269166
0.269167
0.269167
0.269168
0.269168
0.269168
0.269168
0.269167
0.269166
0.269164
0.269163
0.269162
0.269161
0.269161
0.269161
0.26916
0.269161
0.269161
0.269161
0.269162
0.269163
0.269164
0.269165
0.269165
0.269165
0.269165
0.269166
0.269166
0.269165
0.269164
0.269163
0.269163
0.269163
0.269162
0.269162
0.269162
0.269162
0.269162
0.269163
0.269164
0.269166
0.269168
0.269169
0.26917
0.26917
0.269171
0.269171
0.269171
0.26917
0.26917
0.269168
0.269164
0.269162
0.269159
0.269157
0.269156
0.269155
0.269155
0.269154
0.269154
0.269154
0.269155
0.269158
0.269161
0.269164
0.269165
0.269167
0.269168
0.269168
0.269169
0.269169
0.269168
0.269168
0.269166
0.269163
0.269161
0.269158
0.269157
0.269156
0.269156
0.269155
0.269155
0.269155
0.269156
0.269157
0.26916
0.269162
0.269164
0.269166
0.269167
0.269167
0.269168
0.269168
0.269168
0.269168
0.269167
0.269165
0.269164
0.269163
0.269162
0.269162
0.269162
0.269162
0.269162
0.269162
0.269163
0.269164
0.269165
0.269166
0.269167
0.269167
0.269167
0.269167
0.269167
0.269167
0.269165
0.269162
0.269158
0.269155
0.269152
0.269151
0.269149
0.269149
0.269148
0.269149
0.269149
0.269149
0.269152
0.269156
0.26916
0.269163
0.269166
0.269167
0.269169
0.26917
0.26917
0.26917
0.26917
0.26917
0.269166
0.269162
0.26916
0.269157
0.269156
0.269155
0.269154
0.269155
0.269155
0.269155
0.269156
0.26916
0.269164
0.269167
0.26917
0.269171
0.269173
0.269174
0.269174
0.269174
0.269174
0.269173
0.269171
0.269167
0.269165
0.269164
0.269162
0.269161
0.269161
0.269161
0.26916
0.269161
0.269163
0.269165
0.269166
0.269168
0.269169
0.269169
0.269169
0.26917
0.269169
0.269169
0.269168
0.269164
0.269159
0.269155
0.269152
0.269149
0.269148
0.269147
0.269147
0.269147
0.269148
0.269149
0.269154
0.26916
0.269165
0.269169
0.269172
0.269175
0.269175
0.269176
0.269177
0.269177
0.269177
0.269174
0.269169
0.269166
0.269161
0.269158
0.269156
0.269155
0.269155
0.269155
0.269155
0.269155
0.269158
0.269162
0.269167
0.26917
0.269172
0.269174
0.269175
0.269175
0.269175
0.269175
0.269174
0.269172
0.269167
0.269164
0.269161
0.269158
0.269156
0.269156
0.269156
0.269155
0.269156
0.269158
0.269161
0.269163
0.269165
0.269168
0.269168
0.269168
0.269169
0.269169
0.269169
0.269169
0.269168
0.269164
0.269158
0.269152
0.269149
0.269146
0.269143
0.269142
0.269142
0.269142
0.269143
0.269145
0.269153
0.269161
0.269166
0.269171
0.269174
0.269176
0.269178
0.269179
0.269179
0.269179
0.269179
0.269176
0.269171
0.269165
0.269159
0.269155
0.269152
0.26915
0.269149
0.269148
0.269147
0.269145
0.26915
0.269156
0.269159
0.269162
0.269168
0.269167
0.269164
0.269166
0.269165
0.269163
0.269163
0.269162
0.269159
0.269154
0.269148
0.269145
0.269142
0.26914
0.269144
0.269146
0.269151
0.26916
0.269164
0.269165
0.269161
0.26915
0.269158
0.269139
0.269157
0.269156
0.269151
0.269178
0.269158
0.269133
0.269142
0.269036
0.268995
0.268972
0.268762
0.268892
0.268795
0.268712
0.26887
0.268637
0.268424
0.268697
0.267633
0.267781
0.267197
0.265475
0.266487
0.264954
0.26288
0.266856
0.254529
0.26393
0.232407
0.159245
0.132387
0.125901
0.124859
0.124718
0.124699
0.124697
0.124697
0.124697
0.124697
0.124697
0.124697
0.124697
0.124697
0.124697
0.124697
0.124697
0.124697
0.124697
0.124697
0.124697
0.124697
0.124697
0.124697
0.124697
0.124697
0.124697
0.124697
0.124697
0.124697
0.124697
0.124697
0.124697
0.124697
0.124697
0.124697
0.124697
0.124697
0.124697
0.124697
0.124697
0.124697
0.124697
0.124697
0.124697
0.124697
0.124697
0.124697
0.124697
0.124697
0.124697
0.124697
0.124697
0.124697
0.124697
0.124697
0.124697
0.124697
0.124697
0.124697
0.124697
0.124697
0.124697
0.124697
0.124697
0.124697
0.124697
0.124697
0.124697
0.124697
0.124697
0.124697
0.124697
0.124697
0.124697
0.124697
0.124697
0.124697
0.124697
0.124697
0.124697
0.124697
0.124697
0.124697
0.124697
0.124697
0.124697
0.124697
0.124697
0.124697
0.124697
0.124697
0.124697
0.124697
0.124697
0.124697
0.124697
0.124697
0.124697
0.124697
0.124697
0.124697
0.124697
0.124697
0.124697
0.124697
0.124697
0.124697
0.124697
0.124697
0.124697
0.124697
0.124697
0.124697
0.124697
0.124697
0.124697
0.124697
0.124697
0.124697
0.124697
0.124697
0.124697
0.124697
0.124697
0.124697
0.124697
0.124697
0.124697
0.124697
0.124697
0.124697
0.124697
0.124697
0.124697
0.124697
0.124697
0.124697
0.124697
0.124697
0.124697
0.124697
0.124697
0.124697
0.124697
0.124697
0.124697
0.124697
0.124697
0.124697
0.124697
0.124697
0.124697
0.124697
0.124697
0.124697
0.124697
0.124697
0.124697
0.124697
0.124697
0.124697
0.124697
0.124697
0.124697
0.124697
0.124697
0.124697
0.124697
0.124697
0.124697
0.124697
0.124697
0.124697
0.124697
0.124697
0.124697
0.124697
0.124697
0.124697
0.124697
0.124697
0.124697
0.124697
0.124697
0.124697
0.124697
0.124697
0.124697
0.124697
0.124697
0.124697
0.124697
0.124697
0.124697
0.124697
0.124697
0.124697
0.124697
0.124697
0.124697
0.124697
0.124697
0.124697
0.124697
0.124697
0.124697
0.124697
0.124697
0.124697
0.124697
0.124697
0.124697
0.124697
0.124697
0.124697
0.124697
0.124697
0.124697
0.124697
0.124697
0.124697
0.124697
0.124697
0.124697
0.124697
0.124697
0.124697
0.124697
0.124697
0.124697
0.124697
0.124697
0.124697
0.124697
0.124697
0.124697
0.124697
0.124697
0.124697
0.124697
0.124697
0.124697
0.124697
0.124697
0.124697
0.124697
0.124697
0.124697
0.124697
0.124697
0.124697
0.124697
0.124697
0.124697
0.124697
0.124697
0.124697
0.124697
0.124697
0.124697
0.124697
0.124697
0.124697
0.124697
0.124697
0.124697
0.124697
0.124697
0.124697
0.124697
0.124697
0.124697
0.124697
0.124697
0.124697
0.124697
0.124697
0.124697
0.124697
0.124697
0.124697
0.124697
0.124697
0.124697
0.124697
0.124697
0.124697
0.124697
0.124697
0.124697
0.124697
0.124697
0.124697
0.124697
0.124697
0.124697
0.124697
0.124697
0.124697
0.124697
0.124697
0.124697
0.124697
0.124697
0.124697
0.124697
0.124697
0.124697
0.124697
0.124697
0.124697
0.124697
0.124697
0.124697
0.124697
0.124697
0.124697
0.124697
0.124697
0.124697
0.124697
0.124697
0.124697
0.124697
0.124697
0.124697
0.124697
0.124697
0.124697
0.124697
0.124697
0.124697
0.124697
0.124697
0.124697
0.124697
0.124697
0.124697
0.124697
0.124697
0.124697
0.124697
0.124697
0.124697
0.124697
0.124697
0.124697
0.124697
0.124697
0.124697
0.124697
0.124697
0.124697
0.124697
0.124697
0.124697
0.124697
0.124697
0.124697
0.124697
0.124697
0.124697
0.124697
0.124697
0.124697
0.124697
0.124697
0.124697
0.124697
0.124697
0.124697
0.124697
0.124697
0.124697
0.124697
0.124697
0.124697
0.124697
0.124697
0.124697
0.124697
0.124697
0.124697
0.124697
0.124697
0.124697
0.124697
0.124697
0.124697
0.124697
0.124697
0.124697
0.124697
0.124697
0.124697
0.124697
0.124697
0.124697
0.124697
0.124697
0.124697
0.124697
0.124697
0.124697
0.124697
0.124697
0.124697
0.124697
0.124697
0.124697
0.124697
0.124697
0.124697
0.124697
0.124697
0.124697
0.124697
0.124697
0.124697
0.124697
0.124697
0.124697
0.124697
0.124697
0.124697
0.124697
0.124697
0.124697
0.124697
0.124697
0.124697
0.124697
0.124697
0.124697
0.124697
0.124697
0.124697
0.124697
0.124697
0.124697
0.124697
0.124697
0.124697
0.124697
0.124697
0.124697
0.124697
0.124697
0.124697
0.124697
0.124697
0.124697
0.124697
0.124697
0.124697
0.124697
0.124697
0.124697
0.124697
0.124697
0.124697
0.124697
0.124697
0.124697
0.124697
0.124697
0.124697
0.124697
0.124697
0.124697
0.124697
0.124697
0.124697
0.124697
0.124697
0.124697
0.124697
0.124697
0.124697
0.124697
0.124697
0.124697
0.124697
0.124697
0.124697
0.124697
0.124697
0.124697
0.124697
0.124697
0.124697
0.124697
0.124697
0.124697
0.124697
0.124697
0.124697
0.124697
0.124697
0.124697
0.124697
0.124697
0.124697
0.124697
0.124697
0.124697
0.124697
0.124697
0.124697
0.124697
0.124697
0.124697
0.124697
0.124697
0.124697
0.124697
0.124697
0.124697
0.124697
0.124697
0.124697
0.124697
0.124697
0.124697
0.124697
0.124697
0.124697
0.124697
0.124697
0.124697
0.124697
0.124697
0.124697
0.124697
0.124697
0.124697
0.124697
0.124697
0.124697
0.124697
0.124697
0.124697
0.124697
0.124697
0.124697
0.124697
0.124697
0.124697
0.124697
0.124697
0.124697
0.124697
0.124697
0.124697
0.124697
0.124697
0.124697
0.124697
0.124697
0.124697
0.124697
0.124697
0.124697
0.124697
0.124697
0.124697
0.124697
0.124697
0.124697
0.124697
0.124697
0.124697
0.124697
0.124697
0.124697
0.124697
0.124697
0.124697
0.124697
0.124697
0.124697
0.124697
0.124697
0.124697
0.124697
0.124697
0.124697
0.124697
0.124697
0.124697
0.124697
0.124697
0.124697
0.124697
0.124697
0.124697
0.124697
0.124697
0.124697
0.124697
0.124697
0.124697
0.124697
0.124697
0.124697
0.124697
0.124697
0.124697
0.124697
0.124697
0.124697
0.124697
0.124697
0.124697
0.124697
0.124697
0.124697
0.124697
0.124697
0.124697
0.124697
0.124697
0.124697
0.124697
0.124697
0.124697
0.124697
0.124697
0.124697
0.124697
0.124697
0.124697
0.124697
0.124697
0.124697
0.124697
0.124697
0.124697
0.124697
0.124697
0.124697
0.124697
0.124697
0.124697
0.124697
0.124697
0.124697
0.124697
0.124697
0.124697
0.124697
0.124697
0.124697
0.124697
0.124697
0.124697
0.124697
0.124697
0.124697
0.124697
0.124697
0.124697
0.124697
0.124697
0.124697
0.124697
0.124697
0.124697
0.124697
0.124697
0.124697
0.124697
0.124697
0.124697
0.124697
0.124697
0.124697
0.124697
0.124697
0.124697
0.124697
0.124697
0.124697
0.124697
0.124697
0.124697
0.124697
0.124697
0.124697
0.124697
0.124697
0.124697
0.124697
0.124697
0.124697
0.124697
0.124697
0.124697
0.124697
0.124697
0.124697
0.124697
0.124697
0.124697
0.124697
0.124697
0.124697
0.124697
0.124697
0.124697
0.124697
0.124697
0.124697
0.124697
0.124697
0.124697
0.124697
0.124697
0.124697
0.124697
0.124697
0.124697
0.124697
0.124697
0.124697
0.124697
0.124697
0.124697
0.124697
0.124697
0.124697
0.124697
0.124697
0.124697
0.124697
0.124697
0.124697
0.124697
0.124697
0.124697
0.124697
0.124697
0.124697
0.124697
0.124697
0.124697
0.124697
0.124697
0.124697
0.124697
0.124697
0.124697
0.124697
0.124697
0.124697
0.124697
0.124697
0.124697
0.124697
0.124697
0.124697
0.124697
0.124697
0.124697
0.124697
0.124697
0.124697
0.124697
0.124697
0.124697
0.124697
0.124697
0.124697
0.124697
0.124697
0.124697
0.124697
0.124697
0.124697
0.124697
0.124697
0.124697
0.124697
0.124697
0.124697
0.124697
0.124697
0.124697
0.124697
0.124697
0.124697
0.124697
0.124697
0.124697
0.124697
0.124697
0.124697
0.124697
0.124697
0.124697
0.124697
0.124697
0.124697
0.124697
0.124697
0.124697
0.124697
0.124697
0.124697
0.124697
0.124697
0.124697
0.124697
0.124697
0.124697
0.124697
0.124697
0.124697
0.124697
0.124697
0.124697
0.124697
0.124697
0.124697
0.124697
0.124697
0.124697
0.124697
0.124697
0.124697
0.124697
0.124697
0.124697
0.124697
0.124697
0.124697
0.124697
0.124697
0.124697
0.124697
0.124697
0.124697
0.124697
0.124697
0.124697
0.124697
0.124697
0.124697
0.124697
0.124697
0.124697
0.124697
0.124697
0.124697
0.124697
0.124697
0.124697
0.124697
0.124697
0.124697
0.124697
0.124697
0.124697
0.124697
0.124697
0.124697
0.124697
0.124697
0.124697
0.124697
0.124697
0.124697
0.124697
0.124697
0.124697
0.124697
0.124697
0.124697
0.124697
0.124697
0.124697
0.124697
0.124697
0.124697
0.124697
0.124697
0.124697
0.124697
0.124697
0.124697
0.124697
0.124697
0.124697
0.124697
0.124697
0.124697
0.124697
0.124697
0.124697
0.124697
0.124697
0.124697
0.124697
0.124697
0.124697
0.124697
0.124697
0.124697
0.124697
0.124697
0.124697
0.124697
0.124697
0.124697
0.124697
0.124697
0.124697
0.124697
0.124697
0.124697
0.124697
0.124697
0.124697
0.124697
0.124697
0.124697
0.124697
0.124697
0.124697
0.124697
0.124697
0.124697
0.124697
0.124697
0.124697
0.124697
0.124697
0.124697
0.124697
0.124697
0.124697
0.124697
0.124697
0.124697
0.124697
0.124697
0.124697
0.124697
0.124697
0.124697
0.124697
0.124697
0.124697
0.124697
0.124697
0.124697
0.124697
0.124697
0.124697
0.124697
0.124697
0.124697
0.124697
0.124697
0.124697
0.124697
0.124697
0.124697
0.124697
0.124697
0.124697
0.124697
0.124697
0.124697
0.124697
0.124697
0.124697
0.124697
0.124697
0.124697
0.124697
0.124697
0.124697
0.124697
0.124697
0.124697
0.124697
0.124697
0.124697
0.124697
0.124697
0.124697
0.124697
0.124697
0.124697
0.124697
0.124697
0.124697
0.124697
0.124697
0.124697
0.124697
0.124697
0.124697
0.124697
0.124697
0.124697
0.124697
0.124697
0.124697
0.124697
0.124697
0.124697
0.124697
0.124697
0.124697
0.124697
0.124697
0.124697
0.124697
0.124697
0.124697
0.124697
0.124697
0.124697
0.124697
0.124697
0.124697
0.124697
0.124697
0.124697
0.124697
0.124697
0.124697
0.124697
0.124697
0.124697
0.124697
0.124697
0.124697
0.124697
0.124697
0.124697
0.124697
0.124697
0.124697
0.124697
0.124697
0.124697
0.124697
0.124697
0.124697
0.124697
0.124697
0.124697
0.124697
0.124697
0.124697
0.124697
0.124697
0.124697
0.124697
0.124697
0.124697
0.124697
0.124697
0.124697
0.124697
0.124697
0.124697
0.124697
0.124697
0.124697
0.124697
0.124697
0.124697
0.124697
0.124697
0.124697
0.124697
0.124697
0.124697
0.124697
0.124697
0.124697
0.124697
0.124697
0.124697
0.124697
0.124697
0.124697
0.124697
0.124697
0.124697
0.124697
0.124697
0.124697
0.124697
0.124697
0.124697
0.124697
0.124697
0.124697
0.124697
0.124697
0.124697
0.124697
0.124697
0.124697
0.124697
0.124697
0.124697
0.124697
0.124697
0.124697
0.124697
0.124697
0.124697
0.124697
0.124697
0.124697
0.124697
0.124697
0.124697
0.124697
0.124697
0.124697
0.124697
0.124697
0.124697
0.124697
0.124697
0.124697
0.124697
0.124697
0.124697
0.124697
0.124697
0.124697
0.124697
0.124697
0.124697
0.124697
0.124697
0.124697
0.124697
0.124697
0.124697
0.124697
0.124697
0.124697
0.124697
0.124697
0.124697
0.124697
0.124697
0.124697
0.124697
0.124697
0.124697
0.124697
0.124697
0.124697
0.124697
0.124697
0.124697
0.124697
0.124697
0.124697
0.124697
0.124697
0.124697
0.124697
0.124697
0.124697
0.124697
0.124697
0.124697
0.124697
0.124697
0.124697
0.124697
0.124697
0.124697
0.124697
0.124697
0.124697
0.124697
0.124697
0.124697
0.124697
0.124697
0.124697
0.124697
0.124697
0.124697
0.124697
0.124697
0.124697
0.124697
0.124697
0.124697
0.124697
0.124697
0.124697
0.124697
0.124697
0.124697
0.124697
0.124697
0.124697
0.124697
0.124697
0.124697
0.124697
0.124697
0.124697
0.124697
0.124697
0.124697
0.124697
0.124697
0.124697
0.124697
0.124697
0.124697
0.124697
0.124697
0.124697
0.124697
0.124697
0.124697
0.124697
0.124697
0.124697
0.124697
0.124697
0.124697
0.124697
0.124697
0.124697
0.124697
0.124697
0.124697
0.124697
0.124697
0.124697
0.124697
0.124697
0.124697
0.124697
0.124697
0.124697
0.124697
0.124697
0.124697
0.124697
0.124697
0.124697
0.124697
0.124697
0.124697
0.124697
0.124697
0.124697
0.124697
0.124697
0.124697
0.124697
0.124697
0.124697
0.124697
0.124697
0.124697
0.124697
0.124697
0.124697
0.124697
0.124697
0.124697
0.124697
0.124697
0.124697
0.124697
0.124697
0.124697
0.124697
0.124697
0.124697
0.124697
0.124697
0.124697
0.124697
0.124697
0.124697
0.124697
0.124697
0.124697
0.124697
0.124697
0.124697
0.124697
0.124697
0.124697
0.124697
0.124697
0.124697
0.124697
0.124697
0.124697
0.124697
0.124697
0.124697
0.124697
0.124697
0.124697
0.124697
0.124697
0.124697
0.124697
0.124697
0.124697
0.124697
0.124697
0.124697
0.124697
0.124697
0.124697
0.124697
0.124697
0.124697
0.124697
0.124697
0.124697
0.124697
0.124697
0.124697
0.124697
0.124697
0.124697
0.124697
0.124697
0.124697
0.124697
0.124697
0.124697
0.124697
0.124697
0.124697
0.124697
0.124697
0.124697
0.124697
0.124697
0.124697
0.124697
0.124697
0.124697
0.124697
0.124697
0.124697
0.124697
0.124697
0.124697
0.124697
0.124697
0.124697
0.124697
0.124697
0.124697
0.124697
0.124697
0.124697
0.124697
0.124697
0.124697
0.124697
0.124697
0.124697
0.124697
0.124697
0.124697
0.124697
0.124697
0.124697
0.124697
0.124697
0.124697
0.124697
0.124697
0.124697
0.124697
0.124697
0.124697
0.124697
0.124697
0.124697
0.124697
0.124697
0.124697
0.124697
0.124697
0.124697
0.124697
0.124697
0.124697
0.124697
0.124697
0.124697
0.124697
0.124697
0.124697
0.124697
0.124697
0.124697
0.124697
0.124697
0.124697
0.124697
0.124697
0.124697
0.124697
0.124697
0.124697
0.124697
0.124697
0.124697
0.124697
0.124697
0.124697
0.124697
0.124697
0.124697
0.124697
0.124697
0.124697
0.124697
0.124697
0.124697
0.124697
0.124697
0.124697
0.124697
0.124697
0.124697
0.124697
0.124697
0.124697
0.124697
0.124697
0.124697
0.124697
0.124697
0.124697
0.124697
0.124697
0.124697
0.124697
0.124697
0.124697
0.124697
0.124697
0.124697
0.124697
0.124697
0.124697
0.124697
0.124697
0.124697
0.124697
0.124697
0.124697
0.124697
0.124697
0.124697
0.124697
0.124697
0.124697
0.124697
0.124697
0.124697
0.124697
0.124697
0.124697
0.124697
0.124697
0.124697
0.124697
0.124697
0.124697
0.124697
0.124697
0.124697
0.124697
0.124697
0.124697
0.124697
0.124697
0.124697
0.124697
0.124697
0.124697
0.124697
0.124697
0.124697
0.124697
0.124697
0.124697
0.124697
0.124697
0.124697
0.124697
0.124697
0.124697
0.124697
0.124697
0.124697
0.124697
0.124697
0.124697
0.124697
0.124697
0.124697
0.124697
0.124697
0.124697
0.124697
0.124697
0.124697
0.124697
0.124697
0.124697
0.124697
0.124697
0.124697
0.124697
0.124697
0.124697
0.124697
0.124697
0.124697
0.124697
0.124697
0.124697
0.124697
0.124697
0.124697
0.124697
0.124697
0.124697
0.124697
0.124697
0.124697
0.124697
0.124697
0.124697
0.124697
0.124697
0.124697
0.124697
0.124697
0.124697
0.124697
0.124697
0.124697
0.124697
0.124697
0.124697
0.124697
0.124697
0.124697
0.124697
0.124697
0.124697
0.124697
0.124697
0.124697
0.124697
0.124697
0.124697
0.124697
0.124697
0.124697
0.124697
0.124697
0.124697
0.124697
0.124697
0.124697
0.124697
0.124697
0.124697
0.124697
0.124697
0.124697
0.124697
0.124697
0.124697
0.124697
0.124697
0.124697
0.124697
0.124697
0.124697
0.124697
0.124697
0.124697
0.124697
0.124697
0.124697
0.124697
0.124697
0.124697
0.124697
0.124697
0.124697
0.124697
0.124697
0.124697
0.124697
0.124697
0.124697
0.124697
0.124697
0.124697
0.124697
0.124697
0.124697
0.124697
0.124697
0.124697
0.124697
0.124697
0.124697
0.124697
0.124697
0.124697
0.124697
0.124697
0.124697
0.124697
0.124697
0.124697
0.124697
0.124697
0.124697
0.124697
0.124697
0.124697
0.124697
0.124697
0.124697
0.124697
0.124697
0.124697
0.124697
0.124697
0.124697
0.124697
0.124697
0.124697
0.124697
0.124697
0.124697
0.124697
0.124697
0.124697
0.124697
0.124697
0.124697
0.124697
0.124697
0.124697
0.124697
0.124697
0.124697
0.124697
0.124697
0.124697
0.124697
0.124697
0.124697
0.124697
0.124697
0.124697
0.124697
0.124697
0.124697
0.124697
0.124697
0.124697
0.124697
0.124697
0.124697
0.124697
0.124697
0.124697
0.124697
0.124697
0.124697
0.124697
0.124697
0.124697
0.124697
0.124697
0.124697
0.124697
0.124697
0.124697
0.124697
0.124697
0.124697
0.124697
0.124697
0.124697
0.124697
0.124697
0.124697
0.124697
0.124697
0.124697
0.124697
0.124697
0.124697
0.124697
0.124697
0.124697
0.124697
0.124697
0.124697
0.124697
0.124697
0.124697
0.124697
0.124697
0.124697
0.124697
0.124697
0.124697
0.124697
0.124697
0.124697
0.124697
0.124697
0.124697
0.124697
0.124697
0.124697
0.124697
0.124697
0.124697
0.124697
0.124697
0.124697
0.124697
0.124697
0.124697
0.124697
0.124697
0.124697
0.124697
0.124697
0.124697
0.124697
0.124697
0.124697
0.124697
0.124697
0.124697
0.124697
0.124697
0.124697
0.124697
0.124697
0.124697
0.124697
0.124697
0.124697
0.124697
0.124697
0.124697
0.124697
0.124697
0.124697
0.124697
0.124697
0.124697
0.124697
0.124697
0.124697
0.124697
0.124697
0.124697
0.124697
0.124697
0.124697
0.124697
0.124697
0.124697
0.124697
0.124697
0.124697
0.124697
0.124697
0.124697
0.124697
0.124697
0.124697
0.124697
0.124697
0.124697
0.124697
0.124697
0.124697
0.124697
0.124697
0.124697
0.124697
0.124697
0.124697
0.124697
0.124697
0.124697
0.124697
0.124697
0.124697
0.124697
0.124697
0.124697
0.124697
0.124697
0.124697
0.124697
0.124697
0.124697
0.124697
0.124697
0.124697
0.124697
0.124697
0.124697
0.124697
0.124697
0.124697
0.124697
0.124697
0.124697
0.124697
0.124697
0.124697
0.124697
0.124697
0.124697
0.124697
0.124697
0.124697
0.124697
0.124697
0.124697
0.124697
0.124697
0.124697
0.124697
0.124697
0.124697
0.124697
0.124697
0.124697
0.124697
0.124697
0.124697
0.124697
0.124697
0.124697
0.124697
0.124697
0.124697
0.124697
0.124697
0.124697
0.124697
0.124697
0.124697
0.124697
0.124697
0.124697
0.124697
0.124697
0.124697
0.124697
0.124697
0.124697
0.124697
0.124697
0.124697
0.124697
0.124697
0.124697
0.124697
0.124697
0.124697
0.124697
0.124697
0.124697
0.124697
0.124697
0.124697
0.124697
0.124697
0.124697
0.124697
0.124697
0.124697
0.124697
0.124697
0.124697
0.124697
0.124697
0.124697
0.124697
0.124697
0.124697
0.124697
0.124697
0.124697
0.124697
0.124697
0.124697
0.124697
0.124697
0.124697
0.124697
0.124697
0.124697
0.124697
0.124697
0.124697
0.124697
0.124697
0.124697
0.124697
0.124697
0.124697
0.124697
0.124697
0.124697
0.124697
0.124697
0.124697
0.124697
0.124697
0.124697
0.124697
0.124697
0.124697
0.124697
0.124697
0.124697
0.124697
0.124697
0.124697
0.124697
0.124697
0.124697
0.124697
0.124697
0.124697
0.124697
0.124697
0.124697
0.124697
0.124697
0.124697
0.124697
0.124697
0.124697
0.124697
0.124697
0.124697
0.124697
0.124697
0.124697
0.124697
0.124697
0.124697
0.124697
0.124697
0.124697
0.124697
0.124697
0.124697
0.124697
0.124697
0.124697
0.124697
0.124697
0.124697
0.124697
0.124697
0.124697
0.124697
0.124697
0.124697
0.124697
0.124697
0.124697
0.124697
0.124697
0.124697
0.124697
0.124697
0.124697
0.124697
0.124697
0.124697
0.124697
0.124697
0.124697
0.124697
0.124697
0.124697
0.124697
0.124697
0.124697
0.124697
0.124697
0.124697
0.124697
0.124697
0.124697
0.124697
0.124697
0.124697
0.124697
0.124697
0.124697
0.124697
0.124697
0.124697
0.124697
0.124697
0.124697
0.124697
0.124697
0.124697
0.124697
0.124697
0.124697
0.124697
0.124697
0.124697
0.124697
0.124697
0.124697
0.124697
0.124697
0.124697
0.124697
0.124697
0.124697
0.124697
0.124697
0.124697
0.124697
0.124697
0.124697
0.124697
0.124697
0.124697
0.124697
0.124697
0.124697
0.124697
0.124697
0.124697
0.124697
0.124697
0.124697
0.124697
0.124697
0.124697
0.124697
0.124697
0.124697
0.124697
0.124697
0.124697
0.124697
0.124697
0.124697
0.124697
0.124697
0.124697
0.124697
0.124697
0.124697
0.124697
0.124697
0.124697
0.124697
0.124697
0.124697
0.124697
0.124697
0.124697
0.124697
0.124697
0.124697
0.124697
0.124697
0.124697
0.124697
0.124697
0.124697
0.124697
0.124697
0.124697
0.124697
0.124697
0.124697
0.124697
0.124697
0.124697
0.124697
0.124697
0.124697
0.124697
0.124697
0.124697
0.124697
0.124697
0.124697
0.124697
0.124697
0.124697
0.124697
0.124697
0.124697
0.124697
0.124697
0.124697
0.124697
0.124697
0.124697
0.124697
0.124697
0.124697
0.124697
0.124697
0.124697
0.124697
0.124697
0.124697
0.124697
0.124697
0.124697
0.124697
0.124697
0.124697
0.124697
0.124697
0.124697
0.124697
0.124697
0.124697
0.124697
0.124697
0.124697
0.124697
0.124697
0.124697
0.124697
0.124697
0.124697
0.124697
0.124697
0.124697
0.124697
0.124697
0.124697
0.124697
0.124697
0.124697
0.124697
0.124697
0.124697
0.124697
0.124697
0.124697
0.124697
0.124697
0.124697
0.124697
0.124697
0.124697
0.124697
0.124697
0.124697
0.124697
0.124697
0.124697
0.124697
0.124697
0.124697
0.124697
0.124697
0.124697
0.124697
0.124697
0.124697
0.124697
0.124697
0.124697
0.124697
0.124697
0.124697
0.124697
0.124697
0.124697
0.124697
0.124697
0.124697
0.124697
0.124697
0.124697
0.124697
0.124697
0.124697
0.124697
0.124697
0.124697
0.124697
0.124697
0.124697
0.124697
0.124697
0.124697
0.124697
0.124697
0.124697
0.124697
0.124697
0.124697
0.124697
0.124697
0.124697
0.124697
0.124697
0.124697
0.124697
0.124697
0.124697
0.124697
0.124697
0.124697
0.124697
0.124697
0.124697
0.124697
0.124697
0.124697
0.124697
0.124697
0.124697
0.124697
0.124697
0.124697
0.124697
0.124697
0.124697
0.124697
0.124697
0.124697
0.124697
0.124697
0.124697
0.124697
)
;

boundaryField
{
    sides
    {
        type            calculated;
        value           nonuniform List<scalar> 2(0.124697 0.997574);
    }
    empty
    {
        type            empty;
    }
}


// ************************************************************************* //
