/*--------------------------------*- C++ -*----------------------------------*\
  =========                 |
  \\      /  F ield         | OpenFOAM: The Open Source CFD Toolbox
   \\    /   O peration     | Website:  https://openfoam.org
    \\  /    A nd           | Version:  9
     \\/     M anipulation  |
\*---------------------------------------------------------------------------*/
FoamFile
{
    format      ascii;
    class       volScalarField;
    location    "0.017";
    object      p;
}
// * * * * * * * * * * * * * * * * * * * * * * * * * * * * * * * * * * * * * //

dimensions      [1 -1 -2 0 0 0 0];

internalField   nonuniform List<scalar> 
10000
(
58313.1
58312.7
58312.5
58312.3
58312
58311.8
58311.5
58311.3
58311.1
58310.8
58310.6
58310.3
58310.1
58309.8
58309.6
58309.3
58309.1
58308.8
58308.5
58308.3
58308
58307.8
58307.5
58307.3
58307
58306.7
58306.5
58306.2
58305.9
58305.7
58305.4
58305.2
58304.9
58304.6
58304.3
58304.1
58303.8
58303.5
58303.3
58303
58302.7
58302.4
58302.2
58301.9
58301.6
58301.3
58301.1
58300.8
58300.5
58300.2
58299.9
58299.6
58299.4
58299.1
58298.8
58298.5
58298.2
58297.9
58297.6
58297.4
58297.1
58296.8
58296.5
58296.2
58295.9
58295.6
58295.3
58295
58294.7
58294.4
58294.1
58293.8
58293.5
58293.2
58292.9
58292.6
58292.3
58292
58291.7
58291.4
58291.1
58290.8
58290.5
58290.1
58289.8
58289.5
58289.2
58288.9
58288.6
58288.3
58287.9
58287.6
58287.3
58287
58286.7
58286.4
58286
58285.7
58285.4
58285.1
58284.7
58284.4
58284.1
58283.8
58283.4
58283.1
58282.8
58282.4
58282.1
58281.8
58281.4
58281.1
58280.8
58280.4
58280.1
58279.8
58279.4
58279.1
58278.7
58278.4
58278.1
58277.7
58277.4
58277
58276.7
58276.3
58276
58275.6
58275.3
58275
58274.6
58274.2
58273.9
58273.5
58273.2
58272.8
58272.5
58272.1
58271.8
58271.4
58271.1
58270.7
58270.3
58270
58269.6
58269.2
58268.9
58268.5
58268.1
58267.8
58267.4
58267
58266.7
58266.3
58265.9
58265.6
58265.2
58264.8
58264.4
58264.1
58263.7
58263.3
58262.9
58262.6
58262.2
58261.8
58261.4
58261
58260.7
58260.3
58259.9
58259.5
58259.1
58258.7
58258.3
58258
58257.6
58257.2
58256.8
58256.4
58256
58255.6
58255.2
58254.8
58254.4
58254
58253.6
58253.2
58252.8
58252.4
58252
58251.6
58251.2
58250.8
58250.4
58250
58249.6
58249.2
58248.8
58248.4
58248
58247.5
58247.1
58246.7
58246.3
58245.9
58245.5
58245.1
58244.6
58244.2
58243.8
58243.4
58243
58242.5
58242.1
58241.7
58241.3
58240.8
58240.4
58240
58239.6
58239.1
58238.7
58238.3
58237.8
58237.4
58237
58236.5
58236.1
58235.7
58235.2
58234.8
58234.4
58233.9
58233.5
58233
58232.6
58232.2
58231.7
58231.3
58230.8
58230.4
58229.9
58229.5
58229
58228.6
58228.1
58227.7
58227.2
58226.8
58226.3
58225.9
58225.4
58225
58224.5
58224.1
58223.6
58223.1
58222.7
58222.2
58221.8
58221.3
58220.8
58220.4
58219.9
58219.4
58219
58218.5
58218
58217.6
58217.1
58216.6
58216.1
58215.7
58215.2
58214.7
58214.2
58213.8
58213.3
58212.8
58212.3
58211.9
58211.4
58210.9
58210.4
58209.9
58209.4
58209
58208.5
58208
58207.5
58207
58206.5
58206
58205.5
58205
58204.5
58204
58203.6
58203.1
58202.6
58202.1
58201.6
58201.1
58200.6
58200.1
58199.6
58199.1
58198.6
58198.1
58197.5
58197
58196.5
58196
58195.5
58195
58194.5
58194
58193.5
58193
58192.4
58191.9
58191.4
58190.9
58190.4
58189.9
58189.3
58188.8
58188.3
58187.8
58187.3
58186.7
58186.2
58185.7
58185.2
58184.6
58184.1
58183.6
58183
58182.5
58182
58181.4
58180.9
58180.4
58179.8
58179.3
58178.8
58178.2
58177.7
58177.1
58176.6
58176.1
58175.5
58175
58174.4
58173.9
58173.3
58172.8
58172.3
58171.7
58171.2
58170.6
58170.1
58169.5
58168.9
58168.4
58167.8
58167.3
58166.7
58166.2
58165.6
58165.1
58164.5
58163.9
58163.4
58162.8
58162.2
58161.7
58161.1
58160.6
58160
58159.4
58158.8
58158.3
58157.7
58157.1
58156.6
58156
58155.4
58154.8
58154.3
58153.7
58153.1
58152.5
58152
58151.4
58150.8
58150.2
58149.6
58149
58148.5
58147.9
58147.3
58146.7
58146.1
58145.5
58144.9
58144.3
58143.8
58143.2
58142.6
58142
58141.4
58140.8
58140.2
58139.6
58139
58138.4
58137.8
58137.2
58136.6
58136
58135.4
58134.8
58134.2
58133.6
58133
58132.3
58131.7
58131.1
58130.5
58129.9
58129.3
58128.7
58128.1
58127.4
58126.8
58126.2
58125.6
58125
58124.4
58123.7
58123.1
58122.5
58121.9
58121.2
58120.6
58120
58119.4
58118.7
58118.1
58117.5
58116.8
58116.2
58115.6
58114.9
58114.3
58113.7
58113
58112.4
58111.8
58111.1
58110.5
58109.8
58109.2
58108.6
58107.9
58107.3
58106.6
58106
58105.3
58104.7
58104
58103.4
58102.7
58102.1
58101.4
58100.8
58100.1
58099.5
58098.8
58098.2
58097.5
58096.9
58096.2
58095.5
58094.9
58094.2
58093.5
58092.9
58092.2
58091.6
58090.9
58090.2
58089.5
58088.9
58088.2
58087.5
58086.9
58086.2
58085.5
58084.8
58084.2
58083.5
58082.8
58082.1
58081.5
58080.8
58080.1
58079.4
58078.7
58078.1
58077.4
58076.7
58076
58075.3
58074.6
58073.9
58073.2
58072.5
58071.9
58071.2
58070.5
58069.8
58069.1
58068.4
58067.7
58067
58066.3
58065.6
58064.9
58064.2
58063.5
58062.8
58062.1
58061.4
58060.7
58060
58059.3
58058.5
58057.8
58057.1
58056.4
58055.7
58055
58054.3
58053.6
58052.8
58052.1
58051.4
58050.7
58050
58049.2
58048.5
58047.8
58047.1
58046.4
58045.6
58044.9
58044.2
58043.4
58042.7
58042
58041.3
58040.5
58039.8
58039.1
58038.3
58037.6
58036.9
58036.1
58035.4
58034.6
58033.9
58033.2
58032.4
58031.7
58030.9
58030.2
58029.4
58028.7
58027.9
58027.2
58026.5
58025.7
58024.9
58024.2
58023.4
58022.7
58021.9
58021.2
58020.4
58019.7
58018.9
58018.2
58017.4
58016.6
58015.9
58015.1
58014.3
58013.6
58012.8
58012
58011.3
58010.5
58009.7
58009
58008.2
58007.4
58006.7
58005.9
58005.1
58004.3
58003.6
58002.8
58002
58001.2
58000.4
57999.7
57998.9
57998.1
57997.3
57996.5
57995.7
57994.9
57994.2
57993.4
57992.6
57991.8
57991
57990.2
57989.4
57988.6
57987.8
57987
57986.2
57985.4
57984.6
57983.8
57983
57982.2
57981.4
57980.6
57979.8
57979
57978.2
57977.4
57976.6
57975.8
57975
57974.2
57973.4
57972.5
57971.7
57970.9
57970.1
57969.3
57968.5
57967.6
57966.8
57966
57965.2
57964.4
57963.5
57962.7
57961.9
57961.1
57960.2
57959.4
57958.6
57957.7
57956.9
57956.1
57955.3
57954.4
57953.6
57952.7
57951.9
57951.1
57950.2
57949.4
57948.6
57947.7
57946.9
57946
57945.2
57944.3
57943.5
57942.6
57941.8
57941
57940.1
57939.3
57938.4
57937.5
57936.7
57935.8
57935
57934.1
57933.3
57932.4
57931.6
57930.7
57929.8
57929
57928.1
57927.2
57926.4
57925.5
57924.6
57923.8
57922.9
57922
57921.2
57920.3
57919.4
57918.6
57917.7
57916.8
57915.9
57915
57914.2
57913.3
57912.4
57911.5
57910.6
57909.8
57908.9
57908
57907.1
57906.2
57905.3
57904.4
57903.6
57902.7
57901.8
57900.9
57900
57899.1
57898.2
57897.3
57896.4
57895.5
57894.6
57893.7
57892.8
57891.9
57891
57890.1
57889.2
57888.3
57887.4
57886.5
57885.6
57884.6
57883.7
57882.8
57881.9
57881
57880.1
57879.2
57878.2
57877.3
57876.4
57875.5
57874.6
57873.6
57872.7
57871.8
57870.9
57870
57869
57868.1
57867.2
57866.2
57865.3
57864.4
57863.4
57862.5
57861.6
57860.6
57859.7
57858.8
57857.8
57856.9
57855.9
57855
57854.1
57853.1
57852.2
57851.2
57850.3
57849.3
57848.4
57847.4
57846.5
57845.5
57844.6
57843.6
57842.7
57841.7
57840.8
57839.8
57838.9
57837.9
57836.9
57836
57835
57834
57833.1
57832.1
57831.1
57830.2
57829.2
57828.2
57827.3
57826.3
57825.3
57824.4
57823.4
57822.4
57821.4
57820.5
57819.5
57818.5
57817.5
57816.5
57815.6
57814.6
57813.6
57812.6
57811.6
57810.6
57809.6
57808.6
57807.7
57806.7
57805.7
57804.7
57803.7
57802.7
57801.7
57800.7
57799.7
57798.7
57797.7
57796.7
57795.7
57794.7
57793.7
57792.7
57791.7
57790.7
57789.7
57788.6
57787.6
57786.6
57785.6
57784.6
57783.6
57782.6
57781.5
57780.5
57779.5
57778.5
57777.5
57776.4
57775.4
57774.4
57773.4
57772.3
57771.3
57770.3
57769.3
57768.2
57767.2
57766.2
57765.1
57764.1
57763.1
57762
57761
57759.9
57758.9
57757.9
57756.8
57755.8
57754.7
57753.7
57752.6
57751.6
57750.5
57749.5
57748.4
57747.4
57746.3
57745.3
57744.2
57743.2
57742.1
57741.1
57740
57738.9
57737.9
57736.8
57735.8
57734.7
57733.6
57732.6
57731.5
57730.4
57729.4
57728.3
57727.2
57726.1
57725.1
57724
57722.9
57721.8
57720.8
57719.7
57718.6
57717.5
57716.4
57715.4
57714.3
57713.2
57712.1
57711
57709.9
57708.8
57707.7
57706.6
57705.5
57704.5
57703.4
57702.3
57701.2
57700.1
57699
57697.9
57696.8
57695.7
57694.6
57693.4
57692.3
57691.2
57690.1
57689
57687.9
57686.8
57685.7
57684.6
57683.4
57682.3
57681.2
57680.1
57679
57677.9
57676.7
57675.6
57674.5
57673.4
57672.2
57671.1
57670
57668.8
57667.7
57666.6
57665.4
57664.3
57663.2
57662
57660.9
57659.8
57658.6
57657.5
57656.3
57655.2
57654
57652.9
57651.8
57650.6
57649.5
57648.3
57647.2
57646
57644.8
57643.7
57642.5
57641.4
57640.2
57639.1
57637.9
57636.7
57635.6
57634.4
57633.2
57632.1
57630.9
57629.7
57628.6
57627.4
57626.2
57625
57623.9
57622.7
57621.5
57620.3
57619.2
57618
57616.8
57615.6
57614.4
57613.2
57612
57610.9
57609.7
57608.5
57607.3
57606.1
57604.9
57603.7
57602.5
57601.3
57600.1
57598.9
57597.7
57596.5
57595.3
57594.1
57592.9
57591.7
57590.5
57589.3
57588
57586.8
57585.6
57584.4
57583.2
57582
57580.8
57579.5
57578.3
57577.1
57575.9
57574.6
57573.4
57572.2
57571
57569.7
57568.5
57567.3
57566
57564.8
57563.6
57562.3
57561.1
57559.8
57558.6
57557.3
57556.1
57554.9
57553.6
57552.4
57551.1
57549.9
57548.6
57547.4
57546.1
57544.8
57543.6
57542.3
57541.1
57539.8
57538.5
57537.3
57536
57534.7
57533.5
57532.2
57530.9
57529.7
57528.4
57527.1
57525.8
57524.6
57523.3
57522
57520.7
57519.4
57518.2
57516.9
57515.6
57514.3
57513
57511.7
57510.4
57509.1
57507.8
57506.5
57505.2
57503.9
57502.6
57501.3
57500
57498.7
57497.4
57496.1
57494.8
57493.5
57492.2
57490.9
57489.6
57488.2
57486.9
57485.6
57484.3
57483
57481.6
57480.3
57479
57477.7
57476.3
57475
57473.7
57472.3
57471
57469.7
57468.3
57467
57465.6
57464.3
57463
57461.6
57460.3
57458.9
57457.6
57456.2
57454.9
57453.5
57452.1
57450.8
57449.4
57448.1
57446.7
57445.3
57444
57442.6
57441.2
57439.9
57438.5
57437.1
57435.7
57434.4
57433
57431.6
57430.2
57428.9
57427.5
57426.1
57424.7
57423.3
57421.9
57420.5
57419.1
57417.7
57416.3
57414.9
57413.5
57412.1
57410.7
57409.3
57407.9
57406.5
57405.1
57403.7
57402.3
57400.9
57399.4
57398
57396.6
57395.2
57393.7
57392.3
57390.9
57389.5
57388
57386.6
57385.2
57383.7
57382.3
57380.9
57379.4
57378
57376.5
57375.1
57373.6
57372.2
57370.7
57369.3
57367.8
57366.4
57364.9
57363.4
57362
57360.5
57359
57357.6
57356.1
57354.6
57353.1
57351.7
57350.2
57348.7
57347.2
57345.7
57344.3
57342.8
57341.3
57339.8
57338.3
57336.8
57335.3
57333.8
57332.3
57330.8
57329.3
57327.8
57326.3
57324.8
57323.2
57321.7
57320.2
57318.7
57317.2
57315.6
57314.1
57312.6
57311.1
57309.5
57308
57306.5
57304.9
57303.4
57301.8
57300.3
57298.7
57297.2
57295.6
57294.1
57292.5
57291
57289.4
57287.8
57286.3
57284.7
57283.1
57281.6
57280
57278.4
57276.8
57275.3
57273.7
57272.1
57270.5
57268.9
57267.3
57265.7
57264.1
57262.5
57260.9
57259.3
57257.7
57256.1
57254.5
57252.9
57251.2
57249.6
57248
57246.4
57244.7
57243.1
57241.5
57239.8
57238.2
57236.6
57234.9
57233.3
57231.6
57230
57228.3
57226.7
57225
57223.3
57221.7
57220
57218.3
57216.7
57215
57213.3
57211.6
57209.9
57208.3
57206.6
57204.9
57203.2
57201.5
57199.8
57198.1
57196.4
57194.6
57192.9
57191.2
57189.5
57187.8
57186
57184.3
57182.6
57180.9
57179.1
57177.4
57175.6
57173.9
57172.1
57170.4
57168.6
57166.9
57165.1
57163.3
57161.5
57159.8
57158
57156.2
57154.4
57152.6
57150.8
57149.1
57147.3
57145.5
57143.6
57141.8
57140
57138.2
57136.4
57134.6
57132.7
57130.9
57129.1
57127.2
57125.4
57123.5
57121.7
57119.8
57118
57116.1
57114.2
57112.4
57110.5
57108.6
57106.7
57104.9
57103
57101.1
57099.2
57097.3
57095.4
57093.4
57091.5
57089.6
57087.7
57085.8
57083.8
57081.9
57079.9
57078
57076
57074.1
57072.1
57070.2
57068.2
57066.2
57064.2
57062.2
57060.3
57058.3
57056.3
57054.3
57052.2
57050.2
57048.2
57046.2
57044.2
57042.1
57040.1
57038
57036
57033.9
57031.9
57029.8
57027.7
57025.6
57023.6
57021.5
57019.4
57017.3
57015.2
57013.1
57010.9
57008.8
57006.7
57004.5
57002.4
57000.3
56998.1
56995.9
56993.8
56991.6
56989.4
56987.2
56985
56982.8
56980.6
56978.4
56976.2
56974
56971.7
56969.5
56967.2
56965
56962.7
56960.5
56958.2
56955.9
56953.6
56951.3
56949
56946.7
56944.4
56942
56939.7
56937.3
56935
56932.6
56930.3
56927.9
56925.5
56923.1
56920.7
56918.3
56915.9
56913.4
56911
56908.6
56906.1
56903.6
56901.2
56898.7
56896.2
56893.7
56891.2
56888.7
56886.1
56883.6
56881
56878.5
56875.9
56873.3
56870.7
56868.1
56865.5
56862.9
56860.3
56857.6
56855
56852.3
56849.6
56846.9
56844.2
56841.5
56838.8
56836.1
56833.3
56830.5
56827.8
56825
56822.2
56819.4
56816.6
56813.7
56810.9
56808
56805.1
56802.3
56799.4
56796.4
56793.5
56790.6
56787.6
56784.6
56781.7
56778.7
56775.6
56772.6
56769.6
56766.5
56763.4
56760.3
56757.2
56754.1
56751
56747.8
56744.6
56741.5
56738.3
56735
56731.8
56728.5
56725.3
56722
56718.7
56715.3
56712
56708.6
56705.2
56701.8
56698.4
56695
56691.5
56688
56684.5
56681
56677.5
56673.9
56670.3
56666.7
56663.1
56659.4
56655.8
56652.1
56648.4
56644.6
56640.9
56637.1
56633.3
56629.4
56625.6
56621.7
56617.8
56613.9
56609.9
56606
56602
56597.9
56593.9
56589.8
56585.7
56581.6
56577.4
56573.2
56569
56564.8
56560.5
56556.2
56551.9
56547.5
56543.1
56538.7
56534.3
56529.8
56525.3
56520.8
56516.2
56511.6
56507
56502.3
56497.6
56492.9
56488.1
56483.3
56478.5
56473.7
56468.8
56463.8
56458.9
56453.9
56448.9
56443.8
56438.7
56433.6
56428.4
56423.2
56417.9
56412.7
56407.3
56402
56396.6
56391.1
56385.7
56380.2
56374.6
56369
56363.4
56357.7
56352
56346.3
56340.5
56334.7
56328.8
56322.9
56316.9
56310.9
56304.9
56298.8
56292.7
56286.5
56280.3
56274.1
56267.8
56261.4
56255
56248.6
56242.2
56235.6
56229.1
56222.5
56215.8
56209.1
56202.4
56195.6
56188.8
56181.9
56175
56168
56161
56154
56146.9
56139.7
56132.5
56125.3
56118
56110.7
56103.3
56095.9
56088.4
56080.9
56073.3
56065.7
56058.1
56050.4
56042.6
56034.9
56027
56019.1
56011.2
56003.2
55995.2
55987.2
55979
55970.9
55962.7
55954.5
55946.2
55937.8
55929.5
55921.1
55912.6
55904.1
55895.5
55887
55878.3
55869.6
55860.9
55852.2
55843.4
55834.5
55825.7
55816.7
55807.8
55798.8
55789.7
55780.6
55771.5
55762.4
55753.2
55743.9
55734.7
55725.4
55716
55706.7
55697.2
55687.8
55678.3
55668.8
55659.2
55649.7
55640
55630.4
55620.7
55611
55601.3
55591.5
55581.7
55571.9
55562
55552.1
55542.2
55532.2
55522.3
55512.3
55502.2
55492.2
55482.1
55472
55461.9
55451.7
55441.6
55431.4
55421.2
55410.9
55400.7
55390.4
55380.1
55369.8
55359.4
55349.1
55338.7
55328.3
55317.9
55307.4
55297
55286.5
55276.1
55265.6
55255.1
55244.5
55234
55223.4
55212.9
55202.3
55191.7
55181.1
55170.5
55159.9
55149.2
55138.6
55127.9
55117.2
55106.6
55095.9
55085.2
55074.5
55063.7
55053
55042.3
55031.6
55020.8
55010.1
54999.3
54988.5
54977.8
54967
54956.2
54945.4
54934.6
54923.8
54913
54902.2
54891.4
54880.6
54869.8
54858.9
54848.1
54837.3
54826.5
54815.6
54804.8
54793.9
54783.1
54772.2
54761.4
54750.5
54739.7
54728.8
54718
54707.1
54696.3
54685.4
54674.6
54663.7
54652.8
54642
54631.1
54620.3
54609.4
54598.5
54587.7
54576.8
54565.9
54555.1
54544.2
54533.4
54522.5
54511.6
54500.8
54489.9
54479.1
54468.2
54457.3
54446.5
54435.6
54424.8
54413.9
54403.1
54392.2
54381.3
54370.5
54359.6
54348.8
54337.9
54327.1
54316.3
54305.4
54294.6
54283.7
54272.9
54262
54251.2
54240.4
54229.5
54218.7
54207.9
54197
54186.2
54175.4
54164.6
54153.7
54142.9
54132.1
54121.3
54110.5
54099.6
54088.8
54078
54067.2
54056.4
54045.6
54034.8
54024
54013.2
54002.4
53991.6
53980.8
53970
53959.2
53948.4
53937.6
53926.8
53916
53905.2
53894.5
53883.7
53872.9
53862.1
53851.3
53840.6
53829.8
53819
53808.3
53797.5
53786.7
53776
53765.2
53754.4
53743.7
53732.9
53722.2
53711.4
53700.7
53689.9
53679.2
53668.4
53657.7
53646.9
53636.2
53625.5
53614.7
53604
53593.3
53582.5
53571.8
53561.1
53550.4
53539.6
53528.9
53518.2
53507.5
53496.8
53486
53475.3
53464.6
53453.9
53443.2
53432.5
53421.8
53411.1
53400.4
53389.7
53379
53368.3
53357.6
53346.9
53336.2
53325.6
53314.9
53304.2
53293.5
53282.8
53272.2
53261.5
53250.8
53240.1
53229.5
53218.8
53208.1
53197.5
53186.8
53176.1
53165.5
53154.8
53144.2
53133.5
53122.9
53112.2
53101.6
53090.9
53080.3
53069.6
53059
53048.4
53037.7
53027.1
53016.5
53005.8
52995.2
52984.6
52973.9
52963.3
52952.7
52942.1
52931.5
52920.8
52910.2
52899.6
52889
52878.4
52867.8
52857.2
52846.6
52836
52825.4
52814.8
52804.2
52793.6
52783
52772.4
52761.8
52751.2
52740.6
52730
52719.5
52708.9
52698.3
52687.7
52677.2
52666.6
52656
52645.4
52634.9
52624.3
52613.7
52603.2
52592.6
52582.1
52571.5
52560.9
52550.4
52539.8
52529.3
52518.7
52508.2
52497.7
52487.1
52476.6
52466
52455.5
52445
52434.4
52423.9
52413.4
52402.8
52392.3
52381.8
52371.3
52360.8
52350.2
52339.7
52329.2
52318.7
52308.2
52297.7
52287.2
52276.7
52266.1
52255.6
52245.1
52234.6
52224.2
52213.7
52203.2
52192.7
52182.2
52171.7
52161.2
52150.7
52140.2
52129.8
52119.3
52108.8
52098.3
52087.9
52077.4
52066.9
52056.4
52046
52035.5
52025.1
52014.6
52004.1
51993.7
51983.2
51972.8
51962.3
51951.9
51941.4
51931
51920.5
51910.1
51899.6
51889.2
51878.8
51868.3
51857.9
51847.5
51837
51826.6
51816.2
51805.8
51795.3
51784.9
51774.5
51764.1
51753.7
51743.3
51732.8
51722.4
51712
51701.6
51691.2
51680.8
51670.4
51660
51649.6
51639.2
51628.8
51618.4
51608
51597.6
51587.3
51576.9
51566.5
51556.1
51545.7
51535.4
51525
51514.6
51504.2
51493.9
51483.5
51473.1
51462.8
51452.4
51442
51431.7
51421.3
51411
51400.6
51390.3
51379.9
51369.6
51359.2
51348.9
51338.5
51328.2
51317.8
51307.5
51297.2
51286.8
51276.5
51266.2
51255.8
51245.5
51235.2
51224.9
51214.5
51204.2
51193.9
51183.6
51173.3
51162.9
51152.6
51142.3
51132
51121.7
51111.4
51101.1
51090.8
51080.5
51070.2
51059.9
51049.6
51039.3
51029
51018.7
51008.5
50998.2
50987.9
50977.6
50967.3
50957
50946.8
50936.5
50926.2
50916
50905.7
50895.4
50885.2
50874.9
50864.6
50854.4
50844.1
50833.9
50823.6
50813.3
50803.1
50792.8
50782.6
50772.4
50762.1
50751.9
50741.6
50731.4
50721.2
50710.9
50700.7
50690.5
50680.2
50670
50659.8
50649.5
50639.3
50629.1
50618.9
50608.7
50598.4
50588.2
50578
50567.8
50557.6
50547.4
50537.2
50527
50516.8
50506.6
50496.4
50486.2
50476
50465.8
50455.6
50445.4
50435.2
50425
50414.9
50404.7
50394.5
50384.3
50374.1
50364
50353.8
50343.6
50333.5
50323.3
50313.1
50303
50292.8
50282.6
50272.5
50262.3
50252.2
50242
50231.9
50221.7
50211.6
50201.4
50191.3
50181.1
50171
50160.8
50150.7
50140.6
50130.4
50120.3
50110.2
50100
50089.9
50079.8
50069.7
50059.5
50049.4
50039.3
50029.2
50019.1
50009
49998.8
49988.7
49978.6
49968.5
49958.4
49948.3
49938.2
49928.1
49918
49907.9
49897.8
49887.7
49877.6
49867.6
49857.5
49847.4
49837.3
49827.2
49817.1
49807.1
49797
49786.9
49776.8
49766.8
49756.7
49746.6
49736.6
49726.5
49716.4
49706.4
49696.3
49686.3
49676.2
49666.1
49656.1
49646
49636
49625.9
49615.9
49605.9
49595.8
49585.8
49575.7
49565.7
49555.7
49545.6
49535.6
49525.6
49515.5
49505.5
49495.5
49485.5
49475.5
49465.4
49455.4
49445.4
49435.4
49425.4
49415.4
49405.4
49395.3
49385.3
49375.3
49365.3
49355.3
49345.3
49335.3
49325.3
49315.4
49305.4
49295.4
49285.4
49275.4
49265.4
49255.4
49245.5
49235.5
49225.5
49215.5
49205.5
49195.6
49185.6
49175.6
49165.7
49155.7
49145.7
49135.8
49125.8
49115.9
49105.9
49096
49086
49076
49066.1
49056.2
49046.2
49036.3
49026.3
49016.4
49006.4
48996.5
48986.6
48976.6
48966.7
48956.8
48946.8
48936.9
48927
48917.1
48907.1
48897.2
48887.3
48877.4
48867.5
48857.6
48847.6
48837.7
48827.8
48817.9
48808
48798.1
48788.2
48778.3
48768.4
48758.5
48748.6
48738.7
48728.8
48719
48709.1
48699.2
48689.3
48679.4
48669.5
48659.7
48649.8
48639.9
48630
48620.2
48610.3
48600.4
48590.6
48580.7
48570.8
48561
48551.1
48541.3
48531.4
48521.5
48511.7
48501.8
48492
48482.1
48472.3
48462.5
48452.6
48442.8
48432.9
48423.1
48413.3
48403.4
48393.6
48383.8
48373.9
48364.1
48354.3
48344.5
48334.6
48324.8
48315
48305.2
48295.4
48285.5
48275.7
48265.9
48256.1
48246.3
48236.5
48226.7
48216.9
48207.1
48197.3
48187.5
48177.7
48167.9
48158.1
48148.3
48138.6
48128.8
48119
48109.2
48099.4
48089.6
48079.9
48070.1
48060.3
48050.5
48040.8
48031
48021.2
48011.5
48001.7
47991.9
47982.2
47972.4
47962.7
47952.9
47943.2
47933.4
47923.7
47913.9
47904.2
47894.4
47884.7
47874.9
47865.2
47855.5
47845.7
47836
47826.3
47816.5
47806.8
47797.1
47787.3
47777.6
47767.9
47758.2
47748.4
47738.7
47729
47719.3
47709.6
47699.9
47690.2
47680.5
47670.8
47661.1
47651.3
47641.6
47631.9
47622.3
47612.6
47602.9
47593.2
47583.5
47573.8
47564.1
47554.4
47544.7
47535.1
47525.4
47515.7
47506
47496.3
47486.7
47477
47467.3
47457.7
47448
47438.3
47428.7
47419
47409.3
47399.7
47390
47380.4
47370.7
47361.1
47351.4
47341.8
47332.1
47322.5
47312.8
47303.2
47293.5
47283.9
47274.3
47264.6
47255
47245.4
47235.7
47226.1
47216.5
47206.9
47197.2
47187.6
47178
47168.4
47158.8
47149.2
47139.5
47129.9
47120.3
47110.7
47101.1
47091.5
47081.9
47072.3
47062.7
47053.1
47043.5
47033.9
47024.3
47014.7
47005.1
46995.6
46986
46976.4
46966.8
46957.2
46947.6
46938.1
46928.5
46918.9
46909.3
46899.8
46890.2
46880.6
46871.1
46861.5
46851.9
46842.4
46832.8
46823.3
46813.7
46804.2
46794.6
46785.1
46775.5
46766
46756.4
46746.9
46737.3
46727.8
46718.2
46708.7
46699.2
46689.6
46680.1
46670.6
46661
46651.5
46642
46632.5
46622.9
46613.4
46603.9
46594.4
46584.9
46575.4
46565.9
46556.3
46546.8
46537.3
46527.8
46518.3
46508.8
46499.3
46489.8
46480.3
46470.8
46461.3
46451.8
46442.3
46432.9
46423.4
46413.9
46404.4
46394.9
46385.4
46376
46366.5
46357
46347.5
46338.1
46328.6
46319.1
46309.7
46300.2
46290.7
46281.3
46271.8
46262.3
46252.9
46243.4
46234
46224.5
46215.1
46205.6
46196.2
46186.7
46177.3
46167.8
46158.4
46149
46139.5
46130.1
46120.7
46111.2
46101.8
46092.4
46082.9
46073.5
46064.1
46054.7
46045.3
46035.8
46026.4
46017
46007.6
45998.2
45988.8
45979.4
45969.9
45960.5
45951.1
45941.7
45932.3
45922.9
45913.5
45904.1
45894.7
45885.4
45876
45866.6
45857.2
45847.8
45838.4
45829
45819.7
45810.3
45800.9
45791.5
45782.1
45772.8
45763.4
45754
45744.7
45735.3
45725.9
45716.6
45707.2
45697.9
45688.5
45679.1
45669.8
45660.4
45651.1
45641.7
45632.4
45623
45613.7
45604.4
45595
45585.7
45576.3
45567
45557.7
45548.3
45539
45529.7
45520.3
45511
45501.7
45492.4
45483
45473.7
45464.4
45455.1
45445.8
45436.5
45427.2
45417.8
45408.5
45399.2
45389.9
45380.6
45371.3
45362
45352.7
45343.4
45334.1
45324.8
45315.5
45306.2
45297
45287.7
45278.4
45269.1
45259.8
45250.5
45241.3
45232
45222.7
45213.4
45204.2
45194.9
45185.6
45176.4
45167.1
45157.8
45148.6
45139.3
45130
45120.8
45111.5
45102.3
45093
45083.8
45074.5
45065.3
45056
45046.8
45037.5
45028.3
45019.1
45009.8
45000.6
44991.4
44982.1
44972.9
44963.7
44954.4
44945.2
44936
44926.8
44917.5
44908.3
44899.1
44889.9
44880.7
44871.5
44862.2
44853
44843.8
44834.6
44825.4
44816.2
44807
44797.8
44788.6
44779.4
44770.2
44761
44751.8
44742.6
44733.4
44724.3
44715.1
44705.9
44696.7
44687.5
44678.3
44669.2
44660
44650.8
44641.6
44632.5
44623.3
44614.1
44605
44595.8
44586.6
44577.5
44568.3
44559.2
44550
44540.9
44531.7
44522.5
44513.4
44504.2
44495.1
44486
44476.8
44467.7
44458.5
44449.4
44440.3
44431.1
44422
44412.9
44403.7
44394.6
44385.5
44376.3
44367.2
44358.1
44349
44339.9
44330.7
44321.6
44312.5
44303.4
44294.3
44285.2
44276.1
44267
44257.9
44248.7
44239.6
44230.5
44221.4
44212.4
44203.3
44194.2
44185.1
44176
44166.9
44157.8
44148.7
44139.6
44130.6
44121.5
44112.4
44103.3
44094.2
44085.2
44076.1
44067
44058
44048.9
44039.8
44030.8
44021.7
44012.6
44003.6
43994.5
43985.5
43976.4
43967.3
43958.3
43949.2
43940.2
43931.2
43922.1
43913.1
43904
43895
43885.9
43876.9
43867.9
43858.8
43849.8
43840.8
43831.7
43822.7
43813.7
43804.7
43795.6
43786.6
43777.6
43768.6
43759.6
43750.6
43741.5
43732.5
43723.5
43714.5
43705.5
43696.5
43687.5
43678.5
43669.5
43660.5
43651.5
43642.5
43633.5
43624.5
43615.5
43606.5
43597.5
43588.6
43579.6
43570.6
43561.6
43552.6
43543.7
43534.7
43525.7
43516.7
43507.8
43498.8
43489.8
43480.9
43471.9
43462.9
43454
43445
43436
43427.1
43418.1
43409.2
43400.2
43391.3
43382.3
43373.4
43364.4
43355.5
43346.5
43337.6
43328.7
43319.7
43310.8
43301.8
43292.9
43284
43275.1
43266.1
43257.2
43248.3
43239.3
43230.4
43221.5
43212.6
43203.7
43194.8
43185.8
43176.9
43168
43159.1
43150.2
43141.3
43132.4
43123.5
43114.6
43105.7
43096.8
43087.9
43079
43070.1
43061.2
43052.3
43043.4
43034.5
43025.7
43016.8
43007.9
42999
42990.1
42981.2
42972.4
42963.5
42954.6
42945.8
42936.9
42928
42919.1
42910.3
42901.4
42892.6
42883.7
42874.8
42866
42857.1
42848.3
42839.4
42830.6
42821.7
42812.9
42804
42795.2
42786.3
42777.5
42768.7
42759.8
42751
42742.1
42733.3
42724.5
42715.6
42706.8
42698
42689.2
42680.3
42671.5
42662.7
42653.9
42645.1
42636.2
42627.4
42618.6
42609.8
42601
42592.2
42583.4
42574.6
42565.8
42557
42548.2
42539.4
42530.6
42521.8
42513
42504.2
42495.4
42486.6
42477.8
42469
42460.2
42451.5
42442.7
42433.9
42425.1
42416.3
42407.6
42398.8
42390
42381.3
42372.5
42363.7
42355
42346.2
42337.4
42328.7
42319.9
42311.1
42302.4
42293.6
42284.9
42276.1
42267.4
42258.6
42249.9
42241.1
42232.4
42223.6
42214.9
42206.2
42197.4
42188.7
42180
42171.2
42162.5
42153.8
42145
42136.3
42127.6
42118.9
42110.1
42101.4
42092.7
42084
42075.3
42066.6
42057.8
42049.1
42040.4
42031.7
42023
42014.3
42005.6
41996.9
41988.2
41979.5
41970.8
41962.1
41953.4
41944.7
41936
41927.3
41918.6
41910
41901.3
41892.6
41883.9
41875.2
41866.5
41857.9
41849.2
41840.5
41831.9
41823.2
41814.5
41805.8
41797.2
41788.5
41779.8
41771.2
41762.5
41753.9
41745.2
41736.6
41727.9
41719.3
41710.6
41702
41693.3
41684.7
41676
41667.4
41658.7
41650.1
41641.5
41632.8
41624.2
41615.5
41606.9
41598.3
41589.7
41581
41572.4
41563.8
41555.2
41546.5
41537.9
41529.3
41520.7
41512.1
41503.5
41494.8
41486.2
41477.6
41469
41460.4
41451.8
41443.2
41434.6
41426
41417.4
41408.8
41400.2
41391.6
41383
41374.4
41365.8
41357.3
41348.7
41340.1
41331.5
41322.9
41314.3
41305.8
41297.2
41288.6
41280
41271.5
41262.9
41254.3
41245.8
41237.2
41228.6
41220.1
41211.5
41203
41194.4
41185.8
41177.3
41168.7
41160.2
41151.6
41143.1
41134.5
41126
41117.4
41108.9
41100.4
41091.8
41083.3
41074.7
41066.2
41057.7
41049.1
41040.6
41032.1
41023.6
41015
41006.5
40998
40989.5
40981
40972.4
40963.9
40955.4
40946.9
40938.4
40929.9
40921.4
40912.9
40904.3
40895.8
40887.3
40878.8
40870.3
40861.8
40853.3
40844.8
40836.4
40827.9
40819.4
40810.9
40802.4
40793.9
40785.4
40776.9
40768.5
40760
40751.5
40743
40734.6
40726.1
40717.6
40709.1
40700.7
40692.2
40683.7
40675.3
40666.8
40658.4
40649.9
40641.4
40633
40624.5
40616.1
40607.6
40599.2
40590.7
40582.3
40573.8
40565.4
40556.9
40548.5
40540.1
40531.6
40523.2
40514.7
40506.3
40497.9
40489.4
40481
40472.6
40464.2
40455.7
40447.3
40438.9
40430.5
40422.1
40413.6
40405.2
40396.8
40388.4
40380
40371.6
40363.2
40354.8
40346.4
40338
40329.6
40321.2
40312.8
40304.4
40296
40287.6
40279.2
40270.8
40262.4
40254
40245.6
40237.2
40228.9
40220.5
40212.1
40203.7
40195.3
40187
40178.6
40170.2
40161.8
40153.5
40145.1
40136.7
40128.4
40120
40111.6
40103.3
40094.9
40086.6
40078.2
40069.9
40061.5
40053.1
40044.8
40036.4
40028.1
40019.8
40011.4
40003.1
39994.7
39986.4
39978
39969.7
39961.4
39953
39944.7
39936.4
39928.1
39919.7
39911.4
39903.1
39894.8
39886.4
39878.1
39869.8
39861.5
39853.2
39844.8
39836.5
39828.2
39819.9
39811.6
39803.3
39795
39786.7
39778.4
39770.1
39761.8
39753.5
39745.2
39736.9
39728.6
39720.3
39712
39703.7
39695.5
39687.2
39678.9
39670.6
39662.3
39654
39645.8
39637.5
39629.2
39620.9
39612.7
39604.4
39596.1
39587.9
39579.6
39571.3
39563.1
39554.8
39546.6
39538.3
39530
39521.8
39513.5
39505.3
39497
39488.8
39480.5
39472.3
39464
39455.8
39447.6
39439.3
39431.1
39422.8
39414.6
39406.4
39398.1
39389.9
39381.7
39373.4
39365.2
39357
39348.8
39340.5
39332.3
39324.1
39315.9
39307.7
39299.5
39291.2
39283
39274.8
39266.6
39258.4
39250.2
39242
39233.8
39225.6
39217.4
39209.2
39201
39192.8
39184.6
39176.4
39168.2
39160
39151.9
39143.7
39135.5
39127.3
39119.1
39110.9
39102.8
39094.6
39086.4
39078.2
39070.1
39061.9
39053.7
39045.5
39037.4
39029.2
39021.1
39012.9
39004.7
38996.6
38988.4
38980.3
38972.1
38963.9
38955.8
38947.6
38939.5
38931.4
38923.2
38915.1
38906.9
38898.8
38890.6
38882.5
38874.4
38866.2
38858.1
38850
38841.8
38833.7
38825.6
38817.4
38809.3
38801.2
38793.1
38785
38776.8
38768.7
38760.6
38752.5
38744.4
38736.3
38728.2
38720
38711.9
38703.8
38695.7
38687.6
38679.5
38671.4
38663.3
38655.2
38647.1
38639
38630.9
38622.9
38614.8
38606.7
38598.6
38590.5
38582.4
38574.3
38566.3
38558.2
38550.1
38542
38534
38525.9
38517.8
38509.7
38501.7
38493.6
38485.5
38477.5
38469.4
38461.4
38453.3
38445.2
38437.2
38429.1
38421.1
38413
38405
38396.9
38388.9
38380.8
38372.8
38364.7
38356.7
38348.7
38340.6
38332.6
38324.5
38316.5
38308.5
38300.4
38292.4
38284.4
38276.4
38268.3
38260.3
38252.3
38244.3
38236.2
38228.2
38220.2
38212.2
38204.2
38196.2
38188.2
38180.1
38172.1
38164.1
38156.1
38148.1
38140.1
38132.1
38124.1
38116.1
38108.1
38100.1
38092.1
38084.2
38076.2
38068.2
38060.2
38052.2
38044.2
38036.2
38028.3
38020.3
38012.3
38004.3
37996.3
37988.4
37980.4
37972.4
37964.5
37956.5
37948.5
37940.6
37932.6
37924.6
37916.7
37908.7
37900.8
37892.8
37884.8
37876.9
37868.9
37861
37853
37845.1
37837.1
37829.2
37821.3
37813.3
37805.4
37797.4
37789.5
37781.6
37773.6
37765.7
37757.8
37749.8
37741.9
37734
37726.1
37718.1
37710.2
37702.3
37694.4
37686.5
37678.5
37670.6
37662.7
37654.8
37646.9
37639
37631.1
37623.2
37615.3
37607.4
37599.5
37591.6
37583.7
37575.8
37567.9
37560
37552.1
37544.2
37536.3
37528.4
37520.5
37512.6
37504.8
37496.9
37489
37481.1
37473.2
37465.4
37457.5
37449.6
37441.7
37433.9
37426
37418.1
37410.3
37402.4
37394.5
37386.7
37378.8
37370.9
37363.1
37355.2
37347.4
37339.5
37331.7
37323.8
37316
37308.1
37300.3
37292.4
37284.6
37276.8
37268.9
37261.1
37253.2
37245.4
37237.6
37229.7
37221.9
37214.1
37206.2
37198.4
37190.6
37182.8
37174.9
37167.1
37159.3
37151.5
37143.7
37135.9
37128
37120.2
37112.4
37104.6
37096.8
37089
37081.2
37073.4
37065.6
37057.8
37050
37042.2
37034.4
37026.6
37018.8
37011
37003.2
36995.4
36987.7
36979.9
36972.1
36964.3
36956.5
36948.7
36941
36933.2
36925.4
36917.6
36909.9
36902.1
36894.3
36886.6
36878.8
36871
36863.3
36855.5
36847.7
36840
36832.2
36824.5
36816.7
36808.9
36801.2
36793.4
36785.7
36777.9
36770.2
36762.5
36754.7
36747
36739.2
36731.5
36723.8
36716
36708.3
36700.6
36692.8
36685.1
36677.4
36669.6
36661.9
36654.2
36646.5
36638.7
36631
36623.3
36615.6
36607.9
36600.2
36592.4
36584.7
36577
36569.3
36561.6
36553.9
36546.2
36538.5
36530.8
36523.1
36515.4
36507.7
36500
36492.3
36484.6
36476.9
36469.2
36461.6
36453.9
36446.2
36438.5
36430.8
36423.1
36415.5
36407.8
36400.1
36392.4
36384.8
36377.1
36369.4
36361.7
36354.1
36346.4
36338.7
36331.1
36323.4
36315.8
36308.1
36300.5
36292.8
36285.1
36277.5
36269.8
36262.2
36254.5
36246.9
36239.2
36231.6
36224
36216.3
36208.7
36201
36193.4
36185.8
36178.1
36170.5
36162.9
36155.2
36147.6
36140
36132.4
36124.7
36117.1
36109.5
36101.9
36094.3
36086.6
36079
36071.4
36063.8
36056.2
36048.6
36041
36033.4
36025.8
36018.2
36010.6
36003
35995.4
35987.8
35980.2
35972.6
35965
35957.4
35949.8
35942.2
35934.6
35927.1
35919.5
35911.9
35904.3
35896.7
35889.1
35881.6
35874
35866.4
35858.9
35851.3
35843.7
35836.1
35828.6
35821
35813.5
35805.9
35798.3
35790.8
35783.2
35775.7
35768.1
35760.6
35753
35745.4
35737.9
35730.4
35722.8
35715.3
35707.7
35700.2
35692.6
35685.1
35677.6
35670
35662.5
35655
35647.4
35639.9
35632.4
35624.9
35617.3
35609.8
35602.3
35594.8
35587.2
35579.7
35572.2
35564.7
35557.2
35549.7
35542.2
35534.6
35527.1
35519.6
35512.1
35504.6
35497.1
35489.6
35482.1
35474.6
35467.1
35459.6
35452.2
35444.7
35437.2
35429.7
35422.2
35414.7
35407.2
35399.7
35392.3
35384.8
35377.3
35369.8
35362.4
35354.9
35347.4
35339.9
35332.5
35325
35317.5
35310.1
35302.6
35295.2
35287.7
35280.2
35272.8
35265.3
35257.9
35250.4
35243
35235.5
35228.1
35220.6
35213.2
35205.7
35198.3
35190.8
35183.4
35176
35168.5
35161.1
35153.7
35146.2
35138.8
35131.4
35123.9
35116.5
35109.1
35101.7
35094.3
35086.8
35079.4
35072
35064.6
35057.2
35049.8
35042.3
35034.9
35027.5
35020.1
35012.7
35005.3
34997.9
34990.5
34983.1
34975.7
34968.3
34960.9
34953.5
34946.1
34938.8
34931.4
34924
34916.6
34909.2
34901.8
34894.4
34887.1
34879.7
34872.3
34864.9
34857.6
34850.2
34842.8
34835.5
34828.1
34820.7
34813.4
34806
34798.6
34791.3
34783.9
34776.6
34769.2
34761.9
34754.5
34747.1
34739.8
34732.5
34725.1
34717.8
34710.4
34703.1
34695.7
34688.4
34681.1
34673.7
34666.4
34659.1
34651.7
34644.4
34637.1
34629.7
34622.4
34615.1
34607.8
34600.5
34593.1
34585.8
34578.5
34571.2
34563.9
34556.6
34549.3
34541.9
34534.6
34527.3
34520
34512.7
34505.4
34498.1
34490.8
34483.5
34476.2
34468.9
34461.7
34454.4
34447.1
34439.8
34432.5
34425.2
34417.9
34410.7
34403.4
34396.1
34388.8
34381.6
34374.3
34367
34359.7
34352.5
34345.2
34337.9
34330.7
34323.4
34316.2
34308.9
34301.6
34294.4
34287.1
34279.9
34272.6
34265.4
34258.1
34250.9
34243.6
34236.4
34229.2
34221.9
34214.7
34207.4
34200.2
34193
34185.7
34178.5
34171.3
34164
34156.8
34149.6
34142.4
34135.2
34127.9
34120.7
34113.5
34106.3
34099.1
34091.9
34084.6
34077.4
34070.2
34063
34055.8
34048.6
34041.4
34034.2
34027
34019.8
34012.6
34005.4
33998.2
33991.1
33983.9
33976.7
33969.5
33962.3
33955.1
33948
33940.8
33933.6
33926.4
33919.3
33912.1
33904.9
33897.7
33890.6
33883.4
33876.2
33869.1
33861.9
33854.8
33847.6
33840.4
33833.3
33826.1
33819
33811.8
33804.7
33797.5
33790.4
33783.3
33776.1
33769
33761.8
33754.7
33747.6
33740.4
33733.3
33726.2
33719.1
33711.9
33704.8
33697.7
33690.6
33683.4
33676.3
33669.2
33662.1
33655
33647.9
33640.8
33633.7
33626.5
33619.4
33612.3
33605.2
33598.1
33591
33583.9
33576.8
33569.8
33562.7
33555.6
33548.5
33541.4
33534.3
33527.2
33520.2
33513.1
33506
33498.9
33491.8
33484.8
33477.7
33470.6
33463.6
33456.5
33449.4
33442.4
33435.3
33428.3
33421.2
33414.2
33407.1
33400
33393
33385.9
33378.9
33371.9
33364.8
33357.8
33350.7
33343.7
33336.7
33329.6
33322.6
33315.6
33308.5
33301.5
33294.5
33287.5
33280.4
33273.4
33266.4
33259.4
33252.4
33245.4
33238.4
33231.3
33224.3
33217.3
33210.3
33203.3
33196.3
33189.3
33182.3
33175.3
33168.4
33161.4
33154.4
33147.4
33140.4
33133.4
33126.4
33119.5
33112.5
33105.5
33098.5
33091.6
33084.6
33077.6
33070.7
33063.7
33056.7
33049.8
33042.8
33035.9
33028.9
33021.9
33015
33008
33001.1
32994.2
32987.2
32980.3
32973.3
32966.4
32959.5
32952.5
32945.6
32938.7
32931.7
32924.8
32917.9
32911
32904
32897.1
32890.2
32883.3
32876.4
32869.5
32862.6
32855.7
32848.8
32841.9
32835
32828.1
32821.2
32814.3
32807.4
32800.5
32793.6
32786.7
32779.8
32773
32766.1
32759.2
32752.3
32745.5
32738.6
32731.7
32724.9
32718
32711.1
32704.3
32697.4
32690.6
32683.7
32676.9
32670
32663.2
32656.3
32649.5
32642.6
32635.8
32629
32622.1
32615.3
32608.5
32601.6
32594.8
32588
32581.2
32574.4
32567.5
32560.7
32553.9
32547.1
32540.3
32533.5
32526.7
32519.9
32513.1
32506.3
32499.5
32492.7
32485.9
32479.2
32472.4
32465.6
32458.8
32452
32445.3
32438.5
32431.7
32425
32418.2
32411.4
32404.7
32397.9
32391.2
32384.4
32377.7
32370.9
32364.2
32357.4
32350.7
32344
32337.2
32330.5
32323.8
32317.1
32310.3
32303.6
32296.9
32290.2
32283.5
32276.8
32270.1
32263.4
32256.7
32250
32243.3
32236.6
32229.9
32223.2
32216.5
32209.8
32203.1
32196.5
32189.8
32183.1
32176.5
32169.8
32163.1
32156.5
32149.8
32143.2
32136.5
32129.9
32123.2
32116.6
32109.9
32103.3
32096.7
32090
32083.4
32076.8
32070.2
32063.6
32057
32050.3
32043.7
32037.1
32030.5
32023.9
32017.3
32010.8
32004.2
31997.6
31991
31984.4
31977.8
31971.3
31964.7
31958.1
31951.6
31945
31938.5
31931.9
31925.4
31918.8
31912.3
31905.8
31899.2
31892.7
31886.2
31879.7
31873.1
31866.6
31860.1
31853.6
31847.1
31840.6
31834.1
31827.6
31821.1
31814.7
31808.2
31801.7
31795.2
31788.8
31782.3
31775.8
31769.4
31762.9
31756.5
31750
31743.6
31737.2
31730.7
31724.3
31717.9
31711.5
31705.1
31698.7
31692.3
31685.9
31679.5
31673.1
31666.7
31660.3
31653.9
31647.6
31641.2
31634.8
31628.5
31622.1
31615.8
31609.4
31603.1
31596.8
31590.4
31584.1
31577.8
31571.5
31565.2
31558.9
31552.6
31546.3
31540
31533.7
31527.4
31521.2
31514.9
31508.7
31502.4
31496.2
31489.9
31483.7
31477.5
31471.2
31465
31458.8
31452.6
31446.4
31440.2
31434
31427.8
31421.7
31415.5
31409.3
31403.2
31397
31390.9
31384.7
31378.6
31372.5
31366.4
31360.3
31354.2
31348.1
31342
31335.9
31329.8
31323.8
31317.7
31311.7
31305.6
31299.6
31293.5
31287.5
31281.5
31275.5
31269.5
31263.5
31257.5
31251.6
31245.6
31239.6
31233.7
31227.8
31221.8
31215.9
31210
31204.1
31198.2
31192.3
31186.4
31180.6
31174.7
31168.8
31163
31157.2
31151.4
31145.5
31139.7
31133.9
31128.2
31122.4
31116.6
31110.9
31105.1
31099.4
31093.7
31088
31082.3
31076.6
31070.9
31065.3
31059.6
31054
31048.3
31042.7
31037.1
31031.5
31025.9
31020.4
31014.8
31009.2
31003.7
30998.2
30992.7
30987.2
30981.7
30976.2
30970.8
30965.3
30959.9
30954.5
30949.1
30943.7
30938.3
30933
30927.6
30922.3
30917
30911.7
30906.4
30901.2
30895.9
30890.7
30885.5
30880.2
30875.1
30869.9
30864.7
30859.6
30854.5
30849.4
30844.3
30839.2
30834.2
30829.1
30824.1
30819.1
30814.1
30809.2
30804.2
30799.3
30794.4
30789.5
30784.6
30779.8
30775
30770.2
30765.4
30760.6
30755.9
30751.2
30746.4
30741.8
30737.1
30732.5
30727.9
30723.3
30718.7
30714.1
30709.6
30705.1
30700.6
30696.2
30691.7
30687.3
30682.9
30678.6
30674.2
30669.9
30665.6
30661.4
30657.1
30652.9
30648.7
30644.6
30640.5
30636.3
30632.3
30628.2
30624.2
30620.2
30616.2
30612.3
30608.4
30604.5
30600.6
30596.8
30593
30589.2
30585.4
30581.7
30578
30574.4
30570.8
30567.2
30563.6
30560.1
30556.6
30553.1
30549.6
30546.2
30542.8
30539.5
30536.2
30532.9
30529.6
30526.4
30523.2
30520.1
30516.9
30513.8
30510.8
30507.7
30504.7
30501.8
30498.9
30496
30493.1
30490.3
30487.5
30484.7
30482
30479.3
30476.6
30474
30471.4
30468.8
30466.3
30463.8
30461.3
30458.9
30456.5
30454.1
30451.8
30449.5
30447.3
30445
30442.9
30440.7
30438.6
30436.5
30434.4
30432.4
30430.4
30428.4
30426.5
30424.6
30422.7
30420.9
30419.1
30417.3
30415.6
30413.9
30412.2
30410.6
30409
30407.4
30405.9
30404.3
30402.8
30401.4
30400
30398.6
30397.2
30395.8
30394.5
30393.2
30392
30390.8
30389.6
30388.4
30387.2
30386.1
30385
30383.9
30382.9
30381.9
30380.9
30379.9
30379
30378
30377.1
30376.3
30375.4
30374.6
30373.8
30373
30372.2
30371.5
30370.8
30370.1
30369.4
30368.7
30368.1
30367.4
30366.8
30366.2
30365.7
30365.1
30364.6
30364.1
30363.5
30363.1
30362.6
30362.1
30361.7
30361.2
30360.8
30360.4
30360
30359.7
30359.3
30359
30358.6
30358.3
30358
30357.7
30357.4
30357.1
30356.8
30356.6
30356.3
30356.1
30355.8
30355.6
30355.4
30355.2
30355
30354.8
30354.6
30354.4
30354.2
30354.1
30353.9
30353.8
30353.6
30353.5
30353.4
30353.2
30353.1
30353
30352.9
30352.8
30352.7
30352.6
30352.5
30352.4
30352.3
30352.2
30352.1
30352.1
30352
30351.9
30351.9
30351.8
30351.7
30351.7
30351.6
30351.6
30351.5
30351.5
30351.4
30351.4
30351.3
30351.3
30351.3
30351.2
30351.2
30351.2
30351.1
30351.1
30351.1
30351.1
30351
30351
30351
30351
30351
30350.9
30350.9
30350.9
30350.9
30350.9
30350.8
30350.8
30350.8
30350.8
30350.8
30350.8
30350.8
30350.8
30350.8
30350.7
30350.7
30350.7
30350.7
30350.7
30350.7
30350.7
30350.7
30350.7
30350.7
30350.7
30350.7
30350.7
30350.7
30350.6
30350.6
30350.6
30350.6
30350.6
30350.6
30350.6
30350.6
30350.6
30350.6
30350.6
30350.6
30350.6
30350.6
30350.6
30350.6
30350.6
30350.6
30350.6
30350.6
30350.6
30350.6
30350.6
30350.6
30350.6
30350.6
30350.6
30350.6
30350.6
30350.6
30350.6
30350.6
30350.6
30350.6
30350.6
30350.5
30350.5
30350.5
30350.5
30350.5
30350.5
30350.5
30350.5
30350.5
30350.5
30350.5
30350.5
30350.5
30350.5
30350.5
30350.5
30350.5
30350.5
30350.5
30350.5
30350.5
30350.5
30350.5
30350.5
30350.5
30350.5
30350.5
30350.5
30350.5
30350.5
30350.5
30350.5
30350.5
30350.5
30350.5
30350.5
30350.5
30350.5
30350.5
30350.5
30350.5
30350.5
30350.5
30350.5
30350.5
30350.5
30350.5
30350.5
30350.5
30350.5
30350.5
30350.5
30350.5
30350.5
30350.5
30350.5
30350.5
30350.5
30350.5
30350.5
30350.5
30350.5
30350.5
30350.5
30350.5
30350.5
30350.5
30350.5
30350.5
30350.5
30350.5
30350.5
30350.5
30350.5
30350.5
30350.5
30350.5
30350.5
30350.5
30350.5
30350.5
30350.5
30350.4
30350.4
30350.4
30350.4
30350.4
30350.4
30350.4
30350.4
30350.4
30350.4
30350.4
30350.4
30350.4
30350.4
30350.4
30350.4
30350.4
30350.4
30350.4
30350.4
30350.4
30350.4
30350.4
30350.4
30350.4
30350.4
30350.4
30350.4
30350.4
30350.4
30350.4
30350.4
30350.4
30350.4
30350.4
30350.4
30350.4
30350.4
30350.4
30350.4
30350.4
30350.4
30350.4
30350.4
30350.4
30350.4
30350.4
30350.4
30350.4
30350.4
30350.4
30350.4
30350.4
30350.4
30350.4
30350.4
30350.4
30350.4
30350.4
30350.4
30350.4
30350.4
30350.4
30350.4
30350.4
30350.4
30350.4
30350.4
30350.4
30350.4
30350.4
30350.4
30350.4
30350.4
30350.4
30350.4
30350.4
30350.4
30350.4
30350.4
30350.4
30350.4
30350.4
30350.4
30350.4
30350.4
30350.4
30350.4
30350.4
30350.4
30350.4
30350.4
30350.4
30350.4
30350.4
30350.4
30350.4
30350.4
30350.4
30350.4
30350.4
30350.4
30350.4
30350.4
30350.4
30350.4
30350.4
30350.4
30350.4
30350.4
30350.4
30350.4
30350.4
30350.4
30350.4
30350.4
30350.4
30350.4
30350.4
30350.4
30350.4
30350.4
30350.4
30350.4
30350.4
30350.4
30350.4
30350.4
30350.4
30350.4
30350.4
30350.4
30350.4
30350.4
30350.4
30350.4
30350.4
30350.4
30350.4
30350.4
30350.4
30350.4
30350.4
30350.4
30350.4
30350.4
30350.4
30350.4
30350.4
30350.4
30350.4
30350.4
30350.4
30350.4
30350.4
30350.4
30350.4
30350.4
30350.4
30350.4
30350.4
30350.4
30350.4
30350.4
30350.4
30350.4
30350.4
30350.4
30350.4
30350.4
30350.4
30350.4
30350.4
30350.4
30350.4
30350.4
30350.4
30350.4
30350.4
30350.4
30350.4
30350.4
30350.4
30350.4
30350.4
30350.4
30350.4
30350.4
30350.4
30350.4
30350.4
30350.4
30350.4
30350.3
30350.3
30350.3
30350.3
30350.3
30350.3
30350.3
30350.3
30350.3
30350.3
30350.3
30350.3
30350.3
30350.3
30350.3
30350.3
30350.3
30350.3
30350.3
30350.3
30350.3
30350.3
30350.3
30350.3
30350.3
30350.3
30350.3
30350.3
30350.3
30350.3
30350.3
30350.3
30350.3
30350.3
30350.3
30350.3
30350.3
30350.3
30350.3
30350.3
30350.3
30350.3
30350.3
30350.3
30350.3
30350.3
30350.3
30350.3
30350.3
30350.3
30350.3
30350.3
30350.3
30350.3
30350.3
30350.3
30350.3
30350.3
30350.3
30350.3
30350.3
30350.3
30350.3
30350.3
30350.3
30350.3
30350.3
30350.3
30350.3
30350.3
30350.3
30350.3
30350.3
30350.3
30350.3
30350.3
30350.3
30350.3
30350.3
30350.3
30350.3
30350.3
30350.3
30350.3
30350.3
30350.3
30350.3
30350.3
30350.3
30350.3
30350.3
30350.3
30350.3
30350.3
30350.3
30350.3
30350.3
30350.3
30350.3
30350.3
30350.3
30350.3
30350.3
30350.3
30350.3
30350.3
30350.3
30350.3
30350.3
30350.3
30350.3
30350.3
30350.3
30350.3
30350.3
30350.3
30350.3
30350.3
30350.3
30350.3
30350.3
30350.3
30350.3
30350.3
30350.3
30350.3
30350.3
30350.3
30350.3
30350.3
30350.3
30350.3
30350.3
30350.3
30350.3
30350.3
30350.3
30350.3
30350.3
30350.3
30350.3
30350.3
30350.3
30350.3
30350.3
30350.3
30350.3
30350.3
30350.3
30350.3
30350.3
30350.3
30350.3
30350.3
30350.3
30350.3
30350.3
30350.3
30350.3
30350.3
30350.3
30350.3
30350.3
30350.3
30350.3
30350.3
30350.3
30350.3
30350.3
30350.3
30350.3
30350.3
30350.3
30350.3
30350.3
30350.3
30350.3
30350.3
30350.3
30350.3
30350.3
30350.3
30350.3
30350.3
30350.3
30350.3
30350.3
30350.3
30350.3
30350.3
30350.3
30350.3
30350.3
30350.3
30350.3
30350.3
30350.3
30350.3
30350.3
30350.3
30350.3
30350.3
30350.3
30350.3
30350.3
30350.3
30350.3
30350.3
30350.3
30350.3
30350.3
30350.3
30350.3
30350.3
30350.3
30350.3
30350.3
30350.3
30350.3
30350.3
30350.3
30350.3
30350.3
30350.3
30350.3
30350.3
30350.3
30350.3
30350.3
30350.3
30350.3
30350.3
30350.3
30350.3
30350.3
30350.3
30350.3
30350.3
30350.3
30350.3
30350.3
30350.3
30350.3
30350.3
30350.3
30350.3
30350.3
30350.3
30350.3
30350.3
30350.3
30350.3
30350.3
30350.3
30350.3
30350.3
30350.3
30350.3
30350.3
30350.3
30350.3
30350.3
30350.3
30350.3
30350.3
30350.3
30350.3
30350.3
30350.3
30350.3
30350.3
30350.3
30350.3
30350.3
30350.3
30350.3
30350.3
30350.3
30350.3
30350.3
30350.3
30350.3
30350.3
30350.3
30350.3
30350.3
30350.3
30350.3
30350.3
30350.3
30350.3
30350.3
30350.3
30350.3
30350.3
30350.3
30350.3
30350.3
30350.3
30350.3
30350.3
30350.3
30350.3
30350.3
30350.3
30350.3
30350.3
30350.3
30350.3
30350.3
30350.3
30350.3
30350.3
30350.3
30350.3
30350.3
30350.3
30350.3
30350.3
30350.3
30350.3
30350.3
30350.3
30350.3
30350.3
30350.3
30350.3
30350.3
30350.3
30350.3
30350.3
30350.3
30350.3
30350.3
30350.3
30350.3
30350.3
30350.3
30350.3
30350.3
30350.3
30350.3
30350.3
30350.3
30350.3
30350.3
30350.3
30350.3
30350.3
30350.3
30350.3
30350.3
30350.3
30350.3
30350.3
30350.3
30350.3
30350.3
30350.3
30350.3
30350.3
30350.3
30350.3
30350.3
30350.3
30350.3
30350.3
30350.3
30350.3
30350.3
30350.3
30350.3
30350.3
30350.3
30350.3
30350.3
30350.3
30350.3
30350.3
30350.3
30350.3
30350.3
30350.3
30350.3
30350.3
30350.3
30350.3
30350.3
30350.3
30350.3
30350.3
30350.3
30350.3
30350.3
30350.3
30350.3
30350.3
30350.3
30350.3
30350.3
30350.3
30350.3
30350.3
30350.3
30350.3
30350.3
30350.3
30350.3
30350.3
30350.3
30350.3
30350.3
30350.3
30350.3
30350.3
30350.3
30350.3
30350.3
30350.3
30350.3
30350.3
30350.3
30350.3
30350.3
30350.3
30350.3
30350.3
30350.3
30350.3
30350.3
30350.3
30350.3
30350.3
30350.3
30350.3
30350.3
30350.3
30350.3
30350.3
30350.3
30350.3
30350.3
30350.3
30350.3
30350.3
30350.3
30350.3
30350.3
30350.3
30350.3
30350.3
30350.3
30350.3
30350.3
30350.3
30350.3
30350.3
30350.3
30350.3
30350.3
30350.3
30350.3
30350.3
30350.3
30350.3
30350.3
30350.3
30350.3
30350.3
30350.3
30350.3
30350.3
30350.3
30350.3
30350.3
30350.3
30350.3
30350.3
30350.3
30350.3
30350.3
30350.3
30350.3
30350.3
30350.3
30350.3
30350.3
30350.3
30350.3
30350.3
30350.3
30350.3
30350.3
30350.3
30350.3
30350.3
30350.3
30350.3
30350.3
30350.3
30350.3
30350.3
30350.3
30350.3
30350.3
30350.3
30350.3
30350.3
30350.3
30350.3
30350.3
30350.3
30350.3
30350.3
30350.3
30350.3
30350.3
30350.3
30350.3
30350.3
30350.3
30350.3
30350.3
30350.3
30350.3
30350.3
30350.3
30350.3
30350.3
30350.3
30350.3
30350.3
30350.3
30350.3
30350.3
30350.3
30350.3
30350.3
30350.3
30350.3
30350.3
30350.3
30350.3
30350.3
30350.3
30350.3
30350.3
30350.3
30350.3
30350.3
30350.3
30350.3
30350.3
30350.3
30350.3
30350.3
30350.3
30350.3
30350.3
30350.3
30350.3
30350.3
30350.3
30350.3
30350.3
30350.3
30350.3
30350.3
30350.3
30350.3
30350.3
30350.3
30350.3
30350.3
30350.3
30350.3
30350.3
30350.3
30350.3
30350.3
30350.3
30350.3
30350.3
30350.3
30350.3
30350.3
30350.3
30350.3
30350.3
30350.3
30350.3
30350.3
30350.3
30350.3
30350.3
30350.3
30350.3
30350.3
30350.3
30350.3
30350.3
30350.3
30350.3
30350.3
30350.3
30350.3
30350.3
30350.3
30350.3
30350.3
30350.3
30350.3
30350.3
30350.3
30350.3
30350.3
30350.3
30350.3
30350.3
30350.3
30350.3
30350.3
30350.3
30350.3
30350.3
30350.3
30350.3
30350.3
30350.3
30350.3
30350.3
30350.3
30350.3
30350.3
30350.3
30350.3
30350.3
30350.3
30350.3
30350.3
30350.3
30350.3
30350.3
30350.3
30350.3
30350.3
30350.3
30350.3
30350.3
30350.3
30350.3
30350.3
30350.3
30350.3
30350.3
30350.3
30350.3
30350.3
30350.3
30350.3
30350.3
30350.3
30350.3
30350.3
30350.3
30350.3
30350.3
30350.3
30350.3
30350.3
30350.3
30350.3
30350.3
30350.3
30350.3
30350.3
30350.3
30350.3
30350.3
30350.3
30350.3
30350.3
30350.3
30350.3
30350.3
30350.3
30350.3
30350.3
30350.3
30350.3
30350.3
30350.3
30350.3
30350.3
30350.3
30350.3
30350.3
30350.3
30350.3
30350.3
30350.3
30350.3
30350.3
30350.3
30350.3
30350.3
30350.3
30350.3
30350.3
30350.3
30350.3
30350.3
30350.3
30350.3
30350.3
30350.3
30350.3
30350.3
30350.3
30350.3
30350.3
30350.3
30350.3
30350.3
30350.3
30350.3
30350.3
30350.3
30350.3
30350.3
30350.3
30350.3
30350.3
30350.3
30350.3
30350.3
30350.3
30350.3
30350.3
30350.3
30350.3
30350.3
30350.3
30350.3
30350.3
30350.3
30350.3
30350.3
30350.3
30350.3
30350.3
30350.3
30350.3
30350.3
30350.3
30350.3
30350.3
30350.3
30350.3
30350.3
30350.3
30350.3
30350.3
30350.3
30350.3
30350.3
30350.3
30350.3
30350.3
30350.3
30350.3
30350.3
30350.3
30350.3
30350.3
30350.3
30350.3
30350.3
30350.3
30350.3
30350.3
30350.3
30350.3
30350.3
30350.3
30350.3
30350.3
30350.3
30350.3
30350.3
30350.3
30350.3
30350.3
30350.3
30350.3
30350.3
30350.3
30350.3
30350.3
30350.3
30350.3
30350.3
30350.3
30350.3
30350.3
30350.3
30350.3
30350.3
30350.3
30350.3
30350.3
30350.3
30350.3
30350.3
30350.3
30350.3
30350.3
30350.3
30350.3
30350.3
30350.3
30350.3
30350.3
30350.3
30350.3
30350.3
30350.3
30350.3
30350.3
30350.3
30350.3
30350.3
30350.3
30350.3
30350.3
30350.3
30350.3
30350.3
30350.3
30350.3
30350.3
30350.3
30350.3
30350.3
30350.3
30350.3
30350.3
30350.3
30350.3
30350.3
30350.3
30350.3
30350.3
30350.3
30350.3
30350.3
30350.3
30350.3
30350.3
30350.3
30350.3
30350.3
30350.3
30350.3
30350.3
30350.3
30350.3
30350.3
30350.3
30350.3
30350.3
30350.3
30350.3
30350.3
30350.3
30350.3
30350.3
30350.3
30350.3
30350.3
30350.3
30350.3
30350.3
30350.3
30350.3
30350.3
30350.3
30350.3
30350.3
30350.3
30350.3
30350.3
30350.3
30350.3
30350.3
30350.3
30350.3
30350.3
30350.3
30350.3
30350.3
30350.3
30350.3
30350.3
30350.3
30350.3
30350.3
30350.3
30350.3
30350.3
30350.3
30350.3
30350.3
30350.3
30350.3
30350.3
30350.3
30350.3
30350.3
30350.3
30350.3
30350.3
30350.3
30350.3
30350.3
30350.3
30350.3
30350.3
30350.3
30350.3
30350.3
30350.3
30350.3
30350.3
30350.3
30350.3
30350.3
30350.3
30350.3
30350.3
30350.3
30350.3
30350.3
30350.3
30350.3
30350.3
30350.3
30350.3
30350.3
30350.3
30350.3
30350.3
30350.3
30350.3
30350.3
30350.3
30350.3
30350.3
30350.3
30350.3
30350.3
30350.3
30350.3
30350.3
30350.3
30350.3
30350.3
30350.3
30350.3
30350.3
30350.3
30350.3
30350.3
30350.3
30350.3
30350.3
30350.3
30350.3
30350.3
30350.3
30350.3
30350.3
30350.3
30350.3
30350.3
30350.3
30350.3
30350.3
30350.3
30350.3
30350.3
30350.3
30350.3
30350.3
30350.3
30350.3
30350.3
30350.3
30350.3
30350.3
30350.3
30350.3
30350.3
30350.3
30350.3
30350.3
30350.3
30350.3
30350.3
30350.3
30350.3
30350.3
30350.3
30350.3
30350.3
30350.3
30350.3
30350.3
30350.3
30350.3
30350.3
30350.3
30350.3
30350.3
30350.3
30350.3
30350.3
30350.3
30350.3
30350.3
30350.3
30350.3
30350.3
30350.3
30350.3
30350.3
30350.3
30350.3
30350.3
30350.3
30350.3
30350.3
30350.3
30350.3
30350.3
30350.3
30350.3
30350.3
30350.3
30350.3
30350.3
30350.3
30350.3
30350.3
30350.3
30350.3
30350.3
30350.3
30350.3
30350.3
30350.3
30350.3
30350.3
30350.3
30350.3
30350.3
30350.3
30350.3
30350.3
30350.3
30350.3
30350.3
30350.3
30350.3
30350.3
30350.3
30350.3
30350.3
30350.3
30350.3
30350.3
30350.3
30350.3
30350.3
30350.3
30350.3
30350.3
30350.3
30350.3
30350.3
30350.3
30350.3
30350.3
30350.3
30350.3
30350.3
30350.3
30350.3
30350.3
30350.3
30350.3
30350.3
30350.3
30350.3
30350.3
30350.3
30350.3
30350.3
30350.3
30350.3
30350.3
30350.3
30350.3
30350.3
30350.3
30350.3
30350.3
30350.3
30350.3
30350.3
30350.3
30350.3
30350.3
30350.3
30350.3
30350.3
30350.3
30350.3
30350.3
30350.3
30350.3
30350.3
30350.3
30350.3
30350.3
30350.3
30350.3
30350.3
30350.3
30350.3
30350.3
30350.3
30350.3
30350.3
30350.3
30350.3
30350.3
30350.3
30350.3
30350.3
30350.3
30350.3
30350.3
30350.3
30350.3
30350.3
30350.3
30350.3
30350.3
30350.3
30350.3
30350.3
30350.3
30350.3
30350.3
30350.3
30350.3
30350.3
30350.3
30350.3
30350.3
30350.3
30350.3
30350.3
30350.3
30350.3
30350.3
30350.3
30350.3
30350.3
30350.3
30350.3
30350.3
30350.3
30350.3
30350.3
30350.3
30350.3
30350.3
30350.3
30350.3
30350.3
30350.3
30350.3
30350.3
30350.3
30350.3
30350.3
30350.3
30350.3
30350.3
30350.3
30350.3
30350.3
30350.3
30350.3
30350.3
30350.3
30350.3
30350.3
30350.3
30350.3
30350.3
30350.3
30350.3
30350.3
30350.3
30350.3
30350.3
30350.3
30350.3
30350.3
30350.3
30350.3
30350.3
30350.3
30350.3
30350.3
30350.3
30350.3
30350.3
30350.3
30350.3
30350.3
30350.3
30350.3
30350.3
30350.3
30350.3
30350.3
30350.3
30350.3
30350.3
30350.3
30350.3
30350.3
30350.3
30350.3
30350.3
30350.3
30350.3
30350.3
30350.3
30350.3
30350.3
30350.3
30350.3
30350.3
30350.3
30350.3
30350.3
30350.3
30350.3
30350.3
30350.3
30350.3
30350.3
30350.3
30350.3
30350.3
30350.3
30350.3
30350.3
30350.3
30350.3
30350.3
30350.3
30350.3
30350.3
30350.3
30350.3
30350.3
30350.3
30350.3
30350.3
30350.3
30350.3
30350.3
30350.3
30350.3
30350.3
30350.3
30350.3
30350.3
30350.3
30350.3
30350.3
30350.3
30350.3
30350.3
30350.3
30350.3
30350.3
30350.3
30350.3
30350.3
30350.3
30350.3
30350.3
30350.3
30350.3
30350.3
30350.3
30350.3
30350.3
30350.3
30350.3
30350.3
30350.3
30350.3
30350.3
30350.3
30350.3
30350.3
30350.3
30350.3
30350.3
30350.3
30350.3
30350.3
30350.3
30350.3
30350.3
30350.3
30350.3
30350.3
30350.3
30350.3
30350.3
30350.3
30350.3
30350.3
30350.3
30350.3
30350.3
30350.3
30350.3
30350.3
30350.3
30350.3
30350.3
30350.3
30350.3
30350.3
30350.3
30350.3
30350.3
30350.3
30350.3
30350.3
30350.3
30350.3
30350.3
30350.3
30350.3
30350.3
30350.3
30350.3
30350.3
30350.3
30350.3
30350.3
30350.3
30350.3
30350.3
30350.3
30350.3
30350.3
30350.3
30350.3
30350.3
30350.3
30350.3
30350.3
30350.3
30350.3
30350.3
30350.3
30350.3
30350.3
30350.3
30350.3
30350.3
30350.3
30350.3
30350.3
30350.3
30350.3
30350.3
30350.3
30350.3
30350.3
30350.3
30350.3
30350.3
30350.3
30350.3
30350.3
30350.3
30350.3
30350.3
30350.3
30350.3
30350.3
30350.3
30350.3
30350.3
30350.3
30350.3
30350.3
30350.3
30350.3
30350.3
30350.3
30350.3
30350.3
30350.3
30350.3
30350.3
30350.3
30350.3
30350.3
30350.3
30350.3
30350.3
30350.3
30350.3
30350.3
30350.3
30350.3
30350.3
30350.3
30350.3
30350.3
30350.3
30350.3
30350.3
30350.3
30350.3
30350.3
30350.3
30350.3
30350.3
30350.3
30350.3
30350.3
30350.3
30350.3
30350.3
30350.3
30350.3
30350.3
30350.3
30350.3
30350.3
30350.3
30350.3
30350.3
30350.3
30350.3
30350.3
30350.3
30350.3
30350.3
30350.3
30350.3
30350.3
30350.3
30350.3
30350.3
30350.3
30350.3
30350.3
30350.3
30350.3
30350.3
30350.3
30350.3
30350.3
30350.3
30350.3
30350.3
30350.3
30350.3
30350.3
30350.3
30350.3
30350.3
30350.3
30350.3
30350.3
30350.3
30350.3
30350.3
30350.3
30350.3
30350.3
30350.3
30350.3
30350.3
30350.3
30350.3
30350.3
30350.3
30350.3
30350.3
30350.3
30350.3
30350.3
30350.3
30350.3
30350.3
30350.3
30350.3
30350.3
30350.3
30350.3
30350.3
30350.3
30350.3
30350.3
30350.3
30350.3
30350.3
30350.3
30350.3
30350.3
30350.3
30350.3
30350.3
30350.3
30350.3
30350.3
30350.3
30350.3
30350.3
30350.3
30350.3
30350.3
30350.3
30350.3
30350.3
30350.3
30350.3
30350.3
30350.3
30350.3
30350.3
30350.3
30350.3
30350.3
30350.3
30350.3
30350.3
30350.3
30350.3
30350.3
30350.3
30350.3
30350.3
30350.3
30350.3
30350.3
30350.3
30350.3
30350.3
30350.3
30350.3
30350.3
30350.3
30350.3
30350.3
30350.3
30350.3
30350.3
30350.3
30350.3
30350.3
30350.3
30350.3
30350.3
30350.3
30350.3
30350.3
30350.3
30350.3
30350.3
30350.3
30350.3
30350.3
30350.3
30350.3
30350.3
30350.3
30350.3
30350.3
30350.3
30350.3
30350.3
30350.3
30350.3
30350.3
30350.3
30350.3
30350.3
30350.3
30350.3
30350.3
30350.3
30350.3
30350.3
30350.3
30350.3
30350.3
30350.3
30350.3
30350.3
30350.3
30350.3
30350.3
30350.3
30350.3
30350.3
30350.3
30350.3
30350.3
30350.3
30350.3
30350.3
30350.3
30350.3
30350.3
30350.3
30350.3
30350.3
30350.3
30350.3
30350.3
30350.3
30350.3
30350.3
30350.3
30350.3
30350.3
30350.3
30350.3
30350.3
30350.3
30350.3
30350.3
30350.3
30350.3
30350.3
30350.3
30350.3
30350.3
30350.3
30350.3
30350.3
30350.3
30350.3
30350.3
30350.3
30350.3
30350.3
30350.3
30350.3
30350.3
30350.3
30350.3
30350.3
30350.3
30350.3
30350.3
30350.3
30350.3
30350.3
30350.3
30350.3
30350.3
30350.3
30350.3
30350.3
30350.3
30350.3
30350.3
30350.3
30350.3
30350.3
30350.3
30350.3
30350.3
30350.3
30350.3
30350.3
30350.3
30350.3
30350.3
30350.3
30350.3
30350.3
30350.3
30350.3
30350.3
30350.3
30350.3
30350.3
30350.3
30350.3
30350.3
30350.3
30350.3
30350.3
30350.3
30350.3
30350.3
30350.3
30350.3
30350.3
30350.3
30350.3
30350.3
30350.3
30350.3
30350.3
30350.3
30350.3
30350.3
30350.3
30350.3
30350.3
30350.3
30350.3
30350.3
30350.3
30350.3
30350.3
30350.3
30350.3
30350.3
30350.3
30350.3
30350.3
30350.3
30350.3
30350.3
30350.3
30350.3
30350.3
30350.3
30350.3
30350.3
30350.3
30350.3
30350.3
30350.3
30350.3
30350.3
30350.3
30350.3
30350.3
30350.3
30350.3
30350.3
30350.3
30350.3
30350.3
30350.3
30350.3
30350.3
30350.3
30350.3
30350.3
30350.3
30350.3
30350.3
30350.3
30350.3
30350.3
30350.3
30350.3
30350.3
30350.3
30350.3
30350.3
30350.3
30350.3
30350.3
30350.3
30350.3
30350.3
30350.3
30350.3
30350.3
30350.3
30350.3
30350.3
30350.3
30350.3
30350.3
30350.3
30350.3
30350.3
30350.3
30350.3
30350.3
30350.3
30350.3
30350.3
30350.3
30350.3
30350.3
30350.3
30350.3
30350.3
30350.3
30350.3
30350.3
30350.3
30350.3
30350.3
30350.3
30350.3
30350.3
30350.3
30350.3
30350.3
30350.3
30350.3
30350.3
30350.3
30350.3
30350.3
30350.3
30350.3
30350.3
30350.3
30350.3
30350.3
30350.3
30350.3
30350.3
30350.3
30350.3
30350.3
30350.3
30350.3
30350.3
30350.3
30350.3
30350.3
30350.3
30350.3
30350.3
30350.3
30350.3
30350.3
30350.3
30350.3
30350.3
30350.3
30350.3
30350.3
30350.3
30350.3
30350.3
30350.3
30350.3
30350.3
30350.3
30350.3
30350.3
30350.3
30350.3
30350.3
30350.3
30350.3
30350.3
30350.3
30350.3
30350.3
30350.3
30350.3
30350.3
30350.3
30350.3
30350.3
30350.3
30350.3
30350.3
30350.3
30350.3
30350.3
30350.3
30350.3
30350.3
30350.3
30350.3
30350.3
30350.3
30350.3
30350.3
30350.3
30350.3
30350.3
30350.3
30350.3
30350.3
30350.3
30350.3
30350.3
30350.3
30350.3
30350.3
30350.3
30350.3
30350.3
30350.3
30350.3
30350.3
30350.3
30350.3
30350.3
30350.3
30350.3
30350.3
30350.3
30350.3
30350.3
30350.3
30350.3
30350.3
30350.3
30350.3
30350.3
30350.3
30350.3
30350.3
30350.3
30350.3
30350.3
30350.3
30350.3
30350.3
30350.3
30350.3
30350.3
30350.3
30350.3
30350.3
30350.3
30350.3
30350.3
30350.3
30350.3
30350.3
30350.3
30350.3
30350.3
30350.3
30350.3
30350.3
30350.3
30350.3
30350.3
30350.3
30350.3
30350.3
30350.3
30350.3
30350.3
30350.3
30350.3
30350.3
30350.3
30350.3
30350.3
30350.3
30350.3
30350.3
30350.3
30350.3
30350.3
30350.3
30350.3
30350.3
30350.3
30350.3
30350.3
30350.3
30350.3
30350.3
30350.3
30350.3
30350.3
30350.3
30350.3
30350.3
30350.3
30350.3
30350.3
30350.3
30350.3
30350.3
30350.3
30350.3
30350.3
30350.3
30350.3
30350.3
30350.3
30350.3
30350.3
30350.3
30350.3
30350.3
30350.3
30350.3
30350.3
30350.3
30350.3
30350.3
30350.3
30350.3
30350.3
30350.3
30350.3
30350.3
30350.3
30350.3
30350.3
30350.3
30350.3
30350.3
30350.3
30350.3
30350.3
30350.3
30350.3
30350.3
30350.3
30350.3
30350.3
30350.3
30350.3
30350.2
30350.2
30350.2
30350.2
30350.2
30350.2
30350.2
30350.2
30350.2
30350.2
30350.2
30350.2
30350.2
30350.2
30350.2
30350.2
30350.2
30350.2
30350.2
30350.2
30350.2
30350.2
30350.2
30350.2
30350.2
30350.2
30350.2
30350.2
30350.2
30350.2
30350.2
30350.2
30350.2
30350.2
30350.2
30350.2
30350.2
30350.2
30350.2
30350.2
30350.2
30350.2
30350.2
30350.2
30350.2
30350.2
30350.2
30350.2
30350.2
30350.2
30350.2
30350.2
30350.2
30350.2
30350.2
30350.2
30350.2
30350.2
30350.2
30350.2
30350.2
30350.2
30350.2
30350.2
30350.2
30350.2
30350.2
30350.2
30350.2
30350.2
30350.2
30350.2
30350.2
30350.2
30350.2
30350.2
30350.2
30350.2
30350.2
30350.2
30350.2
30350.2
30350.2
30350.2
30350.2
30350.2
30350.2
30350.2
30350.2
30350.2
30350.2
30350.2
30350.2
30350.2
30350.2
30350.2
30350.2
30350.2
30350.2
30350.2
30350.2
30350.2
30350.2
30350.2
30350.2
30350.2
30350.2
30350.2
30350.2
30350.2
30350.2
30350.2
30350.2
30350.2
30350.2
30350.2
30350.2
30350.2
30350.2
30350.2
30350.2
30350.2
30350.2
30350.2
30350.2
30350.2
30350.2
30350.2
30350.2
30350.2
30350.2
30350.2
30350.2
30350.2
30350.2
30350.2
30350.2
30350.2
30350.2
30350.2
30350.2
30350.2
30350.2
30350.2
30350.2
30350.2
30350.2
30350.2
30350.2
30350.2
30350.2
30350.2
30350.2
30350.2
30350.2
30350.2
30350.2
30350.2
30350.2
30350.2
30350.2
30350.2
30350.2
30350.2
30350.2
30350.2
30350.2
30350.2
30350.2
30350.2
30350.2
30350.2
30350.2
30350.2
30350.2
30350.2
30350.2
30350.2
30350.2
30350.2
30350.2
30350.2
30350.2
30350.2
30350.2
30350.2
30350.2
30350.2
30350.2
30350.2
30350.2
30350.2
30350.2
30350.2
30350.2
30350.2
30350.2
30350.2
30350.2
30350.2
30350.2
30350.2
30350.2
30350.2
30350.2
30350.2
30350.2
30350.2
30350.2
30350.2
30350.2
30350.2
30350.2
30350.2
30350.2
30350.2
30350.2
30350.2
30350.2
30350.2
30350.2
30350.2
30350.2
30350.2
30350.2
30350.2
30350.2
30350.2
30350.2
30350.2
30350.2
30350.2
30350.2
30350.2
30350.2
30350.2
30350.2
30350.2
30350.2
30350.2
30350.2
30350.2
30350.2
30350.2
30350.2
30350.2
30350.2
30350.2
30350.2
30350.2
30350.2
30350.2
30350.2
30350.2
30350.2
30350.2
30350.2
30350.2
30350.2
30350.2
30350.2
30350.2
30350.2
30350.2
30350.2
30350.2
30350.2
30350.2
30350.2
30350.2
30350.2
30350.2
30350.2
30350.2
30350.2
30350.2
30350.2
30350.2
30350.2
30350.2
30350.2
30350.2
30350.2
30350.2
30350.2
30350.2
30350.2
30350.2
30350.2
30350.2
30350.2
30350.2
30350.2
30350.2
30350.2
30350.2
30350.2
30350.2
30350.2
30350.2
30350.2
30350.2
30350.2
30350.2
30350.2
30350.2
30350.2
30350.2
30350.2
30350.2
30350.2
30350.2
30350.2
30350.2
30350.2
30350.2
30350.2
30350.2
30350.2
30350.2
30350.2
30350.2
30350.2
30350.2
30350.2
30350.2
30350.2
30350.2
30350.2
30350.2
30350.2
30350.2
30350.2
30350.2
30350.2
30350.2
30350.2
30350.2
30350.2
30350.2
30350.2
30350.2
30350.2
30350.2
30350.2
30350.2
30350.2
30350.2
30350.2
30350.2
30350.2
30350.2
30350.2
30350.2
30350.2
30350.2
30350.2
30350.2
30350.2
30350.2
30350.2
30350.2
30350.2
30350.2
30350.2
30350.2
30350.2
30350.2
30350.2
30350.2
30350.2
30350.2
30350.2
30350.2
30350.2
30350.2
30350.2
30350.2
30350.2
30350.2
30350.2
30350.2
30350.2
30350.2
30350.2
30350.2
30350.2
30350.2
30350.2
30350.2
30350.2
30350.2
30350.2
30350.2
30350.2
30350.2
30350.2
30350.2
30350.2
30350.2
30350.2
30350.2
30350.2
30350.2
30350.2
30350.2
30350.2
30350.2
30350.2
30350.2
30350.2
30350.2
30350.2
30350.2
30350.2
30350.2
30350.2
30350.2
30350.2
30350.2
30350.2
30350.2
30350.2
30350.2
30350.2
30350.2
30350.2
30350.2
30350.2
30350.2
30350.2
30350.2
30350.2
30350.2
30350.2
30350.2
30350.2
30350.2
30350.2
30350.2
30350.2
30350.2
30350.2
30350.2
30350.2
30350.2
30350.2
30350.2
30350.2
30350.2
30350.2
30350.2
30350.2
30350.2
30350.2
30350.2
30350.2
30350.2
30350.2
30350.2
30350.2
30350.2
30350.2
30350.2
30350.2
30350.2
30350.2
30350.2
30350.2
30350.2
30350.2
30350.2
30350.2
30350.2
30350.2
30350.2
30350.2
30350.2
30350.2
30350.2
30350.2
30350.2
30350.2
30350.2
30350.2
30350.2
30350.2
30350.2
30350.2
30350.2
30350.2
30350.2
30350.2
30350.2
30350.2
30350.2
30350.2
30350.2
30350.2
30350.2
30350.2
30350.2
30350.2
30350.2
30350.2
30350.2
30350.2
30350.2
30350.2
30350.2
30350.2
30350.2
30350.2
30350.2
30350.2
30350.2
30350.2
30350.2
30350.2
30350.2
30350.2
30350.2
30350.2
30350.2
30350.2
30350.2
30350.2
30350.2
30350.2
30350.2
30350.2
30350.2
30350.2
30350.2
30350.2
30350.2
30350.2
30350.2
30350.2
30350.2
30350.2
30350.2
30350.2
30350.2
30350.2
30350.2
30350.2
30350.2
30350.2
30350.2
30350.2
30350.2
30350.2
30350.2
30350.2
30350.2
30350.2
30350.2
30350.2
30350.2
30350.2
30350.2
30350.2
30350.2
30350.2
30350.2
30350.2
30350.2
30350.2
30350.2
30350.2
30350.2
30350.2
30350.2
30350.2
30350.2
30350.2
30350.2
30350.2
30350.2
30350.2
30350.2
30350.2
30350.2
30350.2
30350.2
30350.2
30350.2
30350.2
30350.2
30350.2
30350.2
30350.2
30350.2
30350.2
30350.2
30350.2
30350.2
30350.2
30350.2
30350.2
30350.2
30350.2
30350.2
30350.2
30350.2
30350.2
30350.2
30350.2
30350.2
30350.2
30350.2
30350.2
30350.2
30350.2
30350.2
30350.2
30350.2
30350.2
30350.2
30350.2
30350.2
30350.2
30350.2
30350.2
30350.2
30350.2
30350.2
30350.2
30350.2
30350.2
30350.2
30350.2
30350.2
30350.2
30350.2
30350.2
30350.2
30350.2
30350.2
30350.2
30350.2
30350.2
30350.2
30350.2
30350.2
30350.2
30350.2
30350.2
30350.2
30350.2
30350.2
30350.2
30350.2
30350.2
30350.2
30350.2
30350.2
30350.2
30350.2
30350.2
30350.2
30350.2
30350.2
30350.2
30350.2
30350.2
30350.2
30350.2
30350.2
30350.2
30350.2
30350.2
30350.2
30350.2
30350.2
30350.2
30350.2
30350.2
30350.2
30350.2
30350.2
30350.2
30350.2
30350.2
30350.2
30350.2
30350.2
30350.2
30350.2
30350.2
30350.2
30350.2
30350.2
30350.2
30350.2
30350.2
30350.2
30350.2
30350.2
30350.2
30350.2
30350.2
30350.2
30350.2
30350.2
30350.2
30350.2
30350.2
30350.2
30350.2
30350.2
30350.2
30350.2
30350.2
30350.2
30350.2
30350.2
30350.2
30350.2
30350.2
30350.2
30350.2
30350.2
30350.2
30350.2
30350.2
30350.2
30350.2
30350.2
30350.2
30350.2
30350.2
30350.2
30350.2
30350.2
30350.2
30350.2
30350.2
30350.2
30350.2
30350.2
30350.2
30350.2
30350.2
30350.2
30350.2
30350.2
30350.2
30350.2
30350.2
30350.2
30350.2
30350.2
30350.2
30350.2
30350.2
30350.2
30350.2
30350.2
30350.2
30350.2
30350.2
30350.2
30350.2
30350.2
30350.2
30350.2
30350.2
30350.2
30350.2
30350.2
30350.2
30350.2
30350.2
30350.2
30350.2
30350.2
30350.2
30350.2
30350.2
30350.2
30350.2
30350.2
30350.2
30350.2
30350.2
30350.2
30350.2
30350.2
30350.2
30350.2
30350.2
30350.2
30350.2
30350.2
30350.2
30350.2
30350.2
30350.2
30350.2
30350.2
30350.2
30350.2
30350.2
30350.2
30350.2
30350.2
30350.2
30350.2
30350.2
30350.2
30350.2
30350.2
30350.2
30350.2
30350.2
30350.2
30350.2
30350.2
30350.2
30350.2
30350.2
30350.2
30350.2
30350.2
30350.2
30350.2
30350.2
30350.2
30350.2
30350.2
30350.2
30350.2
30350.2
30350.2
30350.2
30350.2
30350.2
30350.2
30350.2
30350.2
30350.2
30350.2
30350.2
30350.2
30350.2
30350.2
30350.2
30350.2
30350.2
30350.2
30350.2
30350.2
30350.2
30350.2
30350.2
30350.2
30350.2
30350.2
30350.2
30350.2
30350.2
30350.2
30350.2
30350.2
30350.2
30350.2
30350.2
30350.2
30350.2
30350.2
30350.2
30350.2
30350.2
30350.2
30350.2
30350.2
30350.2
30350.2
30350.2
30350.2
30350.2
30350.2
30350.2
30350.2
30350.2
30350.2
30350.2
30350.2
30350.2
30350.2
30350.2
30350.2
30350.2
30350.2
30350.2
30350.2
30350.2
30350.2
30350.2
30350.2
30350.2
30350.2
30350.2
30350.2
30350.2
30350.2
30350.2
30350.2
30350.2
30350.2
30350.2
30350.2
30350.2
30350.2
30350.2
30350.2
30350.2
30350.2
30350.2
30350.2
30350.2
30350.2
30350.2
30350.2
30350.2
30350.2
30350.2
30350.2
30350.2
30350.2
30350.2
30350.2
30350.2
30350.2
30350.2
30350.2
30350.2
30350.2
30350.2
30350.2
30350.2
30350.2
30350.2
30350.2
30350.2
30350.2
30350.2
30350.2
30350.2
30350.2
30350.2
30350.2
30350.2
30350.2
30350.2
30350.2
30350.2
30350.2
30350.2
30350.2
30350.2
30350.2
30350.2
30350.2
30350.2
30350.2
30350.2
30350.2
30350.2
30350.2
30350.2
30350.2
30350.2
30350.2
30350.2
30350.2
30350.2
30350.2
30350.2
30350.2
30350.2
30350.2
30350.2
30350.2
30350.2
30350.2
30350.2
30350.2
30350.2
30350.2
30350.2
30350.2
30350.2
30350.2
30350.2
30350.2
30350.2
30350.2
30350.2
30350.2
30350.2
30350.2
30350.2
30350.2
30350.2
30350.2
30350.2
30350.2
30350.2
30350.2
30350.2
30350.2
30350.2
30350.2
30350.2
30350.2
30350.2
30350.2
30350.2
30350.2
30350.2
30350.2
30350.2
30350.2
30350.2
30350.2
30350.2
30350.2
30350.2
30350.2
30350.2
30350.2
30350.2
30350.2
30350.2
30350.2
30350.2
30350.2
30350.2
30350.2
30350.2
30350.2
30350.2
30350.2
30350.2
30350.2
30350.2
30350.2
30350.2
30350.2
30350.2
30350.2
30350.2
30350.2
30350.2
30350.2
30350.2
30350.2
30350.2
30350.2
30350.2
30350.2
30350.2
30350.2
30350.2
30350.2
30350.2
30350.2
30350.2
30350.2
30350.2
30350.2
30350.2
30350.2
30350.2
30350.2
30350.2
30350.2
30350.2
30350.2
30350.2
30350.2
30350.2
30350.2
30350.2
30350.2
30350.2
30350.2
30350.2
30350.2
30350.2
30350.2
30350.2
30350.2
30350.2
30350.2
30350.2
30350.2
30350.2
30350.2
30350.2
30350.2
30350.2
30350.2
30350.2
30350.2
30350.2
30350.2
30350.2
30350.2
30350.2
30350.2
30350.2
30350.2
30350.2
30350.2
30350.2
30350.2
30350.2
30350.2
30350.2
30350.2
30350.2
30350.2
30350.2
30350.2
30350.2
30350.2
30350.2
30350.2
30350.2
30350.2
30350.2
30350.2
30350.2
30350.2
30350.2
30350.2
30350.2
30350.2
30350.2
30350.2
30350.2
30350.2
30350.2
30350.2
30350.2
30350.2
30350.2
30350.2
30350.2
30350.2
30350.2
30350.2
30350.2
30350.2
30350.2
30350.2
30350.2
30350.2
30350.2
30350.2
30350.2
30350.2
30350.2
30350.2
30350.2
30350.2
30350.2
30350.2
30350.2
30350.2
30350.2
30350.2
30350.2
30350.2
30350.2
30350.2
30350.2
30350.2
30350.2
30350.2
30350.2
30350.2
30350.2
30350.2
30350.2
30350.2
30350.2
30350.2
30350.2
30350.2
30350.2
30350.2
30350.2
30350.2
30350.2
30350.2
30350.2
30350.2
30350.2
30350.2
30350.2
30350.2
30350.2
30350.2
30350.2
30350.2
30350.2
30350.2
30350.2
30350.2
30350.2
30350.2
30350.2
30350.2
30350.2
30350.2
30350.2
30350.2
30350.2
30350.2
30350.2
30350.2
30350.2
30350.2
30350.2
30350.2
30350.2
30350.2
30350.2
30350.2
30350.2
30350.2
30350.2
30350.2
30350.2
30350.2
30350.2
30350.2
30350.2
30350.2
30350.2
30350.2
30350.2
30350.2
30350.2
30350.2
30350.2
30350.2
30350.2
30350.2
30350.2
30350.2
30350.2
30350.2
30350.2
30350.2
30350.2
30350.2
30350.2
30350.2
30350.2
30350.2
30350.2
30350.2
30350.2
30350.2
30350.2
30350.2
30350.2
30350.2
30350.2
30350.2
30350.2
30350.2
30350.2
30350.2
30350.2
30350.2
30350.2
30350.2
30350.2
30350.2
30350.2
30350.2
30350.2
30350.2
30350.2
30350.2
30350.2
30350.2
30350.2
30350.2
30350.2
30350.2
30350.2
30350.2
30350.2
30350.2
30350.2
30350.2
30350.2
30350.2
30350.2
30350.2
30350.2
30350.2
30350.2
30350.2
30350.2
30350.2
30350.2
30350.2
30350.2
30350.2
30350.2
30350.2
30350.2
30350.2
30350.2
30350.2
30350.2
30350.2
30350.2
30350.2
30350.2
30350.2
30350.2
30350.2
30350.2
30350.2
30350.2
30350.2
30350.2
30350.2
30350.2
30350.2
30350.2
30350.2
30350.2
30350.2
30350.2
30350.2
30350.2
30350.2
30350.2
30350.2
30350.2
30350.2
30350.2
30350.2
30350.2
30350.2
30350.2
30350.2
30350.2
30350.2
30350.2
30350.2
30350.2
30350.2
30350.2
30350.2
30350.2
30350.2
30350.2
30350.2
30350.2
30350.2
30350.2
30350.2
30350.2
30350.2
30350.2
30350.2
30350.2
30350.2
30350.2
30350.2
30350.2
30350.2
30350.2
30350.2
30350.2
30350.2
30350.2
30350.2
30350.2
30350.2
30350.2
30350.2
30350.2
30350.2
30350.2
30350.2
30350.2
30350.2
30350.2
30350.2
30350.2
30350.2
30350.2
30350.2
30350.2
30350.2
30350.2
30350.2
30350.2
30350.2
30350.2
30350.2
30350.2
30350.2
30350.2
30350.2
30350.2
30350.2
30350.2
30350.2
30350.2
30350.2
30350.2
30350.2
30350.2
30350.2
30350.2
30350.2
30350.2
30350.2
30350.2
30350.2
30350.2
30350.2
30350.2
30350.2
30350.2
30350.2
30350.2
30350.2
30350.2
30350.2
30350.2
30350.2
30350.2
30350.2
30350.2
30350.2
30350.2
30350.2
30350.2
30350.2
30350.2
30350.2
30350.2
30350.2
30350.2
30350.2
30350.2
30350.2
30350.2
30350.2
30350.2
30350.2
30350.2
30350.2
30350.2
30350.2
30350.2
30350.2
30350.2
30350.2
30350.2
30350.2
30350.2
30350.2
30350.2
30350.2
30350.2
30350.2
30350.2
30350.2
30350.2
30350.2
30350.2
30350.2
30350.2
30350.2
30350.2
30350.2
30350.2
30350.2
30350.2
30350.2
30350.2
30350.2
30350.2
30350.2
30350.2
30350.2
30350.2
30350.2
30350.2
30350.2
30350.2
30350.2
30350.2
30350.2
30350.2
30350.2
30350.2
30350.2
30350.2
30350.2
30350.2
30350.2
30350.2
30350.2
30350.2
30350.2
30350.2
30350.2
30350.2
30350.2
30350.2
30350.2
30350.2
30350.2
30350.2
30350.2
30350.2
30350.2
30350.2
30350.2
30350.2
30350.2
30350.2
30350.2
30350.2
30350.2
30350.2
30350.2
30350.2
30350.2
30350.2
30350.2
30350.2
30350.2
30350.2
30350.2
30350.2
30350.2
30350.2
30350.2
30350.2
30350.2
30350.2
30350.2
30350.2
30350.2
30350.2
30350.2
30350.2
30350.2
30350.2
30350.2
30350.2
30350.2
30350.2
30350.2
30350.2
30350.2
30350.2
30350.2
30350.2
30350.2
30350.2
30350.2
30350.2
30350.2
30350.2
30350.2
30350.2
30350.2
30350.2
30350.2
30350.2
30350.2
30350.2
30350.2
30350.2
30350.2
30350.2
30350.2
30350.2
30350.2
30350.2
30350.2
30350.2
30350.2
30350.2
30350.2
30350.2
30350.2
30350.2
30350.2
30350.2
30350.2
30350.2
30350.2
30350.2
30350.2
30350.2
30350.2
30350.2
30350.2
30350.2
30350.2
30350.2
30350.2
30350.2
30350.2
30350.2
30350.2
30350.2
30350.2
30350.2
30350.2
30350.2
30350.2
30350.2
30350.2
30350.2
30350.2
30350.2
30350.2
30350.2
30350.2
30350.2
30350.2
30350.2
30350.2
30350.2
30350.2
30350.2
30350.2
30350.2
30350.2
30350.2
30350.2
30350.2
30350.2
30350.2
30350.2
30350.2
30350.2
30350.2
30350.2
30350.2
30350.2
30350.2
30350.2
30350.2
30350.2
30350.2
30350.2
30350.2
30350.2
30350.2
30350.2
30350.2
30350.2
30350.2
30350.2
30350.2
30350.2
30350.2
30350.2
30350.2
30350.2
30350.2
30350.2
30350.2
30350.2
30350.2
30350.2
30350.2
30350.2
30350.2
30350.2
30350.2
30350.2
30350.2
30350.2
30350.2
30350.2
30350.2
30350.2
30350.2
30350.2
30350.2
30350.2
30350.2
30350.2
30350.2
30350.2
30350.2
30350.2
30350.2
30350.2
30350.2
30350.2
30350.2
30350.2
30350.2
30350.2
30350.2
30350.2
30350.2
30350.2
30350.2
30350.2
30350.2
30350.2
30350.2
30350.2
30350.2
30350.2
30350.2
30350.2
30350.2
30350.2
30350.2
30350.2
30350.2
30350.2
30350.2
30350.2
30350.2
30350.2
30350.2
30350.2
30350.2
30350.2
30350.2
30350.2
30350.2
30350.2
30350.2
30350.2
30350.2
30350.2
30350.2
30350.2
30350.2
30350.2
30350.2
30350.2
30350.2
30350.2
30350.2
30350.2
30350.2
30350.2
30350.2
30350.2
30350.2
30350.2
30350.2
30350.2
30350.2
30350.2
30350.2
30350.2
30350.2
30350.2
30350.2
30350.2
30350.2
30350.2
30350.2
30350.2
30350.2
30350.2
30350.2
30350.2
30350.2
30350.2
30350.2
30350.2
30350.2
30350.2
30350.2
30350.2
30350.2
30350.2
30350.2
30350.2
30350.2
30350.2
30350.2
30350.2
30350.2
30350.2
30350.2
30350.2
30350.2
30350.2
30350.2
30350.2
30350.2
30350.2
30350.2
30350.2
30350.2
30350.2
30350.2
30350.2
30350.2
30350.2
30350.2
30350.2
30350.2
30350.2
30350.2
30350.2
30350.2
30350.2
30350.2
30350.2
30350.2
30350.2
30350.2
30350.2
30350.2
30350.2
30350.2
30350.2
30350.2
30350.2
30350.2
30350.2
30350.2
30350.2
30350.2
30350.2
30350.2
30350.2
30350.2
30350.2
30350.2
30350.2
30350.2
30350.2
30350.2
30350.2
30350.2
30350.2
30350.2
30350.2
30350.2
30350.2
30350.2
30350.2
30350.2
30350.2
30350.2
30350.2
30350.2
30350.2
30350.2
30350.2
30350.2
30350.2
30350.2
30350.2
30350.2
30350.2
30350.2
30350.2
30350.2
30350.2
30350.2
30350.2
30350.2
30350.2
30350.2
30350.2
30350.2
30350.2
30350.2
30350.2
30350.2
30350.2
30350.2
30350.2
30350.2
30350.2
30350.2
30350.2
30350.2
30350.2
30350.2
30350.2
30350.2
30350.2
30350.2
30350.2
30350.2
30350.2
30350.2
30350.2
30350.2
30350.2
30350.2
30350.2
30350.2
30350.2
30350.2
30350.2
30350.2
30350.2
30350.2
30350.2
30350.2
30350.2
30350.2
30350.2
30350.2
30350.2
30350.2
30350.2
30350.2
30350.2
30350.2
30350.2
30350.2
30350.2
30350.2
30350.2
30350.2
30350.2
30350.2
30350.2
30350.2
30350.2
30350.2
30350.2
30350.2
30350.2
30350.2
30350.2
30350.2
30350.2
30350.2
30350.2
30350.2
30350.2
30350.2
30350.2
30350.2
30350.2
30350.2
30350.2
30350.2
30350.2
30350.2
30350.2
30350.3
30350.3
30350.3
30350.3
30350.3
30350.3
30350.3
30350.3
30350.3
30350.3
30350.3
30350.3
30350.3
30350.3
30350.3
30350.3
30350.3
30350.3
30350.3
30350.3
30350.3
30350.3
30350.3
30350.3
30350.3
30350.3
30350.3
30350.3
30350.3
30350.4
30350.4
30350.4
30350.4
30350.4
30350.4
30350.4
30350.5
30350.5
30350.5
30350.5
30350.6
30350.6
30350.6
30350.7
30350.7
30350.8
30350.8
30350.9
30351
30351
30351.1
30351.2
30351.3
30351.4
30351.5
30351.6
30351.7
30351.8
30352
30352.1
30352.3
30352.4
30352.6
30352.8
30353.1
30353.3
30353.5
30353.8
30354.1
30354.4
30354.7
30355.1
30355.4
30355.8
30356.2
30356.7
30357.2
30357.7
30358.2
30358.8
30359.4
30360
30360.7
30361.4
30362.1
30362.9
30363.8
30364.6
30365.6
30366.5
30367.6
30368.6
30369.8
30370.9
30372.2
30373.4
30374.8
30376.2
30377.6
30379.2
30380.7
30382.4
30384.1
30385.9
30387.7
30389.6
30391.6
30393.6
30395.7
30397.9
30400.1
30402.4
30404.8
30407.2
30409.7
30412.3
30414.9
30417.6
30420.3
30423.1
30426
30428.9
30431.8
30434.9
30437.9
30441
30444.2
30447.4
30450.6
30453.8
30457.1
30460.4
30463.8
30467.1
30470.5
30473.8
30477.2
30480.6
30484
30487.4
30490.8
30494.1
30497.5
30500.8
30504.1
30507.4
30510.7
30513.9
30517.1
30520.2
30523.3
30526.4
30529.4
30532.3
30535.3
30538.1
30540.9
30543.6
30546.3
30548.9
30551.5
30553.9
30556.4
30558.7
30561
30563.2
30565.4
30567.4
30569.4
30571.4
30573.3
30575.1
30576.8
30578.5
30580.1
30581.6
30583.1
30584.5
30585.9
30587.2
30588.4
30589.6
30590.7
30591.8
30592.8
30593.8
30594.7
30595.6
30596.4
30597.2
30597.9
30598.6
30599.3
30599.9
30600.5
30601
30601.5
30602
30602.5
30602.9
30603.3
30603.7
30604
30604.3
30604.6
30604.9
30605.2
30605.4
30605.6
30605.8
30606
30606.2
30606.4
30606.5
30606.6
30606.8
30606.9
30607
30607.1
30607.2
30607.3
30607.3
30607.4
30607.5
30607.5
30607.6
30607.6
30607.6
30607.7
30607.7
30607.7
30607.8
30607.8
30607.8
30607.8
30607.8
30607.9
30607.9
30607.9
30607.9
30607.9
30607.9
30607.9
30607.9
30607.9
30607.9
30607.9
30607.9
30607.9
30607.9
30607.9
30607.9
30607.9
30607.9
30607.9
30607.9
30607.9
30607.9
30607.9
30607.9
30607.8
30607.8
30607.8
30607.8
30607.8
30607.8
30607.8
30607.8
30607.8
30607.8
30607.8
30607.8
30607.8
30607.8
30607.8
30607.8
30607.8
30607.8
30607.8
30607.8
30607.7
30607.7
30607.7
30607.7
30607.7
30607.7
30607.7
30607.7
30607.7
30607.7
30607.7
30607.7
30607.7
30607.7
30607.7
30607.7
30607.7
30607.7
30607.7
30607.7
30607.7
30607.7
30607.7
30607.7
30607.7
30607.7
30607.7
30607.6
30607.6
30607.6
30607.6
30607.6
30607.6
30607.6
30607.6
30607.6
30607.6
30607.6
30607.6
30607.6
30607.6
30607.6
30607.6
30607.6
30607.6
30607.6
30607.6
30607.6
30607.6
30607.6
30607.6
30607.6
30607.6
30607.6
30607.6
30607.6
30607.6
30607.6
30607.6
30607.6
30607.6
30607.6
30607.6
30607.6
30607.6
30607.6
30607.6
30607.6
30607.6
30607.6
30607.6
30607.6
30607.6
30607.6
30607.6
30607.6
30607.6
30607.6
30607.6
30607.6
30607.6
30607.6
30607.6
30607.6
30607.6
30607.6
30607.5
30607.5
30607.5
30607.5
30607.5
30607.5
30607.5
30607.5
30607.5
30607.5
30607.5
30607.5
30607.5
30607.5
30607.5
30607.5
30607.5
30607.5
30607.5
30607.5
30607.5
30607.5
30607.5
30607.5
30607.5
30607.5
30607.5
30607.5
30607.5
30607.5
30607.5
30607.5
30607.5
30607.5
30607.5
30607.5
30607.5
30607.5
30607.5
30607.5
30607.5
30607.5
30607.5
30607.5
30607.5
30607.5
30607.5
30607.5
30607.5
30607.5
30607.5
30607.5
30607.5
30607.5
30607.5
30607.5
30607.5
30607.5
30607.5
30607.5
30607.5
30607.5
30607.5
30607.5
30607.5
30607.5
30607.5
30607.5
30607.5
30607.5
30607.5
30607.5
30607.5
30607.5
30607.5
30607.5
30607.5
30607.5
30607.5
30607.5
30607.5
30607.5
30607.5
30607.5
30607.5
30607.5
30607.5
30607.5
30607.5
30607.5
30607.5
30607.5
30607.5
30607.5
30607.5
30607.5
30607.5
30607.5
30607.5
30607.5
30607.5
30607.5
30607.5
30607.5
30607.5
30607.5
30607.5
30607.5
30607.5
30607.5
30607.5
30607.5
30607.5
30607.5
30607.5
30607.5
30607.5
30607.5
30607.5
30607.5
30607.5
30607.5
30607.5
30607.5
30607.5
30607.5
30607.5
30607.5
30607.5
30607.5
30607.5
30607.5
30607.5
30607.5
30607.5
30607.5
30607.5
30607.5
30607.5
30607.5
30607.5
30607.5
30607.5
30607.5
30607.5
30607.5
30607.5
30607.5
30607.5
30607.5
30607.5
30607.5
30607.5
30607.5
30607.5
30607.5
30607.5
30607.5
30607.5
30607.5
30607.5
30607.5
30607.5
30607.5
30607.5
30607.5
30607.5
30607.5
30607.5
30607.5
30607.5
30607.5
30607.5
30607.5
30607.5
30607.5
30607.5
30607.5
30607.5
30607.5
30607.5
30607.5
30607.5
30607.5
30607.5
30607.5
30607.5
30607.5
30607.5
30607.5
30607.5
30607.5
30607.5
30607.5
30607.5
30607.5
30607.5
30607.5
30607.5
30607.5
30607.5
30607.5
30607.5
30607.5
30607.5
30607.5
30607.5
30607.5
30607.5
30607.5
30607.5
30607.5
30607.5
30607.5
30607.5
30607.5
30607.5
30607.5
30607.5
30607.5
30607.5
30607.5
30607.5
30607.5
30607.5
30607.5
30607.5
30607.5
30607.5
30607.5
30607.5
30607.5
30607.5
30607.5
30607.5
30607.5
30607.5
30607.5
30607.5
30607.5
30607.5
30607.5
30607.5
30607.5
30607.5
30607.5
30607.5
30607.5
30607.5
30607.5
30607.5
30607.5
30607.5
30607.5
30607.5
30607.5
30607.5
30607.5
30607.5
30607.5
30607.5
30607.5
30607.5
30607.5
30607.5
30607.5
30607.5
30607.5
30607.5
30607.5
30607.5
30607.5
30607.5
30607.5
30607.5
30607.5
30607.5
30607.5
30607.5
30607.5
30607.5
30607.6
30607.6
30607.6
30607.6
30607.6
30607.6
30607.6
30607.6
30607.6
30607.6
30607.6
30607.7
30607.7
30607.7
30607.7
30607.7
30607.8
30607.8
30607.8
30607.9
30607.9
30607.9
30608
30608
30608.1
30608.1
30608.2
30608.3
30608.3
30608.4
30608.5
30608.6
30608.6
30608.7
30608.8
30608.9
30609
30609.1
30609.2
30609.4
30609.5
30609.6
30609.8
30609.9
30610
30610.2
30610.4
30610.5
30610.7
30610.9
30611
30611.3
30611.4
30611.6
30611.8
30612
30612.2
30612.4
30612.5
30612.8
30612.9
30613.1
30613.3
30613.4
30613.4
30613.7
30613.6
30613.8
30613.8
30613.9
30613.8
30614
30613.3
30614.8
30613.1
30613.3
30613.5
30613.7
30612.6
30614.2
30611.5
30612.2
30612.9
30613.9
30610.3
30610.7
30612
30611.3
30610.5
30610.5
30609.5
30610.5
30608.2
30611.3
30606.8
30609.3
30604.8
30605.9
30607.2
30606.9
30607.4
30606.4
30604.6
30604.2
30605
30604.9
30604.2
30603.6
30605.7
30603.8
30602.8
30603.4
30602.3
30602.6
30601.8
30606.8
30600
30606.7
30596.8
30607.3
30597.9
30603.4
30599.9
30597.9
30604.1
30600.7
30601.9
30600.1
30603.5
30603.1
30602.4
30600.7
30601.6
30598.1
30604.3
30599.4
30603.9
30599.2
30603.6
30601.2
30602.8
30607.8
30596.8
30597.7
30602.7
30600.2
30605.5
30602.8
30604.6
30601
30603.2
30602.2
30602
30599.8
30606.8
30605.7
30599.1
30609.9
30597.1
30607.9
30600
30608.4
30600.8
30608.9
30599.4
30607.3
30599.8
30601
30607.2
30604.5
30604
)
;

boundaryField
{
    sides
    {
        type            zeroGradient;
    }
    empty
    {
        type            empty;
    }
}


// ************************************************************************* //
