/*--------------------------------*- C++ -*----------------------------------*\
  =========                 |
  \\      /  F ield         | OpenFOAM: The Open Source CFD Toolbox
   \\    /   O peration     | Website:  https://openfoam.org
    \\  /    A nd           | Version:  9
     \\/     M anipulation  |
\*---------------------------------------------------------------------------*/
FoamFile
{
    format      ascii;
    class       volScalarField;
    location    "0.013";
    object      T;
}
// * * * * * * * * * * * * * * * * * * * * * * * * * * * * * * * * * * * * * //

dimensions      [0 0 0 1 0 0 0];

internalField   nonuniform List<scalar> 
10000
(
348.432
348.432
348.432
348.432
348.432
348.432
348.432
348.432
348.432
348.432
348.432
348.432
348.432
348.432
348.432
348.432
348.432
348.432
348.432
348.432
348.432
348.432
348.432
348.432
348.432
348.432
348.432
348.432
348.432
348.432
348.432
348.432
348.432
348.432
348.432
348.432
348.432
348.432
348.432
348.432
348.432
348.432
348.432
348.432
348.432
348.432
348.432
348.432
348.432
348.432
348.432
348.432
348.432
348.432
348.432
348.432
348.432
348.432
348.432
348.432
348.432
348.432
348.432
348.432
348.432
348.432
348.432
348.432
348.432
348.432
348.432
348.432
348.432
348.432
348.432
348.432
348.432
348.432
348.432
348.432
348.432
348.432
348.432
348.432
348.432
348.432
348.432
348.432
348.432
348.432
348.432
348.432
348.432
348.432
348.432
348.432
348.432
348.432
348.432
348.432
348.432
348.432
348.432
348.432
348.432
348.432
348.432
348.432
348.432
348.432
348.432
348.432
348.432
348.432
348.432
348.432
348.432
348.432
348.432
348.432
348.432
348.432
348.432
348.432
348.432
348.432
348.432
348.432
348.432
348.432
348.432
348.432
348.432
348.432
348.432
348.432
348.432
348.432
348.432
348.432
348.432
348.432
348.432
348.432
348.432
348.432
348.432
348.432
348.432
348.432
348.432
348.432
348.432
348.432
348.432
348.432
348.432
348.432
348.432
348.432
348.432
348.432
348.432
348.432
348.432
348.432
348.432
348.432
348.432
348.432
348.432
348.432
348.432
348.432
348.432
348.432
348.432
348.432
348.432
348.432
348.432
348.432
348.432
348.432
348.432
348.432
348.432
348.432
348.432
348.432
348.432
348.432
348.432
348.432
348.432
348.432
348.432
348.432
348.432
348.432
348.432
348.432
348.432
348.432
348.432
348.432
348.432
348.432
348.432
348.432
348.432
348.432
348.432
348.432
348.432
348.432
348.432
348.432
348.432
348.432
348.432
348.432
348.432
348.432
348.432
348.432
348.432
348.431
348.43
348.426
348.412
348.366
348.217
347.731
346.921
346.389
346.135
345.97
345.917
345.873
345.834
345.817
345.817
345.799
345.772
345.754
345.754
345.742
345.717
345.697
345.695
345.69
345.668
345.648
345.643
345.643
345.625
345.607
345.599
345.601
345.589
345.574
345.565
345.567
345.56
345.548
345.539
345.541
345.538
345.529
345.523
345.523
345.523
345.517
345.513
345.513
345.514
345.511
345.509
345.51
345.51
345.509
345.508
345.507
345.503
345.492
345.454
345.336
344.953
344.165
343.559
343.224
343.083
342.965
342.915
342.905
342.878
342.852
342.837
342.838
342.824
342.799
342.78
342.78
342.773
342.751
342.731
342.726
342.726
342.709
342.69
342.681
342.683
342.672
342.656
342.644
342.646
342.641
342.627
342.616
342.615
342.615
342.605
342.595
342.592
342.594
342.587
342.58
342.576
342.578
342.575
342.569
342.566
342.567
342.566
342.562
342.559
342.56
342.56
342.558
342.556
342.556
342.556
342.555
342.554
342.554
342.554
342.554
342.553
342.553
342.553
342.553
342.553
342.553
342.553
342.553
342.553
342.553
342.553
342.553
342.553
342.553
342.553
342.553
342.553
342.553
342.553
342.553
342.553
342.553
342.553
342.553
342.553
342.553
342.553
342.553
342.553
342.553
342.553
342.553
342.553
342.553
342.553
342.553
342.553
342.553
342.553
342.553
342.553
342.553
342.553
342.553
342.553
342.553
342.553
342.553
342.553
342.553
342.553
342.553
342.553
342.553
342.553
342.553
342.552
342.551
342.546
342.53
342.477
342.305
341.879
341.488
341.291
341.166
341.126
341.095
341.066
341.049
341.049
341.039
341.018
341
340.995
340.993
340.974
340.954
340.943
340.944
340.932
340.912
340.896
340.895
340.89
340.872
340.855
340.848
340.848
340.835
340.818
340.806
340.807
340.8
340.784
340.77
340.767
340.767
340.754
340.74
340.733
340.735
340.727
340.714
340.705
340.705
340.703
340.693
340.684
340.681
340.682
340.675
340.667
340.663
340.665
340.661
340.655
340.651
340.652
340.652
340.648
340.645
340.645
340.646
340.645
340.644
340.643
340.643
340.641
340.635
340.617
340.56
340.388
340.172
340.04
339.989
339.944
339.924
339.922
339.913
339.9
339.89
339.89
339.888
339.878
339.869
339.866
339.867
339.861
339.854
339.849
339.851
339.848
339.843
339.838
339.838
339.839
339.835
339.832
339.831
339.832
339.83
339.828
339.828
339.829
339.829
339.828
339.827
339.826
339.825
339.818
339.797
339.73
339.517
339.175
338.957
338.829
338.788
338.75
338.723
338.711
338.713
338.7
338.682
338.67
338.671
338.667
338.652
338.639
338.636
338.637
338.628
338.616
338.609
338.611
338.607
338.598
338.591
338.591
338.591
338.586
338.581
338.58
338.582
338.58
338.578
338.577
338.577
338.575
338.567
338.542
338.464
338.296
338.165
338.086
338.06
338.039
338.022
338.015
338.016
338.009
337.999
337.992
337.993
337.993
337.986
337.981
337.98
337.981
337.979
337.975
337.974
337.976
337.976
337.974
337.973
337.972
337.968
337.955
337.913
337.786
337.599
337.485
337.416
337.39
337.374
337.36
337.353
337.354
337.351
337.344
337.34
337.34
337.34
337.337
337.334
337.334
337.335
337.333
337.327
337.313
337.274
337.169
337.056
336.988
336.956
336.943
336.929
336.92
336.916
336.916
336.911
336.904
336.899
336.901
336.9
336.897
336.894
336.894
336.893
336.888
336.87
336.815
336.675
336.538
336.469
336.419
336.402
336.398
336.385
336.372
336.365
336.368
336.363
336.353
336.346
336.346
336.347
336.343
336.338
336.337
336.34
336.339
336.336
336.333
336.326
336.305
336.236
336.086
335.959
335.902
335.86
335.84
335.836
335.828
335.818
335.811
335.811
335.809
335.802
335.795
335.793
335.795
335.792
335.787
335.784
335.786
335.786
335.785
335.784
335.783
335.782
335.778
335.763
335.719
335.583
335.372
335.238
335.155
335.127
335.109
335.089
335.076
335.076
335.074
335.062
335.052
335.047
335.05
335.044
335.035
335.029
335.03
335.03
335.024
335.018
335.016
335.018
335.016
335.012
335.009
335.01
335.01
335.009
335.007
335.007
335.008
335.007
335.004
334.997
334.978
334.917
334.741
334.519
334.379
334.322
334.276
334.252
334.247
334.243
334.23
334.218
334.213
334.215
334.208
334.198
334.191
334.193
334.193
334.187
334.182
334.181
334.183
334.183
334.18
334.177
334.172
334.159
334.117
333.999
333.858
333.777
333.738
333.708
333.693
333.689
333.682
333.672
333.665
333.664
333.663
333.656
333.65
333.648
333.649
333.646
333.641
333.639
333.641
333.641
333.639
333.637
333.635
333.63
333.612
333.555
333.399
333.222
333.127
333.062
333.037
333.029
333.014
333.001
332.995
332.997
332.991
332.982
332.975
332.976
332.977
332.973
332.968
332.968
332.97
332.969
332.966
332.959
332.942
332.892
332.759
332.616
332.527
332.495
332.471
332.451
332.441
332.443
332.438
332.427
332.418
332.416
332.418
332.413
332.406
332.403
332.405
332.405
332.403
332.401
332.4
332.399
332.393
332.375
332.322
332.183
332.033
331.953
331.897
331.876
331.872
331.859
331.847
331.84
331.843
331.84
331.832
331.825
331.824
331.826
331.823
331.819
331.817
331.818
331.818
331.815
331.808
331.791
331.741
331.616
331.488
331.406
331.373
331.355
331.336
331.326
331.328
331.326
331.319
331.314
331.314
331.316
331.313
331.308
331.297
331.273
331.206
331.107
331.038
331
330.989
330.978
330.967
330.96
330.961
330.96
330.955
330.95
330.949
330.951
330.949
330.943
330.925
330.877
330.769
330.664
330.607
330.564
330.543
330.54
330.538
330.527
330.517
330.511
330.513
330.513
330.507
330.502
330.501
330.503
330.501
330.494
330.476
330.427
330.311
330.198
330.126
330.088
330.074
330.061
330.049
330.042
330.042
330.039
330.031
330.024
330.023
330.025
330.022
330.018
330.016
330.015
330.009
329.988
329.921
329.791
329.689
329.642
329.603
329.583
329.581
329.578
329.566
329.556
329.551
329.554
329.552
329.545
329.541
329.542
329.544
329.541
329.531
329.51
329.452
329.333
329.238
329.181
329.148
329.138
329.134
329.122
329.111
329.104
329.107
329.107
329.101
329.095
329.095
329.095
329.09
329.072
329.02
328.915
328.828
328.792
328.761
328.74
328.731
328.734
328.729
328.718
328.71
328.709
328.713
328.711
328.706
328.698
328.685
328.646
328.546
328.44
328.371
328.347
328.332
328.314
328.301
328.299
328.3
328.291
328.281
328.275
328.277
328.277
328.273
328.268
328.267
328.268
328.265
328.252
328.214
328.113
327.975
327.892
327.834
327.805
327.799
327.791
327.777
327.766
327.763
327.765
327.759
327.75
327.745
327.746
327.748
327.745
327.741
327.739
327.738
327.732
327.71
327.645
327.509
327.395
327.339
327.295
327.271
327.265
327.261
327.25
327.239
327.233
327.235
327.232
327.225
327.219
327.218
327.221
327.22
327.216
327.213
327.21
327.201
327.173
327.087
326.947
326.851
326.796
326.768
326.754
326.74
326.73
326.724
326.724
326.719
326.71
326.703
326.701
326.704
326.702
326.698
326.695
326.694
326.694
326.687
326.665
326.599
326.469
326.362
326.309
326.267
326.245
326.241
326.238
326.227
326.216
326.209
326.212
326.21
326.202
326.196
326.195
326.198
326.198
326.194
326.189
326.183
326.166
326.114
325.989
325.865
325.792
325.763
325.74
325.721
325.711
325.712
325.708
325.697
325.688
325.684
325.686
325.682
325.675
325.67
325.67
325.672
325.671
325.667
325.664
325.662
325.654
325.628
325.549
325.392
325.262
325.198
325.153
325.126
325.117
325.115
325.105
325.093
325.085
325.085
325.084
325.076
325.068
325.064
325.066
325.066
325.062
325.058
325.058
325.059
325.057
325.049
325.029
324.975
324.845
324.71
324.633
324.58
324.556
324.552
324.543
324.529
324.518
324.514
324.518
324.512
324.503
324.495
324.493
324.497
324.495
324.49
324.486
324.486
324.488
324.485
324.475
324.446
324.367
324.226
324.12
324.056
324.018
324.004
323.996
323.984
323.974
323.97
323.972
323.967
323.958
323.951
323.951
323.954
323.952
323.948
323.945
323.943
323.936
323.915
323.847
323.721
323.62
323.572
323.537
323.514
323.505
323.504
323.496
323.487
323.48
323.481
323.481
323.476
323.472
323.471
323.471
323.468
323.457
323.426
323.345
323.233
323.162
323.111
323.085
323.079
323.071
323.059
323.049
323.045
323.047
323.042
323.033
323.027
323.027
323.029
323.027
323.022
323.02
323.02
323.016
323.002
322.959
322.846
322.695
322.6
322.546
322.507
322.491
322.488
322.478
322.466
322.456
322.454
322.455
322.447
322.439
322.433
322.435
322.435
322.431
322.427
322.426
322.427
322.425
322.416
322.394
322.333
322.204
322.088
322.015
321.973
321.958
321.946
321.932
321.922
321.92
321.919
321.911
321.901
321.895
321.896
321.896
321.891
321.886
321.884
321.887
321.887
321.883
321.876
321.861
321.824
321.721
321.581
321.485
321.428
321.406
321.394
321.378
321.366
321.362
321.364
321.358
321.349
321.343
321.344
321.347
321.344
321.337
321.326
321.298
321.242
321.195
321.158
321.139
321.136
321.134
321.126
321.117
321.108
321.092
321.046
320.945
320.849
320.791
320.77
320.758
320.738
320.722
320.713
320.717
320.711
320.699
320.691
320.689
320.694
320.691
320.681
320.66
320.613
320.557
320.527
320.498
320.48
320.473
320.473
320.459
320.417
320.334
320.255
320.218
320.198
320.17
320.149
320.139
320.145
320.138
320.124
320.113
320.112
320.115
320.109
320.089
320.038
319.96
319.909
319.888
319.862
319.841
319.829
319.833
319.831
319.823
319.813
319.807
319.8
319.778
319.713
319.625
319.564
319.54
319.523
319.507
319.497
319.495
319.489
319.482
319.477
319.47
319.451
319.399
319.333
319.292
319.281
319.276
319.26
319.243
319.233
319.232
319.229
319.209
319.159
319.105
319.078
319.075
319.062
319.046
319.028
319.007
318.981
318.946
318.907
318.871
318.841
318.813
318.776
318.735
318.704
318.691
318.69
318.678
318.661
318.644
318.631
318.615
318.585
318.547
318.512
318.489
318.474
318.452
318.425
318.401
318.386
318.372
318.345
318.315
318.287
318.269
318.255
318.232
318.204
318.179
318.163
318.148
318.126
318.098
318.071
318.048
318.023
317.994
317.967
317.947
317.949
317.944
317.912
317.872
317.836
317.806
317.784
317.759
317.736
317.723
317.73
317.728
317.695
317.65
317.602
317.568
317.543
317.545
317.553
317.529
317.491
317.458
317.439
317.44
317.413
317.372
317.333
317.303
317.297
317.304
317.282
317.243
317.207
317.179
317.179
317.168
317.132
317.092
317.061
317.049
317.051
317.024
316.985
316.953
316.939
316.944
316.922
316.883
316.843
316.81
316.789
316.777
316.757
316.737
316.732
316.724
316.69
316.649
316.614
316.588
316.589
316.577
316.541
316.504
316.474
316.47
316.469
316.437
316.398
316.365
316.348
316.351
316.326
316.287
316.253
316.23
316.235
316.22
316.183
316.142
316.111
316.1
316.108
316.086
316.046
316.004
315.973
315.96
315.969
315.952
315.915
315.874
315.843
315.832
315.833
315.805
315.765
315.731
315.708
315.713
315.7
315.663
315.626
315.597
315.593
315.584
315.55
315.51
315.479
315.467
315.469
315.441
315.399
315.362
315.335
315.336
315.35
315.33
315.29
315.236
315.194
315.163
315.155
315.172
315.18
315.152
315.11
315.063
315.024
314.99
314.961
314.948
314.959
314.972
314.952
314.913
314.864
314.822
314.79
314.771
314.775
314.76
314.727
314.697
314.691
314.681
314.645
314.602
314.566
314.541
314.542
314.549
314.525
314.487
314.453
314.43
314.41
314.378
314.344
314.317
314.316
314.319
314.292
314.252
314.218
314.193
314.189
314.167
314.131
314.098
314.078
314.084
314.067
314.029
313.99
313.96
313.951
313.947
313.916
313.88
313.85
313.846
313.838
313.804
313.759
313.723
313.697
313.699
313.71
313.689
313.65
313.613
313.584
313.581
313.576
313.542
313.497
313.457
313.428
313.422
313.434
313.419
313.381
313.337
313.303
313.28
313.286
313.277
313.242
313.203
313.171
313.157
313.156
313.129
313.091
313.059
313.042
313.046
313.025
312.986
312.949
312.919
312.914
312.909
312.877
312.841
312.811
312.804
312.793
312.759
312.721
312.691
312.678
312.687
312.668
312.63
312.59
312.56
312.549
312.55
312.523
312.487
312.456
312.443
312.434
312.401
312.362
312.33
312.309
312.317
312.31
312.276
312.232
312.196
312.17
312.169
312.171
312.142
312.101
312.063
312.035
312.031
312.034
312.005
311.966
311.932
311.907
311.911
311.91
311.878
311.836
311.793
311.758
311.726
311.703
311.702
311.717
311.714
311.681
311.639
311.595
311.562
311.538
311.54
311.53
311.496
311.461
311.432
311.428
311.414
311.379
311.341
311.31
311.297
311.307
311.291
311.254
311.216
311.186
311.177
311.172
311.139
311.097
311.061
311.036
311.04
311.06
311.044
311.005
310.948
310.89
310.856
310.831
310.84
310.878
310.893
310.868
310.826
310.764
310.693
310.648
310.613
310.584
310.566
310.584
310.631
310.65
310.626
310.584
310.518
310.433
310.382
310.35
310.329
310.344
310.395
310.423
310.404
310.364
310.303
310.221
310.168
310.136
310.113
310.124
310.163
310.18
310.155
310.115
310.057
310.006
309.971
309.944
309.94
309.951
309.935
309.899
309.864
309.837
309.836
309.824
309.789
309.744
309.707
309.68
309.678
309.691
309.674
309.637
309.593
309.559
309.535
309.538
309.527
309.493
309.451
309.418
309.395
309.402
309.414
309.392
309.354
309.307
309.266
309.231
309.2
309.174
309.171
309.192
309.202
309.177
309.138
309.087
309.039
309.002
308.97
308.943
308.937
308.959
308.977
308.957
308.92
308.871
308.822
308.785
308.751
308.722
308.704
308.715
308.734
308.719
308.683
308.637
308.598
308.568
308.555
308.565
308.553
308.517
308.472
308.427
308.392
308.362
308.34
308.348
308.377
308.383
308.355
308.315
308.264
308.22
308.184
308.151
308.12
308.095
308.099
308.127
308.137
308.11
308.068
308.007
307.951
307.915
307.886
307.876
307.891
307.9
307.876
307.839
307.806
307.781
307.768
307.741
307.707
307.677
307.657
307.662
307.645
307.609
307.566
307.532
307.506
307.505
307.516
307.496
307.462
307.43
307.412
307.399
307.366
307.323
307.272
307.238
307.213
307.218
307.248
307.253
307.224
307.181
307.126
307.084
307.054
307.035
307.044
307.044
307.013
306.975
306.941
306.915
306.914
306.901
306.867
306.832
306.803
306.794
306.79
306.759
306.722
306.691
306.67
306.677
306.665
306.63
306.586
306.549
306.521
306.512
306.523
306.507
306.472
306.435
306.406
306.395
306.385
306.353
306.314
306.279
306.253
306.25
306.263
306.246
306.211
306.176
306.147
306.139
306.119
306.083
306.032
305.983
305.952
305.933
305.95
305.989
305.989
305.957
305.911
305.843
305.79
305.759
305.736
305.746
305.78
305.783
305.752
305.708
305.643
305.594
305.563
305.54
305.547
305.571
305.56
305.526
305.48
305.437
305.407
305.39
305.401
305.403
305.372
305.328
305.27
305.231
305.202
305.196
305.22
305.233
305.207
305.166
305.111
305.067
305.038
305.025
305.044
305.064
305.043
305.004
304.944
304.88
304.843
304.815
304.813
304.849
304.882
304.867
304.83
304.774
304.685
304.621
304.587
304.56
304.561
304.606
304.659
304.657
304.624
304.577
304.498
304.417
304.374
304.344
304.328
304.348
304.4
304.417
304.392
304.352
304.29
304.223
304.183
304.154
304.143
304.164
304.185
304.165
304.127
304.07
304.007
303.969
303.941
303.935
303.963
303.988
303.97
303.934
303.88
303.824
303.789
303.761
303.757
303.779
303.779
303.748
303.704
303.649
303.611
303.584
303.579
303.605
303.619
303.594
303.553
303.491
303.431
303.396
303.369
303.367
303.396
303.412
303.388
303.35
303.294
303.243
303.21
303.184
303.183
303.202
303.191
303.158
303.113
303.071
303.042
303.027
303.043
303.053
303.027
302.986
302.923
302.865
302.831
302.804
302.803
302.836
302.858
302.837
302.8
302.744
302.686
302.65
302.622
302.616
302.639
302.653
302.629
302.589
302.53
302.472
302.436
302.409
302.403
302.429
302.449
302.428
302.391
302.342
302.299
302.269
302.248
302.256
302.26
302.231
302.189
302.127
302.078
302.048
302.025
302.036
302.077
302.088
302.062
302.022
301.962
301.905
301.869
301.842
301.834
301.854
301.857
301.827
301.786
301.734
301.699
301.672
301.669
301.697
301.71
301.684
301.644
301.582
301.519
301.483
301.455
301.447
301.474
301.503
301.487
301.452
301.402
301.339
301.297
301.267
301.243
301.247
301.268
301.259
301.227
301.188
301.154
301.127
301.121
301.121
301.093
301.057
301.017
300.983
300.95
300.918
300.89
300.869
300.879
300.912
300.912
300.881
300.838
300.771
300.716
300.683
300.658
300.659
300.693
300.71
300.686
300.648
300.59
300.527
300.489
300.461
300.45
300.472
300.497
300.481
300.446
300.395
300.338
300.301
300.273
300.26
300.277
300.288
300.264
300.226
300.179
300.141
300.112
300.094
300.104
300.098
300.067
300.028
299.992
299.964
299.951
299.959
299.944
299.911
299.88
299.855
299.855
299.843
299.808
299.757
299.691
299.649
299.62
299.602
299.619
299.67
299.686
299.662
299.623
299.563
299.485
299.44
299.41
299.387
299.396
299.438
299.455
299.431
299.393
299.335
299.267
299.227
299.198
299.178
299.19
299.228
299.234
299.206
299.168
299.116
299.07
299.036
299.004
298.973
298.941
298.913
298.889
298.891
298.924
298.941
298.918
298.881
298.825
298.759
298.719
298.69
298.671
298.683
298.713
298.706
298.674
298.632
298.587
298.556
298.53
298.527
298.534
298.51
298.472
298.415
298.363
298.332
298.308
298.312
298.35
298.366
298.342
298.305
298.25
298.192
298.156
298.128
298.113
298.127
298.138
298.114
298.078
298.032
297.995
297.967
297.953
297.967
297.964
297.933
297.891
297.84
297.805
297.779
297.773
297.802
297.825
297.806
297.77
297.719
297.644
297.592
297.558
297.528
297.502
297.491
297.515
297.557
297.554
297.523
297.481
297.412
297.347
297.31
297.283
297.268
297.29
297.334
297.335
297.305
297.265
297.204
297.153
297.121
297.095
297.09
297.113
297.116
297.088
297.049
296.995
296.954
296.925
296.908
296.922
296.941
296.922
296.886
296.831
296.755
296.708
296.678
296.656
296.667
296.721
296.757
296.742
296.708
296.658
296.579
296.518
296.483
296.455
296.442
296.461
296.491
296.478
296.445
296.398
296.338
296.298
296.27
296.253
296.27
296.305
296.298
296.266
296.222
296.152
296.094
296.061
296.034
296.027
296.056
296.093
296.083
296.051
296.008
295.945
295.898
295.866
295.839
295.826
295.837
295.826
295.795
295.756
295.724
295.699
295.698
295.727
295.729
295.7
295.658
295.586
295.504
295.461
295.433
295.412
295.424
295.482
295.522
295.509
295.476
295.429
295.353
295.287
295.25
295.223
295.205
295.22
295.257
295.254
295.224
295.183
295.121
295.071
295.041
295.016
295.017
295.053
295.074
295.053
295.017
294.962
294.877
294.82
294.787
294.761
294.75
294.778
294.845
294.863
294.84
294.804
294.75
294.659
294.583
294.544
294.514
294.487
294.472
294.492
294.552
294.575
294.555
294.52
294.47
294.394
294.34
294.307
294.28
294.266
294.286
294.316
294.304
294.272
294.229
294.173
294.135
294.107
294.086
294.095
294.118
294.106
294.074
294.033
293.988
293.957
293.931
293.922
293.915
293.885
293.846
293.8
293.766
293.74
293.733
293.756
293.765
293.74
293.703
293.65
293.603
293.573
293.549
293.554
293.592
293.606
293.582
293.545
293.487
293.406
293.358
293.328
293.304
293.305
293.347
293.385
293.372
293.34
293.295
293.218
293.151
293.114
293.087
293.068
293.082
293.126
293.133
293.107
293.07
293.012
292.953
292.917
292.891
292.876
292.895
292.926
292.915
292.883
292.839
292.768
292.713
292.681
292.656
292.649
292.681
292.722
292.713
292.682
292.638
292.565
292.496
292.459
292.432
292.413
292.427
292.476
292.49
292.467
292.431
292.376
292.301
292.256
292.226
292.202
292.2
292.234
292.256
292.236
292.202
292.152
292.083
292.039
292.01
291.985
291.985
292.017
292.032
292.009
291.974
291.923
291.868
291.834
291.807
291.793
291.811
291.833
291.816
291.783
291.734
291.665
291.62
291.589
291.564
291.56
291.591
291.62
291.605
291.573
291.533
291.489
291.456
291.427
291.398
291.369
291.339
291.309
291.279
291.253
291.235
291.246
291.267
291.25
291.218
291.173
291.124
291.092
291.066
291.06
291.091
291.121
291.106
291.073
291.025
290.938
290.857
290.818
290.79
290.768
290.775
290.831
290.88
290.871
290.841
290.8
290.73
290.652
290.611
290.582
290.558
290.556
290.592
290.619
290.602
290.57
290.524
290.46
290.417
290.389
290.366
290.369
290.407
290.421
290.398
290.362
290.306
290.213
290.151
290.117
290.091
290.077
290.099
290.168
290.195
290.176
290.143
290.094
290.009
289.932
289.894
289.866
289.844
289.848
289.897
289.94
289.929
289.899
289.857
289.785
289.707
289.667
289.638
289.614
289.612
289.648
289.682
289.668
289.637
289.595
289.53
289.48
289.448
289.422
289.409
289.428
289.45
289.433
289.401
289.356
289.301
289.265
289.238
289.219
289.231
289.266
289.263
289.234
289.195
289.13
289.048
289.003
288.973
288.947
288.929
288.943
289.002
289.032
289.015
288.984
288.939
288.866
288.8
288.764
288.736
288.713
288.713
288.745
288.754
288.73
288.696
288.646
288.595
288.562
288.536
288.523
288.543
288.569
288.553
288.522
288.478
288.41
288.361
288.33
288.305
288.294
288.318
288.351
288.339
288.309
288.268
288.206
288.156
288.124
288.098
288.081
288.092
288.109
288.09
288.059
288.016
287.974
287.943
287.919
287.91
287.93
287.93
287.903
287.867
287.814
287.769
287.74
287.715
287.711
287.739
287.75
287.726
287.692
287.638
287.559
287.511
287.481
287.456
287.445
287.473
287.542
287.561
287.541
287.508
287.463
287.386
287.318
287.281
287.251
287.223
287.194
287.166
287.142
287.133
287.16
287.22
287.229
287.204
287.17
287.117
287.02
286.934
286.893
286.864
286.839
286.826
286.848
286.924
286.963
286.949
286.918
286.877
286.806
286.723
286.679
286.65
286.624
286.611
286.632
286.673
286.669
286.641
286.604
286.546
286.484
286.449
286.422
286.401
286.407
286.446
286.456
286.433
286.399
286.348
286.276
286.231
286.202
286.177
286.166
286.191
286.226
286.216
286.187
286.148
286.089
286.036
286.004
285.978
285.956
285.958
285.98
285.969
285.941
285.903
285.859
285.826
285.8
285.78
285.785
285.788
285.764
285.731
285.69
285.658
285.632
285.617
285.632
285.65
285.632
285.6
285.553
285.48
285.43
285.399
285.374
285.362
285.387
285.435
285.434
285.407
285.371
285.313
285.235
285.19
285.161
285.136
285.123
285.144
285.186
285.181
285.154
285.118
285.061
284.998
284.962
284.935
284.911
284.906
284.933
284.944
284.922
284.889
284.844
284.792
284.759
284.733
284.711
284.714
284.736
284.726
284.697
284.66
284.611
284.575
284.548
284.525
284.523
284.547
284.545
284.519
284.485
284.436
284.387
284.355
284.327
284.299
284.271
284.245
284.224
284.226
284.256
284.259
284.234
284.201
284.154
284.108
284.077
284.052
284.034
284.043
284.059
284.04
284.009
283.964
283.899
283.856
283.827
283.803
283.794
283.823
283.861
283.851
283.823
283.785
283.725
283.66
283.625
283.597
283.574
283.566
283.594
283.626
283.614
283.585
283.547
283.486
283.421
283.384
283.355
283.328
283.305
283.298
283.327
283.363
283.352
283.324
283.287
283.23
283.17
283.136
283.108
283.084
283.075
283.097
283.113
283.094
283.064
283.027
282.991
282.964
282.94
282.933
282.935
282.913
282.88
282.828
282.752
282.707
282.678
282.654
282.646
282.68
282.747
282.756
282.733
282.7
282.652
282.568
282.503
282.469
282.442
282.419
282.415
282.448
282.482
282.469
282.44
282.402
282.34
282.28
282.246
282.219
282.197
282.195
282.228
282.245
282.225
282.194
282.151
282.087
282.042
282.013
281.989
281.975
281.994
282.028
282.019
281.991
281.954
281.893
281.822
281.785
281.757
281.734
281.726
281.756
281.8
281.794
281.767
281.732
281.676
281.604
281.562
281.534
281.509
281.49
281.499
281.533
281.529
281.502
281.469
281.42
281.372
281.341
281.315
281.293
281.291
281.316
281.313
281.287
281.255
281.214
281.181
281.153
281.127
281.107
281.088
281.063
281.035
281.007
280.981
280.957
280.946
280.957
280.947
280.92
280.888
280.856
280.829
280.807
280.805
280.802
280.777
280.744
280.695
280.648
280.619
280.594
280.58
280.598
280.645
280.646
280.621
280.589
280.541
280.465
280.413
280.382
280.354
280.327
280.301
280.278
280.268
280.294
280.357
280.369
280.347
280.317
280.275
280.202
280.123
280.083
280.054
280.027
280
279.973
279.947
279.924
279.913
279.939
279.995
279.999
279.975
279.944
279.898
279.821
279.762
279.729
279.703
279.68
279.674
279.705
279.739
279.727
279.699
279.664
279.606
279.544
279.51
279.483
279.459
279.447
279.468
279.49
279.474
279.445
279.408
279.353
279.311
279.283
279.258
279.241
279.252
279.276
279.263
279.235
279.198
279.142
279.093
279.063
279.038
279.017
279.021
279.052
279.052
279.027
278.995
278.947
278.892
278.859
278.832
278.809
278.803
278.827
278.836
278.813
278.783
278.738
278.669
278.622
278.593
278.568
278.548
278.555
278.6
278.617
278.598
278.568
278.53
278.469
278.418
278.388
278.362
278.338
278.325
278.339
278.346
278.324
278.295
278.255
278.21
278.179
278.152
278.129
278.113
278.123
278.121
278.096
278.069
278.043
278.021
278.015
278
277.973
277.938
277.89
277.853
277.826
277.803
277.795
277.82
277.834
277.814
277.784
277.743
277.681
277.637
277.609
277.584
277.566
277.576
277.617
277.62
277.596
277.565
277.52
277.446
277.393
277.363
277.336
277.313
277.303
277.325
277.349
277.333
277.305
277.271
277.225
277.19
277.163
277.14
277.124
277.133
277.132
277.107
277.076
277.032
276.986
276.957
276.932
276.912
276.916
276.947
276.944
276.919
276.887
276.839
276.778
276.741
276.714
276.69
276.673
276.685
276.714
276.705
276.678
276.646
276.596
276.543
276.511
276.485
276.461
276.446
276.459
276.477
276.46
276.433
276.399
276.359
276.328
276.302
276.277
276.258
276.246
276.224
276.198
276.171
276.146
276.125
276.124
276.137
276.122
276.094
276.059
276.006
275.963
275.934
275.909
275.888
275.885
275.909
275.907
275.882
275.852
275.813
275.777
275.749
275.724
275.703
275.699
275.688
275.662
275.632
275.601
275.574
275.551
275.536
275.548
275.555
275.533
275.503
275.461
275.399
275.357
275.329
275.305
275.287
275.295
275.333
275.335
275.311
275.282
275.238
275.173
275.128
275.099
275.074
275.053
275.05
275.08
275.09
275.069
275.04
275.001
274.947
274.909
274.882
274.858
274.842
274.854
274.898
274.901
274.878
274.848
274.806
274.729
274.65
274.612
274.584
274.558
274.532
274.507
274.485
274.475
274.501
274.565
274.576
274.555
274.526
274.489
274.424
274.347
274.308
274.28
274.255
274.234
274.228
274.258
274.288
274.274
274.248
274.216
274.167
274.114
274.081
274.055
274.031
274.01
274.009
274.023
274.008
273.982
273.95
273.914
273.885
273.86
273.838
273.831
273.834
273.814
273.787
273.751
273.711
273.683
273.658
273.639
273.641
273.669
273.664
273.639
273.608
273.559
273.479
273.425
273.395
273.37
273.347
273.339
273.368
273.426
273.429
273.406
273.378
273.338
273.269
273.205
273.171
273.145
273.122
273.103
273.109
273.146
273.15
273.127
273.098
273.059
272.998
272.952
272.924
272.899
272.877
272.868
272.893
272.915
272.899
272.872
272.839
272.787
272.727
272.693
272.667
272.642
272.621
272.616
272.648
272.676
272.663
272.637
272.609
272.575
272.523
272.461
272.425
272.398
272.372
272.347
272.322
272.298
272.277
272.275
272.309
272.334
272.318
272.291
272.258
272.203
272.125
272.081
272.053
272.029
272.008
272.003
272.038
272.076
272.065
272.04
272.009
271.961
271.889
271.845
271.817
271.792
271.771
271.766
271.799
271.832
271.819
271.793
271.762
271.711
271.629
271.578
271.549
271.524
271.502
271.492
271.518
271.57
271.569
271.546
271.517
271.477
271.406
271.34
271.307
271.281
271.258
271.24
271.247
271.294
271.31
271.291
271.264
271.229
271.171
271.095
271.056
271.029
271.004
270.983
270.977
271.01
271.05
271.04
271.015
270.986
270.943
270.873
270.821
270.791
270.766
270.742
270.721
270.714
270.738
270.749
270.73
270.704
270.674
270.641
270.614
270.588
270.563
270.538
270.513
270.488
270.462
270.437
270.413
270.392
270.386
270.408
270.413
270.391
270.364
270.327
270.266
270.21
270.18
270.155
270.132
270.116
270.128
270.165
270.161
270.137
270.109
270.07
270.009
269.965
269.937
269.912
269.89
269.875
269.889
269.91
269.896
269.87
269.84
269.795
269.746
269.716
269.69
269.667
269.647
269.645
269.662
269.651
269.626
269.597
269.56
269.527
269.501
269.476
269.455
269.447
269.445
269.425
269.398
269.366
269.329
269.301
269.277
269.255
269.242
269.254
269.254
269.232
269.205
269.172
269.139
269.113
269.089
269.067
269.053
269.034
269.01
268.983
268.949
268.912
268.884
268.86
268.839
268.832
268.859
268.879
268.863
268.837
268.805
268.753
268.683
268.644
268.618
268.594
268.573
268.568
268.6
268.634
268.622
268.598
268.569
268.526
268.456
268.406
268.378
268.353
268.33
268.314
268.323
268.36
268.359
268.336
268.309
268.274
268.215
268.165
268.136
268.111
268.088
268.069
268.072
268.099
268.095
268.071
268.044
268.008
267.956
267.918
267.892
267.868
267.845
267.83
267.839
267.846
267.827
267.801
267.771
267.732
267.701
267.676
267.652
267.631
267.622
267.631
267.62
267.596
267.57
267.54
267.507
267.477
267.448
267.421
267.395
267.37
267.346
267.322
267.299
267.28
267.28
267.32
267.342
267.326
267.301
267.271
267.224
267.132
267.049
267.013
266.987
266.963
266.94
266.924
266.934
267
267.054
267.047
267.023
266.996
266.959
266.89
266.786
266.733
266.705
266.68
266.657
266.638
266.639
266.687
266.738
266.732
266.708
266.682
266.646
266.583
266.509
266.472
266.446
266.422
266.4
266.384
266.394
266.432
266.431
266.409
266.382
266.35
266.3
266.252
266.223
266.199
266.175
266.153
266.139
266.148
266.146
266.124
266.098
266.069
266.042
266.018
265.995
265.975
265.967
265.951
265.927
265.902
265.872
265.843
265.818
265.795
265.774
265.769
265.775
265.759
265.734
265.706
265.666
265.628
265.601
265.577
265.555
265.537
265.538
265.542
265.523
265.499
265.471
265.444
265.42
265.396
265.375
265.356
265.334
265.31
265.284
265.256
265.228
265.204
265.18
265.16
265.155
265.169
265.159
265.135
265.108
265.073
265.029
265
264.975
264.952
264.934
264.933
264.957
264.953
264.93
264.904
264.871
264.816
264.758
264.727
264.702
264.678
264.654
264.632
264.615
264.62
264.662
264.672
264.653
264.628
264.598
264.553
264.472
264.417
264.388
264.363
264.341
264.321
264.318
264.358
264.404
264.396
264.373
264.347
264.314
264.255
264.183
264.146
264.121
264.097
264.075
264.057
264.06
264.091
264.09
264.068
264.043
264.013
263.968
263.924
263.897
263.872
263.849
263.828
263.817
263.826
263.818
263.795
263.769
263.739
263.707
263.681
263.657
263.635
263.617
263.612
263.6
263.577
263.552
263.524
263.496
263.471
263.448
263.427
263.416
263.426
263.417
263.394
263.37
263.343
263.309
263.273
263.244
263.216
263.188
263.163
263.138
263.115
263.091
263.068
263.046
263.029
263.031
263.061
263.059
263.038
263.013
262.982
262.935
262.879
262.847
262.822
262.799
262.778
262.763
262.774
262.787
262.771
262.747
262.72
262.685
262.645
262.617
262.593
262.571
262.551
262.544
262.556
262.546
262.523
262.497
262.465
262.417
262.381
262.355
262.332
262.309
262.291
262.287
262.302
262.291
262.268
262.243
262.214
262.173
262.141
262.116
262.092
262.069
262.045
262.022
261.998
261.976
261.957
261.954
261.978
261.978
261.957
261.932
261.904
261.86
261.8
261.764
261.739
261.716
261.694
261.678
261.682
261.709
261.703
261.681
261.657
261.628
261.587
261.553
261.528
261.505
261.483
261.464
261.462
261.455
261.433
261.409
261.379
261.332
261.286
261.259
261.235
261.213
261.194
261.192
261.225
261.237
261.219
261.195
261.168
261.13
261.07
261.028
261.001
260.978
260.956
260.937
260.932
260.961
260.972
260.955
260.931
260.905
260.87
260.81
260.759
260.731
260.707
260.683
260.66
260.638
260.618
260.607
260.623
260.634
260.617
260.594
260.569
260.538
260.504
260.479
260.455
260.433
260.412
260.401
260.388
260.367
260.343
260.318
260.286
260.256
260.232
260.209
260.188
260.174
260.182
260.185
260.166
260.142
260.115
260.077
260.029
259.999
259.975
259.952
259.932
259.918
259.93
259.941
259.924
259.9
259.875
259.842
259.797
259.766
259.742
259.719
259.697
259.678
259.675
259.676
259.658
259.634
259.61
259.582
259.557
259.534
259.511
259.492
259.484
259.481
259.461
259.437
259.411
259.371
259.314
259.277
259.252
259.229
259.208
259.193
259.202
259.242
259.243
259.222
259.199
259.172
259.132
259.066
259.019
258.993
258.97
258.947
258.927
258.918
258.939
258.959
258.944
258.922
258.897
258.867
258.82
258.773
258.745
258.722
258.699
258.677
258.66
258.66
258.667
258.652
258.629
258.605
258.576
258.544
258.518
258.495
258.473
258.451
258.434
258.432
258.423
258.401
258.379
258.355
258.33
258.299
258.268
258.244
258.221
258.198
258.175
258.153
258.13
258.108
258.088
258.078
258.093
258.104
258.087
258.064
258.04
258.011
257.967
257.914
257.883
257.859
257.836
257.813
257.791
257.768
257.746
257.724
257.705
257.696
257.715
257.724
257.706
257.684
257.66
257.633
257.596
257.557
257.532
257.508
257.486
257.463
257.441
257.418
257.396
257.375
257.358
257.36
257.361
257.342
257.319
257.295
257.264
257.218
257.18
257.155
257.132
257.11
257.09
257.079
257.091
257.092
257.073
257.05
257.025
256.995
256.959
256.933
256.91
256.887
256.867
256.85
256.85
256.842
256.821
256.798
256.774
256.744
256.715
256.692
256.67
256.648
256.628
256.613
256.595
256.573
256.551
256.528
256.504
256.481
256.459
256.437
256.419
256.412
256.411
256.393
256.371
256.347
256.318
256.278
256.247
256.224
256.202
256.18
256.162
256.158
256.166
256.152
256.13
256.106
256.08
256.047
256.017
255.994
255.972
255.95
255.93
255.919
255.907
255.886
255.863
255.84
255.815
255.79
255.767
255.745
255.724
255.706
255.701
255.692
255.671
255.649
255.624
255.594
255.554
255.524
255.501
255.479
255.457
255.438
255.428
255.445
255.454
255.437
255.415
255.392
255.366
255.328
255.271
255.235
255.21
255.187
255.165
255.143
255.121
255.099
255.08
255.069
255.086
255.107
255.093
255.072
255.049
255.024
254.989
254.933
254.893
254.868
254.845
254.824
254.804
254.79
254.799
254.805
254.788
254.766
254.743
254.716
254.677
254.638
254.613
254.591
254.569
254.548
254.533
254.536
254.533
254.513
254.491
254.467
254.44
254.404
254.376
254.353
254.331
254.31
254.292
254.286
254.284
254.265
254.243
254.22
254.194
254.157
254.124
254.1
254.077
254.056
254.035
254.019
254.02
254.021
254.003
253.981
253.959
253.936
253.912
253.881
253.851
253.828
253.806
253.784
253.762
253.74
253.718
253.696
253.677
253.662
253.669
253.683
253.669
253.647
253.625
253.6
253.567
253.506
253.441
253.41
253.386
253.364
253.343
253.323
253.307
253.312
253.347
253.349
253.33
253.309
253.286
253.26
253.223
253.176
253.147
253.124
253.102
253.081
253.062
253.053
253.059
253.046
253.025
253.003
252.979
252.95
252.912
252.884
252.862
252.84
252.819
252.8
252.792
252.794
252.779
252.758
252.736
252.713
252.687
252.658
252.635
252.613
252.591
252.57
252.55
252.531
252.511
252.49
252.468
252.446
252.425
252.403
252.382
252.365
252.357
252.351
252.332
252.311
252.289
252.267
252.246
252.224
252.204
252.187
252.176
252.158
252.137
252.115
252.092
252.065
252.025
251.967
251.933
251.91
251.888
251.867
251.846
251.828
251.821
251.846
251.867
251.854
251.833
251.811
251.788
251.759
251.711
251.661
251.634
251.611
251.59
251.569
251.551
251.544
251.553
251.543
251.522
251.5
251.478
251.451
251.415
251.385
251.362
251.34
251.319
251.299
251.287
251.289
251.279
251.259
251.237
251.215
251.19
251.157
251.127
251.104
251.082
251.061
251.04
251.022
251.013
251.002
250.982
250.961
250.94
250.918
250.897
250.877
250.861
250.854
250.841
250.82
250.799
250.777
250.753
250.723
250.674
250.635
250.61
250.588
250.567
250.545
250.525
250.507
250.501
250.52
250.518
250.499
250.478
250.456
250.432
250.4
250.352
250.318
250.294
250.273
250.252
250.232
250.217
250.22
250.224
250.207
250.186
250.164
250.142
250.114
250.079
250.052
250.03
250.009
249.988
249.968
249.955
249.949
249.931
249.91
249.889
249.868
249.845
249.822
249.801
249.78
249.76
249.743
249.736
249.729
249.71
249.689
249.668
249.644
249.615
249.566
249.517
249.49
249.468
249.446
249.425
249.404
249.384
249.367
249.363
249.388
249.395
249.378
249.357
249.336
249.315
249.293
249.269
249.236
249.19
249.159
249.136
249.114
249.093
249.072
249.05
249.029
249.008
248.987
248.966
248.945
248.926
248.912
248.914
248.913
248.895
248.874
248.853
248.83
248.805
248.77
248.738
248.716
248.694
248.674
248.653
248.637
248.63
248.62
248.6
248.579
248.558
248.536
248.511
248.484
248.462
248.441
248.42
248.399
248.381
248.369
248.356
248.337
248.316
248.296
248.275
248.254
248.233
248.213
248.193
248.173
248.152
248.131
248.11
248.087
248.058
248.021
247.996
247.974
247.953
247.933
247.914
247.9
247.902
247.9
247.882
247.862
247.842
247.821
247.798
247.77
247.747
247.728
247.711
247.694
247.679
247.669
247.661
247.649
247.637
247.626
247.616
247.605
247.592
247.584
247.58
247.577
247.576
247.579
247.59
247.605
247.612
247.621
247.631
247.643
247.655
247.665
247.67
247.679
247.692
247.706
247.719
247.73
247.739
247.747
247.755
247.764
247.769
247.77
247.768
247.765
247.758
247.745
247.734
247.726
247.718
247.712
247.706
247.704
247.708
247.708
247.704
247.7
247.696
247.692
247.685
247.676
247.673
247.673
247.674
247.675
247.68
247.69
247.704
247.713
247.721
247.729
247.736
247.742
247.747
247.751
247.752
247.752
247.752
247.75
247.746
247.743
247.739
247.735
247.731
247.727
247.723
247.721
247.72
247.717
247.713
247.71
247.706
247.701
247.695
247.692
247.69
247.689
247.689
247.692
247.702
247.717
247.722
247.725
247.728
247.731
247.734
247.731
247.713
247.698
247.699
247.703
247.706
247.709
247.712
247.714
247.72
247.737
247.755
247.757
247.755
247.751
247.747
247.742
247.734
247.72
247.71
247.706
247.703
247.7
247.698
247.697
247.699
247.702
247.702
247.701
247.701
247.701
247.7
247.7
247.697
247.693
247.694
247.697
247.701
247.705
247.71
247.715
247.722
247.73
247.734
247.737
247.739
247.741
247.74
247.739
247.738
247.737
247.734
247.732
247.731
247.735
247.741
247.741
247.738
247.735
247.732
247.728
247.722
247.706
247.68
247.672
247.669
247.668
247.668
247.667
247.667
247.668
247.671
247.68
247.701
247.714
247.719
247.723
247.726
247.73
247.733
247.734
247.735
247.737
247.739
247.74
247.742
247.743
247.742
247.741
247.739
247.736
247.729
247.714
247.703
247.698
247.695
247.693
247.691
247.692
247.702
247.726
247.733
247.734
247.733
247.732
247.73
247.725
247.708
247.678
247.67
247.67
247.671
247.674
247.677
247.682
247.693
247.717
247.73
247.734
247.737
247.739
247.741
247.74
247.736
247.73
247.728
247.727
247.725
247.724
247.722
247.723
247.725
247.724
247.722
247.72
247.718
247.716
247.713
247.707
247.7
247.697
247.696
247.696
247.695
247.695
247.696
247.697
247.702
247.709
247.711
247.714
247.716
247.718
247.721
247.722
247.723
247.725
247.727
247.729
247.73
247.732
247.735
247.736
247.736
247.735
247.733
247.73
247.725
247.713
247.702
247.698
247.696
247.694
247.693
247.692
247.695
247.706
247.717
247.719
247.719
247.719
247.718
247.718
247.717
247.712
247.704
247.702
247.703
247.705
247.707
247.709
247.712
247.716
247.722
247.725
247.727
247.728
247.729
247.729
247.729
247.725
247.721
247.719
247.718
247.716
247.714
247.713
247.714
247.719
247.725
247.725
247.724
247.723
247.722
247.721
247.72
247.715
247.704
247.698
247.696
247.696
247.697
247.697
247.698
247.7
247.704
247.712
247.719
247.722
247.724
247.726
247.727
247.728
247.728
247.726
247.726
247.726
247.726
247.725
247.725
247.726
247.73
247.731
247.73
247.729
247.727
247.726
247.723
247.718
247.703
247.693
247.69
247.689
247.689
247.689
247.689
247.69
247.693
247.706
247.722
247.726
247.728
247.729
247.73
247.731
247.731
247.728
247.716
247.706
247.705
247.706
247.707
247.707
247.708
247.708
247.711
247.722
247.737
247.741
247.74
247.739
247.738
247.737
247.736
247.735
247.733
247.731
247.725
247.707
247.686
247.681
247.679
247.679
247.679
247.679
247.679
247.681
247.685
247.697
247.718
247.725
247.728
247.729
247.73
247.731
247.731
247.726
247.715
247.71
247.71
247.71
247.71
247.71
247.712
247.716
247.733
247.744
247.746
247.746
247.745
247.744
247.743
247.742
247.741
247.74
247.738
247.732
247.711
247.674
247.662
247.66
247.66
247.66
247.66
247.662
247.666
247.68
247.716
247.736
247.741
247.742
247.743
247.744
247.744
247.74
247.725
247.712
247.71
247.71
247.71
247.71
247.71
247.713
247.72
247.722
247.722
247.721
247.72
247.719
247.717
247.713
247.71
247.71
247.709
247.709
247.708
247.708
247.709
247.711
247.711
247.712
247.712
247.713
247.714
247.715
247.717
247.718
247.719
247.72
247.721
247.721
247.721
247.718
247.716
247.716
247.716
247.716
247.715
247.715
247.716
247.721
247.727
247.728
247.727
247.727
247.726
247.726
247.725
247.725
247.724
247.724
247.723
247.72
247.712
247.702
247.7
247.699
247.699
247.7
247.7
247.701
247.702
247.705
247.713
247.719
247.721
247.722
247.723
247.724
247.724
247.723
247.721
247.721
247.72
247.72
247.72
247.719
247.719
247.721
247.722
247.722
247.721
247.721
247.72
247.72
247.719
247.719
247.72
247.723
247.724
247.724
247.724
247.724
247.723
247.723
247.721
247.712
247.693
247.687
247.686
247.686
247.687
247.688
247.689
247.693
247.705
247.721
247.726
247.727
247.727
247.727
247.726
247.724
247.719
247.715
247.713
247.713
247.712
247.712
247.714
247.721
247.738
247.746
247.748
247.748
247.747
247.747
247.745
247.74
247.723
247.686
247.672
247.67
247.67
247.67
247.67
247.671
247.672
247.676
247.69
247.717
247.728
247.73
247.731
247.731
247.732
247.731
247.73
247.726
247.717
247.713
247.712
247.711
247.711
247.71
247.71
247.71
247.712
247.716
247.718
247.718
247.718
247.718
247.718
247.718
247.717
247.717
247.716
247.713
247.71
247.709
247.71
247.71
247.711
247.711
247.712
247.714
247.717
247.718
247.718
247.718
247.719
247.719
247.718
247.717
247.717
247.717
247.716
247.716
247.716
247.715
247.716
247.717
247.716
247.716
247.716
247.716
247.716
247.716
247.716
247.716
247.718
247.722
247.723
247.723
247.723
247.724
247.724
247.724
247.723
247.719
247.711
247.708
247.708
247.708
247.708
247.708
247.709
247.709
247.712
247.716
247.718
247.718
247.718
247.718
247.718
247.717
247.717
247.716
247.716
247.715
247.716
247.716
247.72
247.726
247.727
247.727
247.727
247.727
247.726
247.725
247.718
247.707
247.703
247.703
247.703
247.703
247.704
247.706
247.712
247.725
247.73
247.731
247.731
247.731
247.731
247.729
247.722
247.704
247.693
247.691
247.69
247.69
247.69
247.691
247.696
247.714
247.742
247.749
247.751
247.751
247.75
247.75
247.749
247.743
247.723
247.69
247.681
247.679
247.679
247.679
247.679
247.679
247.681
247.687
247.705
247.729
247.735
247.737
247.737
247.737
247.737
247.737
247.735
247.726
247.71
247.703
247.702
247.702
247.702
247.702
247.702
247.702
247.705
247.714
247.718
247.718
247.718
247.718
247.718
247.718
247.718
247.718
247.719
247.72
247.723
247.726
247.726
247.726
247.727
247.727
247.727
247.725
247.72
247.704
247.692
247.689
247.689
247.689
247.689
247.69
247.691
247.696
247.712
247.726
247.729
247.729
247.729
247.729
247.729
247.728
247.725
247.718
247.712
247.71
247.71
247.71
247.71
247.71
247.71
247.711
247.713
247.717
247.719
247.72
247.72
247.72
247.72
247.72
247.72
247.72
247.719
247.717
247.716
247.716
247.716
247.717
247.717
247.717
247.717
247.718
247.718
247.718
247.718
247.718
247.717
247.716
247.712
247.708
247.707
247.707
247.707
247.707
247.707
247.708
247.712
247.72
247.723
247.723
247.724
247.724
247.724
247.723
247.721
247.714
247.706
247.704
247.703
247.703
247.704
247.704
247.705
247.706
247.71
247.718
247.721
247.721
247.721
247.721
247.721
247.72
247.72
247.72
247.719
247.719
247.719
247.719
247.719
247.719
247.718
247.716
247.709
247.706
247.706
247.705
247.705
247.705
247.705
247.706
247.71
247.719
247.725
247.727
247.727
247.727
247.727
247.727
247.725
247.718
247.707
247.703
247.703
247.703
247.703
247.703
247.705
247.71
247.722
247.728
247.729
247.729
247.729
247.728
247.727
247.724
247.713
247.7
247.697
247.697
247.697
247.697
247.698
247.699
247.703
247.715
247.72
247.721
247.721
247.721
247.721
247.721
247.72
247.718
247.717
247.717
247.717
247.717
247.717
247.718
247.719
247.721
247.721
247.721
247.721
247.721
247.72
247.718
247.714
247.712
247.712
247.711
247.711
247.711
247.711
247.712
247.714
247.715
247.715
247.715
247.715
247.715
247.715
247.714
247.713
247.713
247.713
247.713
247.713
247.714
247.715
247.718
247.725
247.732
247.733
247.734
247.734
247.734
247.733
247.732
247.729
247.718
247.694
247.683
247.681
247.681
247.681
247.682
247.682
247.684
247.69
247.708
247.719
247.721
247.722
247.721
247.721
247.721
247.72
247.72
247.717
247.715
247.715
247.715
247.716
247.716
247.716
247.716
247.716
247.715
247.715
247.714
247.713
247.713
247.713
247.713
247.714
247.714
247.715
247.716
247.72
247.722
247.722
247.722
247.721
247.721
247.721
247.72
247.721
247.721
247.723
247.725
247.725
247.726
247.726
247.725
247.725
247.724
247.722
247.716
247.702
247.696
247.695
247.695
247.696
247.696
247.696
247.696
247.698
247.705
247.717
247.72
247.721
247.721
247.721
247.722
247.722
247.722
247.72
247.718
247.717
247.716
247.716
247.715
247.714
247.714
247.714
247.716
247.718
247.718
247.718
247.719
247.72
247.721
247.721
247.722
247.722
247.722
247.721
247.718
247.712
247.707
247.705
247.704
247.704
247.704
247.705
247.706
247.71
247.716
247.726
247.73
247.73
247.73
247.729
247.727
247.724
247.721
247.713
247.699
247.695
247.694
247.695
247.696
247.699
247.7
247.702
247.708
247.724
247.737
247.739
247.739
247.738
247.737
247.737
247.737
247.737
247.734
247.718
247.696
247.69
247.689
247.689
247.688
247.687
247.686
247.686
247.688
247.699
247.716
247.722
247.724
247.725
247.726
247.727
247.727
247.726
247.723
247.716
247.713
247.712
247.711
247.71
247.71
247.71
247.712
247.715
247.718
247.72
247.72
247.72
247.72
247.72
247.719
247.715
247.711
247.71
247.71
247.709
247.71
247.71
247.712
247.714
247.717
247.72
247.721
247.721
247.721
247.72
247.719
247.717
247.715
247.714
247.714
247.714
247.715
247.716
247.719
247.721
247.721
247.722
247.721
247.721
247.719
247.713
247.708
247.705
247.705
247.705
247.705
247.706
247.708
247.711
247.717
247.724
247.725
247.725
247.725
247.724
247.723
247.721
247.719
247.718
247.718
247.717
247.717
247.715
247.709
247.704
247.703
247.704
247.705
247.705
247.704
247.704
247.704
247.707
247.714
247.716
247.716
247.716
247.717
247.717
247.718
247.719
247.718
247.717
247.718
247.718
247.717
247.717
247.716
247.715
247.713
247.712
247.712
247.711
247.711
247.713
247.715
247.718
247.721
247.726
247.729
247.729
247.728
247.726
247.724
247.721
247.718
247.712
247.701
247.699
247.699
247.7
247.702
247.704
247.704
247.704
247.706
247.71
247.711
247.711
247.709
247.709
247.71
247.71
247.711
247.714
247.716
247.718
247.719
247.721
247.721
247.72
247.718
247.715
247.712
247.71
247.707
247.706
247.707
247.71
247.713
247.715
247.717
247.721
247.722
247.722
247.721
247.717
247.715
247.713
247.711
247.709
247.709
247.71
247.713
247.716
247.719
247.721
247.725
247.726
247.726
247.724
247.72
247.717
247.715
247.712
247.705
247.7
247.699
247.7
247.703
247.705
247.706
247.707
247.708
247.713
247.719
247.72
247.719
247.717
247.717
247.718
247.719
247.722
247.724
247.724
247.719
247.713
247.711
247.71
247.708
247.705
247.702
247.702
247.703
247.71
247.722
247.726
247.729
247.733
247.735
247.736
247.735
247.732
247.72
247.703
247.697
247.693
247.691
247.691
247.691
247.693
247.697
247.708
247.725
247.732
247.734
247.734
247.734
247.733
247.73
247.726
247.72
247.709
247.701
247.7
247.7
247.7
247.702
247.704
247.708
247.712
247.719
247.724
247.725
247.725
247.725
247.723
247.721
247.717
247.711
247.706
247.704
247.704
247.704
247.704
247.705
247.708
247.712
247.715
247.717
247.718
247.719
247.721
247.725
247.729
247.729
247.728
247.726
247.725
247.725
247.725
247.726
247.726
247.717
247.701
247.697
247.696
247.695
247.693
247.69
247.688
247.688
247.693
247.712
247.732
247.737
247.74
247.744
247.746
247.747
247.747
247.744
247.734
247.708
247.689
247.683
247.681
247.68
247.68
247.68
247.683
247.688
247.699
247.719
247.731
247.734
247.734
247.734
247.733
247.73
247.726
247.72
247.711
247.705
247.704
247.705
247.706
247.709
247.712
247.716
247.721
247.723
247.723
247.722
247.72
247.717
247.713
247.707
247.702
247.701
247.701
247.702
247.704
247.707
247.708
247.71
247.713
247.723
247.735
247.738
247.738
247.737
247.737
247.737
247.738
247.739
247.739
247.738
247.729
247.706
247.695
247.692
247.691
247.69
247.69
247.69
247.692
247.697
247.708
247.721
247.724
247.725
247.724
247.723
247.722
247.72
247.717
247.712
247.71
247.71
247.711
247.712
247.713
247.714
247.715
247.715
247.714
247.713
247.712
247.712
247.711
247.712
247.713
247.714
247.714
247.714
247.715
247.714
247.712
247.71
247.71
247.71
247.709
247.71
247.713
247.716
247.717
247.718
247.72
247.719
247.717
247.713
247.711
247.71
247.707
247.707
247.708
247.711
247.714
247.717
247.719
247.724
247.726
247.725
247.722
247.718
247.716
247.714
247.712
247.708
247.706
247.707
247.711
247.714
247.716
247.717
247.718
247.722
247.726
247.725
247.721
247.718
247.716
247.715
247.712
247.705
247.692
247.688
247.689
247.694
247.697
247.699
247.7
247.701
247.708
247.721
247.726
247.726
247.722
247.719
247.718
247.718
247.718
247.717
247.711
247.709
247.711
247.714
247.715
247.715
247.714
247.713
247.715
247.718
247.716
247.714
247.714
247.714
247.716
247.717
247.715
247.711
247.712
247.713
247.713
247.711
247.708
247.705
247.705
247.712
247.718
247.719
247.72
247.723
247.727
247.731
247.733
247.731
247.719
247.71
247.706
247.702
247.697
247.694
247.693
247.695
247.705
247.715
247.719
247.725
247.729
247.731
247.73
247.722
247.711
247.705
247.699
247.694
247.692
247.693
247.7
247.715
247.722
247.728
247.734
247.737
247.737
247.732
247.72
247.714
247.708
247.701
247.698
247.697
247.702
247.715
247.721
247.727
247.734
247.739
247.74
247.736
247.719
247.706
247.701
247.694
247.686
247.682
247.681
247.686
247.704
247.718
247.725
247.732
247.74
247.745
247.746
247.742
247.727
247.715
247.709
247.701
247.693
247.689
247.688
247.696
247.709
247.715
247.72
247.727
247.734
247.737
247.733
247.721
247.717
247.714
247.709
247.702
247.699
247.701
247.71
247.712
247.713
247.715
247.72
247.723
247.721
247.718
247.72
247.722
247.722
247.721
247.721
247.728
247.728
247.723
247.718
247.716
247.714
247.709
247.694
247.689
247.692
247.698
247.701
247.703
247.704
247.712
247.723
247.723
247.717
247.713
247.711
247.71
247.707
247.707
247.711
247.719
247.724
247.73
247.737
247.74
247.738
247.733
247.726
247.719
247.705
247.685
247.68
247.68
247.684
247.688
247.69
247.693
247.703
247.729
247.738
247.739
247.739
247.74
247.745
247.75
247.75
247.736
247.705
247.694
247.689
247.682
247.673
247.668
247.667
247.671
247.693
247.72
247.732
247.741
247.749
247.753
247.754
247.749
247.731
247.707
247.696
247.687
247.68
247.678
247.679
247.689
247.712
247.727
247.736
247.743
247.747
247.747
247.741
247.719
247.701
247.691
247.683
247.678
247.677
247.68
247.698
247.739
247.762
247.773
247.779
247.781
247.781
247.778
247.766
247.736
247.68
247.648
247.641
247.64
247.64
247.644
247.652
247.663
247.678
247.706
247.745
247.755
247.756
247.753
247.746
247.737
247.732
247.727
247.719
247.701
247.691
247.69
247.694
247.701
247.703
247.704
247.704
247.707
247.723
247.731
247.73
247.727
247.727
247.729
247.732
247.731
247.716
247.703
247.702
247.701
247.698
247.693
247.69
247.694
247.708
247.714
247.716
247.719
247.725
247.729
247.726
247.715
247.711
247.709
247.706
247.7
247.698
247.704
247.728
247.738
247.74
247.743
247.748
247.751
247.75
247.739
247.701
247.679
247.674
247.67
247.668
247.667
247.668
247.674
247.692
247.727
247.744
247.747
247.746
247.743
247.736
247.728
247.72
247.708
247.692
247.689
247.691
247.698
247.706
247.711
247.715
247.72
247.732
247.738
247.737
247.729
247.724
247.721
247.721
247.719
247.708
247.691
247.689
247.692
247.694
247.693
247.69
247.684
247.68
247.684
247.713
247.732
247.736
247.739
247.746
247.756
247.762
247.764
247.759
247.732
247.706
247.695
247.686
247.675
247.669
247.668
247.672
247.69
247.72
247.735
247.747
247.756
247.76
247.761
247.753
247.73
247.711
247.7
247.688
247.681
247.68
247.685
247.707
247.726
247.737
247.75
247.759
247.761
247.757
247.737
247.721
247.712
247.7
247.689
247.685
247.689
247.711
247.724
247.732
247.743
247.755
247.76
247.757
247.732
247.7
247.689
247.68
247.667
247.657
247.653
247.657
247.683
247.716
247.729
247.74
247.754
247.762
247.764
247.759
247.733
247.695
247.679
247.666
247.654
247.648
247.647
247.653
247.68
247.725
247.747
247.76
247.77
247.774
247.774
247.767
247.743
247.696
247.668
247.654
247.648
247.647
247.647
247.655
247.676
247.719
247.76
247.775
247.778
247.778
247.776
247.767
247.75
247.723
247.679
247.656
247.653
247.654
247.658
247.67
247.684
247.7
247.726
247.75
247.754
247.753
247.744
247.731
247.722
247.711
247.696
247.689
247.691
247.701
247.713
247.721
247.729
247.741
247.745
247.742
247.728
247.716
247.707
247.696
247.675
247.663
247.663
247.674
247.688
247.695
247.7
247.707
247.728
247.752
247.756
247.749
247.739
247.737
247.738
247.743
247.749
247.746
247.713
247.693
247.692
247.692
247.689
247.68
247.665
247.653
247.65
247.67
247.712
247.725
247.732
247.743
247.76
247.775
247.781
247.778
247.745
247.712
247.699
247.686
247.668
247.654
247.648
247.653
247.687
247.716
247.728
247.742
247.76
247.77
247.772
247.754
247.721
247.708
247.698
247.683
247.672
247.67
247.686
247.71
247.719
247.728
247.741
247.749
247.747
247.726
247.716
247.709
247.698
247.685
247.681
247.692
247.698
247.701
247.708
247.721
247.73
247.726
247.726
247.736
247.738
247.735
247.73
247.732
247.732
247.71
247.689
247.678
247.671
247.664
247.665
247.679
247.715
247.749
247.775
247.79
247.792
247.787
247.769
247.733
247.692
247.659
247.638
247.63
247.637
247.678
247.71
247.735
247.768
247.794
247.802
247.779
247.714
247.689
247.675
247.652
247.622
247.602
247.6
247.644
247.716
247.737
247.751
247.775
247.806
247.829
247.834
247.811
247.734
247.697
247.679
247.652
247.618
247.596
247.591
247.615
247.686
247.719
247.74
247.771
247.807
247.827
247.826
247.779
247.738
247.723
247.702
247.668
247.637
247.627
247.652
247.672
247.673
247.677
247.689
247.709
247.719
247.709
247.717
247.753
247.776
247.79
247.804
247.823
247.827
247.806
247.754
247.701
247.649
247.585
247.544
247.538
247.541
247.558
247.598
247.683
247.806
247.873
247.907
247.923
247.929
247.924
247.887
247.765
247.633
247.576
247.532
247.5
247.485
247.482
247.495
247.555
247.699
247.8
247.85
247.892
247.917
247.926
247.925
247.899
247.814
247.669
247.593
247.548
247.517
247.504
247.502
247.516
247.578
247.72
247.822
247.872
247.905
247.92
247.924
247.913
247.86
247.723
247.612
247.562
247.53
247.513
247.509
247.517
247.565
247.697
247.813
247.863
247.894
247.911
247.915
247.907
247.86
247.727
247.619
247.574
247.546
247.53
247.526
247.536
247.589
247.721
247.803
247.84
247.865
247.879
247.881
247.864
247.78
247.666
247.618
247.588
247.566
247.558
247.565
247.619
247.729
247.785
247.819
247.846
247.858
247.853
247.803
247.702
247.649
247.611
247.579
247.566
247.571
247.631
247.721
247.765
247.808
247.847
247.862
247.854
247.784
247.709
247.673
247.63
247.587
247.568
247.574
247.654
247.745
247.78
247.816
247.863
247.894
247.899
247.859
247.713
247.631
247.596
247.556
247.51
247.485
247.481
247.502
247.613
247.768
247.83
247.873
247.914
247.935
247.939
247.932
247.893
247.775
247.611
247.541
247.511
247.502
247.502
247.509
247.535
247.583
247.65
247.745
247.865
247.899
247.9
247.887
247.858
247.818
247.794
247.782
247.778
247.773
247.731
247.632
247.606
247.61
247.612
247.604
247.582
247.55
247.535
247.555
247.678
247.769
247.797
247.826
247.869
247.903
247.913
247.895
247.79
247.69
247.648
247.601
247.554
247.532
247.533
247.59
247.69
247.738
247.785
247.841
247.875
247.88
247.829
247.753
247.72
247.68
247.623
247.582
247.574
247.624
247.667
247.68
247.701
247.742
247.782
247.788
247.744
247.735
247.75
247.749
247.737
247.719
247.723
247.77
247.769
247.727
247.698
247.685
247.677
247.648
247.581
247.565
247.6
247.657
247.69
247.713
247.741
247.818
247.889
247.898
247.864
247.804
247.767
247.74
247.707
247.617
247.52
247.503
247.516
247.565
247.605
247.63
247.653
247.698
247.824
247.913
247.926
247.917
247.888
247.868
247.854
247.841
247.806
247.679
247.529
247.496
247.491
247.492
247.499
247.511
247.537
247.593
247.718
247.898
247.954
247.96
247.955
247.934
247.886
247.827
247.763
247.663
247.514
247.471
247.47
247.482
247.52
247.567
247.605
247.649
247.739
247.891
247.938
247.944
247.939
247.923
247.908
247.889
247.855
247.752
247.565
247.491
247.463
247.453
247.453
247.459
247.485
247.541
247.65
247.835
247.962
247.987
247.988
247.976
247.942
247.874
247.794
247.721
247.626
247.488
247.447
247.45
247.48
247.538
247.615
247.671
247.71
247.753
247.851
247.934
247.935
247.907
247.844
247.782
247.749
247.73
247.716
247.678
247.594
247.557
247.566
247.619
247.661
247.68
247.683
247.678
247.683
247.751
247.82
247.812
247.77
247.748
247.748
247.761
247.776
247.755
247.668
247.657
247.691
247.712
247.71
247.695
247.68
247.703
247.771
247.765
247.724
247.707
247.71
247.723
247.724
247.662
247.63
247.665
247.709
247.725
247.723
247.719
247.748
247.803
247.787
247.72
247.677
247.656
247.644
247.615
247.574
247.585
247.662
247.737
247.784
247.823
247.877
247.903
247.889
247.812
247.711
247.633
247.548
247.461
247.444
247.459
247.527
247.637
247.752
247.896
248.014
248.035
248.026
247.977
247.874
247.737
247.54
247.357
247.313
247.313
247.334
247.407
247.531
247.711
247.971
248.129
248.158
248.156
248.13
248.047
247.913
247.724
247.448
247.276
247.243
247.244
247.269
247.347
247.48
247.659
247.922
248.123
248.168
248.169
248.149
248.077
247.948
247.759
247.485
247.309
247.269
247.267
247.287
247.357
247.49
247.731
247.998
248.109
248.137
248.136
248.111
248.029
247.833
247.534
247.373
247.315
247.304
247.31
247.358
247.506
247.802
248.004
248.073
248.088
248.082
248.042
247.913
247.634
247.392
247.32
247.309
247.319
247.37
247.501
247.765
248.064
248.179
248.202
248.197
248.153
248.034
247.782
247.423
247.216
247.127
247.101
247.103
247.146
247.309
247.684
247.999
248.177
248.309
248.381
248.405
248.377
248.173
247.795
247.61
247.462
247.292
247.161
247.096
247.099
247.28
247.585
247.68
247.742
247.84
247.972
248.078
248.105
247.969
247.744
247.721
247.722
247.71
247.67
247.609
247.574
247.642
247.832
247.841
247.773
247.733
247.727
247.736
247.737
247.646
247.462
247.448
247.536
247.609
247.638
247.644
247.653
247.716
247.884
247.956
247.916
247.836
247.815
247.822
247.857
247.935
248.012
248.016
247.799
247.544
247.491
247.461
247.401
247.299
247.2
247.155
247.161
247.303
247.742
248.017
248.144
248.267
248.348
248.37
248.352
248.231
247.859
247.363
247.138
247.033
247
247
247.04
247.19
247.534
248.061
248.366
248.468
248.486
248.474
248.404
248.229
247.871
247.332
247.006
246.893
246.87
246.879
246.94
247.105
247.46
248.025
248.402
248.557
248.605
248.606
248.57
248.433
248.083
247.464
247.056
246.864
246.771
246.743
246.749
246.828
247.1
247.708
248.225
248.492
248.655
248.729
248.749
248.721
248.548
248.028
247.389
247.07
246.837
246.688
246.622
246.61
246.66
246.879
247.453
248.071
248.39
248.648
248.813
248.887
248.901
248.855
248.644
248.062
247.394
247.064
246.801
246.614
246.522
246.499
246.52
246.636
246.97
247.673
248.206
248.502
248.744
248.89
248.953
248.956
248.862
248.492
247.756
247.324
247.063
246.814
246.635
246.549
246.543
246.68
247.223
247.72
247.94
248.176
248.441
248.627
248.695
248.612
248.121
247.793
247.677
247.536
247.327
247.136
247.061
247.167
247.567
247.689
247.72
247.777
247.908
248.063
248.104
247.865
247.627
247.646
247.667
247.642
247.561
247.45
247.428
247.69
247.917
247.874
247.786
247.781
247.818
247.916
248.01
247.944
247.614
247.588
247.715
247.751
247.738
247.68
247.561
247.382
247.171
247.006
246.948
247.053
247.51
247.728
247.812
247.936
248.152
248.392
248.524
248.465
247.992
247.808
247.793
247.767
247.681
247.554
247.499
247.644
247.816
247.717
247.554
247.472
247.43
247.358
247.176
247.136
247.323
247.642
247.867
248.068
248.347
248.523
248.516
248.357
248.042
247.705
247.273
246.842
246.742
246.757
246.879
247.142
247.557
248.214
248.667
248.746
248.733
248.621
248.361
247.889
247.098
246.594
246.506
246.515
246.614
246.88
247.314
248.025
248.821
249.061
249.081
249.031
248.822
248.427
247.848
246.951
246.302
246.163
246.158
246.223
246.453
246.877
247.541
248.531
249.193
249.362
249.378
249.334
249.144
248.747
247.99
246.861
246.227
246.014
245.966
245.979
246.075
246.358
246.998
248.144
249.039
249.382
249.491
249.501
249.46
249.292
248.875
247.995
246.81
246.266
246.079
246.033
246.042
246.138
246.43
246.838
247.288
247.637
247.891
248.139
248.607
249.054
249.083
248.964
248.685
248.335
248.128
248.001
247.896
247.65
247.064
246.783
246.794
247.011
247.192
247.248
247.229
247.151
247.102
247.317
248.032
248.231
248.235
248.249
248.336
248.551
248.868
249.054
249.013
248.319
247.435
247.166
246.961
246.636
246.28
246.071
245.996
245.995
246.102
246.522
247.61
248.745
249.287
249.602
249.733
249.753
249.682
249.336
248.405
247.037
246.355
246.041
245.92
245.907
245.997
246.422
247.46
248.326
248.794
249.071
249.181
249.168
248.859
248.093
247.588
247.14
246.74
246.552
246.602
247.069
247.392
247.641
248.046
248.455
248.571
248.201
247.806
247.752
247.686
247.495
247.196
247.029
247.223
247.851
247.888
247.712
247.678
247.737
247.854
247.828
247.257
246.96
247.199
247.569
247.751
247.811
247.828
247.93
248.407
248.834
248.743
248.218
247.787
247.523
247.315
246.956
246.265
246.038
246.154
246.727
247.413
247.885
248.308
248.902
249.699
249.873
249.792
249.367
248.595
247.834
246.962
245.795
245.173
245.092
245.149
245.433
246.04
247.049
248.59
249.728
250.256
250.471
250.515
250.41
249.76
248.206
247.188
246.493
245.81
245.338
245.172
245.417
246.446
246.934
247.195
247.619
248.209
248.607
248.526
248.037
248.136
248.451
248.616
248.686
248.783
249.109
249.329
249.065
248.234
247.433
246.725
245.841
244.944
244.753
244.806
245.138
245.855
246.954
248.653
250.086
250.698
250.91
250.931
250.767
249.919
247.825
246.375
245.576
244.872
244.403
244.237
244.384
245.498
247.512
248.482
249.268
250.186
250.832
251.036
250.688
248.814
247.52
247.007
246.392
245.622
245.031
244.796
244.999
246.482
247.677
248.085
248.559
249.359
250.121
250.383
249.789
248.051
247.53
247.32
246.969
246.377
245.756
245.457
245.685
247.131
247.767
247.871
248.023
248.443
249.089
249.405
248.793
247.425
247.34
247.502
247.48
247.314
246.964
246.616
246.597
247.626
248.472
248.301
247.904
247.769
247.807
247.873
247.611
246.397
245.942
246.355
247.088
247.496
247.695
247.772
247.896
248.469
249.646
250.012
249.616
248.674
248.062
247.637
247.2
246.143
244.998
244.865
245.323
246.43
247.332
248.023
248.769
250.088
250.901
250.936
250.525
249.436
248.238
247.024
245.344
244.083
243.908
244.03
244.606
245.727
247.254
249.436
251.21
251.734
251.794
251.663
251.101
249.525
246.728
244.972
243.995
243.358
243.076
243.129
244.062
246.604
248.273
249.435
250.713
251.614
251.898
251.248
248.992
248.073
247.613
246.935
246.08
245.443
245.313
246.287
247.333
247.285
247.143
247.216
247.433
247.437
246.502
245.975
246.569
247.581
248.217
248.684
249.248
250.441
251.169
251.094
250.25
248.895
247.665
246.162
244.148
243.366
243.329
243.608
244.451
245.803
247.992
250.559
251.687
251.951
251.939
251.646
250.503
247.742
245.463
244.396
243.732
243.434
243.491
244.462
247.172
249.035
250.239
251.303
251.827
251.777
250.262
247.642
246.493
245.464
244.343
243.625
243.492
244.425
246.709
247.703
248.517
249.811
251.024
251.343
250.08
248.099
247.67
247.357
246.738
245.854
245.189
245.113
246.493
247.668
247.548
247.399
247.538
247.931
248.029
246.678
245.591
246.079
247.067
247.6
247.791
247.841
248.009
248.987
250.718
250.974
250.002
248.559
247.628
246.797
245.317
242.724
242.085
242.287
243.379
245.16
246.641
247.919
249.414
252.123
254.145
254.419
254.236
253.326
251.702
249.84
247.044
243.193
241.443
240.921
240.826
240.899
241.422
243.106
246.892
249.94
251.565
252.89
253.768
254.102
253.725
251.009
248.663
247.834
246.976
245.915
245.084
244.866
245.843
246.878
246.734
246.402
246.354
246.415
246.158
245.415
245.713
247.248
248.656
249.666
250.678
251.917
252.267
251.97
250.737
248.876
246.539
243.703
242.196
241.741
241.7
242.021
243.55
247.05
249.75
251.598
252.909
253.443
253.143
250.38
247.508
246.278
244.919
243.492
242.569
242.362
243.429
246.335
247.442
248.127
249.377
250.974
251.54
249.959
247.348
246.938
246.753
246.291
245.459
244.693
244.504
245.775
248.255
248.497
248.368
248.533
249.162
249.573
248.09
245.457
245.43
245.907
245.919
245.66
245.015
244.149
243.694
244.092
247.201
249.616
249.991
250.22
250.909
252.395
253.695
253.562
249.516
246.749
246.223
245.794
245.056
244.127
243.238
242.682
242.269
241.756
241.574
241.716
242.769
246.217
251.112
253.868
255.911
257.093
257.432
256.731
252.147
246.269
244.169
242.669
241.192
240.199
239.855
240.168
242.487
247.282
249.655
251.231
253.245
254.81
255.268
254.136
249.15
246.567
245.632
244.612
243.494
242.791
242.673
243.761
247.297
248.877
249.43
250.189
251.263
251.639
250.217
245.855
244.534
244.2
243.838
243.326
243.048
243.126
244.145
247.861
251.491
252.694
253.372
253.73
253.708
252.818
249.104
243.177
240.878
240.022
239.794
239.83
240.299
241.829
245.004
250.262
254.835
256.356
256.634
256.532
255.831
254.161
250.654
244.478
240.841
239.489
238.839
238.598
238.661
239.412
241.81
247.045
251.677
254.109
255.669
256.443
256.661
256.225
253.097
246.918
244.476
243.221
241.932
240.815
240.113
239.902
240.222
242.22
246.934
249.4
250.539
251.978
253.699
254.698
254.609
251.032
246.591
245.713
245.35
244.827
244.103
243.404
242.957
242.916
244.06
248.03
249.835
250.079
250.247
250.769
251.673
251.979
250.055
245.805
245.154
245.362
245.406
245.259
244.899
244.533
244.503
245.645
249.267
250.584
250.448
250.328
250.519
251.095
251.331
249.507
245.772
245.303
245.567
245.614
245.434
245.032
244.796
245.212
247.953
250.031
250.076
249.967
250.136
250.722
251.121
250.028
246.715
246.127
246.312
246.315
246.074
245.67
245.582
246.687
249.126
249.445
249.089
249.045
249.289
249.61
248.956
246.673
246.396
246.957
247.338
247.385
247.355
247.693
249.231
249.782
249.132
248.168
247.636
247.198
246.155
244.872
244.902
245.999
247.322
248.259
249.196
250.725
251.609
251.548
250.66
249.091
247.469
245.311
243.269
242.841
242.92
243.482
244.722
246.9
250.05
251.91
252.509
252.603
252.445
251.375
248.242
245.683
244.483
243.535
242.935
242.835
243.717
246.514
248.066
249.01
250.204
251.134
251.287
249.819
248.186
247.851
247.576
247.113
246.765
246.928
248.12
248.337
247.787
247.268
246.904
246.238
244.756
244.347
244.818
245.955
246.891
247.808
249.288
251.233
251.636
251.438
250.626
249.476
247.7
244.533
242.665
242.359
242.387
242.684
243.402
244.796
247.469
251.164
252.553
252.8
252.761
252.453
251.597
249.493
245.596
243.728
243.271
243.196
243.259
243.711
245.106
248.276
251.059
251.969
252.215
252.218
251.992
251.039
248.353
245.617
244.752
244.438
244.336
244.469
245.409
247.906
249.586
250.313
250.766
250.939
250.739
249.191
246.82
245.927
245.387
244.951
244.788
245.048
246.706
248.271
248.799
249.265
249.751
249.883
249.164
246.799
245.932
245.675
245.397
245.06
244.927
245.172
246.834
249.008
249.475
249.605
249.796
250.079
250.117
249.136
246.767
246.179
246.112
246.044
245.911
245.89
246.371
248.271
249.389
249.472
249.377
249.319
249.296
248.974
247.339
246.16
246.092
246.259
246.398
246.533
246.924
248.318
249.423
249.521
249.348
249.069
248.758
248.119
246.308
245.216
245.111
245.251
245.53
245.822
246.297
247.616
249.513
249.957
249.961
249.799
249.515
248.992
247.52
244.719
243.833
243.719
243.747
243.889
244.066
244.275
244.652
245.655
248.51
250.911
251.378
251.424
251.366
251.243
251.088
250.695
249.085
245.535
244.304
244.114
244.103
244.118
244.156
244.262
244.611
245.74
248.759
250.788
251.191
251.27
251.287
251.291
251.277
251.168
250.773
249.354
247.02
246.409
246.337
246.362
246.443
246.626
247.182
248.504
249.109
249.198
249.185
249.136
249.048
248.805
247.999
247.079
246.918
246.923
246.984
247.072
247.223
247.708
248.322
248.445
248.437
248.388
248.346
248.232
247.823
247.318
247.229
247.242
247.289
247.363
247.515
247.854
247.997
247.998
247.956
247.9
247.801
247.477
247.086
247.009
247.004
247.012
247.055
247.198
247.651
248.118
248.195
248.182
248.148
248.096
247.96
247.499
246.953
246.853
246.865
246.899
246.94
247.043
247.41
248.108
248.335
248.366
248.348
248.297
248.188
247.885
247.121
246.709
246.646
246.643
246.648
246.678
246.822
247.35
248.156
248.393
248.443
248.448
248.427
248.338
248.009
246.989
246.236
246.076
246.024
245.997
245.984
246.006
246.144
246.678
248.077
248.868
249.046
249.087
249.089
249.075
249.027
248.796
247.826
246.284
245.842
245.725
245.669
245.631
245.612
245.637
245.784
246.298
247.792
249.013
249.27
249.339
249.372
249.383
249.38
249.332
249.148
248.461
246.781
245.995
245.844
245.82
245.818
245.806
245.816
245.941
246.42
247.784
248.77
249.009
249.067
249.065
249.061
249.069
249.037
248.825
248.12
247.134
247.024
247.338
248.302
250.146
253.341
258.922
268.837
286.379
315.918
355.708
388.703
405.555
412.599
415.304
415.969
416.121
416.217
416.218
416.14
415.806
414.966
413.101
409.827
407.851
406.394
404.778
403.245
401.859
400.73
400.264
401.371
402.831
402.29
400.914
399.305
397.445
396.403
395.711
395.479
396.358
396.792
396.395
395.373
392.65
390.585
390.295
390.306
390.798
392.367
393.269
393.909
394.61
394.879
394.944
395.871
397.099
398.255
399.854
402.5
404.134
404.783
405.17
405.067
403.134
401.781
401.652
401.6
401.546
401.196
400.383
399.019
397.125
395.927
394.948
394.228
394.115
395.878
397.889
397.942
397.564
397.1
396.231
395.453
395.436
395.809
396.594
397.922
398.957
399.771
400.047
398.614
396.638
396.641
397.125
397.641
398.355
400.29
402.148
402.385
402.205
401.585
400.61
399.103
397.986
397.203
396.702
396.849
397.793
397.838
397.593
397.244
396.304
395.345
395.299
395.606
396.262
396.983
397.566
397.77
397.423
397.406
397.797
398.202
398.771
400.496
402.382
402.612
402.375
401.705
400.668
398.854
397.557
396.997
396.653
396.586
396.467
396.284
395.955
394.781
393.965
394.034
394.569
395.339
396.602
399.168
400.797
401.29
401.51
401.554
400.991
399.821
399.429
399.135
398.897
398.964
398.847
398.271
397.611
396.573
395.216
394.83
394.765
394.848
395.586
397.386
398.199
398.628
399.005
399.084
398.547
398.4
398.615
398.902
399.382
399.869
399.888
399.681
399.194
398.086
397.001
396.574
396.304
396.25
396.855
397.418
397.459
397.457
397.38
396.943
396.835
397.098
397.537
398.122
398.973
399.35
399.46
399.455
398.965
398.089
397.799
397.6
397.466
397.669
398.12
398.066
397.83
397.546
397.026
396.679
396.666
396.767
397.101
397.86
398.333
398.544
398.666
398.533
397.922
397.776
397.773
397.792
398.005
398.486
398.527
398.351
398.086
397.659
397.114
396.964
396.944
397.012
397.439
397.866
398.023
398.14
398.14
397.766
397.574
397.601
397.673
397.831
398.299
398.473
398.422
398.264
397.998
397.497
397.241
397.193
397.194
397.359
397.764
397.924
398.013
398.054
397.912
397.66
397.649
397.686
397.755
398.003
398.176
398.153
398.045
397.867
397.512
397.29
397.257
397.267
397.388
397.786
398.017
398.102
398.152
398.115
397.859
397.767
397.75
397.734
397.781
397.896
397.872
397.779
397.656
397.422
397.256
397.247
397.285
397.416
397.781
398.117
398.218
398.262
398.262
398.086
397.851
397.783
397.73
397.698
397.746
397.767
397.708
397.632
397.514
397.376
397.362
397.399
397.496
397.733
398.064
398.173
398.211
398.219
398.123
397.865
397.768
397.714
397.668
397.679
397.73
397.704
397.651
397.588
397.481
397.453
397.48
397.552
397.696
397.928
398.029
398.066
398.076
398.006
397.819
397.756
397.72
397.692
397.72
397.818
397.814
397.77
397.718
397.621
397.54
397.539
397.573
397.643
397.769
397.85
397.882
397.892
397.831
397.696
397.657
397.635
397.622
397.671
397.867
397.916
397.902
397.876
397.837
397.722
397.655
397.662
397.707
397.757
397.802
397.821
397.824
397.775
397.66
397.607
397.566
397.539
397.571
397.765
397.838
397.841
397.842
397.842
397.78
397.702
397.712
397.762
397.811
397.864
397.886
397.886
397.867
397.785
397.691
397.641
397.598
397.587
397.648
397.686
397.681
397.675
397.662
397.597
397.576
397.607
397.661
397.728
397.855
397.946
397.963
397.963
397.943
397.864
397.803
397.77
397.743
397.744
397.781
397.78
397.767
397.753
397.721
397.562
397.39
397.363
397.362
397.361
397.331
397.18
397.047
397.016
396.999
396.98
396.972
397.001
397.2
398.059
399.006
399.195
399.242
399.268
399.289
399.293
399.23
398.854
397.563
396.832
396.698
396.654
396.626
396.605
396.601
396.64
396.852
397.617
398.203
398.324
398.367
398.392
398.408
398.412
398.395
398.302
398.063
397.913
397.836
397.757
397.626
397.524
397.501
397.499
397.503
397.521
397.556
397.632
397.752
397.795
397.804
397.805
397.795
397.777
397.754
397.732
397.724
397.766
397.887
397.916
397.921
397.928
397.94
397.941
397.884
397.669
397.574
397.564
397.566
397.565
397.558
397.545
397.525
397.51
397.511
397.586
397.847
397.957
397.977
397.989
398.007
398.024
398.028
398.005
397.878
397.722
397.678
397.662
397.653
397.64
397.621
397.603
397.593
397.591
397.616
397.732
397.816
397.841
397.858
397.874
397.877
397.841
397.779
397.765
397.757
397.743
397.73
397.718
397.693
397.671
397.65
397.64
397.641
397.654
397.688
397.758
397.809
397.834
397.849
397.851
397.817
397.774
397.76
397.745
397.729
397.73
397.744
397.734
397.716
397.701
397.685
397.68
397.688
397.711
397.746
397.788
397.809
397.82
397.819
397.784
397.75
397.738
397.724
397.713
397.727
397.773
397.777
397.77
397.765
397.759
397.734
397.717
397.72
397.733
397.741
397.742
397.738
397.715
397.663
397.633
397.62
397.616
397.626
397.699
397.823
397.871
397.901
397.923
397.931
397.914
397.851
397.823
397.803
397.774
397.742
397.705
397.672
397.632
397.589
397.58
397.584
397.601
397.642
397.738
397.881
397.939
397.965
397.979
397.983
397.981
397.96
397.876
397.664
397.555
397.521
397.5
397.485
397.477
397.475
397.485
397.533
397.699
397.859
397.901
397.917
397.925
397.927
397.911
397.856
397.828
397.813
397.802
397.8
397.824
397.842
397.851
397.865
397.875
397.856
397.697
397.507
397.469
397.457
397.441
397.416
397.389
397.37
397.363
397.375
397.468
397.843
398.202
398.286
398.322
398.347
398.365
398.369
398.349
398.232
397.785
397.361
397.267
397.233
397.213
397.202
397.199
397.208
397.262
397.459
397.89
398.053
398.096
398.114
398.121
398.121
398.116
398.097
398.046
397.915
397.643
397.53
397.502
397.495
397.495
397.501
397.519
397.553
397.622
397.778
397.882
397.906
397.911
397.909
397.9
397.87
397.808
397.769
397.749
397.736
397.735
397.748
397.754
397.761
397.771
397.77
397.718
397.664
397.663
397.669
397.67
397.668
397.672
397.684
397.681
397.667
397.656
397.655
397.671
397.758
397.909
397.961
397.986
398.005
398.015
398.013
397.977
397.808
397.61
397.555
397.526
397.504
397.494
397.492
397.497
397.522
397.613
397.814
397.889
397.904
397.921
397.955
398.029
398.215
398.727
399.523
400.147
400.526
400.744
400.877
400.95
400.987
400.963
400.939
400.959
401.003
401.058
401.145
401.245
401.271
401.274
401.267
401.246
401.191
401.069
400.994
400.967
400.956
400.957
400.987
401.012
401.029
401.046
401.051
401.071
401.106
401.142
401.201
401.257
401.265
401.258
401.236
401.192
401.095
401.018
400.993
400.983
400.985
401.024
401.058
401.076
401.093
401.093
401.091
401.103
401.115
401.132
401.169
401.176
401.152
401.108
401.058
400.982
400.934
400.927
400.931
400.955
401.026
401.099
401.149
401.193
401.213
401.189
401.169
401.178
401.189
401.204
401.216
401.208
401.174
401.125
401.055
400.995
400.952
400.926
400.935
401.035
401.078
401.079
401.08
401.079
401.047
400.98
400.973
401.004
401.062
401.112
401.152
401.177
401.183
401.155
401.139
401.134
401.128
401.14
401.241
401.333
401.333
401.292
401.239
401.192
401.131
401.002
400.788
400.727
400.721
400.726
400.744
400.778
400.832
400.895
400.991
401.199
401.401
401.46
401.48
401.484
401.483
401.475
401.443
401.354
401.1
400.893
400.827
400.787
400.754
400.73
400.716
400.714
400.728
400.782
400.962
401.219
401.307
401.354
401.397
401.43
401.449
401.452
401.419
401.243
400.987
400.917
400.887
400.854
400.819
400.791
400.772
400.764
400.775
400.868
401.169
401.325
401.362
401.386
401.416
401.443
401.46
401.457
401.386
401.081
400.85
400.806
400.787
400.767
400.747
400.74
400.763
400.926
401.147
401.191
401.2
401.208
401.218
401.218
401.171
401.099
401.091
401.097
401.105
401.115
401.161
401.295
401.342
401.341
401.324
401.305
401.275
401.182
400.875
400.708
400.687
400.69
400.709
400.73
400.761
400.832
401.074
401.276
401.309
401.312
401.305
401.288
401.256
401.178
401.062
401.021
401.005
400.996
400.996
401.019
401.044
401.061
401.084
401.097
401.086
401.083
401.102
401.121
401.138
401.17
401.184
401.176
401.145
401.105
401.051
401.001
400.983
400.977
400.982
401.018
401.052
401.078
401.102
401.109
401.092
401.092
401.102
401.109
401.121
401.149
401.152
401.132
401.104
401.072
401.025
401.007
401.007
401.018
401.046
401.089
401.117
401.135
401.137
401.116
401.102
401.089
401.068
401.06
401.088
401.091
401.065
401.043
401.023
400.986
400.965
400.973
401.012
401.072
401.13
401.178
401.199
401.205
401.186
401.156
401.132
401.099
401.078
401.092
401.1
401.066
401.032
401
400.945
400.902
400.9
400.917
400.956
401.016
401.079
401.115
401.133
401.127
401.111
401.106
401.094
401.088
401.112
401.123
401.097
401.066
401.038
400.997
400.983
400.995
401.031
401.088
401.178
401.231
401.239
401.238
401.215
401.123
401.016
400.966
400.926
400.902
400.912
400.944
400.953
400.966
400.987
400.993
401.011
401.071
401.126
401.188
401.306
401.409
401.421
401.409
401.364
401.295
401.184
400.944
400.733
400.68
400.669
400.671
400.684
400.724
400.79
400.902
401.138
401.437
401.535
401.562
401.565
401.557
401.527
401.458
401.291
400.904
400.662
400.581
400.539
400.513
400.5
400.5
400.532
400.663
401.039
401.307
401.403
401.476
401.543
401.591
401.614
401.615
401.567
401.334
400.982
400.873
400.817
400.754
400.69
400.639
400.606
400.599
400.662
400.965
401.163
401.198
401.215
401.247
401.296
401.353
401.398
401.405
401.283
401.015
400.967
400.979
400.992
400.993
400.989
400.981
400.986
401.087
401.279
401.305
401.258
401.184
401.124
401.061
400.968
400.776
400.683
400.674
400.688
400.732
400.813
400.959
401.07
401.139
401.2
401.227
401.206
401.205
401.234
401.264
401.312
401.378
401.386
401.36
401.295
401.198
401.037
400.916
400.855
400.81
400.794
400.845
400.902
400.901
400.896
400.893
400.868
400.857
400.929
)
;

boundaryField
{
    sides
    {
        type            zeroGradient;
    }
    empty
    {
        type            empty;
    }
}


// ************************************************************************* //
