/*--------------------------------*- C++ -*----------------------------------*\
  =========                 |
  \\      /  F ield         | OpenFOAM: The Open Source CFD Toolbox
   \\    /   O peration     | Website:  https://openfoam.org
    \\  /    A nd           | Version:  9
     \\/     M anipulation  |
\*---------------------------------------------------------------------------*/
FoamFile
{
    format      ascii;
    class       surfaceScalarField;
    location    "0.03";
    object      ddtCorrDdt0(phi);
}
// * * * * * * * * * * * * * * * * * * * * * * * * * * * * * * * * * * * * * //

dimensions      [1 0 -2 0 0 0 0];

internalField   nonuniform List<scalar> 
9999
(
5.95814
1.45967
-3.03889
-7.53424
-12.0294
-16.5304
-21.0355
-25.5367
-30.0325
-34.5297
-39.0323
-43.5347
-48.0285
-52.5132
-56.9998
-61.4997
-66.0107
-70.5179
-75.0086
-79.4857
-83.9634
-88.4556
-92.9661
-97.4843
-101.992
-106.477
-110.943
-115.411
-119.902
-124.419
-128.946
-133.465
-137.959
-142.422
-146.867
-151.317
-155.792
-160.3
-164.837
-169.385
-173.92
-178.424
-182.89
-187.323
-191.742
-196.177
-200.646
-205.158
-209.701
-214.261
-218.829
-223.388
-227.912
-232.393
-236.838
-241.253
-245.644
-250.032
-254.437
-258.862
-263.322
-267.825
-272.362
-276.937
-281.545
-286.173
-290.82
-295.475
-300.128
-304.775
-309.405
-314.02
-318.625
-323.227
-327.801
-332.321
-336.835
-341.359
-345.852
-350.377
-354.924
-359.576
-364.098
-368.602
-373.09
-377.611
-382.095
-386.594
-391.115
-395.614
-400.091
-404.584
-409.087
-413.595
-418.105
-422.609
-427.115
-431.62
-436.123
-440.628
-445.131
-449.631
-454.136
-458.638
-463.136
-467.64
-472.143
-476.642
-481.143
-485.648
-490.15
-494.649
-499.15
-503.655
-508.16
-512.659
-517.157
-521.659
-526.165
-530.671
-535.174
-539.672
-544.168
-548.665
-553.165
-557.665
-562.168
-566.672
-571.174
-575.676
-580.18
-584.684
-589.187
-593.689
-598.193
-602.697
-607.199
-611.7
-616.202
-620.704
-625.206
-629.706
-634.205
-638.706
-643.208
-647.711
-652.211
-656.71
-661.209
-665.711
-670.214
-674.718
-679.221
-683.721
-688.219
-692.716
-697.214
-701.713
-706.213
-710.714
-715.216
-719.718
-724.22
-728.721
-733.221
-737.722
-742.224
-746.725
-751.226
-755.728
-760.23
-764.733
-769.235
-773.736
-778.237
-782.737
-787.239
-791.74
-796.24
-800.739
-805.238
-809.737
-814.237
-818.738
-823.24
-827.741
-832.242
-836.741
-841.239
-845.736
-850.234
-854.732
-859.23
-863.73
-868.23
-872.731
-877.232
-881.733
-886.234
-890.734
-895.234
-899.733
-904.233
-908.733
-913.233
-917.733
-922.233
-926.733
-931.234
-935.735
-940.237
-944.737
-949.237
-953.736
-958.235
-962.734
-967.233
-971.733
-976.233
-980.733
-985.232
-989.73
-994.228
-998.725
-1003.22
-1007.72
-1012.22
-1016.71
-1021.21
-1025.71
-1030.21
-1034.71
-1039.21
-1043.71
-1048.21
-1052.71
-1057.21
-1061.71
-1066.21
-1070.7
-1075.2
-1079.7
-1084.2
-1088.7
-1093.2
-1097.7
-1102.2
-1106.7
-1111.19
-1115.69
-1120.19
-1124.69
-1129.19
-1133.69
-1138.19
-1142.69
-1147.18
-1151.68
-1156.18
-1160.67
-1165.17
-1169.67
-1174.16
-1178.66
-1183.16
-1187.66
-1192.15
-1196.65
-1201.15
-1205.65
-1210.15
-1214.65
-1219.14
-1223.64
-1228.14
-1232.64
-1237.13
-1241.63
-1246.13
-1250.62
-1255.12
-1259.62
-1264.12
-1268.61
-1273.11
-1277.61
-1282.11
-1286.61
-1291.11
-1295.6
-1300.1
-1304.6
-1309.1
-1313.59
-1318.09
-1322.58
-1327.08
-1331.57
-1336.07
-1340.56
-1345.06
-1349.56
-1354.05
-1358.55
-1363.05
-1367.55
-1372.04
-1376.54
-1381.04
-1385.53
-1390.03
-1394.53
-1399.02
-1403.52
-1408.01
-1412.51
-1417.01
-1421.5
-1426
-1430.49
-1434.99
-1439.49
-1443.98
-1448.48
-1452.98
-1457.47
-1461.97
-1466.47
-1470.96
-1475.46
-1479.95
-1484.45
-1488.94
-1493.44
-1497.93
-1502.43
-1506.92
-1511.42
-1515.91
-1520.41
-1524.9
-1529.4
-1533.89
-1538.39
-1542.88
-1547.38
-1551.87
-1556.37
-1560.86
-1565.36
-1569.86
-1574.35
-1578.84
-1583.34
-1587.83
-1592.33
-1596.82
-1601.32
-1605.81
-1610.31
-1614.8
-1619.3
-1623.79
-1628.29
-1632.78
-1637.28
-1641.77
-1646.26
-1650.76
-1655.25
-1659.75
-1664.24
-1668.73
-1673.23
-1677.72
-1682.22
-1686.71
-1691.2
-1695.7
-1700.19
-1704.69
-1709.18
-1713.67
-1718.17
-1722.66
-1727.15
-1731.65
-1736.14
-1740.64
-1745.13
-1749.62
-1754.12
-1758.61
-1763.1
-1767.6
-1772.09
-1776.58
-1781.08
-1785.57
-1790.06
-1794.55
-1799.05
-1803.54
-1808.03
-1812.53
-1817.02
-1821.51
-1826
-1830.5
-1834.99
-1839.48
-1843.98
-1848.47
-1852.96
-1857.45
-1861.95
-1866.44
-1870.93
-1875.42
-1879.92
-1884.41
-1888.9
-1893.39
-1897.88
-1902.38
-1906.87
-1911.36
-1915.85
-1920.34
-1924.84
-1929.33
-1933.82
-1938.31
-1942.8
-1947.3
-1951.79
-1956.28
-1960.77
-1965.26
-1969.75
-1974.24
-1978.73
-1983.22
-1987.72
-1992.21
-1996.7
-2001.19
-2005.68
-2010.17
-2014.66
-2019.16
-2023.65
-2028.14
-2032.63
-2037.12
-2041.61
-2046.1
-2050.59
-2055.08
-2059.57
-2064.07
-2068.56
-2073.05
-2077.54
-2082.03
-2086.52
-2091.01
-2095.5
-2099.99
-2104.48
-2108.97
-2113.46
-2117.95
-2122.44
-2126.93
-2131.42
-2135.91
-2140.4
-2144.89
-2149.38
-2153.86
-2158.35
-2162.84
-2167.33
-2171.82
-2176.31
-2180.8
-2185.29
-2189.78
-2194.27
-2198.76
-2203.25
-2207.74
-2212.23
-2216.72
-2221.21
-2225.7
-2230.19
-2234.68
-2239.17
-2243.65
-2248.14
-2252.63
-2257.12
-2261.61
-2266.1
-2270.59
-2275.08
-2279.56
-2284.05
-2288.54
-2293.03
-2297.52
-2302.01
-2306.49
-2310.98
-2315.47
-2319.96
-2324.44
-2328.93
-2333.42
-2337.91
-2342.39
-2346.88
-2351.37
-2355.86
-2360.34
-2364.83
-2369.32
-2373.81
-2378.3
-2382.78
-2387.27
-2391.76
-2396.25
-2400.74
-2405.22
-2409.71
-2414.2
-2418.69
-2423.17
-2427.66
-2432.15
-2436.63
-2441.12
-2445.61
-2450.09
-2454.58
-2459.07
-2463.55
-2468.04
-2472.53
-2477.01
-2481.5
-2485.98
-2490.47
-2494.96
-2499.44
-2503.93
-2508.41
-2512.9
-2517.38
-2521.87
-2526.36
-2530.84
-2535.33
-2539.81
-2544.3
-2548.78
-2553.27
-2557.76
-2562.24
-2566.73
-2571.22
-2575.7
-2580.19
-2584.67
-2589.16
-2593.64
-2598.13
-2602.62
-2607.1
-2611.59
-2616.07
-2620.56
-2625.04
-2629.53
-2634.01
-2638.5
-2642.98
-2647.46
-2651.95
-2656.43
-2660.92
-2665.4
-2669.88
-2674.37
-2678.85
-2683.34
-2687.82
-2692.3
-2696.79
-2701.27
-2705.75
-2710.24
-2714.72
-2719.21
-2723.69
-2728.17
-2732.66
-2737.14
-2741.63
-2746.11
-2750.59
-2755.08
-2759.56
-2764.04
-2768.53
-2773.01
-2777.5
-2781.98
-2786.46
-2790.95
-2795.43
-2799.91
-2804.4
-2808.88
-2813.36
-2817.84
-2822.33
-2826.81
-2831.29
-2835.77
-2840.26
-2844.74
-2849.22
-2853.7
-2858.18
-2862.67
-2867.15
-2871.63
-2876.11
-2880.59
-2885.07
-2889.56
-2894.04
-2898.52
-2903
-2907.48
-2911.96
-2916.45
-2920.93
-2925.41
-2929.89
-2934.37
-2938.85
-2943.34
-2947.82
-2952.3
-2956.78
-2961.26
-2965.74
-2970.22
-2974.71
-2979.19
-2983.67
-2988.15
-2992.63
-2997.11
-3001.59
-3006.07
-3010.55
-3015.03
-3019.51
-3023.99
-3028.47
-3032.95
-3037.43
-3041.91
-3046.39
-3050.87
-3055.35
-3059.83
-3064.31
-3068.79
-3073.27
-3077.75
-3082.23
-3086.71
-3091.19
-3095.67
-3100.15
-3104.63
-3109.1
-3113.58
-3118.06
-3122.54
-3127.02
-3131.5
-3135.98
-3140.46
-3144.94
-3149.42
-3153.9
-3158.38
-3162.85
-3167.33
-3171.81
-3176.29
-3180.77
-3185.25
-3189.73
-3194.21
-3198.68
-3203.16
-3207.64
-3212.12
-3216.59
-3221.07
-3225.55
-3230.03
-3234.5
-3238.98
-3243.46
-3247.94
-3252.41
-3256.89
-3261.37
-3265.84
-3270.32
-3274.8
-3279.28
-3283.75
-3288.23
-3292.71
-3297.18
-3301.66
-3306.14
-3310.62
-3315.09
-3319.57
-3324.05
-3328.52
-3333
-3337.48
-3341.95
-3346.43
-3350.9
-3355.38
-3359.86
-3364.33
-3368.81
-3373.29
-3377.76
-3382.24
-3386.72
-3391.19
-3395.67
-3400.14
-3404.62
-3409.09
-3413.57
-3418.04
-3422.52
-3426.99
-3431.47
-3435.94
-3440.42
-3444.89
-3449.37
-3453.84
-3458.32
-3462.79
-3467.27
-3471.74
-3476.21
-3480.69
-3485.16
-3489.64
-3494.11
-3498.59
-3503.06
-3507.54
-3512.01
-3516.48
-3520.96
-3525.43
-3529.91
-3534.38
-3538.85
-3543.33
-3547.8
-3552.28
-3556.75
-3561.22
-3565.7
-3570.17
-3574.64
-3579.12
-3583.59
-3588.06
-3592.54
-3597.01
-3601.48
-3605.95
-3610.43
-3614.9
-3619.37
-3623.84
-3628.32
-3632.79
-3637.26
-3641.73
-3646.21
-3650.68
-3655.15
-3659.62
-3664.09
-3668.57
-3673.04
-3677.51
-3681.98
-3686.45
-3690.92
-3695.4
-3699.87
-3704.34
-3708.81
-3713.28
-3717.75
-3722.23
-3726.7
-3731.17
-3735.64
-3740.11
-3744.58
-3749.05
-3753.52
-3757.99
-3762.46
-3766.94
-3771.41
-3775.88
-3780.35
-3784.82
-3789.29
-3793.76
-3798.23
-3802.7
-3807.17
-3811.64
-3816.11
-3820.58
-3825.05
-3829.52
-3833.99
-3838.46
-3842.93
-3847.39
-3851.86
-3856.33
-3860.8
-3865.27
-3869.74
-3874.21
-3878.68
-3883.15
-3887.62
-3892.08
-3896.55
-3901.02
-3905.49
-3909.96
-3914.43
-3918.9
-3923.37
-3927.83
-3932.3
-3936.77
-3941.24
-3945.71
-3950.18
-3954.65
-3959.12
-3963.58
-3968.05
-3972.51
-3976.98
-3981.44
-3985.92
-3990.38
-3994.87
-3999.32
-4003.79
-4008.25
-4012.72
-4017.17
-4021.64
-4026.12
-4030.59
-4035.08
-4039.51
-4044.02
-4048.44
-4052.9
-4057.39
-4061.85
-4066.31
-4070.81
-4075.27
-4079.72
-4084.18
-4088.65
-4093.11
-4097.58
-4102.05
-4106.52
-4110.97
-4115.45
-4119.89
-4124.39
-4128.82
-4133.33
-4137.75
-4142.26
-4146.7
-4151.18
-4155.64
-4160.06
-4164.61
-4168.96
-4173.56
-4177.88
-4182.47
-4186.83
-4191.38
-4195.81
-4200.24
-4204.79
-4209.15
-4213.74
-4218.06
-4222.66
-4227.04
-4231.52
-4236.02
-4240.38
-4245
-4249.29
-4253.89
-4258.25
-4262.83
-4267.25
-4271.62
-4276.25
-4280.47
-4285.24
-4289.47
-4294.05
-4298.49
-4302.85
-4307.56
-4311.69
-4316.44
-4320.67
-4325.29
-4329.79
-4334.04
-4338.83
-4342.9
-4347.68
-4351.96
-4356.44
-4361.09
-4365.16
-4370.12
-4374.22
-4378.86
-4383.28
-4387.55
-4392.38
-4396.44
-4401.23
-4405.53
-4409.89
-4414.76
-4418.7
-4423.51
-4427.71
-4432.38
-4436.96
-4441.05
-4445.91
-4450
-4454.66
-4459.16
-4463.38
-4468.22
-4472.25
-4477.07
-4481.42
-4485.68
-4490.52
-4494.5
-4499.39
-4503.68
-4508.03
-4512.87
-4516.8
-4521.72
-4525.96
-4530.28
-4535.17
-4539.06
-4544.01
-4548.28
-4552.55
-4557.5
-4561.34
-4566.27
-4570.62
-4574.78
-4579.84
-4583.67
-4588.51
-4593.01
-4597
-4602.14
-4606
-4610.67
-4615.41
-4619.22
-4624.38
-4628.41
-4632.82
-4637.78
-4641.55
-4646.49
-4650.92
-4654.95
-4660.09
-4663.94
-4668.65
-4673.35
-4677.15
-4682.35
-4686.33
-4690.8
-4695.69
-4699.4
-4704.56
-4708.79
-4712.89
-4718.1
-4721.77
-4726.6
-4731.32
-4735.04
-4740.31
-4744.31
-4748.6
-4753.77
-4757.35
-4762.32
-4766.89
-4770.66
-4776
-4779.9
-4784.26
-4789.4
-4792.97
-4797.99
-4802.54
-4806.29
-4811.65
-4815.54
-4819.88
-4825.06
-4828.6
-4833.58
-4838.22
-4841.89
-4847.25
-4851.24
-4855.41
-4860.73
-4864.28
-4869.1
-4873.98
-4877.47
-4882.81
-4887.05
-4890.88
-4896.39
-4900.05
-4904.48
-4909.77
-4913.12
-4918.2
-4922.95
-4926.36
-4931.89
-4935.98
-4939.82
-4945.45
-4948.98
-4953.45
-4958.82
-4962.06
-4967.16
-4971.99
-4975.29
-4980.84
-4985.04
-4988.71
-4994.41
-4998.04
-5002.28
-5007.82
-5011.1
-5015.94
-5021.08
-5024.28
-5029.63
-5034.2
-5037.6
-5043.24
-5047.25
-5051.07
-5056.75
-5060.29
-5064.64
-5070.12
-5073.38
-5078.27
-5083.37
-5086.57
-5091.92
-5096.52
-5099.88
-5105.52
-5109.61
-5113.3
-5119.04
-5122.68
-5126.8
-5132.47
-5135.77
-5140.37
-5145.8
-5148.92
-5153.96
-5159.05
-5162.14
-5167.56
-5172.24
-5175.43
-5181.12
-5185.38
-5188.79
-5194.64
-5198.51
-5202.21
-5208.1
-5211.63
-5215.67
-5221.51
-5224.78
-5229.17
-5234.87
-5237.96
-5242.68
-5248.18
-5251.17
-5256.19
-5261.46
-5264.41
-5269.7
-5274.71
-5277.69
-5283.19
-5287.94
-5290.99
-5296.66
-5301.15
-5304.33
-5310.12
-5314.36
-5317.69
-5323.56
-5327.58
-5331.06
-5336.98
-5340.8
-5344.44
-5350.38
-5354.02
-5357.83
-5363.76
-5367.25
-5371.22
-5377.13
-5380.49
-5384.61
-5390.5
-5393.75
-5398
-5403.85
-5407.02
-5411.37
-5417.2
-5420.29
-5424.74
-5430.54
-5433.58
-5438.09
-5443.87
-5446.88
-5451.44
-5457.2
-5460.2
-5464.79
-5470.53
-5473.52
-5478.12
-5483.86
-5486.84
-5491.44
-5497.19
-5500.18
-5504.75
-5510.52
-5513.52
-5518.05
-5523.86
-5526.87
-5531.33
-5537.19
-5540.24
-5544.61
-5550.51
-5553.62
-5557.87
-5563.83
-5567.02
-5571.13
-5577.13
-5580.43
-5584.39
-5590.42
-5593.85
-5597.66
-5603.69
-5607.28
-5610.93
-5616.95
-5620.71
-5624.21
-5630.19
-5634.14
-5637.5
-5643.42
-5647.58
-5650.79
-5656.63
-5661.02
-5664.11
-5669.82
-5674.46
-5677.44
-5682.99
-5687.9
-5690.8
-5696.14
-5701.32
-5704.19
-5709.27
-5714.72
-5717.63
-5722.39
-5728.07
-5731.12
-5735.5
-5741.37
-5744.63
-5748.64
-5754.62
-5758.17
-5761.82
-5767.81
-5771.72
-5775.06
-5780.93
-5785.26
-5788.37
-5794.01
-5798.76
-5801.74
-5807.07
-5812.21
-5815.18
-5820.13
-5825.59
-5828.67
-5833.2
-5838.89
-5842.21
-5846.3
-5852.12
-5855.78
-5859.46
-5865.28
-5869.34
-5872.69
-5878.37
-5882.88
-5886
-5891.4
-5896.39
-5899.41
-5904.39
-5909.82
-5912.92
-5917.38
-5923.13
-5926.51
-5930.43
-5936.3
-5940.16
-5943.58
-5949.34
-5953.79
-5956.88
-5962.28
-5967.32
-5970.35
-5975.21
-5980.71
-5983.94
-5988.19
-5993.93
-5997.59
-6001.29
-6007.01
-6011.22
-6014.55
-6019.99
-6024.76
-6027.96
-6032.95
-6038.19
-6041.48
-6045.94
-6051.48
-6055.07
-6059.01
-6064.63
-6068.69
-6072.2
-6077.66
-6082.3
-6085.53
-6090.6
-6095.8
-6099.05
-6103.52
-6109.11
-6112.73
-6116.54
-6122.2
-6126.44
-6129.77
-6135.12
-6140.04
-6143.25
-6147.99
-6153.42
-6156.91
-6160.97
-6166.56
-6170.6
-6174.16
-6179.53
-6184.2
-6187.57
-6192.46
-6197.63
-6201.13
-6205.44
-6210.86
-6214.77
-6218.57
-6223.92
-6228.38
-6231.88
-6236.88
-6241.87
-6245.37
-6249.84
-6255.17
-6258.99
-6262.9
-6268.27
-6272.63
-6276.16
-6281.21
-6286.16
-6289.65
-6294.12
-6299.46
-6303.31
-6307.18
-6312.51
-6316.96
-6320.47
-6325.41
-6330.45
-6334.02
-6338.34
-6343.66
-6347.69
-6351.47
-6356.65
-6361.27
-6364.85
-6369.58
-6374.64
-6378.4
-6382.59
-6387.8
-6392.01
-6395.78
-6400.8
-6405.52
-6409.18
-6413.75
-6418.85
-6422.74
-6426.79
-6431.96
-6436.33
-6440.03
-6444.91
-6449.81
-6453.51
-6457.84
-6463.05
-6467.14
-6470.94
-6476.02
-6480.72
-6484.35
-6488.9
-6494.04
-6497.97
-6501.92
-6507.07
-6511.59
-6515.24
-6519.94
-6524.97
-6528.82
-6532.93
-6538.06
-6542.43
-6546.19
-6550.99
-6555.85
-6559.68
-6563.97
-6569.04
-6573.25
-6577.14
-6582.04
-6586.73
-6590.54
-6594.99
-6600.02
-6604.09
-6608.07
-6613.05
-6617.65
-6621.41
-6625.95
-6630.98
-6634.99
-6638.99
-6644
-6648.57
-6652.34
-6656.89
-6661.89
-6665.92
-6669.94
-6674.91
-6679.47
-6683.29
-6687.83
-6692.77
-6696.84
-6700.9
-6705.82
-6710.35
-6714.23
-6718.78
-6723.66
-6727.74
-6731.85
-6736.75
-6741.25
-6745.14
-6749.71
-6754.58
-6758.65
-6762.76
-6767.66
-6772.17
-6776.06
-6780.59
-6785.49
-6789.59
-6793.65
-6798.53
-6803.11
-6807
-6811.45
-6816.38
-6820.56
-6824.55
-6829.37
-6834.04
-6837.97
-6842.31
-6847.23
-6851.52
-6855.49
-6860.19
-6864.93
-6868.94
-6873.19
-6878.06
-6882.45
-6886.43
-6891.04
-6895.79
-6899.89
-6904.08
-6908.9
-6913.37
-6917.36
-6921.88
-6926.68
-6930.83
-6934.95
-6939.73
-6944.31
-6948.28
-6952.68
-6957.54
-6961.82
-6965.82
-6970.5
-6975.23
-6979.27
-6983.49
-6988.32
-6992.79
-6996.78
-7001.26
-7006.06
-7010.27
-7014.38
-7019.07
-7023.68
-7027.75
-7032.1
-7036.85
-7041.2
-7045.3
-7049.88
-7054.53
-7058.67
-7062.94
-7067.68
-7072.12
-7076.17
-7080.66
-7085.42
-7089.64
-7093.74
-7098.43
-7103.08
-7107.14
-7111.39
-7116.19
-7120.65
-7124.67
-7129.11
-7133.89
-7138.17
-7142.26
-7146.87
-7151.52
-7155.67
-7159.93
-7164.61
-7169.07
-7173.2
-7177.65
-7182.31
-7186.58
-7190.79
-7195.4
-7199.94
-7204.09
-7208.43
-7213.14
-7217.52
-7221.62
-7226.12
-7230.83
-7235.06
-7239.19
-7243.83
-7248.47
-7252.59
-7256.82
-7261.54
-7266.05
-7270.14
-7274.5
-7279.21
-7283.59
-7287.72
-7292.2
-7296.84
-7301.11
-7305.34
-7309.91
-7314.43
-7318.63
-7322.99
-7327.61
-7331.98
-7336.17
-7340.67
-7345.28
-7349.52
-7353.74
-7358.36
-7362.91
-7367.06
-7371.35
-7376.03
-7380.5
-7384.61
-7388.98
-7393.68
-7398.07
-7402.18
-7406.63
-7411.3
-7415.62
-7419.78
-7424.3
-7428.89
-7433.16
-7437.41
-7441.97
-7446.46
-7450.69
-7455.06
-7459.63
-7464.01
-7468.24
-7472.71
-7477.27
-7481.55
-7485.8
-7490.36
-7494.9
-7499.1
-7503.38
-7508
-7512.5
-7516.65
-7520.98
-7525.63
-7530.07
-7534.22
-7538.6
-7543.23
-7547.63
-7551.81
-7556.23
-7560.82
-7565.17
-7569.4
-7573.87
-7578.4
-7582.7
-7587
-7591.51
-7595.98
-7600.23
-7604.6
-7609.15
-7613.55
-7617.77
-7622.2
-7626.78
-7631.12
-7635.32
-7639.79
-7644.38
-7648.69
-7652.89
-7657.38
-7661.96
-7666.26
-7670.48
-7674.98
-7679.52
-7683.81
-7688.08
-7692.58
-7697.07
-7701.35
-7705.68
-7710.19
-7714.62
-7718.89
-7723.28
-7727.8
-7732.18
-7736.43
-7740.87
-7745.41
-7749.74
-7753.98
-7758.44
-7763
-7767.31
-7771.54
-7776.01
-7780.56
-7784.87
-7789.11
-7793.59
-7798.11
-7802.43
-7806.7
-7811.17
-7815.65
-7819.96
-7824.29
-7828.77
-7833.2
-7837.49
-7841.85
-7846.36
-7850.76
-7855.03
-7859.41
-7863.94
-7868.33
-7872.57
-7876.97
-7881.5
-7885.89
-7890.13
-7894.52
-7899.06
-7903.44
-7907.69
-7912.08
-7916.6
-7920.98
-7925.25
-7929.65
-7934.15
-7938.52
-7942.81
-7947.22
-7951.7
-7956.05
-7960.35
-7964.79
-7969.26
-7973.58
-7977.89
-7982.35
-7986.82
-7991.12
-7995.42
-7999.9
-8004.37
-8008.67
-8012.96
-8017.44
-8021.91
-8026.22
-8030.51
-8034.98
-8039.45
-8043.76
-8048.07
-8052.52
-8056.98
-8061.3
-8065.62
-8070.06
-8074.5
-8078.82
-8083.16
-8087.61
-8092.04
-8096.35
-8100.69
-8105.16
-8109.58
-8113.87
-8118.22
-8122.69
-8127.12
-8131.41
-8135.74
-8140.22
-8144.66
-8148.95
-8153.28
-8157.73
-8162.18
-8166.49
-8170.81
-8175.26
-8179.69
-8184.02
-8188.35
-8192.79
-8197.21
-8201.54
-8205.88
-8210.32
-8214.74
-8219.05
-8223.4
-8227.84
-8232.26
-8236.57
-8240.91
-8245.36
-8249.79
-8254.1
-8258.42
-8262.87
-8267.31
-8271.63
-8275.94
-8280.38
-8284.82
-8289.15
-8293.46
-8297.88
-8302.33
-8306.67
-8310.99
-8315.4
-8319.83
-8324.18
-8328.51
-8332.91
-8337.34
-8341.69
-8346.02
-8350.43
-8354.85
-8359.19
-8363.51
-8367.93
-8372.37
-8376.71
-8381.02
-8385.42
-8389.87
-8394.23
-8398.53
-8402.91
-8407.36
-8411.75
-8416.05
-8420.41
-8424.84
-8429.24
-8433.56
-8437.92
-8442.34
-8446.73
-8451.06
-8455.42
-8459.84
-8464.22
-8468.55
-8472.91
-8477.34
-8481.73
-8486.04
-8490.39
-8494.82
-8499.24
-8503.55
-8507.87
-8512.29
-8516.73
-8521.07
-8525.37
-8529.76
-8534.2
-8538.56
-8542.88
-8547.25
-8551.67
-8556.04
-8560.38
-8564.75
-8569.15
-8573.52
-8577.85
-8582.24
-8586.65
-8591.01
-8595.33
-8599.7
-8604.13
-8608.51
-8612.82
-8617.16
-8621.59
-8626
-8630.33
-8634.64
-8639.04
-8643.46
-8647.82
-8652.15
-8656.51
-8660.92
-8665.29
-8669.63
-8674
-8678.39
-8682.75
-8687.09
-8691.48
-8695.88
-8700.23
-8704.55
-8708.93
-8713.35
-8717.73
-8722.03
-8726.37
-8730.79
-8735.2
-8739.54
-8743.85
-8748.23
-8752.64
-8757.01
-8761.34
-8765.7
-8770.09
-8774.45
-8778.81
-8783.18
-8787.56
-8791.91
-8796.25
-8800.63
-8805.03
-8809.39
-8813.7
-8818.06
-8822.47
-8826.87
-8831.19
-8835.51
-8839.9
-8844.31
-8848.67
-8852.99
-8857.34
-8861.74
-8866.12
-8870.46
-8874.81
-8879.18
-8883.55
-8887.9
-8892.27
-8896.65
-8901.01
-8905.34
-8909.69
-8914.1
-8918.48
-8922.8
-8927.12
-8931.51
-8935.92
-8940.28
-8944.59
-8948.93
-8953.33
-8957.72
-8962.06
-8966.39
-8970.76
-8975.14
-8979.5
-8983.85
-8988.21
-8992.58
-8996.92
-9001.27
-9005.66
-9010.03
-9014.37
-9018.69
-9023.06
-9027.47
-9031.83
-9036.14
-9040.48
-9044.87
-9049.26
-9053.6
-9057.93
-9062.28
-9066.67
-9071.03
-9075.37
-9079.72
-9084.09
-9088.45
-9092.79
-9097.15
-9101.53
-9105.88
-9110.21
-9114.56
-9118.95
-9123.32
-9127.65
-9131.97
-9136.34
-9140.74
-9145.1
-9149.42
-9153.75
-9158.13
-9162.51
-9166.85
-9171.19
-9175.54
-9179.91
-9184.26
-9188.61
-9192.97
-9197.33
-9201.67
-9206.01
-9210.37
-9214.75
-9219.11
-9223.43
-9227.77
-9232.14
-9236.52
-9240.86
-9245.19
-9249.54
-9253.91
-9258.27
-9262.61
-9266.95
-9271.31
-9275.67
-9280.02
-9284.36
-9288.72
-9293.08
-9297.42
-9301.75
-9306.12
-9310.49
-9314.83
-9319.16
-9323.5
-9327.88
-9332.24
-9336.57
-9340.9
-9345.26
-9349.63
-9353.98
-9358.31
-9362.66
-9367.02
-9371.37
-9375.7
-9380.05
-9384.41
-9388.76
-9393.1
-9397.43
-9401.79
-9406.16
-9410.5
-9414.83
-9419.17
-9423.53
-9427.89
-9432.23
-9436.56
-9440.91
-9445.27
-9449.61
-9453.95
-9458.3
-9462.66
-9467
-9471.33
-9475.67
-9480.04
-9484.39
-9488.73
-9493.05
-9497.4
-9501.76
-9506.11
-9510.45
-9514.78
-9519.13
-9523.48
-9527.82
-9532.16
-9536.51
-9540.86
-9545.2
-9549.53
-9553.88
-9558.24
-9562.58
-9566.91
-9571.24
-9575.6
-9579.96
-9584.3
-9588.62
-9592.95
-9597.31
-9601.66
-9606
-9610.33
-9614.67
-9619.02
-9623.36
-9627.7
-9632.04
-9636.39
-9640.72
-9645.05
-9649.39
-9653.75
-9658.1
-9662.43
-9666.75
-9671.09
-9675.45
-9679.8
-9684.13
-9688.45
-9692.79
-9697.14
-9701.48
-9705.82
-9710.16
-9714.49
-9718.82
-9723.16
-9727.5
-9731.86
-9736.2
-9740.51
-9744.84
-9749.19
-9753.55
-9757.89
-9762.21
-9766.53
-9770.87
-9775.22
-9779.56
-9783.89
-9788.22
-9792.55
-9796.89
-9801.23
-9805.57
-9809.92
-9814.24
-9818.56
-9822.89
-9827.25
-9831.6
-9835.93
-9840.24
-9844.56
-9848.91
-9853.27
-9857.6
-9861.92
-9866.24
-9870.58
-9874.92
-9879.26
-9883.6
-9887.93
-9892.25
-9896.58
-9900.91
-9905.26
-9909.6
-9913.93
-9918.24
-9922.57
-9926.92
-9931.27
-9935.59
-9939.91
-9944.23
-9948.57
-9952.92
-9957.25
-9961.57
-9965.89
-9970.22
-9974.56
-9978.89
-9983.23
-9987.56
-9991.88
-9996.2
-10000.5
-10004.9
-10009.2
-10013.5
-10017.8
-10022.2
-10026.5
-10030.9
-10035.2
-10039.5
-10043.8
-10048.2
-10052.5
-10056.8
-10061.2
-10065.5
-10069.8
-10074.1
-10078.4
-10082.8
-10087.1
-10091.4
-10095.8
-10100.1
-10104.4
-10108.8
-10113.1
-10117.4
-10121.7
-10126
-10130.4
-10134.7
-10139
-10143.3
-10147.7
-10152
-10156.3
-10160.7
-10165
-10169.3
-10173.6
-10177.9
-10182.3
-10186.6
-10190.9
-10195.2
-10199.6
-10203.9
-10208.2
-10212.6
-10216.9
-10221.2
-10225.5
-10229.8
-10234.2
-10238.5
-10242.8
-10247.1
-10251.4
-10255.8
-10260.1
-10264.4
-10268.7
-10273.1
-10277.4
-10281.7
-10286
-10290.3
-10294.7
-10299
-10303.3
-10307.6
-10311.9
-10316.3
-10320.6
-10324.9
-10329.2
-10333.5
-10337.9
-10342.2
-10346.5
-10350.8
-10355.1
-10359.5
-10363.8
-10368.1
-10372.4
-10376.7
-10381
-10385.4
-10389.7
-10394
-10398.3
-10402.6
-10407
-10411.3
-10415.6
-10419.9
-10424.2
-10428.5
-10432.9
-10437.2
-10441.5
-10445.8
-10450.1
-10454.4
-10458.7
-10463.1
-10467.4
-10471.7
-10476
-10480.3
-10484.6
-10489
-10493.3
-10497.6
-10501.9
-10506.2
-10510.5
-10514.8
-10519.2
-10523.5
-10527.8
-10532.1
-10536.4
-10540.7
-10545
-10549.4
-10553.7
-10558
-10562.3
-10566.6
-10570.9
-10575.2
-10579.5
-10583.9
-10588.2
-10592.5
-10596.8
-10601.1
-10605.4
-10609.7
-10614
-10618.3
-10622.6
-10627
-10631.3
-10635.6
-10639.9
-10644.2
-10648.5
-10652.8
-10657.1
-10661.4
-10665.8
-10670.1
-10674.4
-10678.7
-10683
-10687.3
-10691.6
-10695.9
-10700.2
-10704.5
-10708.8
-10713.1
-10717.5
-10721.8
-10726.1
-10730.4
-10734.7
-10739
-10743.3
-10747.6
-10751.9
-10756.2
-10760.5
-10764.8
-10769.1
-10773.4
-10777.7
-10782
-10786.3
-10790.7
-10795
-10799.3
-10803.6
-10807.9
-10812.2
-10816.5
-10820.8
-10825.1
-10829.4
-10833.7
-10838
-10842.3
-10846.6
-10850.9
-10855.2
-10859.5
-10863.8
-10868.1
-10872.4
-10876.7
-10881
-10885.3
-10889.6
-10893.9
-10898.2
-10902.6
-10906.9
-10911.2
-10915.5
-10919.8
-10924.1
-10928.4
-10932.7
-10937
-10941.3
-10945.6
-10949.9
-10954.2
-10958.5
-10962.8
-10967.1
-10971.4
-10975.7
-10980
-10984.3
-10988.6
-10992.9
-10997.1
-11001.4
-11005.8
-11010.1
-11014.4
-11018.6
-11022.9
-11027.2
-11031.5
-11035.8
-11040.1
-11044.4
-11048.7
-11053
-11057.3
-11061.6
-11065.9
-11070.2
-11074.5
-11078.8
-11083.1
-11087.4
-11091.7
-11096
-11100.3
-11104.6
-11108.9
-11113.2
-11117.5
-11121.8
-11126.1
-11130.4
-11134.6
-11138.9
-11143.2
-11147.5
-11151.8
-11156.1
-11160.4
-11164.7
-11169
-11173.3
-11177.6
-11181.9
-11186.2
-11190.5
-11194.7
-11199
-11203.3
-11207.6
-11211.9
-11216.2
-11220.5
-11224.8
-11229.1
-11233.4
-11237.7
-11242
-11246.3
-11250.5
-11254.8
-11259.1
-11263.4
-11267.7
-11272
-11276.3
-11280.6
-11284.9
-11289.1
-11293.4
-11297.7
-11302
-11306.3
-11310.6
-11314.9
-11319.2
-11323.5
-11327.8
-11332
-11336.3
-11340.6
-11344.9
-11349.2
-11353.5
-11357.8
-11362.1
-11366.3
-11370.6
-11374.9
-11379.2
-11383.5
-11387.8
-11392.1
-11396.3
-11400.6
-11404.9
-11409.2
-11413.5
-11417.8
-11422.1
-11426.3
-11430.6
-11434.9
-11439.2
-11443.5
-11447.8
-11452.1
-11456.3
-11460.6
-11464.9
-11469.2
-11473.5
-11477.8
-11482
-11486.3
-11490.6
-11494.9
-11499.2
-11503.4
-11507.7
-11512
-11516.3
-11520.6
-11524.8
-11529.1
-11533.4
-11537.7
-11542
-11546.3
-11550.5
-11554.8
-11559.1
-11563.4
-11567.7
-11572
-11576.2
-11580.5
-11584.8
-11589.1
-11593.3
-11597.6
-11601.9
-11606.2
-11610.5
-11614.7
-11619
-11623.3
-11627.6
-11631.9
-11636.1
-11640.4
-11644.7
-11649
-11653.2
-11657.5
-11661.8
-11666.1
-11670.4
-11674.6
-11678.9
-11683.2
-11687.5
-11691.8
-11696
-11700.3
-11704.6
-11708.8
-11713.1
-11717.4
-11721.7
-11726
-11730.2
-11734.5
-11738.8
-11743
-11747.3
-11751.6
-11755.9
-11760.2
-11764.4
-11768.7
-11773
-11777.2
-11781.5
-11785.8
-11790.1
-11794.3
-11798.6
-11802.9
-11807.2
-11811.4
-11815.7
-11820
-11824.3
-11828.5
-11832.8
-11837.1
-11841.3
-11845.6
-11849.9
-11854.2
-11858.4
-11862.7
-11867
-11871.2
-11875.5
-11879.8
-11884.1
-11888.3
-11892.6
-11896.9
-11901.1
-11905.4
-11909.7
-11913.9
-11918.2
-11922.5
-11926.7
-11931
-11935.3
-11939.6
-11943.8
-11948.1
-11952.4
-11956.6
-11960.9
-11965.2
-11969.4
-11973.7
-11978
-11982.2
-11986.5
-11990.8
-11995
-11999.3
-12003.6
-12007.8
-12012.1
-12016.4
-12020.6
-12024.9
-12029.2
-12033.4
-12037.7
-12042
-12046.2
-12050.5
-12054.8
-12059
-12063.3
-12067.6
-12071.8
-12076.1
-12080.4
-12084.6
-12088.9
-12093.1
-12097.4
-12101.7
-12105.9
-12110.2
-12114.5
-12118.7
-12123
-12127.2
-12131.5
-12135.8
-12140
-12144.3
-12148.6
-12152.8
-12157.1
-12161.3
-12165.6
-12169.9
-12174.1
-12178.4
-12182.7
-12186.9
-12191.2
-12195.4
-12199.7
-12204
-12208.2
-12212.5
-12216.7
-12221
-12225.3
-12229.5
-12233.8
-12238
-12242.3
-12246.6
-12250.8
-12255.1
-12259.3
-12263.6
-12267.9
-12272.1
-12276.4
-12280.6
-12284.9
-12289.1
-12293.4
-12297.7
-12301.9
-12306.2
-12310.4
-12314.7
-12318.9
-12323.2
-12327.4
-12331.7
-12336
-12340.2
-12344.5
-12348.7
-12353
-12357.2
-12361.5
-12365.8
-12370
-12374.3
-12378.5
-12382.8
-12387
-12391.3
-12395.5
-12399.8
-12404.1
-12408.3
-12412.6
-12416.8
-12421.1
-12425.3
-12429.6
-12433.8
-12438.1
-12442.3
-12446.6
-12450.9
-12455.1
-12459.3
-12463.6
-12467.8
-12472.1
-12476.4
-12480.6
-12484.9
-12489.1
-12493.4
-12497.6
-12501.9
-12506.1
-12510.4
-12514.6
-12518.9
-12523.1
-12527.4
-12531.6
-12535.9
-12540.1
-12544.4
-12548.6
-12552.9
-12557.1
-12561.4
-12565.6
-12569.9
-12574.1
-12578.4
-12582.6
-12586.9
-12591.1
-12595.4
-12599.6
-12603.9
-12608.1
-12612.4
-12616.6
-12620.9
-12625.1
-12629.3
-12633.6
-12637.8
-12642.1
-12646.3
-12650.6
-12654.8
-12659.1
-12663.3
-12667.6
-12671.8
-12676.1
-12680.3
-12684.5
-12688.8
-12693
-12697.3
-12701.5
-12705.8
-12710
-12714.3
-12718.5
-12722.7
-12727
-12731.2
-12735.5
-12739.7
-12744
-12748.2
-12752.5
-12756.7
-12760.9
-12765.2
-12769.4
-12773.7
-12777.9
-12782.1
-12786.4
-12790.6
-12794.9
-12799.1
-12803.4
-12807.6
-12811.8
-12816.1
-12820.3
-12824.6
-12828.8
-12833
-12837.3
-12841.5
-12845.8
-12850
-12854.2
-12858.5
-12862.7
-12867
-12871.2
-12875.4
-12879.7
-12883.9
-12888.2
-12892.4
-12896.6
-12900.9
-12905.1
-12909.4
-12913.6
-12917.8
-12922.1
-12926.3
-12930.5
-12934.8
-12939
-12943.3
-12947.5
-12951.7
-12956
-12960.2
-12964.4
-12968.7
-12972.9
-12977.2
-12981.4
-12985.6
-12989.9
-12994.1
-12998.3
-13002.6
-13006.8
-13011
-13015.3
-13019.5
-13023.7
-13028
-13032.2
-13036.4
-13040.7
-13044.9
-13049.2
-13053.4
-13057.6
-13061.9
-13066.1
-13070.3
-13074.6
-13078.8
-13083
-13087.3
-13091.5
-13095.7
-13100
-13104.2
-13108.4
-13112.6
-13116.9
-13121.1
-13125.4
-13129.6
-13133.8
-13138
-13142.3
-13146.5
-13150.7
-13155
-13159.2
-13163.4
-13167.7
-13171.9
-13176.1
-13180.4
-13184.6
-13188.8
-13193.1
-13197.3
-13201.5
-13205.7
-13210
-13214.2
-13218.4
-13222.7
-13226.9
-13231.1
-13235.3
-13239.6
-13243.8
-13248
-13252.3
-13256.5
-13260.7
-13264.9
-13269.2
-13273.4
-13277.6
-13281.9
-13286.1
-13290.3
-13294.5
-13298.8
-13303
-13307.2
-13311.5
-13315.7
-13319.9
-13324.1
-13328.4
-13332.6
-13336.8
-13341
-13345.3
-13349.5
-13353.7
-13357.9
-13362.2
-13366.4
-13370.6
-13374.8
-13379.1
-13383.3
-13387.5
-13391.8
-13396
-13400.2
-13404.4
-13408.6
-13412.9
-13417.1
-13421.3
-13425.5
-13429.8
-13434
-13438.2
-13442.4
-13446.7
-13450.9
-13455.1
-13459.3
-13463.6
-13467.8
-13472
-13476.2
-13480.5
-13484.7
-13488.9
-13493.1
-13497.3
-13501.6
-13505.8
-13510
-13514.2
-13518.5
-13522.7
-13526.9
-13531.1
-13535.3
-13539.6
-13543.8
-13548
-13552.2
-13556.5
-13560.7
-13564.9
-13569.1
-13573.3
-13577.6
-13581.8
-13586
-13590.2
-13594.4
-13598.7
-13602.9
-13607.1
-13611.3
-13615.6
-13619.8
-13624
-13628.2
-13632.4
-13636.7
-13640.9
-13645.1
-13649.3
-13653.5
-13657.8
-13662
-13666.2
-13670.4
-13674.6
-13678.9
-13683.1
-13687.3
-13691.5
-13695.7
-13699.9
-13704.2
-13708.4
-13712.6
-13716.8
-13721
-13725.3
-13729.5
-13733.7
-13737.9
-13742.1
-13746.3
-13750.6
-13754.8
-13759
-13763.2
-13767.4
-13771.7
-13775.9
-13780.1
-13784.3
-13788.5
-13792.7
-13797
-13801.2
-13805.4
-13809.6
-13813.8
-13818.1
-13822.3
-13826.5
-13830.7
-13834.9
-13839.1
-13843.4
-13847.6
-13851.8
-13856
-13860.2
-13864.4
-13868.7
-13872.9
-13877.1
-13881.3
-13885.5
-13889.7
-13894
-13898.2
-13902.4
-13906.6
-13910.8
-13915
-13919.3
-13923.5
-13927.7
-13931.9
-13936.1
-13940.3
-13944.6
-13948.8
-13953
-13957.2
-13961.4
-13965.6
-13969.9
-13974.1
-13978.3
-13982.5
-13986.7
-13990.9
-13995.1
-13999.4
-14003.6
-14007.8
-14012
-14016.2
-14020.4
-14024.7
-14028.9
-14033.1
-14037.3
-14041.5
-14045.7
-14050
-14054.2
-14058.4
-14062.6
-14066.8
-14071
-14075.2
-14079.5
-14083.7
-14087.9
-14092.1
-14096.3
-14100.5
-14104.8
-14109
-14113.2
-14117.4
-14121.6
-14125.8
-14130
-14134.3
-14138.5
-14142.7
-14146.9
-14151.1
-14155.3
-14159.6
-14163.8
-14168
-14172.2
-14176.4
-14180.6
-14184.9
-14189.1
-14193.3
-14197.5
-14201.7
-14205.9
-14210.1
-14214.4
-14218.6
-14222.8
-14227
-14231.2
-14235.4
-14239.7
-14243.9
-14248.1
-14252.3
-14256.5
-14260.7
-14264.9
-14269.2
-14273.4
-14277.6
-14281.8
-14286
-14290.3
-14294.5
-14298.7
-14302.9
-14307.1
-14311.3
-14315.6
-14319.8
-14324
-14328.2
-14332.4
-14336.6
-14340.9
-14345.1
-14349.3
-14353.5
-14357.7
-14361.9
-14366.2
-14370.4
-14374.6
-14378.8
-14383
-14387.2
-14391.5
-14395.7
-14399.9
-14404.1
-14408.3
-14412.6
-14416.8
-14421
-14425.2
-14429.4
-14433.7
-14437.9
-14442.1
-14446.3
-14450.5
-14454.8
-14459
-14463.2
-14467.4
-14471.6
-14475.9
-14480.1
-14484.3
-14488.5
-14492.7
-14497
-14501.2
-14505.4
-14509.6
-14513.8
-14518.1
-14522.3
-14526.5
-14530.7
-14534.9
-14539.2
-14543.4
-14547.6
-14551.8
-14556.1
-14560.3
-14564.5
-14568.7
-14572.9
-14577.2
-14581.4
-14585.6
-14589.9
-14594.1
-14598.3
-14602.5
-14606.8
-14611
-14615.2
-14619.4
-14623.6
-14627.9
-14632.1
-14636.3
-14640.6
-14644.8
-14649
-14653.2
-14657.5
-14661.7
-14665.9
-14670.1
-14674.4
-14678.6
-14682.8
-14687.1
-14691.3
-14695.5
-14699.7
-14704
-14708.2
-14712.4
-14716.7
-14720.9
-14725.1
-14729.4
-14733.6
-14737.8
-14742
-14746.3
-14750.5
-14754.7
-14759
-14763.2
-14767.4
-14771.7
-14775.9
-14780.1
-14784.4
-14788.6
-14792.8
-14797.1
-14801.3
-14805.6
-14809.8
-14814
-14818.3
-14822.5
-14826.7
-14831
-14835.2
-14839.4
-14843.7
-14847.9
-14852.2
-14856.4
-14860.6
-14864.9
-14869.1
-14873.4
-14877.6
-14881.8
-14886.1
-14890.3
-14894.6
-14898.8
-14903.1
-14907.3
-14911.6
-14915.8
-14920
-14924.3
-14928.5
-14932.8
-14937
-14941.3
-14945.5
-14949.8
-14954
-14958.3
-14962.5
-14966.8
-14971
-14975.3
-14979.5
-14983.8
-14988
-14992.3
-14996.5
-15000.8
-15005
-15009.3
-15013.5
-15017.8
-15022
-15026.3
-15030.6
-15034.8
-15039.1
-15043.3
-15047.6
-15051.9
-15056.1
-15060.4
-15064.6
-15068.9
-15073.1
-15077.4
-15081.7
-15085.9
-15090.2
-15094.5
-15098.7
-15103
-15107.3
-15111.5
-15115.8
-15120.1
-15124.3
-15128.6
-15132.9
-15137.1
-15141.4
-15145.7
-15150
-15154.2
-15158.5
-15162.8
-15167.1
-15171.3
-15175.6
-15179.9
-15184.2
-15188.4
-15192.7
-15197
-15201.3
-15205.6
-15209.8
-15214.1
-15218.4
-15222.7
-15227
-15231.3
-15235.5
-15239.8
-15244.1
-15248.4
-15252.7
-15257
-15261.3
-15265.6
-15269.9
-15274.1
-15278.4
-15282.7
-15287
-15291.3
-15295.6
-15299.9
-15304.2
-15308.5
-15312.8
-15317.1
-15321.4
-15325.7
-15330
-15334.3
-15338.6
-15343
-15347.3
-15351.6
-15355.9
-15360.2
-15364.5
-15368.8
-15373.1
-15377.4
-15381.8
-15386.1
-15390.4
-15394.7
-15399
-15403.3
-15407.7
-15412
-15416.3
-15420.7
-15425
-15429.3
-15433.6
-15438
-15442.3
-15446.6
-15450.9
-15455.3
-15459.6
-15464
-15468.3
-15472.6
-15477
-15481.3
-15485.7
-15490
-15494.3
-15498.7
-15503
-15507.4
-15511.7
-15516.1
-15520.4
-15524.8
-15529.2
-15533.5
-15537.9
-15542.2
-15546.6
-15551
-15555.3
-15559.7
-15564
-15568.4
-15572.8
-15577.2
-15581.5
-15585.9
-15590.3
-15594.7
-15599
-15603.4
-15607.8
-15612.2
-15616.6
-15620.9
-15625.3
-15629.7
-15634.1
-15638.5
-15642.9
-15647.3
-15651.7
-15656.1
-15660.5
-15664.9
-15669.3
-15673.7
-15678.1
-15682.5
-15686.9
-15691.4
-15695.8
-15700.2
-15704.6
-15709
-15713.4
-15717.9
-15722.3
-15726.7
-15731.2
-15735.6
-15740
-15744.5
-15748.9
-15753.4
-15757.8
-15762.2
-15766.7
-15771.1
-15775.6
-15780
-15784.5
-15789
-15793.4
-15797.9
-15802.4
-15806.8
-15811.3
-15815.8
-15820.2
-15824.7
-15829.2
-15833.7
-15838.2
-15842.6
-15847.1
-15851.6
-15856.1
-15860.6
-15865.1
-15869.6
-15874.1
-15878.6
-15883.1
-15887.6
-15892.2
-15896.7
-15901.2
-15905.7
-15910.2
-15914.8
-15919.3
-15923.8
-15928.4
-15932.9
-15937.5
-15942
-15946.6
-15951.1
-15955.7
-15960.2
-15964.8
-15969.3
-15973.9
-15978.5
-15983
-15987.6
-15992.2
-15996.8
-16001.4
-16006
-16010.6
-16015.2
-16019.8
-16024.4
-16029
-16033.6
-16038.2
-16042.8
-16047.4
-16052.1
-16056.7
-16061.3
-16066
-16070.6
-16075.3
-16079.9
-16084.6
-16089.2
-16093.9
-16098.5
-16103.2
-16107.9
-16112.5
-16117.2
-16121.9
-16126.6
-16131.3
-16136
-16140.7
-16145.4
-16150.1
-16154.8
-16159.5
-16164.2
-16169
-16173.7
-16178.4
-16183.2
-16187.9
-16192.7
-16197.4
-16202.2
-16206.9
-16211.7
-16216.5
-16221.3
-16226.1
-16230.8
-16235.6
-16240.4
-16245.2
-16250
-16254.8
-16259.7
-16264.5
-16269.3
-16274.2
-16279
-16283.9
-16288.7
-16293.6
-16298.5
-16303.3
-16308.2
-16313.1
-16318
-16322.9
-16327.8
-16332.7
-16337.6
-16342.5
-16347.4
-16352.4
-16357.3
-16362.3
-16367.2
-16372.2
-16377.1
-16382.1
-16387
-16392
-16397
-16402
-16407
-16412
-16417.1
-16422.1
-16427.1
-16432.2
-16437.2
-16442.3
-16447.3
-16452.4
-16457.5
-16462.6
-16467.6
-16472.7
-16477.8
-16483
-16488.1
-16493.2
-16498.4
-16503.5
-16508.7
-16513.9
-16519.1
-16524.3
-16529.4
-16534.6
-16539.8
-16545.1
-16550.3
-16555.5
-16560.7
-16566
-16571.3
-16576.5
-16581.8
-16587.1
-16592.5
-16597.8
-16603.1
-16608.4
-16613.8
-16618.2
-16622
-16627.1
-16635.2
-16638.7
-16643.6
-16650.5
-16656.5
-16661.2
-16666.7
-16672.5
-16678
-16683.2
-16688.8
-16694.4
-16699.8
-16705.2
-16710.8
-16716.3
-16721.9
-16727.4
-16733
-16738.5
-16744.1
-16749.7
-16755.3
-16760.9
-16766.5
-16772.2
-16777.8
-16783.5
-16789.2
-16794.9
-16800.6
-16806.3
-16812
-16817.7
-16823.5
-16829.2
-16835
-16840.8
-16846.6
-16852.4
-16858.2
-16864
-16869.9
-16875.8
-16881.6
-16887.5
-16893.4
-16899.3
-16905.3
-16911.2
-16917.1
-16923.1
-16929.1
-16935.1
-16941.1
-16947.1
-16953.2
-16959.2
-16965.3
-16971.4
-16977.5
-16983.6
-16989.8
-16995.9
-17002.1
-17008.2
-17014.4
-17020.6
-17026.8
-17033
-17039.3
-17045.5
-17051.8
-17058.1
-17064.5
-17070.8
-17077.1
-17083.5
-17089.9
-17096.3
-17102.7
-17109.1
-17115.5
-17122
-17128.5
-17135
-17141.5
-17148
-17154.5
-17161.1
-17167.6
-17174.2
-17180.8
-17187.5
-17194.1
-17200.8
-17207.4
-17214.1
-17220.9
-17227.6
-17234.3
-17241.1
-17247.8
-17254.6
-17261.4
-17268.2
-17275.1
-17281.9
-17288.8
-17295.7
-17302.6
-17309.6
-17316.5
-17323.5
-17330.4
-17337.5
-17344.5
-17351.5
-17358.6
-17365.6
-17372.7
-17379.8
-17387
-17394.1
-17401.2
-17408.4
-17415.6
-17422.8
-17430
-17437.3
-17444.5
-17451.8
-17459.1
-17466.4
-17473.7
-17481
-17488.4
-17495.7
-17503.1
-17510.5
-17517.9
-17525.4
-17532.8
-17540.3
-17547.7
-17555.2
-17562.7
-17570.2
-17577.8
-17585.3
-17592.9
-17600.5
-17608.1
-17615.7
-17623.3
-17630.9
-17638.6
-17646.3
-17653.9
-17661.6
-17669.3
-17677
-17684.7
-17692.5
-17700.2
-17707.9
-17715.7
-17723.5
-17731.3
-17739.1
-17746.9
-17754.7
-17762.5
-17770.3
-17778.2
-17786
-17793.9
-17801.7
-17809.6
-17817.5
-17825.4
-17833.3
-17841.2
-17849.1
-17857
-17864.9
-17872.8
-17880.7
-17888.6
-17896.5
-17904.5
-17912.4
-17920.3
-17928.3
-17936.2
-17944.1
-17952.1
-17960
-17968
-17975.9
-17983.8
-17991.8
-17999.7
-18007.6
-18015.5
-18023.5
-18031.4
-18039.2
-18047.1
-18055
-18062.9
-18070.8
-18078.6
-18086.5
-18094.4
-18102.2
-18110.1
-18117.9
-18125.7
-18133.6
-18141.4
-18149.2
-18157
-18164.7
-18172.5
-18180.2
-18187.9
-18195.6
-18203.3
-18211
-18218.6
-18226.2
-18233.8
-18241.4
-18249
-18256.6
-18264.1
-18271.6
-18279.1
-18286.6
-18294.1
-18301.5
-18309
-18316.4
-18323.8
-18331.1
-18338.5
-18345.8
-18353.1
-18360.3
-18367.6
-18374.8
-18381.9
-18389.1
-18396.2
-18403.3
-18410.3
-18417.4
-18424.4
-18431.3
-18438.3
-18445.2
-18452.1
-18459
-18465.8
-18472.6
-18479.4
-18486.1
-18492.9
-18499.5
-18506.2
-18512.8
-18519.4
-18525.9
-18532.5
-18538.9
-18545.4
-18551.8
-18558.1
-18564.5
-18570.8
-18577
-18583.3
-18589.5
-18595.7
-18601.8
-18607.9
-18614
-18620
-18626
-18632
-18638
-18643.9
-18649.8
-18655.6
-18661.4
-18667.2
-18672.9
-18678.7
-18684.3
-18690
-18695.6
-18701.1
-18706.7
-18712.2
-18717.6
-18723
-18728.4
-18733.8
-18739.1
-18744.4
-18749.7
-18754.9
-18760.1
-18765.3
-18770.5
-18775.6
-18780.7
-18785.7
-18790.8
-18795.8
-18800.8
-18805.7
-18810.6
-18815.5
-18820.3
-18825.2
-18830
-18834.7
-18839.5
-18844.2
-18848.8
-18853.5
-18858.1
-18862.7
-18867.3
-18871.8
-18876.3
-18880.8
-18885.3
-18889.8
-18894.2
-18898.6
-18903
-18907.4
-18911.8
-18916.1
-18920.4
-18924.7
-18929
-18933.2
-18937.5
-18941.7
-18945.9
-18950
-18954.2
-18958.3
-18962.5
-18966.5
-18970.6
-18974.7
-18978.7
-18982.8
-18986.8
-18990.8
-18994.7
-18998.7
-19002.7
-19006.6
-19010.5
-19014.4
-19018.3
-19022.2
-19026.1
-19029.9
-19033.8
-19037.6
-19041.4
-19045.3
-19049.1
-19052.9
-19056.6
-19060.4
-19064.2
-19067.9
-19071.7
-19075.4
-19079.1
-19082.8
-19086.6
-19090.3
-19093.9
-19097.6
-19101.3
-19104.9
-19108.6
-19112.2
-19115.9
-19119.5
-19123.1
-19126.8
-19130.4
-19134
-19137.6
-19141.2
-19144.8
-19148.4
-19152
-19155.5
-19159.1
-19162.7
-19166.2
-19169.8
-19173.3
-19176.9
-19180.4
-19184
-19187.5
-19191
-19194.6
-19198.1
-19201.6
-19205.1
-19208.6
-19212.2
-19215.7
-19219.2
-19222.7
-19226.2
-19229.7
-19233.2
-19236.7
-19240.2
-19243.7
-19247.2
-19250.7
-19254.2
-19257.7
-19261.2
-19264.7
-19268.2
-19271.7
-19275.2
-19278.7
-19282.2
-19285.7
-19289.2
-19292.7
-19296.2
-19299.7
-19303.3
-19306.8
-19310.3
-19313.8
-19317.3
-19320.8
-19324.3
-19327.8
-19331.3
-19334.8
-19338.3
-19341.9
-19345.4
-19348.9
-19352.4
-19355.9
-19359.4
-19362.9
-19366.4
-19369.9
-19373.4
-19376.9
-19380.4
-19383.9
-19387.3
-19390.8
-19394.3
-19397.8
-19401.3
-19404.8
-19408.3
-19411.8
-19415.3
-19418.7
-19422.2
-19425.7
-19429.2
-19432.7
-19436.2
-19439.7
-19443.1
-19446.6
-19450.1
-19453.6
-19457.1
-19460.6
-19464.1
-19467.6
-19471
-19474.5
-19478
-19481.5
-19485
-19488.5
-19492
-19495.5
-19499
-19502.5
-19506
-19509.5
-19512.9
-19516.4
-19519.9
-19523.4
-19526.9
-19530.4
-19533.9
-19537.4
-19540.9
-19544.4
-19547.9
-19551.4
-19555
-19558.5
-19562
-19565.5
-19569
-19572.5
-19576
-19579.5
-19583
-19586.5
-19590
-19593.5
-19597
-19600.6
-19604.1
-19607.6
-19611.1
-19614.6
-19618.1
-19621.6
-19625.2
-19628.7
-19632.2
-19635.7
-19639.2
-19642.8
-19646.3
-19649.8
-19653.3
-19656.8
-19660.4
-19663.9
-19667.4
-19670.9
-19674.4
-19678
-19681.5
-19685
-19688.5
-19692.1
-19695.6
-19699.1
-19702.7
-19706.2
-19709.7
-19713.2
-19716.8
-19720.3
-19723.8
-19727.4
-19730.9
-19734.4
-19738
-19741.5
-19745
-19748.6
-19752.1
-19755.7
-19759.2
-19762.7
-19766.3
-19769.8
-19773.3
-19776.9
-19780.4
-19784
-19787.5
-19791.1
-19794.6
-19798.1
-19801.7
-19805.2
-19808.8
-19812.3
-19815.9
-19819.4
-19823
-19826.5
-19830.1
-19833.6
-19837.2
-19840.7
-19844.3
-19847.8
-19851.4
-19854.9
-19858.5
-19862
-19865.6
-19869.1
-19872.7
-19876.2
-19879.8
-19883.4
-19886.9
-19890.5
-19894
-19897.6
-19901.1
-19904.7
-19908.3
-19911.8
-19915.4
-19919
-19922.5
-19926.1
-19929.6
-19933.2
-19936.8
-19940.3
-19943.9
-19947.5
-19951
-19954.6
-19958.2
-19961.7
-19965.3
-19968.9
-19972.5
-19976
-19979.6
-19983.2
-19986.7
-19990.3
-19993.9
-19997.5
-20001
-20004.6
-20008.2
-20011.8
-20015.4
-20018.9
-20022.5
-20026.1
-20029.7
-20033.2
-20036.8
-20040.4
-20044
-20047.6
-20051.2
-20054.7
-20058.3
-20061.9
-20065.5
-20069.1
-20072.7
-20076.2
-20079.8
-20083.4
-20087
-20090.6
-20094.2
-20097.8
-20101.4
-20105
-20108.6
-20112.1
-20115.7
-20119.3
-20122.9
-20126.5
-20130.1
-20133.7
-20137.3
-20140.9
-20144.5
-20148.1
-20151.7
-20155.3
-20158.9
-20162.5
-20166.1
-20169.7
-20173.3
-20176.9
-20180.5
-20184.1
-20187.7
-20191.3
-20194.9
-20198.5
-20202.1
-20205.8
-20209.4
-20213
-20216.6
-20220.2
-20223.8
-20227.4
-20231
-20234.6
-20238.2
-20241.9
-20245.5
-20249.1
-20252.7
-20256.3
-20259.9
-20263.5
-20267.2
-20270.8
-20274.4
-20278
-20281.6
-20285.3
-20288.9
-20292.5
-20296.1
-20299.7
-20303.4
-20307
-20310.6
-20314.2
-20317.9
-20321.5
-20325.1
-20328.7
-20332.4
-20336
-20339.6
-20343.3
-20346.9
-20350.5
-20354.1
-20357.8
-20361.4
-20365
-20368.7
-20372.3
-20375.9
-20379.6
-20383.2
-20386.8
-20390.5
-20394.1
-20397.8
-20401.4
-20405
-20408.7
-20412.3
-20415.9
-20419.6
-20423.2
-20426.9
-20430.5
-20434.2
-20437.8
-20441.4
-20445.1
-20448.7
-20452.4
-20456
-20459.7
-20463.3
-20467
-20470.6
-20474.3
-20477.9
-20481.6
-20485.2
-20488.9
-20492.5
-20496.2
-20499.8
-20503.5
-20507.1
-20510.8
-20514.4
-20518.1
-20521.8
-20525.4
-20529.1
-20532.7
-20536.4
-20540
-20543.7
-20547.4
-20551
-20554.7
-20558.4
-20562
-20565.7
-20569.3
-20573
-20576.7
-20580.3
-20584
-20587.7
-20591.3
-20595
-20598.7
-20602.3
-20606
-20609.7
-20613.3
-20617
-20620.7
-20624.4
-20628
-20631.7
-20635.4
-20639.1
-20642.7
-20646.4
-20650.1
-20653.8
-20657.4
-20661.1
-20664.8
-20668.5
-20672.1
-20675.8
-20679.5
-20683.2
-20686.9
-20690.5
-20694.2
-20697.9
-20701.6
-20705.3
-20709
-20712.7
-20716.3
-20720
-20723.7
-20727.4
-20731.1
-20734.8
-20738.5
-20742.2
-20745.8
-20749.5
-20753.2
-20756.9
-20760.6
-20764.3
-20768
-20771.7
-20775.4
-20779.1
-20782.8
-20786.5
-20790.2
-20793.9
-20797.6
-20801.3
-20805
-20808.7
-20812.4
-20816.1
-20819.8
-20823.5
-20827.2
-20830.9
-20834.6
-20838.3
-20842
-20845.7
-20849.4
-20853.1
-20856.8
-20860.5
-20864.2
-20867.9
-20871.7
-20875.4
-20879.1
-20882.8
-20886.5
-20890.2
-20893.9
-20897.6
-20901.3
-20905.1
-20908.8
-20912.5
-20916.2
-20919.9
-20923.6
-20927.4
-20931.1
-20934.8
-20938.5
-20942.2
-20946
-20949.7
-20953.4
-20957.1
-20960.8
-20964.6
-20968.3
-20972
-20975.7
-20979.5
-20983.2
-20986.9
-20990.6
-20994.4
-20998.1
-21001.8
-21005.6
-21009.3
-21013
-21016.7
-21020.5
-21024.2
-21027.9
-21031.7
-21035.4
-21039.1
-21042.9
-21046.6
-21050.4
-21054.1
-21057.8
-21061.6
-21065.3
-21069
-21072.8
-21076.5
-21080.3
-21084
-21087.7
-21091.5
-21095.2
-21099
-21102.7
-21106.5
-21110.2
-21114
-21117.7
-21121.4
-21125.2
-21128.9
-21132.7
-21136.4
-21140.2
-21143.9
-21147.7
-21151.4
-21155.2
-21158.9
-21162.7
-21166.5
-21170.2
-21174
-21177.7
-21181.5
-21185.2
-21189
-21192.7
-21196.5
-21200.3
-21204
-21207.8
-21211.5
-21215.3
-21219.1
-21222.8
-21226.6
-21230.4
-21234.1
-21237.9
-21241.6
-21245.4
-21249.2
-21252.9
-21256.7
-21260.5
-21264.3
-21268
-21271.8
-21275.6
-21279.3
-21283.1
-21286.9
-21290.7
-21294.4
-21298.2
-21302
-21305.7
-21309.5
-21313.3
-21317.1
-21320.9
-21324.6
-21328.4
-21332.2
-21336
-21339.8
-21343.5
-21347.3
-21351.1
-21354.9
-21358.7
-21362.4
-21366.2
-21370
-21373.8
-21377.6
-21381.4
-21385.2
-21389
-21392.7
-21396.5
-21400.3
-21404.1
-21407.9
-21411.7
-21415.5
-21419.3
-21423.1
-21426.9
-21430.7
-21434.5
-21438.3
-21442
-21445.8
-21449.6
-21453.4
-21457.2
-21461
-21464.8
-21468.6
-21472.4
-21476.2
-21480
-21483.8
-21487.6
-21491.5
-21495.3
-21499.1
-21502.9
-21506.7
-21510.5
-21514.3
-21518.1
-21521.9
-21525.7
-21529.5
-21533.3
-21537.1
-21541
-21544.8
-21548.6
-21552.4
-21556.2
-21560
-21563.8
-21567.7
-21571.5
-21575.3
-21579.1
-21582.9
-21586.8
-21590.6
-21594.4
-21598.2
-21602
-21605.9
-21609.7
-21613.5
-21617.3
-21621.2
-21625
-21628.8
-21632.6
-21636.5
-21640.3
-21644.1
-21647.9
-21651.8
-21655.6
-21659.4
-21663.3
-21667.1
-21670.9
-21674.8
-21678.6
-21682.4
-21686.3
-21690.1
-21693.9
-21697.8
-21701.6
-21705.4
-21709.3
-21713.1
-21717
-21720.8
-21724.6
-21728.5
-21732.3
-21736.2
-21740
-21743.9
-21747.7
-21751.5
-21755.4
-21759.2
-21763.1
-21766.9
-21770.8
-21774.6
-21778.5
-21782.3
-21786.2
-21790
-21793.9
-21797.7
-21801.6
-21805.4
-21809.3
-21813.1
-21817
-21820.9
-21824.7
-21828.6
-21832.4
-21836.3
-21840.1
-21844
-21847.9
-21851.7
-21855.6
-21859.5
-21863.3
-21867.2
-21871
-21874.9
-21878.8
-21882.6
-21886.5
-21890.4
-21894.2
-21898.1
-21902
-21905.8
-21909.7
-21913.6
-21917.5
-21921.3
-21925.2
-21929.1
-21932.9
-21936.8
-21940.7
-21944.6
-21948.4
-21952.3
-21956.2
-21960.1
-21964
-21967.8
-21971.7
-21975.6
-21979.5
-21983.4
-21987.2
-21991.1
-21995
-21998.9
-22002.8
-22006.7
-22010.5
-22014.4
-22018.3
-22022.2
-22026.1
-22030
-22033.9
-22037.8
-22041.7
-22045.5
-22049.4
-22053.3
-22057.2
-22061.1
-22065
-22068.9
-22072.8
-22076.7
-22080.6
-22084.5
-22088.4
-22092.3
-22096.2
-22100.1
-22104
-22107.9
-22111.8
-22115.7
-22119.6
-22123.5
-22127.4
-22131.3
-22135.2
-22139.1
-22143
-22146.9
-22150.8
-22154.7
-22158.6
-22162.6
-22166.5
-22170.4
-22174.3
-22178.2
-22182.1
-22186
-22189.9
-22193.8
-22197.8
-22201.7
-22205.6
-22209.5
-22213.4
-22217.3
-22221.3
-22225.2
-22229.1
-22233
-22236.9
-22240.9
-22244.8
-22248.7
-22252.6
-22256.5
-22260.5
-22264.4
-22268.3
-22272.2
-22276.2
-22280.1
-22284
-22288
-22291.9
-22295.8
-22299.7
-22303.7
-22307.6
-22311.5
-22315.5
-22319.4
-22323.3
-22327.3
-22331.2
-22335.1
-22339.1
-22343
-22346.9
-22350.9
-22354.8
-22358.8
-22362.7
-22366.6
-22370.6
-22374.5
-22378.5
-22382.4
-22386.3
-22390.3
-22394.2
-22398.2
-22402.1
-22406.1
-22410
-22414
-22417.9
-22421.9
-22425.8
-22429.7
-22433.7
-22437.6
-22441.6
-22445.6
-22449.5
-22453.5
-22457.4
-22461.4
-22465.3
-22469.3
-22473.2
-22477.2
-22481.1
-22485.1
-22489.1
-22493
-22497
-22500.9
-22504.9
-22508.9
-22512.8
-22516.8
-22520.7
-22524.7
-22528.7
-22532.6
-22536.6
-22540.6
-22544.5
-22548.5
-22552.5
-22556.4
-22560.4
-22564.4
-22568.3
-22572.3
-22576.3
-22580.3
-22584.2
-22588.2
-22592.2
-22596.2
-22600.1
-22604.1
-22608.1
-22612.1
-22616
-22620
-22624
-22628
-22632
-22635.9
-22639.9
-22643.9
-22647.9
-22651.9
-22655.8
-22659.8
-22663.8
-22667.8
-22671.8
-22675.8
-22679.8
-22683.7
-22687.7
-22691.7
-22695.7
-22699.7
-22703.7
-22707.7
-22711.7
-22715.7
-22719.7
-22723.6
-22727.6
-22731.6
-22735.6
-22739.6
-22743.6
-22747.6
-22751.6
-22755.6
-22759.6
-22763.6
-22767.6
-22771.6
-22775.6
-22779.6
-22783.6
-22787.6
-22791.6
-22795.6
-22799.6
-22803.6
-22807.7
-22811.7
-22815.7
-22819.7
-22823.7
-22827.7
-22831.7
-22835.7
-22839.7
-22843.7
-22847.7
-22851.8
-22855.8
-22859.8
-22863.8
-22867.8
-22871.8
-22875.8
-22879.9
-22883.9
-22887.9
-22891.9
-22895.9
-22900
-22904
-22908
-22912
-22916
-22920.1
-22924.1
-22928.1
-22932.1
-22936.2
-22940.2
-22944.2
-22948.2
-22952.3
-22956.3
-22960.3
-22964.4
-22968.4
-22972.4
-22976.5
-22980.5
-22984.5
-22988.6
-22992.6
-22996.6
-23000.7
-23004.7
-23008.7
-23012.8
-23016.8
-23020.8
-23024.9
-23028.9
-23033
-23037
-23041
-23045.1
-23049.1
-23053.2
-23057.2
-23061.3
-23065.3
-23069.3
-23073.4
-23077.4
-23081.5
-23085.5
-23089.6
-23093.6
-23097.7
-23101.7
-23105.8
-23109.8
-23113.9
-23117.9
-23122
-23126.1
-23130.1
-23134.2
-23138.2
-23142.3
-23146.3
-23150.4
-23154.4
-23158.5
-23162.6
-23166.6
-23170.7
-23174.7
-23178.8
-23182.9
-23186.9
-23191
-23195.1
-23199.1
-23203.2
-23207.3
-23211.3
-23215.4
-23219.5
-23223.5
-23227.6
-23231.7
-23235.7
-23239.8
-23243.9
-23248
-23252
-23256.1
-23260.2
-23264.3
-23268.3
-23272.4
-23276.5
-23280.6
-23284.6
-23288.7
-23292.8
-23296.9
-23301
-23305
-23309.1
-23313.2
-23317.3
-23321.4
-23325.5
-23329.5
-23333.6
-23337.7
-23341.8
-23345.9
-23350
-23354.1
-23358.1
-23362.2
-23366.3
-23370.4
-23374.5
-23378.6
-23382.7
-23386.8
-23390.9
-23395
-23399.1
-23403.2
-23407.3
-23411.4
-23415.5
-23419.6
-23423.7
-23427.8
-23431.9
-23436
-23440.1
-23444.2
-23448.3
-23452.4
-23456.5
-23460.6
-23464.7
-23468.8
-23472.9
-23477
-23481.1
-23485.2
-23489.3
-23493.4
-23497.5
-23501.7
-23505.8
-23509.9
-23514
-23518.1
-23522.2
-23526.3
-23530.5
-23534.6
-23538.7
-23542.8
-23546.9
-23551
-23555.2
-23559.3
-23563.4
-23567.5
-23571.6
-23575.8
-23579.9
-23584
-23588.1
-23592.3
-23596.4
-23600.5
-23604.6
-23608.8
-23612.9
-23617
-23621.2
-23625.3
-23629.4
-23633.5
-23637.7
-23641.8
-23645.9
-23650.1
-23654.2
-23658.3
-23662.5
-23666.6
-23670.7
-23674.9
-23679
-23683.2
-23687.3
-23691.4
-23695.6
-23699.7
-23703.9
-23708
-23712.1
-23716.3
-23720.4
-23724.6
-23728.7
-23732.9
-23737
-23741.2
-23745.3
-23749.5
-23753.6
-23757.8
-23761.9
-23766.1
-23770.2
-23774.4
-23778.5
-23782.7
-23786.8
-23791
-23795.1
-23799.3
-23803.4
-23807.6
-23811.8
-23815.9
-23820.1
-23824.2
-23828.4
-23832.6
-23836.7
-23840.9
-23845
-23849.2
-23853.4
-23857.5
-23861.7
-23865.9
-23870
-23874.2
-23878.4
-23882.5
-23886.7
-23890.9
-23895
-23899.2
-23903.4
-23907.6
-23911.7
-23915.9
-23920.1
-23924.3
-23928.4
-23932.6
-23936.8
-23941
-23945.1
-23949.3
-23953.5
-23957.7
-23961.9
-23966
-23970.2
-23974.4
-23978.6
-23982.8
-23987
-23991.1
-23995.3
-23999.5
-24003.7
-24007.9
-24012.1
-24016.3
-24020.4
-24024.6
-24028.8
-24033
-24037.2
-24041.4
-24045.6
-24049.8
-24054
-24058.2
-24062.4
-24066.6
-24070.8
-24075
-24079.2
-24083.4
-24087.6
-24091.8
-24096
-24100.2
-24104.4
-24108.6
-24112.8
-24117
-24121.2
-24125.4
-24129.6
-24133.8
-24138
-24142.2
-24146.4
-24150.6
-24154.8
-24159
-24163.2
-24167.5
-24171.7
-24175.9
-24180.1
-24184.3
-24188.5
-24192.7
-24196.9
-24201.2
-24205.4
-24209.6
-24213.8
-24218
-24222.3
-24226.5
-24230.7
-24234.9
-24239.1
-24243.4
-24247.6
-24251.8
-24256
-24260.2
-24264.5
-24268.7
-24272.9
-24277.2
-24281.4
-24285.6
-24289.8
-24294.1
-24298.3
-24302.5
-24306.8
-24311
-24315.2
-24319.5
-24323.7
-24327.9
-24332.2
-24336.4
-24340.6
-24344.9
-24349.1
-24353.3
-24357.6
-24361.8
-24366.1
-24370.3
-24374.5
-24378.8
-24383
-24387.3
-24391.5
-24395.8
-24400
-24404.3
-24408.5
-24412.7
-24417
-24421.2
-24425.5
-24429.7
-24434
-24438.2
-24442.5
-24446.7
-24451
-24455.3
-24459.5
-24463.8
-24468
-24472.3
-24476.5
-24480.8
-24485
-24489.3
-24493.6
-24497.8
-24502.1
-24506.3
-24510.6
-24514.9
-24519.1
-24523.4
-24527.7
-24531.9
-24536.2
-24540.5
-24544.7
-24549
-24553.3
-24557.5
-24561.8
-24566.1
-24570.3
-24574.6
-24578.9
-24583.1
-24587.4
-24591.7
-24596
-24600.2
-24604.5
-24608.8
-24613.1
-24617.3
-24621.6
-24625.9
-24630.2
-24634.5
-24638.7
-24643
-24647.3
-24651.6
-24655.9
-24660.2
-24664.4
-24668.7
-24673
-24677.3
-24681.6
-24685.9
-24690.2
-24694.4
-24698.7
-24703
-24707.3
-24711.6
-24715.9
-24720.2
-24724.5
-24728.8
-24733.1
-24737.4
-24741.7
-24746
-24750.3
-24754.6
-24758.9
-24763.2
-24767.5
-24771.8
-24776.1
-24780.4
-24784.7
-24789
-24793.3
-24797.6
-24801.9
-24806.2
-24810.5
-24814.8
-24819.1
-24823.4
-24827.7
-24832
-24836.3
-24840.6
-24845
-24849.3
-24853.6
-24857.9
-24862.2
-24866.5
-24870.8
-24875.1
-24879.5
-24883.8
-24888.1
-24892.4
-24896.7
-24901.1
-24905.4
-24909.7
-24914
-24918.3
-24922.7
-24927
-24931.3
-24935.6
-24940
-24944.3
-24948.6
-24952.9
-24957.3
-24961.6
-24965.9
-24970.3
-24974.6
-24978.9
-24983.2
-24987.6
-24991.9
-24996.2
-25000.6
-25004.9
-25009.2
-25013.6
-25017.9
-25022.3
-25026.6
-25030.9
-25035.3
-25039.6
-25044
-25048.3
-25052.6
-25057
-25061.3
-25065.7
-25070
-25074.4
-25078.7
-25083
-25087.4
-25091.7
-25096.1
-25100.4
-25104.8
-25109.1
-25113.5
-25117.8
-25122.2
-25126.5
-25130.9
-25135.2
-25139.6
-25144
-25148.3
-25152.7
-25157
-25161.4
-25165.7
-25170.1
-25174.5
-25178.8
-25183.2
-25187.5
-25191.9
-25196.3
-25200.6
-25205
-25209.4
-25213.7
-25218.1
-25222.5
-25226.8
-25231.2
-25235.6
-25239.9
-25244.3
-25248.7
-25253
-25257.4
-25261.8
-25266.2
-25270.5
-25274.9
-25279.3
-25283.7
-25288
-25292.4
-25296.8
-25301.2
-25305.6
-25309.9
-25314.3
-25318.7
-25323.1
-25327.5
-25331.8
-25336.2
-25340.6
-25345
-25349.4
-25353.8
-25358.2
-25362.5
-25366.9
-25371.3
-25375.7
-25380.1
-25384.5
-25388.9
-25393.3
-25397.7
-25402.1
-25406.5
-25410.8
-25415.2
-25419.6
-25424
-25428.4
-25432.8
-25437.2
-25441.6
-25446
-25450.4
-25454.8
-25459.2
-25463.6
-25468
-25472.4
-25476.8
-25481.3
-25485.7
-25490.1
-25494.5
-25498.9
-25503.3
-25507.7
-25512.1
-25516.5
-25520.9
-25525.3
-25529.8
-25534.2
-25538.6
-25543
-25547.4
-25551.8
-25556.2
-25560.7
-25565.1
-25569.5
-25573.9
-25578.3
-25582.8
-25587.2
-25591.6
-25596
-25600.4
-25604.9
-25609.3
-25613.7
-25618.1
-25622.6
-25627
-25631.4
-25635.8
-25640.3
-25644.7
-25649.1
-25653.6
-25658
-25662.4
-25666.9
-25671.3
-25675.7
-25680.2
-25684.6
-25689
-25693.5
-25697.9
-25702.3
-25706.8
-25711.2
-25715.7
-25720.1
-25724.5
-25729
-25733.4
-25737.9
-25742.3
-25746.8
-25751.2
-25755.7
-25760.1
-25764.5
-25769
-25773.4
-25777.9
-25782.3
-25786.8
-25791.2
-25795.7
-25800.1
-25804.6
-25809.1
-25813.5
-25818
-25822.4
-25826.9
-25831.3
-25835.8
-25840.3
-25844.7
-25849.2
-25853.6
-25858.1
-25862.6
-25867
-25871.5
-25875.9
-25880.4
-25884.9
-25889.3
-25893.8
-25898.3
-25902.7
-25907.2
-25911.7
-25916.1
-25920.6
-25925.1
-25929.6
-25934
-25938.5
-25943
-25947.4
-25951.9
-25956.4
-25960.9
-25965.4
-25969.8
-25974.3
-25978.8
-25983.3
-25987.7
-25992.2
-25996.7
-26001.2
-26005.7
-26010.2
-26014.6
-26019.1
-26023.6
-26028.1
-26032.6
-26037.1
-26041.6
-26046
-26050.5
-26055
-26059.5
-26064
-26068.5
-26073
-26077.5
-26082
-26086.5
-26091
-26095.5
-26100
-26104.5
-26109
-26113.5
-26118
-26122.5
-26127
-26131.5
-26136
-26140.5
-26145
-26149.5
-26154
-26158.5
-26163
-26167.5
-26172
-26176.5
-26181
-26185.5
-26190
-26194.5
-26199.1
-26203.6
-26208.1
-26212.6
-26217.1
-26221.6
-26226.1
-26230.7
-26235.2
-26239.7
-26244.2
-26248.7
-26253.2
-26257.8
-26262.3
-26266.8
-26271.3
-26275.9
-26280.4
-26284.9
-26289.4
-26293.9
-26298.5
-26303
-26307.5
-26312.1
-26316.6
-26321.1
-26325.6
-26330.2
-26334.7
-26339.2
-26343.8
-26348.3
-26352.8
-26357.4
-26361.9
-26366.4
-26371
-26375.5
-26380.1
-26384.6
-26389.1
-26393.7
-26398.2
-26402.8
-26407.3
-26411.8
-26416.4
-26420.9
-26425.5
-26430
-26434.6
-26439.1
-26443.7
-26448.2
-26452.8
-26457.3
-26461.9
-26466.4
-26471
-26475.5
-26480.1
-26484.6
-26489.2
-26493.7
-26498.3
-26502.8
-26507.4
-26511.9
-26516.5
-26521.1
-26525.6
-26530.2
-26534.7
-26539.3
-26543.9
-26548.4
-26553
-26557.6
-26562.1
-26566.7
-26571.3
-26575.8
-26580.4
-26585
-26589.5
-26594.1
-26598.7
-26603.2
-26607.8
-26612.4
-26617
-26621.5
-26626.1
-26630.7
-26635.2
-26639.8
-26644.4
-26649
-26653.6
-26658.1
-26662.7
-26667.3
-26671.9
-26676.5
-26681
-26685.6
-26690.2
-26694.8
-26699.4
-26704
-26708.5
-26713.1
-26717.7
-26722.3
-26726.9
-26731.5
-26736.1
-26740.7
-26745.3
-26749.9
-26754.5
-26759
-26763.6
-26768.2
-26772.8
-26777.4
-26782
-26786.6
-26791.2
-26795.8
-26800.4
-26805
-26809.6
-26814.2
-26818.8
-26823.4
-26828
-26832.6
-26837.2
-26841.8
-26846.4
-26851.1
-26855.7
-26860.3
-26864.9
-26869.5
-26874.1
-26878.7
-26883.3
-26887.9
-26892.6
-26897.2
-26901.8
-26906.4
-26911
-26915.6
-26920.2
-26924.9
-26929.5
-26934.1
-26938.7
-26943.3
-26948
-26952.6
-26957.2
-26961.8
-26966.5
-26971.1
-26975.7
-26980.3
-26985
-26989.6
-26994.2
-26998.8
-27003.5
-27008.1
-27012.7
-27017.4
-27022
-27026.6
-27031.3
-27035.9
-27040.5
-27045.2
-27049.8
-27054.4
-27059.1
-27063.7
-27068.4
-27073
-27077.6
-27082.3
-27086.9
-27091.6
-27096.2
-27100.9
-27105.5
-27110.1
-27114.8
-27119.4
-27124.1
-27128.7
-27133.4
-27138
-27142.7
-27147.3
-27152
-27156.6
-27161.3
-27165.9
-27170.6
-27175.2
-27179.9
-27184.6
-27189.2
-27193.9
-27198.5
-27203.2
-27207.8
-27212.5
-27217.2
-27221.8
-27226.5
-27231.2
-27235.8
-27240.5
-27245.1
-27249.8
-27254.5
-27259.1
-27263.8
-27268.5
-27273.2
-27277.8
-27282.5
-27287.2
-27291.8
-27296.5
-27301.2
-27305.9
-27310.5
-27315.2
-27319.9
-27324.6
-27329.2
-27333.9
-27338.6
-27343.3
-27348
-27352.6
-27357.3
-27362
-27366.7
-27371.4
-27376
-27380.7
-27385.4
-27390.1
-27394.8
-27399.5
-27404.2
-27408.9
-27413.5
-27418.2
-27422.9
-27427.6
-27432.3
-27437
-27441.7
-27446.4
-27451.1
-27455.8
-27460.5
-27465.2
-27469.9
-27474.6
-27479.3
-27484
-27488.7
-27493.4
-27498.1
-27502.8
-27507.5
-27512.2
-27516.9
-27521.6
-27526.3
-27531
-27535.7
-27540.4
-27545.1
-27549.8
-27554.6
-27559.3
-27564
-27568.7
-27573.4
-27578.1
-27582.8
-27587.5
-27592.3
-27597
-27601.7
-27606.4
-27611.1
-27615.8
-27620.6
-27625.3
-27630
-27634.7
-27639.5
-27644.2
-27648.9
-27653.6
-27658.4
-27663.1
-27667.8
-27672.5
-27677.3
-27682
-27686.7
-27691.5
-27696.2
-27700.9
-27705.6
-27710.4
-27715.1
-27719.9
-27724.6
-27729.3
-27734.1
-27738.8
-27743.5
-27748.3
-27753
-27757.8
-27762.5
-27767.2
-27772
-27776.7
-27781.5
-27786.2
-27791
-27795.7
-27800.4
-27805.2
-27809.9
-27814.7
-27819.4
-27824.2
-27828.9
-27833.7
-27838.4
-27843.2
-27848
-27852.7
-27857.5
-27862.2
-27867
-27871.7
-27876.5
-27881.2
-27886
-27890.8
-27895.5
-27900.3
-27905
-27909.8
-27914.6
-27919.3
-27924.1
-27928.9
-27933.6
-27938.4
-27943.2
-27947.9
-27952.7
-27957.5
-27962.2
-27967
-27971.8
-27976.6
-27981.3
-27986.1
-27990.9
-27995.7
-28000.4
-28005.2
-28010
-28014.8
-28019.5
-28024.3
-28029.1
-28033.9
-28038.7
-28043.4
-28048.2
-28053
-28057.8
-28062.6
-28067.4
-28072.2
-28076.9
-28081.7
-28086.5
-28091.3
-28096.1
-28100.9
-28105.7
-28110.5
-28115.3
-28120.1
-28124.9
-28129.7
-28134.4
-28139.2
-28144
-28148.8
-28153.6
-28158.4
-28163.2
-28168
-28172.8
-28177.6
-28182.4
-28187.2
-28192
-28196.9
-28201.7
-28206.5
-28211.3
-28216.1
-28220.9
-28225.7
-28230.5
-28235.3
-28240.1
-28245
-28249.8
-28254.6
-28259.4
-28264.2
-28269
-28273.8
-28278.7
-28283.5
-28288.3
-28293.1
-28297.9
-28302.8
-28307.6
-28312.4
-28317.2
-28322.1
-28326.9
-28331.7
-28336.5
-28341.4
-28346.2
-28351
-28355.8
-28360.7
-28365.5
-28370.3
-28375.2
-28380
-28384.8
-28389.7
-28394.5
-28399.3
-28404.2
-28409
-28413.9
-28418.7
-28423.5
-28428.4
-28433.2
-28438.1
-28442.9
-28447.7
-28452.6
-28457.4
-28462.3
-28467.1
-28472
-28476.8
-28481.7
-28486.5
-28491.4
-28496.2
-28501.1
-28505.9
-28510.8
-28515.6
-28520.5
-28525.3
-28530.2
-28535.1
-28539.9
-28544.8
-28549.6
-28554.5
-28559.4
-28564.2
-28569.1
-28573.9
-28578.8
-28583.7
-28588.5
-28593.4
-28598.3
-28603.1
-28608
-28612.9
-28617.8
-28622.6
-28627.5
-28632.4
-28637.2
-28642.1
-28647
-28651.9
-28656.7
-28661.6
-28666.5
-28671.4
-28676.3
-28681.1
-28686
-28690.9
-28695.8
-28700.7
-28705.6
-28710.5
-28715.3
-28720.2
-28725.1
-28730
-28734.9
-28739.8
-28744.7
-28749.6
-28754.5
-28759.3
-28764.2
-28769.1
-28774
-28778.9
-28783.8
-28788.7
-28793.6
-28798.5
-28803.4
-28808.3
-28813.2
-28818.1
-28823
-28827.9
-28832.8
-28837.7
-28842.7
-28847.6
-28852.5
-28857.4
-28862.3
-28867.2
-28872.1
-28877
-28881.9
-28886.8
-28891.8
-28896.7
-28901.6
-28906.5
-28911.4
-28916.3
-28921.3
-28926.2
-28931.1
-28936
-28940.9
-28945.9
-28950.8
-28955.7
-28960.6
-28965.6
-28970.5
-28975.4
-28980.3
-28985.3
-28990.2
-28995.1
-29000
-29005
-29009.9
-29014.8
-29019.8
-29024.7
-29029.6
-29034.6
-29039.5
-29044.4
-29049.4
-29054.3
-29059.2
-29064.2
-29069.1
-29074
-29079
-29083.9
-29088.9
-29093.8
-29098.7
-29103.7
-29108.6
-29113.6
-29118.5
-29123.5
-29128.4
-29133.4
-29138.3
-29143.3
-29148.2
-29153.1
-29158.1
-29163
-29168
-29172.9
-29177.9
-29182.8
-29187.8
-29192.8
-29197.7
-29202.7
-29207.6
-29212.6
-29217.5
-29222.5
-29227.4
-29232.4
-29237.4
-29242.3
-29247.3
-29252.2
-29257.2
-29262.2
-29267.1
-29272.1
-29277
-29282
-29287
-29291.9
-29296.9
-29301.9
-29306.8
-29311.8
-29316.8
-29321.7
-29326.7
-29331.7
-29336.7
-29341.6
-29346.6
-29351.6
-29356.5
-29361.5
-29366.5
-29371.5
-29376.4
-29381.4
-29386.4
-29391.4
-29396.4
-29401.3
-29406.3
-29411.3
-29416.3
-29421.3
-29426.2
-29431.2
-29436.2
-29441.2
-29446.2
-29451.2
-29456.1
-29461.1
-29466.1
-29471.1
-29476.1
-29481.1
-29486.1
-29491.1
-29496.1
-29501.1
-29506
-29511
-29516
-29521
-29526
-29531
-29536
-29541
-29546
-29551
-29556
-29561
-29566
-29571
-29576
-29581
-29586
-29591
-29596.1
-29601.1
-29606.1
-29611.1
-29616.1
-29621.1
-29626.1
-29631.1
-29636.1
-29641.1
-29646.2
-29651.2
-29656.2
-29661.2
-29666.2
-29671.2
-29676.2
-29681.3
-29686.3
-29691.3
-29696.3
-29701.3
-29706.4
-29711.4
-29716.4
-29721.4
-29726.5
-29731.5
-29736.5
-29741.5
-29746.6
-29751.6
-29756.6
-29761.7
-29766.7
-29771.7
-29776.7
-29781.8
-29786.8
-29791.8
-29796.9
-29801.9
-29807
-29812
-29817
-29822.1
-29827.1
-29832.1
-29837.2
-29842.2
-29847.3
-29852.3
-29857.4
-29862.4
-29867.4
-29872.5
-29877.5
-29882.6
-29887.6
-29892.7
-29897.7
-29902.8
-29907.8
-29912.9
-29917.9
-29923
-29928
-29933.1
-29938.1
-29943.2
-29948.3
-29953.3
-29958.4
-29963.4
-29968.5
-29973.5
-29978.6
-29983.7
-29988.7
-29993.8
-29998.9
-30003.9
-30009
-30014.1
-30019.1
-30024.2
-30029.2
-30034.3
-30039.4
-30044.5
-30049.5
-30054.6
-30059.7
-30064.7
-30069.8
-30074.9
-30080
-30085
-30090.1
-30095.2
-30100.3
-30105.4
-30110.4
-30115.5
-30120.6
-30125.7
-30130.8
-30135.8
-30140.9
-30146
-30151.1
-30156.2
-30161.3
-30166.4
-30171.4
-30176.5
-30181.6
-30186.7
-30191.8
-30196.9
-30202
-30207.1
-30212.2
-30217.3
-30222.4
-30227.4
-30232.5
-30237.6
-30242.7
-30247.8
-30252.9
-30258
-30263.1
-30268.2
-30273.3
-30278.4
-30283.6
-30288.7
-30293.8
-30298.9
-30304
-30309.1
-30314.2
-30319.3
-30324.4
-30329.5
-30334.6
-30339.7
-30344.9
-30350
-30355.1
-30360.2
-30365.3
-30370.4
-30375.5
-30380.7
-30385.8
-30390.9
-30396
-30401.1
-30406.3
-30411.4
-30416.5
-30421.6
-30426.8
-30431.9
-30437
-30442.1
-30447.3
-30452.4
-30457.5
-30462.6
-30467.8
-30472.9
-30478
-30483.2
-30488.3
-30493.4
-30498.6
-30503.7
-30508.8
-30514
-30519.1
-30524.3
-30529.4
-30534.5
-30539.7
-30544.8
-30550
-30555.1
-30560.2
-30565.4
-30570.5
-30575.7
-30580.8
-30586
-30591.1
-30596.3
-30601.4
-30606.6
-30611.7
-30616.9
-30622
-30627.2
-30632.3
-30637.5
-30642.6
-30647.8
-30652.9
-30658.1
-30663.2
-30668.4
-30673.6
-30678.7
-30683.9
-30689
-30694.2
-30699.4
-30704.5
-30709.7
-30714.9
-30720
-30725.2
-30730.4
-30735.5
-30740.7
-30745.9
-30751
-30756.2
-30761.4
-30766.6
-30771.7
-30776.9
-30782.1
-30787.2
-30792.4
-30797.6
-30802.8
-30808
-30813.1
-30818.3
-30823.5
-30828.7
-30833.9
-30839
-30844.2
-30849.4
-30854.6
-30859.8
-30865
-30870.1
-30875.3
-30880.5
-30885.7
-30890.9
-30896.1
-30901.3
-30906.5
-30911.7
-30916.9
-30922.1
-30927.3
-30932.5
-30937.6
-30942.8
-30948
-30953.2
-30958.4
-30963.6
-30968.8
-30974
-30979.2
-30984.4
-30989.6
-30994.8
-31000.1
-31005.3
-31010.5
-31015.7
-31020.9
-31026.1
-31031.3
-31036.5
-31041.7
-31046.9
-31052.1
-31057.4
-31062.6
-31067.8
-31073
-31078.2
-31083.4
-31088.6
-31093.9
-31099.1
-31104.3
-31109.5
-31114.7
-31120
-31125.2
-31130.4
-31135.6
-31140.9
-31146.1
-31151.3
-31156.5
-31161.8
-31167
-31172.2
-31177.5
-31182.7
-31187.9
-31193.2
-31198.4
-31203.6
-31208.9
-31214.1
-31219.3
-31224.6
-31229.8
-31235
-31240.3
-31245.5
-31250.8
-31256
-31261.2
-31266.5
-31271.7
-31277
-31282.2
-31287.5
-31292.7
-31298
-31303.2
-31308.4
-31313.7
-31318.9
-31324.2
-31329.4
-31334.7
-31340
-31345.2
-31350.5
-31355.7
-31361
-31366.2
-31371.5
-31376.7
-31382
-31387.3
-31392.5
-31397.8
-31403
-31408.3
-31413.6
-31418.8
-31424.1
-31429.4
-31434.6
-31439.9
-31445.2
-31450.4
-31455.7
-31461
-31466.2
-31471.5
-31476.8
-31482.1
-31487.3
-31492.6
-31497.9
-31503.1
-31508.4
-31513.7
-31519
-31524.3
-31529.5
-31534.8
-31540.1
-31545.4
-31550.7
-31555.9
-31561.2
-31566.5
-31571.8
-31577.1
-31582.4
-31587.7
-31592.9
-31598.2
-31603.5
-31608.8
-31614.1
-31619.4
-31624.7
-31630
-31635.3
-31640.6
-31645.9
-31651.2
-31656.5
-31661.8
-31667.1
-31672.4
-31677.6
-31682.9
-31688.3
-31693.6
-31698.9
-31704.2
-31709.5
-31714.8
-31720.1
-31725.4
-31730.7
-31736
-31741.3
-31746.6
-31751.9
-31757.2
-31762.5
-31767.9
-31773.2
-31778.5
-31783.8
-31789.1
-31794.4
-31799.7
-31805.1
-31810.4
-31815.7
-31821
-31826.3
-31831.7
-31837
-31842.3
-31847.6
-31853
-31858.3
-31863.6
-31868.9
-31874.3
-31879.6
-31884.9
-31890.2
-31895.6
-31900.9
-31906.2
-31911.6
-31916.9
-31922.2
-31927.6
-31932.9
-31938.2
-31943.6
-31948.9
-31954.2
-31959.6
-31964.9
-31970.3
-31975.6
-31980.9
-31986.3
-31991.6
-31997
-32002.3
-32007.7
-32013
-32018.4
-32023.7
-32029.1
-32034.4
-32039.8
-32045.1
-32050.5
-32055.8
-32061.2
-32066.5
-32071.9
-32077.2
-32082.6
-32087.9
-32093.3
-32098.6
-32104
-32109.4
-32114.7
-32120.1
-32125.4
-32130.8
-32136.2
-32141.5
-32146.9
-32152.3
-32157.6
-32163
-32168.4
-32173.7
-32179.1
-32184.5
-32189.8
-32195.2
-32200.6
-32206
-32211.3
-32216.7
-32222.1
-32227.5
-32232.8
-32238.2
-32243.6
-32249
-32254.3
-32259.7
-32265.1
-32270.5
-32275.9
-32281.3
-32286.6
-32292
-32297.4
-32302.8
-32308.2
-32313.6
-32319
-32324.3
-32329.7
-32335.1
-32340.5
-32345.9
-32351.3
-32356.7
-32362.1
-32367.5
-32372.9
-32378.3
-32383.7
-32389.1
-32394.5
-32399.9
-32405.3
-32410.7
-32416.1
-32421.5
-32426.9
-32432.3
-32437.7
-32443.1
-32448.5
-32453.9
-32459.3
-32464.7
-32470.1
-32475.5
-32480.9
-32486.4
-32491.8
-32497.2
-32502.6
-32508
-32513.4
-32518.8
-32524.3
-32529.7
-32535.1
-32540.5
-32545.9
-32551.3
-32556.8
-32562.2
-32567.6
-32573
-32578.5
-32583.9
-32589.3
-32594.7
-32600.2
-32605.6
-32611
-32616.4
-32621.9
-32627.3
-32632.7
-32638.2
-32643.6
-32649
-32654.5
-32659.9
-32665.3
-32670.8
-32676.2
-32681.6
-32687.1
-32692.5
-32698
-32703.4
-32708.8
-32714.3
-32719.7
-32725.2
-32730.6
-32736.1
-32741.5
-32747
-32752.4
-32757.9
-32763.3
-32768.8
-32774.2
-32779.7
-32785.1
-32790.6
-32796
-32801.5
-32806.9
-32812.4
-32817.8
-32823.3
-32828.8
-32834.2
-32839.7
-32845.1
-32850.6
-32856.1
-32861.5
-32867
-32872.4
-32877.9
-32883.4
-32888.8
-32894.3
-32899.8
-32905.2
-32910.7
-32916.2
-32921.7
-32927.1
-32932.6
-32938.1
-32943.5
-32949
-32954.5
-32960
-32965.4
-32970.9
-32976.4
-32981.9
-32987.4
-32992.8
-32998.3
-33003.8
-33009.3
-33014.8
-33020.2
-33025.7
-33031.2
-33036.7
-33042.2
-33047.7
-33053.2
-33058.7
-33064.1
-33069.6
-33075.1
-33080.6
-33086.1
-33091.6
-33097.1
-33102.6
-33108.1
-33113.6
-33119.1
-33124.6
-33130.1
-33135.6
-33141.1
-33146.6
-33152.1
-33157.6
-33163.1
-33168.6
-33174.1
-33179.6
-33185.1
-33190.6
-33196.1
-33201.6
-33207.1
-33212.7
-33218.2
-33223.7
-33229.2
-33234.7
-33240.2
-33245.7
-33251.2
-33256.8
-33262.3
-33267.8
-33273.3
-33278.8
-33284.4
-33289.9
-33295.4
-33300.9
-33306.4
-33312
-33317.5
-33323
-33328.5
-33334.1
-33339.6
-33345.1
-33350.6
-33356.2
-33361.7
-33367.2
-33372.8
-33378.3
-33383.8
-33389.4
-33394.9
-33400.4
-33406
-33411.5
-33417
-33422.6
-33428.1
-33433.7
-33439.2
-33444.7
-33450.3
-33455.8
-33461.4
-33466.9
-33472.5
-33478
-33483.5
-33489.1
-33494.6
-33500.2
-33505.7
-33511.3
-33516.8
-33522.4
-33528
-33533.5
-33539.1
-33544.6
-33550.2
-33555.7
-33561.3
-33566.8
-33572.4
-33577.9
-33583.5
-33589.1
-33594.6
-33600.2
-33605.7
-33611.3
-33616.9
-33622.4
-33628
-33633.6
-33639.1
-33644.7
-33650.3
-33655.8
-33661.4
-33667
-33672.6
-33678.1
-33683.7
-33689.3
-33694.9
-33700.4
-33706
-33711.6
-33717.2
-33722.7
-33728.3
-33733.9
-33739.5
-33745.1
-33750.6
-33756.2
-33761.8
-33767.4
-33773
-33778.6
-33784.1
-33789.7
-33795.3
-33800.9
-33806.5
-33812.1
-33817.7
-33823.3
-33828.9
-33834.4
-33840
-33845.6
-33851.2
-33856.8
-33862.4
-33868
-33873.6
-33879.2
-33884.8
-33890.4
-33896
-33901.6
-33907.2
-33912.8
-33918.4
-33924
-33929.6
-33935.3
-33940.9
-33946.5
-33952.1
-33957.7
-33963.3
-33968.9
-33974.5
-33980.1
-33985.8
-33991.4
-33997
-34002.6
-34008.2
-34013.8
-34019.4
-34025.1
-34030.7
-34036.3
-34041.9
-34047.5
-34053.2
-34058.8
-34064.4
-34070
-34075.7
-34081.3
-34086.9
-34092.5
-34098.2
-34103.8
-34109.4
-34115.1
-34120.7
-34126.3
-34131.9
-34137.6
-34143.2
-34148.8
-34154.5
-34160.1
-34165.7
-34171.4
-34177
-34182.7
-34188.3
-34194
-34199.6
-34205.2
-34210.9
-34216.5
-34222.2
-34227.8
-34233.5
-34239.1
-34244.8
-34250.4
-34256
-34261.7
-34267.3
-34273
-34278.6
-34284.3
-34289.9
-34295.6
-34301.3
-34306.9
-34312.6
-34318.2
-34323.9
-34329.5
-34335.2
-34340.9
-34346.5
-34352.2
-34357.8
-34363.5
-34369.2
-34374.8
-34380.5
-34386.2
-34391.8
-34397.5
-34403.2
-34408.8
-34414.5
-34420.2
-34425.8
-34431.5
-34437.2
-34442.9
-34448.5
-34454.2
-34459.9
-34465.6
-34471.2
-34476.9
-34482.6
-34488.3
-34493.9
-34499.6
-34505.3
-34511
-34516.7
-34522.4
-34528
-34533.7
-34539.4
-34545.1
-34550.8
-34556.5
-34562.2
-34567.8
-34573.5
-34579.2
-34584.9
-34590.6
-34596.3
-34602
-34607.7
-34613.4
-34619.1
-34624.8
-34630.5
-34636.2
-34641.9
-34647.6
-34653.3
-34659
-34664.7
-34670.4
-34676.1
-34681.8
-34687.5
-34693.2
-34698.9
-34704.6
-34710.3
-34716
-34721.7
-34727.4
-34733.1
-34738.9
-34744.6
-34750.3
-34756
-34761.7
-34767.4
-34773.1
-34778.9
-34784.6
-34790.3
-34796
-34801.7
-34807.5
-34813.2
-34818.9
-34824.6
-34830.3
-34836.1
-34841.8
-34847.5
-34853.2
-34859
-34864.7
-34870.4
-34876.1
-34881.9
-34887.6
-34893.3
-34899.1
-34904.8
-34910.5
-34916.2
-34922
-34927.7
-34933.5
-34939.2
-34944.9
-34950.7
-34956.4
-34962.1
-34967.9
-34973.6
-34979.4
-34985.1
-34990.9
-34996.6
-35002.3
-35008.1
-35013.8
-35019.6
-35025.3
-35031.1
-35036.8
-35042.6
-35048.3
-35054.1
-35059.8
-35065.6
-35071.3
-35077.1
-35082.8
-35088.6
-35094.3
-35100.1
-35105.9
-35111.6
-35117.4
-35123.1
-35128.9
-35134.7
-35140.4
-35146.2
-35151.9
-35157.7
-35163.5
-35169.2
-35175
-35180.8
-35186.5
-35192.3
-35198.1
-35203.8
-35209.6
-35215.4
-35221.2
-35226.9
-35232.7
-35238.5
-35244.3
-35250
-35255.8
-35261.6
-35267.4
-35273.1
-35278.9
-35284.7
-35290.5
-35296.3
-35302
-35307.8
-35313.6
-35319.4
-35325.2
-35331
-35336.7
-35342.5
-35348.3
-35354.1
-35359.9
-35365.7
-35371.5
-35377.3
-35383.1
-35388.9
-35394.6
-35400.4
-35406.2
-35412
-35417.8
-35423.6
-35429.4
-35435.2
-35441
-35446.8
-35452.6
-35458.4
-35464.2
-35470
-35475.8
-35481.6
-35487.4
-35493.2
-35499
-35504.8
-35510.7
-35516.5
-35522.3
-35528.1
-35533.9
-35539.7
-35545.5
-35551.3
-35557.1
-35562.9
-35568.8
-35574.6
-35580.4
-35586.2
-35592
-35597.8
-35603.7
-35609.5
-35615.3
-35621.1
-35627
-35632.8
-35638.6
-35644.4
-35650.2
-35656.1
-35661.9
-35667.7
-35673.5
-35679.4
-35685.2
-35691
-35696.9
-35702.7
-35708.5
-35714.4
-35720.2
-35726
-35731.9
-35737.7
-35743.5
-35749.4
-35755.2
-35761
-35766.9
-35772.7
-35778.6
-35784.4
-35790.2
-35796.1
-35801.9
-35807.8
-35813.6
-35819.5
-35825.3
-35831.1
-35837
-35842.8
-35848.7
-35854.5
-35860.4
-35866.2
-35872.1
-35877.9
-35883.8
-35889.6
-35895.5
-35901.4
-35907.2
-35913.1
-35918.9
-35924.8
-35930.6
-35936.5
-35942.3
-35948.2
-35954.1
-35959.9
-35965.8
-35971.7
-35977.5
-35983.4
-35989.3
-35995.1
-36001
-36006.9
-36012.7
-36018.6
-36024.4
-36030.3
-36036.2
-36042
-36047.9
-36053.8
-36059.7
-36065.5
-36071.4
-36077.3
-36083.2
-36089.1
-36094.9
-36100.8
-36106.7
-36112.6
-36118.5
-36124.3
-36130.2
-36136.1
-36142
-36147.9
-36153.7
-36159.6
-36165.5
-36171.4
-36177.3
-36183.2
-36189
-36194.9
-36200.8
-36206.7
-36212.6
-36218.5
-36224.4
-36230.3
-36236.2
-36242.1
-36248
-36253.9
-36259.8
-36265.7
-36271.5
-36277.4
-36283.3
-36289.2
-36295.1
-36301
-36306.9
-36312.8
-36318.8
-36324.7
-36330.6
-36336.5
-36342.4
-36348.3
-36354.2
-36360.1
-36366
-36371.9
-36377.8
-36383.7
-36389.6
-36395.6
-36401.5
-36407.4
-36413.3
-36419.2
-36425.1
-36431
-36437
-36442.9
-36448.8
-36454.7
-36460.6
-36466.5
-36472.5
-36478.4
-36484.3
-36490.2
-36496.1
-36502.1
-36508
-36513.9
-36519.8
-36525.8
-36531.7
-36537.6
-36543.6
-36549.5
-36555.4
-36561.3
-36567.3
-36573.2
-36579.1
-36585.1
-36591
-36596.9
-36602.9
-36608.8
-36614.7
-36620.7
-36626.6
-36632.6
-36638.5
-36644.4
-36650.4
-36656.3
-36662.2
-36668.2
-36674.1
-36680.1
-36686
-36692
-36697.9
-36703.9
-36709.8
-36715.7
-36721.7
-36727.6
-36733.6
-36739.5
-36745.5
-36751.4
-36757.4
-36763.3
-36769.3
-36775.2
-36781.2
-36787.1
-36793.1
-36799.1
-36805
-36811
-36816.9
-36822.9
-36828.9
-36834.8
-36840.8
-36846.7
-36852.7
-36858.7
-36864.6
-36870.6
-36876.5
-36882.5
-36888.5
-36894.4
-36900.4
-36906.4
-36912.3
-36918.3
-36924.3
-36930.2
-36936.2
-36942.2
-36948.2
-36954.1
-36960.1
-36966.1
-36972
-36978
-36984
-36990
-36995.9
-37001.9
-37007.9
-37013.9
-37019.9
-37025.8
-37031.8
-37037.8
-37043.8
-37049.7
-37055.7
-37061.7
-37067.7
-37073.7
-37079.7
-37085.7
-37091.6
-37097.6
-37103.6
-37109.6
-37115.6
-37121.6
-37127.6
-37133.6
-37139.5
-37145.5
-37151.5
-37157.5
-37163.5
-37169.5
-37175.5
-37181.5
-37187.5
-37193.5
-37199.5
-37205.5
-37211.5
-37217.5
-37223.5
-37229.5
-37235.5
-37241.5
-37247.5
-37253.5
-37259.5
-37265.5
-37271.5
-37277.5
-37283.5
-37289.5
-37295.5
-37301.5
-37307.5
-37313.5
-37319.5
-37325.5
-37331.5
-37337.5
-37343.6
-37349.6
-37355.6
-37361.6
-37367.6
-37373.6
-37379.6
-37385.6
-37391.7
-37397.7
-37403.7
-37409.7
-37415.7
-37421.7
-37427.8
-37433.8
-37439.8
-37445.8
-37451.8
-37457.9
-37463.9
-37469.9
-37475.9
-37482
-37488
-37494
-37500
-37506
-37512.1
-37518.1
-37524.1
-37530.1
-37536.2
-37542.2
-37548.2
-37554.3
-37560.3
-37566.3
-37572.4
-37578.4
-37584.4
-37590.5
-37596.5
-37602.5
-37608.5
-37614.6
-37620.6
-37626.6
-37632.7
-37638.7
-37644.8
-37650.8
-37656.8
-37662.9
-37668.9
-37675
-37681
-37687
-37693.1
-37699.1
-37705.2
-37711.2
-37717.2
-37723.3
-37729.3
-37735.4
-37741.4
-37747.5
-37753.5
-37759.6
-37765.6
-37771.7
-37777.7
-37783.8
-37789.8
-37795.9
-37801.9
-37808
-37814
-37820.1
-37826.1
-37832.2
-37838.2
-37844.3
-37850.3
-37856.4
-37862.4
-37868.5
-37874.6
-37880.6
-37886.7
-37892.7
-37898.8
-37904.8
-37910.9
-37917
-37923
-37929.1
-37935.1
-37941.2
-37947.3
-37953.3
-37959.4
-37965.5
-37971.5
-37977.6
-37983.6
-37989.7
-37995.8
-38001.8
-38007.9
-38013.9
-38020
-38026.1
-38032.1
-38038.2
-38044.3
-38050.4
-38056.4
-38062.5
-38068.6
-38074.6
-38080.7
-38086.8
-38092.9
-38098.9
-38105
-38111.1
-38117.1
-38123.2
-38129.3
-38135.3
-38141.4
-38147.5
-38153.6
-38159.7
-38165.8
-38171.9
-38177.9
-38184
-38190.1
-38196.1
-38202.2
-38208.3
-38214.4
-38220.5
-38226.5
-38232.7
-38238.7
-38244.8
-38250.9
-38256.9
-38263
-38269.1
-38275.2
-38281.3
-38287.3
-38293.5
-38299.5
-38305.6
-38311.7
-38317.7
-38323.9
-38329.9
-38336
-38342.2
-38348.2
-38354.4
-38360.3
-38366.5
-38372.6
-38378.6
-38384.8
-38390.8
-38397
-38403
-38409.1
-38415.3
-38421.2
-38427.4
-38433.5
-38439.5
-38445.8
-38451.7
-38457.9
-38464
-38470
-38476.2
-38482.1
-38488.4
-38494.4
-38500.5
-38506.7
-38512.6
-38518.9
-38524.9
-38531
-38537.2
-38543.1
-38549.4
-38555.3
-38561.5
-38567.7
-38573.6
-38579.9
-38585.8
-38592
-38598.1
-38604.1
-38610.4
-38616.2
-38622.6
-38628.6
-38634.6
-38640.9
-38646.7
-38653.1
-38659
-38665.2
-38671.4
-38677.2
-38683.7
-38689.5
-38695.8
-38701.9
-38707.8
-38714.2
-38720
-38726.3
-38732.3
-38738.3
-38744.7
-38750.4
-38756.8
-38762.8
-38768.8
-38775.3
-38780.9
-38787.5
-38793.3
-38799.4
-38805.7
-38811.4
-38818.1
-38823.7
-38830.1
-38836.2
-38841.9
-38848.6
-38854.1
-38860.7
-38866.7
-38872.5
-38879.3
-38884.6
-38891.4
-38897.1
-38903.2
-38909.7
-38915.1
-38922
-38927.4
-38933.8
-38940.2
-38945.6
-38952.7
-38957.9
-38964.6
-38970.6
-38976.3
-38983.1
-38988.4
-38995.1
-39001.1
-39006.9
-39013.7
-39019
-39025.8
-39031.6
-39037.5
-39044.3
-39049.3
-39056.4
-39061.8
-39068.1
-39074.6
-39079.8
-39087.2
-39092.1
-39099
-39105
-39110.6
-39117.8
-39122.5
-39129.8
-39135.3
-39141.2
-39148.3
-39153
-39160.4
-39165.8
-39171.8
-39178.8
-39183.5
-39191.1
-39196.2
-39202.6
-39209.3
-39214
-39221.8
-39226.4
-39233.2
-39239.7
-39244.4
-39252.5
-39256.7
-39263.9
-39270.1
-39274.9
-39283.2
-39287
-39294.8
-39300.5
-39305.5
-39313.9
-39317.1
-39325.8
-39330.4
-39336.5
-39344.2
-39347.6
-39356.8
-39360.3
-39367.7
-39374.4
-39378.1
-39387.6
-39390.3
-39398.7
-39404.3
-39408.8
-39418.1
-39420.4
-39429.7
-39434.2
-39439.9
-39448.3
-39451
-39460.5
-39464.3
-39471
-39478.3
-39481.8
-39491.2
-39494.2
-39502.2
-39508.1
-39512.6
-39521.5
-39524.4
-39533.1
-39538
-39543.6
-39552
-39554.6
-39564.3
-39567.9
-39574.3
-39582.5
-39584.5
-39595.4
-39597.5
-39605.5
-39612.3
-39615.2
-39626.1
-39627.2
-39637
-39642
-39646.1
-39656.6
-39657.2
-39668.2
-39671.4
-39677.5
-39686.6
-39687.3
-39699.5
-39700.7
-39708.5
-39717.1
-39717.1
-39730.7
-39730.5
-39739.4
-39747.2
-39747.3
-39762
-39759.4
-39771.4
-39776.6
-39777.8
-39792.9
-39788.9
-39802.6
-39806.1
-39809
-39822.8
-39819.1
-39833.8
-39835.4
-39840
-39853.1
-39849
-39864.6
-39865.2
-39871
-39882.7
-39879.8
-39895.7
-39893.7
-39903.4
-39912
-39909.2
-39928.2
-39921.7
-39935
-39941.9
-39939.3
-39958.6
-39951.4
-39966.8
-39970
-39971.4
-39988.7
-39980
-39999.5
-39998.4
-40002.5
-40019
-40009.9
-40030.6
-40026.7
-40035.4
-40046.7
-40041
-40061.8
-40054.8
-40067.8
-40075.4
-40072.2
-40091.6
-40084.4
-40099.6
-40103.3
-40103.6
-40122.7
-40111.8
-40132.7
-40132.5
-40132.7
-40154.8
-40140.9
-40162.9
-40162.2
-40164.5
-40182.3
-40172.4
-40194
-40189.5
-40197.1
-40212
-40201.5
-40224.9
-40220.4
-40225.3
-40243.4
-40231.7
-40253.7
-40251.7
-40254.5
-40274.5
-40260.4
-40284.9
-40282.4
-40282.3
-40306.7
-40290.7
-40311.6
-40316
-40311.6
-40332.7
-40327.8
-40334.9
-40350.2
-40341.2
-40359.6
-40364.8
-40354.7
-40390
-40366.3
-40385.7
-40404.9
-40374.7
-40423.7
-40400
-40409
-40439.7
-40403.3
-40452.7
-40432
-40434.5
-40477.2
-40425.2
-40485.7
-40467.8
-40452.7
-40516.7
-40454.9
-40507.4
-40506
-40482.2
-40538
-40494.7
-40533.9
-40530.7
-40520.8
-40562.5
-40524.5
-40567.3
-40557.4
-40552
-40591.9
-40554.1
-40598
-40584.6
-40585
-40620.9
-40581
-40633.9
-40610.5
-40613.2
-40657.5
-40604.4
-40663.4
-40647.6
-40634.5
-40689
-40641.4
-40683.2
-40682.1
-40667.6
-40714.1
-40669.8
-40721.1
-40705.2
-40694
-40756.8
-40686.9
-40753.1
-40745.1
-40710.6
-40792.6
-40722.3
-40771.2
-40783.8
-40738.5
-40818.3
-40757.8
-40795.4
-40819.6
-40763.1
-40849.1
-40795.1
-40811.6
-40862.5
-40787.9
-40874.6
-40834.7
-40829.5
-40904.2
-40808.3
-40905.6
-40876.2
-40839.4
-40950.1
-40837.5
-40922
-40921.7
-40864.1
-40973.1
-40877.7
-40947.6
-40948.8
-40897
-41005.6
-40902.8
-40975.1
-40993.7
-40906.9
-41044.7
-40945.7
-40974.1
-41054.7
-40925.6
-41058.4
-41009.9
-40973.5
-41094.2
-40969
-41069.1
-41045.5
-41017.6
-41105.4
-41002.1
-41118.4
-41049.8
-41058.3
-41147.3
-41012.8
-41153.5
-41098.3
-41060.2
-41192
-41055.3
-41155.2
-41151.7
-41085.3
-41218.4
-41085.8
-41188.7
-41188.6
-41095.8
-41266
-41121
-41194.1
-41241.3
-41127.7
-41273.1
-41178.2
-41211.5
-41268.7
-41172.1
-41287
-41220.8
-41243.2
-41284.7
-41219.8
-41315.1
-41235.9
-41293.8
-41313
-41227.8
-41378.9
-41251.9
-41305.3
-41386.5
-41223.4
-41416.5
-41303.7
-41306.6
-41439.2
-41250.3
-41435
-41357.4
-41318.3
-41475.8
-41295.1
-41439.4
-41417.9
-41333.3
-41501.2
-41353.4
-41439.6
-41465.8
-41370.3
-41518.6
-41389.4
-41484.1
-41479.9
-41406.7
-41567
-41395.6
-41528.8
-41524.8
-41412.2
-41612.3
-41445.6
-41521.1
-41592.5
-41437.5
-41615.6
-41528.6
-41515
-41620.1
-41514.4
-41605.3
-41565.3
-41579.9
-41617.5
-41561.8
-41642.8
-41585.2
-41627.2
-41637.9
-41602.7
-41674.7
-41612.2
-41670.7
-41665.3
-41630.5
-41718.7
-41642.8
-41695.1
-41708
-41667.9
-41739.1
-41681.5
-41739.4
-41729.3
-41698
-41790.3
-41705.6
-41761.1
-41785.9
-41723.8
-41808.5
-41764.9
-41787.3
-41799.3
-41789.4
-41830.8
-41785.6
-41839.7
-41828.2
-41821.4
-41866.2
-41819.3
-41879.2
-41865.3
-41836
-41920.3
-41864.7
-41884.4
-41903.9
-41905.2
-41931.3
-41867.7
-41976.4
-41932
-41887.7
-42002.5
-41935.6
-41954
-41976.1
-41971.6
-41983.7
-41984.9
-42015.6
-41969
-42040.2
-42024.5
-41963.4
-42111.8
-42013.7
-41994.5
-42130.1
-42007.8
-42079
-42103.9
-42033
-42116.2
-42096.8
-42102
-42090.3
-42137.3
-42135.7
-42088.2
-42179.3
-42120.7
-42150.2
-42203
-42103.1
-42206
-42192.1
-42156.8
-42234.1
-42158.6
-42210.7
-42255.3
-42197.7
-42216.9
-42249.7
-42248.3
-42230.2
-42288.9
-42244.2
-42231.5
-42353.5
-42249.3
-42260.5
-42352.5
-42260.8
-42327.8
-42343.5
-42278.6
-42347.8
-42346.4
-42332.9
-42381.9
-42331
-42334.1
-42422.6
-42371.2
-42358.2
-42422.1
-42365.2
-42386.4
-42467.9
-42392.4
-42400.5
-42460.3
-42396.3
-42445.5
-42491.8
-42422.7
-42457.9
-42459
-42442.9
-42533.5
-42479.6
-42447.2
-42529
-42466.6
-42499.5
-42565.9
-42487.5
-42515.2
-42545.3
-42497.6
-42542.1
-42580
-42541.5
-42549.4
-42559.8
-42542
-42573.1
-42584.9
-42596
-42612.1
-42541.7
-42566.8
-42638.3
-42595.4
-42616.6
-42636.8
-42602.4
-42599.5
-42613.5
-42656
-42648.6
-42618.2
-42650.9
-42670
-42642.3
-42624.5
-42655.4
-42688.9
-42664.4
-42662.2
-42694.7
-42702.8
-42656.7
-42622.9
-42704
-42737.4
-42693.9
-42689
-42690
-42728.7
-42713.2
-42658.9
-42716.2
-42736
-42700
-42719.4
-42746.1
-42739.4
-42731.8
-42722.5
-42689.3
-42731
-42763.3
-42707.3
-42720.5
-42767.6
-42788
-42753.1
-42692.9
-42750.6
-42786.3
-42736.5
-42722
-42715.2
-42743.9
-42786.5
-42771
-42726.5
-42739.1
-42804.6
-42771.3
-42733.6
-42769.4
-42770.5
-42747.2
-42740.1
-42745
-42742.4
-42721
-42756.4
-42771.7
-42740.2
-42754.7
-42711
-42722.2
-42795.9
-42749.8
-42725.6
-42721.3
-42736.3
-42764.7
-42717.6
-42734.6
-42746.6
-42713.2
-42731.3
-42709.4
-42688.2
-42715.5
-42728
-42710.4
-42677.7
-42703.8
-42717.5
-42668.1
-42660.1
-42675.8
-42691.9
-42693.8
-42657.7
-42627.4
-42619
-42639.3
-42655.9
-42652.7
-42635.7
-42600.1
-42602.5
-42593.5
-42571.2
-42590.4
-42581
-42576.3
-42571
-42533.7
-42545.2
-42524.8
-42496.4
-42521.9
-42500
-42478.2
-42452.1
-42441.7
-42465.5
-42433.2
-42417
-42421.7
-42400.8
-42382.3
-42374.6
-42364.9
-42317
-42298.2
-42305.1
-42273.2
-42253.1
-42230
-42216.9
-42225.9
-42204.2
-42165.7
-42110.1
-42078.5
-42087.4
-42108.7
-42128.5
-42083.4
-42002.1
-41924.4
-41883.8
-41934.3
-41967.1
-41930.6
-41850.2
-41733
-41693.9
-41709.5
-41711
-41733.4
-41708.2
-41643.6
-41579.4
-41482
-41423.4
-41426.4
-41456.5
-41472.6
-41381.4
-41238.8
-41144.2
-41104.9
-41132.4
-41169
-41167.4
-41123.5
-41022.1
-40898.5
-40770
-40685.8
-40688.5
-40689.9
-40665.6
-40611.9
-40475.8
-40343.9
-40283.9
-40264.6
-40275.4
-40240.7
-40118.5
-39975.4
-39841.1
-39750.7
-39714.9
-39695.1
-39693.6
-39659.8
-39543.5
-39363.1
-39150.6
-38990.1
-38925.8
-38915
-38917.3
-38879.3
-38765.9
-38606.4
-38428.6
-38258.5
-38150.3
-38100.8
-38063.3
-38001.9
-37865.7
-37654.7
-37427.7
-37235
-37111.8
-37052.1
-37005.8
-36923.9
-36777.5
-36562.9
-36320.7
-36119.9
-35978.7
-35878.1
-35800.7
-35710.8
-35573.5
-35379.6
-35151.8
-34920.5
-34715.3
-34544.6
-34396
-34258.9
-34115
-33942.7
-33729.3
-33495
-33257.5
-33027
-32825.3
-32649.5
-32480.9
-32304.4
-32111.4
-31885.7
-31621.9
-31347.1
-31084.3
-30844.1
-30630.5
-30437.4
-30244.5
-30023.3
-29765.5
-29479.9
-29184.7
-28900.8
-28638.3
-28403
-28183.9
-27959
-27720
-27458.7
-27169.8
-26867.8
-26572.8
-26296.6
-26036.2
-25778.9
-25512.9
-25234.4
-24944.2
-24642
-24336.6
-24040.8
-23755
-23471.3
-23187.3
-22901.6
-22606.4
-22301.2
-21993.6
-21688.6
-21386.7
-21084.1
-20780.7
-20481.9
-20185.2
-19886.6
-19587.4
-19285.9
-18981.2
-18675.9
-18371.9
-18070.7
-17770.2
-17469.4
-17172.5
-16876.5
-16572
-16261.4
-15957.7
-15664.6
-15373.8
-15079.1
-14782.2
-14484.8
-14190.1
-13903.7
-13624.5
-13346.5
-13066.7
-12787.9
-12510.7
-12232.2
-11954
-11679.8
-11411.4
-11147.6
-10885.8
-10626.1
-10371.3
-10120.2
-9868.11
-9615.7
-9366.9
-9125.48
-8888.83
-8653.26
-8421.74
-8195.84
-7974.15
-7756.68
-7543.41
-7331.68
-7124.27
-6924.93
-6730.25
-6536.95
-6344.97
-6156.23
-5965.97
-5774.78
-5586.87
-5405.58
-5234.11
-5064.57
-4902.93
-4749.79
-4592.82
-4435.72
-4282.01
-4130.44
-3984.96
-3849
-3718.08
-3589.8
-3467.89
-3351.41
-3235.86
-3120.76
-3013.61
-2912.36
-2809.28
-2709.62
-2610.42
-2507.47
-2413.6
-2326.72
-2238.16
-2156.12
-2077.84
-1993.71
-1910.52
-1832.9
-1748.06
-1663.53
-1592.43
-1523.45
-1454.09
-1386.84
-1324.01
-1265.78
-1207.75
-1151.71
-1095.83
-1038.91
-985.278
-940.13
-904.463
-867.164
-822.169
-775.292
-730.639
-694.691
-668.768
-641.61
-608.559
-577.107
-547.345
-514.214
-484.68
-460.941
-435.427
-416.693
-406.158
-389.708
-370.516
-360.521
-348.817
-330.053
-310.267
-297.101
-287.832
-269.265
-252.967
-233.879
-220.773
-206.436
-197.413
-197.615
-194.203
-185.331
-179.936
-173.275
-147.314
-138.261
-141.033
-149.593
-239.272
-335.313
-401.455
-296.085
-101.482
868.207
1020.76
-2315.75
-1008.5
-1033.72
-819.487
3272.38
1629.74
-5908.18
-2250.28
2265.87
3096.7
-2000.24
-5219.38
-1686.05
10667.9
742.312
-10290
-2593.51
15522.8
5741.26
-19640.1
-9872.26
4123.85
19681.6
-3563.09
-24885.9
-8821.83
16550.9
12590.2
-23450.5
-17313.9
-6813.77
26054.9
11538.3
-36911.8
-18625.2
-7208.98
25055
9993.59
-37874
-18472
-5287.98
29886.6
7845.98
-42756.3
-19445
-14356.6
-10824.2
-8581.89
-6580.79
-4933.38
712.616
2767.02
-1986.16
-4116.78
5399.52
4037.43
-2795.29
-3044.93
16423.3
4215.28
-6179.05
846.296
18367.9
3831
-10202.6
4427.02
14828.2
3186.7
-7988.57
6434.9
12808
3089.28
-7703.77
6596.79
11857.5
3252.56
-7138.28
6049.98
13399.5
3961.41
-6558.51
3506.12
11737.6
4682.92
-4201.89
-1767.22
17507.4
5840.01
1495.89
-4098.84
5937.35
5677.21
2843.6
-1119.15
-1202.23
8800.24
3602.79
1274.24
-2138.66
584.41
5350.07
2340.33
1196.72
-319.134
-578.258
3454.44
1605.11
869.889
264.975
-508.194
1071.6
821.27
467.606
103.43
-359.992
488.899
540.868
294.564
-12.4883
-308.664
742.926
406.46
221.326
-15.4632
-337.643
350.633
372.925
293.3
14.489
-684.81
76.1532
735.368
239.234
-109.467
-363.522
650.734
352.059
77.1671
-429.916
100.01
454.123
203.311
-203.934
-246.055
972.705
450.461
203.853
-846.115
-355.552
1471.43
434.325
-92.6372
-543.903
628.435
482.207
164.161
-534.434
-195.028
1360.51
334.519
-43.2952
-671.502
754.131
516.673
94.6012
-650.911
7.65866
1069.73
340.412
-153.604
-796.531
1266.51
515.897
25.3891
-716.857
330.218
713.486
214.403
-751.933
-139.583
1353.11
397.405
-206.469
-901.823
1402.89
551.768
16.9466
-806.225
262.931
1072.3
385.391
-470.919
-1013.63
1665.98
944.639
302.443
-1273.03
-552.713
2234.97
590.383
-40.0752
-1060.36
1018.61
868.56
248.252
-1068.89
-343.389
2382.8
594.876
-48.7677
-1135.21
1234.58
875.995
219.939
-1079.35
-230.452
2263.02
597.819
-198.581
-1098.12
1444.75
901.921
204.788
-1151.39
-266.646
2310.87
634.778
-172.92
-1235.95
1408.73
871.525
259.657
-969.617
-570.418
2123.79
717.988
-25.8391
-1448.48
195.39
1431.34
451.318
-278.697
-1144.17
1475.92
834.374
337.856
-417.845
-862.644
1177.26
649.735
211.071
-1014.35
-484.768
1825.39
584.872
198.717
-543.529
-585.215
1322.86
464.576
163.493
-504.244
-440.292
1145.39
289.571
-89.1884
-767.82
269.169
374.463
76.9896
-625.743
-325.4
963.672
129.297
-787.009
-437.556
1254.95
335.883
-224.18
-705.725
303.212
504.468
391.802
-192.908
-1515.37
138.662
1621.5
342.808
-826.947
-832.004
1435.12
884.038
140.445
-2225.23
-177.258
2743.08
917.68
478.381
-1518.47
-880.615
2336.45
1035.26
-541.991
-1217.25
817.542
1387.43
827.401
-1760.71
-1179.41
3139.6
1550.49
-572.767
-1944.6
580.683
2098.55
1769.02
-196.217
-3372.24
277.811
3515.03
1146.79
-2181.36
-1585.43
3525.09
1970.91
397.132
-3508.89
-597.927
5529.04
1629.5
-1032.5
-1915.64
1567.46
2617.47
1813.85
-282.037
-2849.43
502.377
2991.93
1706.56
388.89
-2406.62
-681.739
3510.53
1561.53
910.727
-362.527
-1507.85
327.609
1893.9
1425.51
1511.36
1455.72
-454.624
-3651.59
-1294.92
2821.14
2161.72
1476.38
-2721.49
-1970.56
-1074.47
1896.12
987.741
-2882.43
-1765.12
-145.723
2988.29
-907.482
-4770.04
-175.136
4804.42
-1239.18
-5912.07
-2162.96
2384.73
2207.11
-6795.72
-3538.76
-793.64
4370.79
42.9016
-8011.39
-2803.93
772.833
2613.12
-2475.43
-5127.99
-2942.72
-834.572
3472.08
399.606
-6527.39
-2780.96
107.741
3269.43
-1452.6
-4797.2
-2470.1
-1137.69
2977.67
892.216
-5135.79
-2476.21
-1563.14
-719.289
1463.76
809.962
-2667.03
-1625.88
-1172.48
-880.764
-673.517
-510.988
-423.972
-352.504
-317.314
-216.064
36.5455
229.804
162.257
-22.9835
-237.064
5.5599
193.383
82.2515
-161.501
-108.354
112.463
90.0981
77.2997
64.8815
51.9128
40.5705
31.4166
24.2817
19.0128
15.2761
12.5684
10.9664
10.1616
9.82204
9.84751
10.0603
10.3384
10.685
11.0343
11.4097
11.8032
12.0359
12.0935
12.0322
11.8491
11.6057
11.4032
11.2802
11.2346
11.2874
11.4337
11.7172
12.0317
12.2361
12.4073
12.4727
12.3171
12.1932
12.1686
11.9095
11.2939
10.4134
9.48493
8.51801
7.19308
5.79906
4.42478
2.65135
1.27914
0.822377
-0.0793765
0.291099
-6.02023
-21.9814
-9.82685
-10.1114
-30.5062
-5.50356
-6.79236
-31.2718
6.06095
-2.51871
-22.3362
3.33022
8.98801
-7.70864
-3.24655
0.325959
2.87029
7.62487
10.2049
0.265467
11.8977
23.9084
4.46551
7.04483
15.7936
24.3632
2.75278
5.07287
13.7698
17.7868
-4.91111
8.73911
23.9071
7.1627
2.92271
15.225
10.6107
-8.27809
11.4844
21.3259
-1.90683
8.95408
25.0442
6.09801
4.48341
22.1032
7.06098
0.0881888
22.5849
20.9338
5.12574
23.8801
28.3575
0.622455
21.2948
26.8632
10.1372
13.3189
38.1744
13.6892
1.77704
32.0274
12.4151
-10.2025
32.4158
9.49341
-15.8441
10.9975
14.8298
-10.3089
-18.3867
41.9837
6.47568
-21.2749
-13.6505
45.7929
6.08324
-11.7623
-41.4565
8.8106
18.8568
1.17895
-25.4947
-62.4675
60.9345
20.7203
-7.10376
-68.3812
-25.1019
78.5806
15.5002
-21.9256
-101.824
-1.03588
109.239
17.7819
-73.9728
-77.1584
99.8663
55.3245
-12.7915
-149.839
-13.5077
123.785
26.3906
-64.621
-69.3443
101.523
57.1157
-1.25136
-128.605
-29.3371
137.994
51.9438
-43.8268
-122.018
22.8419
124.138
70.6311
16.0221
-175.102
-71.0753
201.821
101.09
54.929
-101.525
-103.282
33.7846
163.535
93.267
72.3623
54.8323
42.4148
31.0004
19.9588
14.2563
12.8103
28.8454
52.4353
)
;

boundaryField
{
    sides
    {
        type            calculated;
        value           nonuniform List<scalar> 2(-8.39143 -10.4557);
    }
    empty
    {
        type            empty;
        value           nonuniform List<scalar> 0();
    }
}


// ************************************************************************* //
