/*--------------------------------*- C++ -*----------------------------------*\
  =========                 |
  \\      /  F ield         | OpenFOAM: The Open Source CFD Toolbox
   \\    /   O peration     | Website:  https://openfoam.org
    \\  /    A nd           | Version:  9
     \\/     M anipulation  |
\*---------------------------------------------------------------------------*/
FoamFile
{
    format      ascii;
    class       volScalarField;
    location    "0.03";
    object      mag(U);
}
// * * * * * * * * * * * * * * * * * * * * * * * * * * * * * * * * * * * * * //

dimensions      [0 1 -1 0 0 0 0];

internalField   nonuniform List<scalar> 
10000
(
5.4256
5.4795
5.53523
5.58093
5.62316
5.66601
5.70975
5.75371
5.79759
5.84139
5.88517
5.92897
5.97277
6.01657
6.06038
6.10418
6.14798
6.19179
6.23559
6.27939
6.32319
6.367
6.4108
6.45461
6.49841
6.54222
6.58602
6.62982
6.67363
6.71744
6.76125
6.80505
6.84886
6.89266
6.93647
6.98027
7.02408
7.06789
7.1117
7.15551
7.19932
7.24313
7.28694
7.33075
7.37455
7.41836
7.46217
7.50598
7.5498
7.59361
7.63742
7.68124
7.72505
7.76886
7.81267
7.85648
7.90029
7.9441
7.98791
8.03172
8.07553
8.11935
8.16317
8.20698
8.2508
8.29462
8.33844
8.38226
8.42608
8.4699
8.51372
8.55754
8.60136
8.64518
8.689
8.73281
8.77663
8.82045
8.86427
8.90809
8.95191
8.99573
9.03955
9.08337
9.12719
9.171
9.21482
9.25864
9.30246
9.34629
9.39011
9.43393
9.47775
9.52157
9.56539
9.60921
9.65304
9.69686
9.74068
9.78451
9.82833
9.87215
9.91598
9.9598
10.0036
10.0474
10.0913
10.1351
10.1789
10.2228
10.2666
10.3104
10.3542
10.3981
10.4419
10.4857
10.5295
10.5734
10.6172
10.661
10.7049
10.7487
10.7925
10.8363
10.8802
10.924
10.9678
11.0117
11.0555
11.0993
11.1431
11.187
11.2308
11.2746
11.3185
11.3623
11.4061
11.45
11.4938
11.5376
11.5815
11.6253
11.6691
11.713
11.7568
11.8006
11.8445
11.8883
11.9322
11.976
12.0198
12.0637
12.1075
12.1513
12.1952
12.239
12.2828
12.3267
12.3705
12.4144
12.4582
12.502
12.5459
12.5897
12.6336
12.6774
12.7212
12.7651
12.8089
12.8528
12.8966
12.9404
12.9843
13.0281
13.072
13.1158
13.1597
13.2035
13.2473
13.2912
13.335
13.3789
13.4227
13.4666
13.5104
13.5542
13.5981
13.6419
13.6858
13.7296
13.7735
13.8173
13.8612
13.905
13.9489
13.9927
14.0366
14.0804
14.1243
14.1681
14.212
14.2558
14.2996
14.3435
14.3873
14.4312
14.475
14.5189
14.5627
14.6066
14.6505
14.6943
14.7382
14.782
14.8259
14.8697
14.9136
14.9574
15.0013
15.0451
15.089
15.1328
15.1767
15.2205
15.2644
15.3083
15.3521
15.396
15.4398
15.4837
15.5275
15.5714
15.6152
15.6591
15.703
15.7468
15.7907
15.8345
15.8784
15.9222
15.9661
16.01
16.0538
16.0977
16.1415
16.1854
16.2293
16.2731
16.317
16.3608
16.4047
16.4486
16.4924
16.5363
16.5802
16.624
16.6679
16.7117
16.7556
16.7995
16.8433
16.8872
16.9311
16.9749
17.0188
17.0627
17.1065
17.1504
17.1943
17.2381
17.282
17.3259
17.3697
17.4136
17.4575
17.5013
17.5452
17.5891
17.6329
17.6768
17.7207
17.7645
17.8084
17.8523
17.8961
17.94
17.9839
18.0277
18.0716
18.1155
18.1594
18.2032
18.2471
18.291
18.3348
18.3787
18.4226
18.4665
18.5103
18.5542
18.5981
18.642
18.6858
18.7297
18.7736
18.8175
18.8613
18.9052
18.9491
18.993
19.0368
19.0807
19.1246
19.1685
19.2123
19.2562
19.3001
19.344
19.3879
19.4317
19.4756
19.5195
19.5634
19.6073
19.6511
19.695
19.7389
19.7828
19.8267
19.8705
19.9144
19.9583
20.0022
20.0461
20.0899
20.1338
20.1777
20.2216
20.2655
20.3094
20.3532
20.3971
20.441
20.4849
20.5288
20.5727
20.6165
20.6604
20.7043
20.7482
20.7921
20.836
20.8799
20.9237
20.9676
21.0115
21.0554
21.0993
21.1432
21.1871
21.231
21.2749
21.3187
21.3626
21.4065
21.4504
21.4943
21.5382
21.5821
21.626
21.6699
21.7138
21.7576
21.8015
21.8454
21.8893
21.9332
21.9771
22.021
22.0649
22.1088
22.1527
22.1966
22.2405
22.2844
22.3283
22.3722
22.416
22.4599
22.5038
22.5477
22.5916
22.6355
22.6794
22.7233
22.7672
22.8111
22.855
22.8989
22.9428
22.9867
23.0306
23.0745
23.1184
23.1623
23.2062
23.2501
23.294
23.3379
23.3818
23.4257
23.4696
23.5135
23.5574
23.6013
23.6452
23.6891
23.733
23.7769
23.8208
23.8647
23.9086
23.9525
23.9964
24.0403
24.0842
24.1282
24.1721
24.216
24.2599
24.3038
24.3477
24.3916
24.4355
24.4794
24.5233
24.5672
24.6111
24.655
24.6989
24.7428
24.7868
24.8307
24.8746
24.9185
24.9624
25.0063
25.0502
25.0941
25.138
25.1819
25.2259
25.2698
25.3137
25.3576
25.4015
25.4454
25.4893
25.5332
25.5771
25.6211
25.665
25.7089
25.7528
25.7967
25.8406
25.8845
25.9285
25.9724
26.0163
26.0602
26.1041
26.148
26.192
26.2359
26.2798
26.3237
26.3676
26.4115
26.4555
26.4994
26.5433
26.5872
26.6311
26.6751
26.719
26.7629
26.8068
26.8507
26.8946
26.9386
26.9825
27.0264
27.0703
27.1143
27.1582
27.2021
27.246
27.2899
27.3339
27.3778
27.4217
27.4656
27.5096
27.5535
27.5974
27.6413
27.6853
27.7292
27.7731
27.817
27.861
27.9049
27.9488
27.9927
28.0367
28.0806
28.1245
28.1684
28.2124
28.2563
28.3002
28.3442
28.3881
28.432
28.4759
28.5199
28.5638
28.6077
28.6517
28.6956
28.7395
28.7834
28.8274
28.8713
28.9152
28.9592
29.0031
29.047
29.091
29.1349
29.1788
29.2228
29.2667
29.3106
29.3546
29.3985
29.4424
29.4864
29.5303
29.5742
29.6182
29.6621
29.706
29.75
29.7939
29.8379
29.8818
29.9257
29.9697
30.0136
30.0575
30.1015
30.1454
30.1894
30.2333
30.2772
30.3212
30.3651
30.409
30.453
30.4969
30.5409
30.5848
30.6288
30.6727
30.7166
30.7606
30.8045
30.8485
30.8924
30.9363
30.9803
31.0242
31.0682
31.1121
31.1561
31.2
31.2439
31.2879
31.3318
31.3758
31.4197
31.4637
31.5076
31.5516
31.5955
31.6395
31.6834
31.7273
31.7713
31.8152
31.8592
31.9031
31.9471
31.991
32.035
32.0789
32.1229
32.1668
32.2108
32.2547
32.2987
32.3426
32.3866
32.4305
32.4745
32.5184
32.5624
32.6063
32.6503
32.6942
32.7382
32.7821
32.8261
32.87
32.914
32.958
33.0019
33.0459
33.0898
33.1338
33.1777
33.2217
33.2656
33.3096
33.3535
33.3975
33.4415
33.4854
33.5294
33.5733
33.6173
33.6612
33.7052
33.7492
33.7931
33.8371
33.881
33.925
33.969
34.0129
34.0569
34.1008
34.1448
34.1888
34.2327
34.2767
34.3206
34.3646
34.4086
34.4525
34.4965
34.5404
34.5844
34.6284
34.6723
34.7163
34.7603
34.8042
34.8482
34.8921
34.9361
34.9801
35.024
35.068
35.112
35.1559
35.1999
35.2439
35.2878
35.3318
35.3758
35.4197
35.4637
35.5077
35.5516
35.5956
35.6396
35.6835
35.7275
35.7715
35.8154
35.8594
35.9034
35.9474
35.9913
36.0353
36.0793
36.1232
36.1672
36.2112
36.2551
36.2991
36.3431
36.3871
36.431
36.475
36.519
36.563
36.6069
36.6509
36.6949
36.7388
36.7828
36.8268
36.8708
36.9147
36.9587
37.0027
37.0467
37.0906
37.1346
37.1786
37.2226
37.2666
37.3105
37.3545
37.3985
37.4425
37.4864
37.5304
37.5744
37.6184
37.6624
37.7063
37.7503
37.7943
37.8383
37.8823
37.9262
37.9702
38.0142
38.0582
38.1022
38.1461
38.1901
38.2341
38.2781
38.3221
38.3661
38.41
38.454
38.498
38.542
38.586
38.63
38.6739
38.7179
38.7619
38.8059
38.8499
38.8939
38.9379
38.9818
39.0258
39.0698
39.1138
39.1578
39.2018
39.2458
39.2897
39.3337
39.3777
39.4217
39.4657
39.5097
39.5537
39.5977
39.6417
39.6856
39.7296
39.7736
39.8176
39.8616
39.9056
39.9496
39.9936
40.0376
40.0816
40.1256
40.1695
40.2135
40.2575
40.3015
40.3455
40.3895
40.4335
40.4775
40.5215
40.5655
40.6095
40.6535
40.6975
40.7415
40.7855
40.8295
40.8735
40.9175
40.9615
41.0055
41.0494
41.0934
41.1374
41.1814
41.2254
41.2694
41.3134
41.3574
41.4014
41.4454
41.4894
41.5334
41.5774
41.6214
41.6654
41.7094
41.7534
41.7974
41.8414
41.8854
41.9294
41.9734
42.0174
42.0614
42.1054
42.1495
42.1935
42.2375
42.2815
42.3255
42.3695
42.4135
42.4575
42.5015
42.5455
42.5895
42.6335
42.6775
42.7215
42.7655
42.8095
42.8535
42.8975
42.9415
42.9856
43.0296
43.0736
43.1176
43.1616
43.2056
43.2496
43.2936
43.3376
43.3816
43.4256
43.4697
43.5137
43.5577
43.6017
43.6457
43.6897
43.7337
43.7777
43.8217
43.8658
43.9098
43.9538
43.9978
44.0418
44.0858
44.1298
44.1738
44.2179
44.2619
44.3059
44.3499
44.3939
44.4379
44.4819
44.526
44.57
44.614
44.658
44.702
44.746
44.7901
44.8341
44.8781
44.9221
44.9661
45.0101
45.0542
45.0982
45.1422
45.1862
45.2302
45.2743
45.3183
45.3623
45.4063
45.4503
45.4944
45.5384
45.5824
45.6264
45.6704
45.7145
45.7585
45.8025
45.8465
45.8906
45.9346
45.9786
46.0226
46.0667
46.1107
46.1547
46.1987
46.2427
46.2868
46.3308
46.3748
46.4188
46.4629
46.5069
46.5509
46.595
46.639
46.683
46.727
46.7711
46.8151
46.8591
46.9031
46.9472
46.9912
47.0352
47.0793
47.1233
47.1673
47.2113
47.2554
47.2994
47.3434
47.3875
47.4315
47.4755
47.5196
47.5636
47.6076
47.6517
47.6957
47.7397
47.7838
47.8278
47.8718
47.9159
47.9599
48.0039
48.048
48.092
48.136
48.1801
48.2241
48.2681
48.3122
48.3562
48.4002
48.4443
48.4883
48.5323
48.5764
48.6204
48.6645
48.7085
48.7525
48.7966
48.8406
48.8846
48.9287
48.9727
49.0168
49.0608
49.1048
49.1489
49.1929
49.237
49.281
49.325
49.3691
49.4131
49.4572
49.5012
49.5453
49.5893
49.6333
49.6774
49.7214
49.7655
49.8095
49.8536
49.8976
49.9416
49.9857
50.0297
50.0738
50.1178
50.1619
50.2059
50.25
50.294
50.338
50.3821
50.4261
50.4702
50.5142
50.5583
50.6023
50.6464
50.6904
50.7345
50.7785
50.8226
50.8666
50.9107
50.9547
50.9988
51.0428
51.0869
51.1309
51.175
51.219
51.2631
51.3071
51.3512
51.3952
51.4393
51.4833
51.5274
51.5714
51.6155
51.6595
51.7036
51.7476
51.7917
51.8358
51.8798
51.9239
51.9679
52.012
52.056
52.1001
52.1441
52.1882
52.2322
52.2763
52.3204
52.3644
52.4085
52.4525
52.4966
52.5406
52.5847
52.6288
52.6728
52.7169
52.7609
52.805
52.8491
52.8931
52.9372
52.9812
53.0253
53.0694
53.1134
53.1575
53.2015
53.2456
53.2897
53.3337
53.3778
53.4218
53.4659
53.51
53.554
53.5981
53.6422
53.6862
53.7303
53.7743
53.8184
53.8625
53.9065
53.9506
53.9947
54.0387
54.0828
54.1269
54.1709
54.215
54.2591
54.3031
54.3472
54.3913
54.4353
54.4794
54.5235
54.5675
54.6116
54.6557
54.6997
54.7438
54.7879
54.8319
54.876
54.9201
54.9642
55.0082
55.0523
55.0964
55.1404
55.1845
55.2286
55.2727
55.3167
55.3608
55.4049
55.4489
55.493
55.5371
55.5812
55.6252
55.6693
55.7134
55.7575
55.8015
55.8456
55.8897
55.9338
55.9778
56.0219
56.066
56.1101
56.1541
56.1982
56.2423
56.2864
56.3304
56.3745
56.4186
56.4627
56.5067
56.5508
56.5949
56.639
56.6831
56.7271
56.7712
56.8153
56.8594
56.9035
56.9475
56.9916
57.0357
57.0798
57.1239
57.1679
57.212
57.2561
57.3002
57.3443
57.3884
57.4324
57.4765
57.5206
57.5647
57.6088
57.6528
57.6969
57.741
57.7851
57.8292
57.8733
57.9174
57.9614
58.0055
58.0496
58.0937
58.1378
58.1819
58.226
58.27
58.3141
58.3582
58.4023
58.4464
58.4905
58.5346
58.5787
58.6227
58.6668
58.7109
58.755
58.7991
58.8432
58.8873
58.9314
58.9755
59.0196
59.0636
59.1077
59.1518
59.1959
59.24
59.2841
59.3282
59.3723
59.4164
59.4605
59.5046
59.5487
59.5928
59.6368
59.6809
59.725
59.7691
59.8132
59.8573
59.9014
59.9455
59.9896
60.0337
60.0778
60.1219
60.166
60.2101
60.2542
60.2983
60.3424
60.3865
60.4306
60.4747
60.5188
60.5629
60.607
60.6511
60.6952
60.7393
60.7834
60.8275
60.8716
60.9157
60.9598
61.0039
61.048
61.0921
61.1362
61.1803
61.2244
61.2685
61.3126
61.3567
61.4008
61.4449
61.489
61.5331
61.5772
61.6213
61.6654
61.7095
61.7536
61.7977
61.8418
61.8859
61.93
61.9741
62.0182
62.0624
62.1065
62.1506
62.1947
62.2388
62.2829
62.327
62.3711
62.4152
62.4593
62.5034
62.5475
62.5916
62.6358
62.6799
62.724
62.7681
62.8122
62.8563
62.9004
62.9445
62.9886
63.0327
63.0769
63.121
63.1651
63.2092
63.2533
63.2974
63.3415
63.3856
63.4297
63.4739
63.518
63.5621
63.6062
63.6503
63.6944
63.7385
63.7827
63.8268
63.8709
63.915
63.9591
64.0032
64.0474
64.0915
64.1356
64.1797
64.2238
64.2679
64.3121
64.3562
64.4003
64.4444
64.4885
64.5326
64.5768
64.6209
64.665
64.7091
64.7532
64.7974
64.8415
64.8856
64.9297
64.9738
65.018
65.0621
65.1062
65.1503
65.1944
65.2386
65.2827
65.3268
65.3709
65.4151
65.4592
65.5033
65.5474
65.5915
65.6357
65.6798
65.7239
65.768
65.8122
65.8563
65.9004
65.9445
65.9887
66.0328
66.0769
66.121
66.1652
66.2093
66.2534
66.2976
66.3417
66.3858
66.4299
66.4741
66.5182
66.5623
66.6064
66.6506
66.6947
66.7388
66.783
66.8271
66.8712
66.9154
66.9595
67.0036
67.0477
67.0919
67.136
67.1801
67.2243
67.2684
67.3125
67.3567
67.4008
67.4449
67.4891
67.5332
67.5773
67.6215
67.6656
67.7097
67.7539
67.798
67.8421
67.8863
67.9304
67.9745
68.0187
68.0628
68.107
68.1511
68.1952
68.2394
68.2835
68.3276
68.3718
68.4159
68.4601
68.5042
68.5483
68.5925
68.6366
68.6807
68.7249
68.769
68.8132
68.8573
68.9014
68.9456
68.9897
69.0339
69.078
69.1221
69.1663
69.2104
69.2546
69.2987
69.3429
69.387
69.4311
69.4753
69.5194
69.5636
69.6077
69.6519
69.696
69.7401
69.7843
69.8284
69.8726
69.9167
69.9609
70.005
70.0492
70.0933
70.1375
70.1816
70.2257
70.2699
70.314
70.3582
70.4023
70.4465
70.4906
70.5348
70.5789
70.6231
70.6672
70.7114
70.7555
70.7997
70.8438
70.888
70.9321
70.9763
71.0204
71.0646
71.1087
71.1529
71.197
71.2412
71.2853
71.3295
71.3736
71.4178
71.4619
71.5061
71.5502
71.5944
71.6385
71.6827
71.7269
71.771
71.8152
71.8593
71.9035
71.9476
71.9918
72.0359
72.0801
72.1243
72.1684
72.2126
72.2567
72.3009
72.345
72.3892
72.4333
72.4775
72.5217
72.5658
72.61
72.6541
72.6983
72.7425
72.7866
72.8308
72.8749
72.9191
72.9633
73.0074
73.0516
73.0957
73.1399
73.1841
73.2282
73.2724
73.3165
73.3607
73.4049
73.449
73.4932
73.5373
73.5815
73.6257
73.6698
73.714
73.7582
73.8023
73.8465
73.8907
73.9348
73.979
74.0232
74.0673
74.1115
74.1556
74.1998
74.244
74.2881
74.3323
74.3765
74.4206
74.4648
74.509
74.5531
74.5973
74.6415
74.6857
74.7298
74.774
74.8182
74.8623
74.9065
74.9507
74.9948
75.039
75.0832
75.1273
75.1715
75.2157
75.2599
75.304
75.3482
75.3924
75.4365
75.4807
75.5249
75.5691
75.6132
75.6574
75.7016
75.7458
75.7899
75.8341
75.8783
75.9224
75.9666
76.0108
76.055
76.0991
76.1433
76.1875
76.2317
76.2758
76.32
76.3642
76.4084
76.4526
76.4967
76.5409
76.5851
76.6293
76.6734
76.7176
76.7618
76.806
76.8501
76.8943
76.9385
76.9827
77.0269
77.071
77.1152
77.1594
77.2036
77.2478
77.2919
77.3361
77.3803
77.4245
77.4687
77.5129
77.557
77.6012
77.6454
77.6896
77.7338
77.7779
77.8221
77.8663
77.9105
77.9547
77.9989
78.043
78.0872
78.1314
78.1756
78.2198
78.264
78.3082
78.3523
78.3965
78.4407
78.4849
78.5291
78.5733
78.6175
78.6616
78.7058
78.75
78.7942
78.8384
78.8826
78.9268
78.971
79.0152
79.0593
79.1035
79.1477
79.1919
79.2361
79.2803
79.3245
79.3687
79.4129
79.4571
79.5012
79.5454
79.5896
79.6338
79.678
79.7222
79.7664
79.8106
79.8548
79.899
79.9432
79.9874
80.0316
80.0757
80.1199
80.1641
80.2083
80.2525
80.2967
80.3409
80.3851
80.4293
80.4735
80.5177
80.5619
80.6061
80.6503
80.6945
80.7387
80.7829
80.8271
80.8713
80.9155
80.9597
81.0039
81.0481
81.0923
81.1365
81.1807
81.2249
81.2691
81.3133
81.3575
81.4017
81.4459
81.4901
81.5343
81.5785
81.6227
81.6669
81.7111
81.7553
81.7995
81.8437
81.8879
81.9321
81.9763
82.0205
82.0647
82.1089
82.1531
82.1973
82.2415
82.2857
82.3299
82.3741
82.4183
82.4625
82.5067
82.5509
82.5951
82.6393
82.6835
82.7277
82.772
82.8162
82.8604
82.9046
82.9488
82.993
83.0372
83.0814
83.1256
83.1698
83.214
83.2582
83.3024
83.3467
83.3909
83.4351
83.4793
83.5235
83.5677
83.6119
83.6561
83.7003
83.7445
83.7888
83.833
83.8772
83.9214
83.9656
84.0098
84.054
84.0982
84.1424
84.1867
84.2309
84.2751
84.3193
84.3635
84.4077
84.4519
84.4962
84.5404
84.5846
84.6288
84.673
84.7172
84.7614
84.8057
84.8499
84.8941
84.9383
84.9825
85.0267
85.071
85.1152
85.1594
85.2036
85.2478
85.292
85.3363
85.3805
85.4247
85.4689
85.5131
85.5574
85.6016
85.6458
85.69
85.7342
85.7785
85.8227
85.8669
85.9111
85.9553
85.9996
86.0438
86.088
86.1322
86.1764
86.2207
86.2649
86.3091
86.3533
86.3976
86.4418
86.486
86.5302
86.5745
86.6187
86.6629
86.7071
86.7513
86.7956
86.8398
86.884
86.9282
86.9725
87.0167
87.0609
87.1052
87.1494
87.1936
87.2378
87.2821
87.3263
87.3705
87.4147
87.459
87.5032
87.5474
87.5916
87.6359
87.6801
87.7243
87.7686
87.8128
87.857
87.9013
87.9455
87.9897
88.0339
88.0782
88.1224
88.1666
88.2109
88.2551
88.2993
88.3436
88.3878
88.432
88.4763
88.5205
88.5647
88.609
88.6532
88.6974
88.7417
88.7859
88.8301
88.8744
88.9186
88.9628
89.0071
89.0513
89.0955
89.1398
89.184
89.2282
89.2725
89.3167
89.3609
89.4052
89.4494
89.4937
89.5379
89.5821
89.6264
89.6706
89.7148
89.7591
89.8033
89.8476
89.8918
89.936
89.9803
90.0245
90.0687
90.113
90.1572
90.2015
90.2457
90.2899
90.3342
90.3784
90.4227
90.4669
90.5111
90.5554
90.5996
90.6439
90.6881
90.7324
90.7766
90.8208
90.8651
90.9093
90.9536
90.9978
91.0421
91.0863
91.1305
91.1748
91.219
91.2633
91.3075
91.3518
91.396
91.4403
91.4845
91.5287
91.573
91.6172
91.6615
91.7057
91.75
91.7942
91.8385
91.8827
91.927
91.9712
92.0155
92.0597
92.104
92.1482
92.1925
92.2367
92.281
92.3252
92.3695
92.4137
92.458
92.5022
92.5465
92.5907
92.635
92.6792
92.7235
92.7677
92.812
92.8562
92.9005
92.9447
92.989
93.0332
93.0775
93.1217
93.166
93.2102
93.2545
93.2987
93.343
93.3872
93.4315
93.4757
93.52
93.5643
93.6085
93.6528
93.697
93.7413
93.7855
93.8298
93.874
93.9183
93.9626
94.0068
94.0511
94.0953
94.1396
94.1838
94.2281
94.2724
94.3166
94.3609
94.4051
94.4494
94.4936
94.5379
94.5822
94.6264
94.6707
94.7149
94.7592
94.8035
94.8477
94.892
94.9362
94.9805
95.0248
95.069
95.1133
95.1575
95.2018
95.2461
95.2903
95.3346
95.3789
95.4231
95.4674
95.5116
95.5559
95.6002
95.6444
95.6887
95.733
95.7772
95.8215
95.8657
95.91
95.9543
95.9985
96.0428
96.0871
96.1313
96.1756
96.2199
96.2641
96.3084
96.3527
96.3969
96.4412
96.4855
96.5297
96.574
96.6183
96.6625
96.7068
96.7511
96.7953
96.8396
96.8839
96.9281
96.9724
97.0167
97.0609
97.1052
97.1495
97.1938
97.238
97.2823
97.3266
97.3708
97.4151
97.4594
97.5037
97.5479
97.5922
97.6365
97.6807
97.725
97.7693
97.8136
97.8578
97.9021
97.9464
97.9906
98.0349
98.0792
98.1235
98.1677
98.212
98.2563
98.3006
98.3448
98.3891
98.4334
98.4777
98.5219
98.5662
98.6105
98.6548
98.699
98.7433
98.7876
98.8319
98.8761
98.9204
98.9647
99.009
99.0532
99.0975
99.1418
99.1861
99.2304
99.2746
99.3189
99.3632
99.4075
99.4518
99.496
99.5403
99.5846
99.6289
99.6732
99.7174
99.7617
99.806
99.8503
99.8946
99.9388
99.9831
100.027
100.072
100.116
100.16
100.205
100.249
100.293
100.337
100.382
100.426
100.47
100.515
100.559
100.603
100.647
100.692
100.736
100.78
100.824
100.869
100.913
100.957
101.002
101.046
101.09
101.134
101.179
101.223
101.267
101.312
101.356
101.4
101.444
101.489
101.533
101.577
101.622
101.666
101.71
101.754
101.799
101.843
101.887
101.932
101.976
102.02
102.065
102.109
102.153
102.197
102.242
102.286
102.33
102.375
102.419
102.463
102.507
102.552
102.596
102.64
102.685
102.729
102.773
102.817
102.862
102.906
102.95
102.995
103.039
103.083
103.128
103.172
103.216
103.26
103.305
103.349
103.393
103.438
103.482
103.526
103.57
103.615
103.659
103.703
103.748
103.792
103.836
103.881
103.925
103.969
104.013
104.058
104.102
104.146
104.191
104.235
104.279
104.323
104.368
104.412
104.456
104.501
104.545
104.589
104.634
104.678
104.722
104.766
104.811
104.855
104.899
104.944
104.988
105.032
105.077
105.121
105.165
105.209
105.254
105.298
105.342
105.387
105.431
105.475
105.52
105.564
105.608
105.653
105.697
105.741
105.785
105.83
105.874
105.918
105.963
106.007
106.051
106.096
106.14
106.184
106.228
106.273
106.317
106.361
106.406
106.45
106.494
106.539
106.583
106.627
106.672
106.716
106.76
106.804
106.849
106.893
106.937
106.982
107.026
107.07
107.115
107.159
107.203
107.248
107.292
107.336
107.38
107.425
107.469
107.513
107.558
107.602
107.646
107.691
107.735
107.779
107.824
107.868
107.912
107.956
108.001
108.045
108.089
108.134
108.178
108.222
108.267
108.311
108.355
108.4
108.444
108.488
108.533
108.577
108.621
108.665
108.71
108.754
108.798
108.843
108.887
108.931
108.976
109.02
109.064
109.109
109.153
109.197
109.242
109.286
109.33
109.375
109.419
109.463
109.507
109.552
109.596
109.64
109.685
109.729
109.773
109.818
109.862
109.906
109.951
109.995
110.039
110.084
110.128
110.172
110.217
110.261
110.305
110.349
110.394
110.438
110.482
110.527
110.571
110.615
110.66
110.704
110.748
110.793
110.837
110.881
110.926
110.97
111.014
111.059
111.103
111.147
111.192
111.236
111.28
111.325
111.369
111.413
111.458
111.502
111.546
111.59
111.635
111.679
111.723
111.768
111.812
111.856
111.901
111.945
111.989
112.034
112.078
112.122
112.167
112.211
112.255
112.3
112.344
112.388
112.433
112.477
112.521
112.566
112.61
112.654
112.699
112.743
112.787
112.832
112.876
112.92
112.965
113.009
113.053
113.098
113.142
113.186
113.231
113.275
113.319
113.364
113.408
113.452
113.497
113.541
113.585
113.63
113.674
113.718
113.762
113.807
113.851
113.895
113.94
113.984
114.028
114.073
114.117
114.161
114.206
114.25
114.294
114.339
114.383
114.427
114.472
114.516
114.56
114.605
114.649
114.693
114.738
114.782
114.826
114.871
114.915
114.959
115.004
115.048
115.092
115.137
115.181
115.225
115.27
115.314
115.358
115.403
115.447
115.491
115.536
115.58
115.624
115.669
115.713
115.757
115.802
115.846
115.89
115.935
115.979
116.023
116.068
116.112
116.156
116.201
116.245
116.29
116.334
116.378
116.423
116.467
116.511
116.556
116.6
116.644
116.689
116.733
116.777
116.822
116.866
116.91
116.955
116.999
117.043
117.088
117.132
117.176
117.221
117.265
117.309
117.354
117.398
117.442
117.487
117.531
117.575
117.62
117.664
117.708
117.753
117.797
117.841
117.886
117.93
117.974
118.019
118.063
118.107
118.152
118.196
118.24
118.285
118.329
118.373
118.418
118.462
118.506
118.551
118.595
118.64
118.684
118.728
118.773
118.817
118.861
118.906
118.95
118.994
119.039
119.083
119.127
119.172
119.216
119.26
119.305
119.349
119.393
119.438
119.482
119.526
119.571
119.615
119.659
119.704
119.748
119.792
119.837
119.881
119.926
119.97
120.014
120.059
120.103
120.147
120.192
120.236
120.28
120.325
120.369
120.413
120.458
120.502
120.546
120.591
120.635
120.679
120.724
120.768
120.812
120.857
120.901
120.945
120.99
121.034
121.079
121.123
121.167
121.212
121.256
121.3
121.345
121.389
121.433
121.478
121.522
121.566
121.611
121.655
121.699
121.744
121.788
121.832
121.877
121.921
121.965
122.01
122.054
122.099
122.143
122.187
122.232
122.276
122.32
122.365
122.409
122.453
122.498
122.542
122.586
122.631
122.675
122.719
122.764
122.808
122.853
122.897
122.941
122.986
123.03
123.074
123.119
123.163
123.207
123.252
123.296
123.34
123.385
123.429
123.473
123.518
123.562
123.606
123.651
123.695
123.74
123.784
123.828
123.873
123.917
123.961
124.006
124.05
124.094
124.139
124.183
124.227
124.272
124.316
124.36
124.405
124.449
124.494
124.538
124.582
124.627
124.671
124.715
124.76
124.804
124.848
124.893
124.937
124.981
125.026
125.07
125.114
125.159
125.203
125.248
125.292
125.336
125.381
125.425
125.469
125.514
125.558
125.602
125.647
125.691
125.735
125.78
125.824
125.869
125.913
125.957
126.002
126.046
126.09
126.135
126.179
126.223
126.268
126.312
126.356
126.401
126.445
126.489
126.534
126.578
126.623
126.667
126.711
126.756
126.8
126.844
126.889
126.933
126.977
127.022
127.066
127.11
127.155
127.199
127.244
127.288
127.332
127.377
127.421
127.465
127.51
127.554
127.598
127.643
127.687
127.731
127.776
127.82
127.865
127.909
127.953
127.998
128.042
128.086
128.131
128.175
128.219
128.264
128.308
128.352
128.397
128.441
128.486
128.53
128.574
128.619
128.663
128.707
128.752
128.796
128.84
128.885
128.929
128.973
129.018
129.062
129.106
129.151
129.195
129.24
129.284
129.328
129.373
129.417
129.461
129.506
129.55
129.594
129.639
129.683
129.727
129.772
129.816
129.861
129.905
129.949
129.994
130.038
130.082
130.127
130.171
130.215
130.26
130.304
130.348
130.393
130.437
130.482
130.526
130.57
130.615
130.659
130.703
130.748
130.792
130.836
130.881
130.925
130.969
131.014
131.058
131.103
131.147
131.191
131.236
131.28
131.324
131.369
131.413
131.457
131.502
131.546
131.59
131.635
131.679
131.723
131.768
131.812
131.857
131.901
131.945
131.99
132.034
132.078
132.123
132.167
132.211
132.256
132.3
132.344
132.389
132.433
132.478
132.522
132.566
132.611
132.655
132.699
132.744
132.788
132.832
132.877
132.921
132.965
133.01
133.054
133.098
133.143
133.187
133.232
133.276
133.32
133.365
133.409
133.453
133.498
133.542
133.586
133.631
133.675
133.719
133.764
133.808
133.852
133.897
133.941
133.986
134.03
134.074
134.119
134.163
134.207
134.252
134.296
134.34
134.385
134.429
134.473
134.518
134.562
134.606
134.651
134.695
134.739
134.784
134.828
134.873
134.917
134.961
135.006
135.05
135.094
135.139
135.183
135.227
135.272
135.316
135.36
135.405
135.449
135.493
135.538
135.582
135.626
135.671
135.715
135.76
135.804
135.848
135.893
135.937
135.981
136.026
136.07
136.114
136.159
136.203
136.247
136.292
136.336
136.38
136.425
136.469
136.513
136.558
136.602
136.646
136.691
136.735
136.779
136.824
136.868
136.912
136.957
137.001
137.046
137.09
137.134
137.179
137.223
137.267
137.312
137.356
137.4
137.445
137.489
137.533
137.578
137.622
137.666
137.711
137.755
137.799
137.844
137.888
137.932
137.977
138.021
138.065
138.11
138.154
138.198
138.243
138.287
138.331
138.376
138.42
138.464
138.509
138.553
138.597
138.642
138.686
138.73
138.775
138.819
138.863
138.908
138.952
138.996
139.041
139.085
139.129
139.174
139.218
139.262
139.307
139.351
139.395
139.44
139.484
139.528
139.573
139.617
139.661
139.706
139.75
139.794
139.839
139.883
139.927
139.972
140.016
140.06
140.105
140.149
140.193
140.238
140.282
140.326
140.371
140.415
140.459
140.504
140.548
140.592
140.637
140.681
140.725
140.77
140.814
140.858
140.903
140.947
140.991
141.036
141.08
141.124
141.168
141.213
141.257
141.301
141.346
141.39
141.434
141.479
141.523
141.567
141.612
141.656
141.7
141.745
141.789
141.833
141.878
141.922
141.966
142.011
142.055
142.099
142.143
142.188
142.232
142.276
142.321
142.365
142.409
142.454
142.498
142.542
142.587
142.631
142.675
142.72
142.764
142.808
142.852
142.897
142.941
142.985
143.03
143.074
143.118
143.163
143.207
143.251
143.296
143.34
143.384
143.428
143.473
143.517
143.561
143.606
143.65
143.694
143.739
143.783
143.827
143.871
143.916
143.96
144.004
144.049
144.093
144.137
144.182
144.226
144.27
144.314
144.359
144.403
144.447
144.492
144.536
144.58
144.624
144.669
144.713
144.757
144.802
144.846
144.89
144.934
144.979
145.023
145.067
145.112
145.156
145.2
145.244
145.289
145.333
145.377
145.422
145.466
145.51
145.554
145.599
145.643
145.687
145.732
145.776
145.82
145.864
145.909
145.953
145.997
146.041
146.086
146.13
146.174
146.219
146.263
146.307
146.351
146.396
146.44
146.484
146.528
146.573
146.617
146.661
146.705
146.75
146.794
146.838
146.883
146.927
146.971
147.015
147.06
147.104
147.148
147.192
147.237
147.281
147.325
147.369
147.414
147.458
147.502
147.546
147.591
147.635
147.679
147.723
147.768
147.812
147.856
147.9
147.945
147.989
148.033
148.077
148.122
148.166
148.21
148.254
148.299
148.343
148.387
148.431
148.476
148.52
148.564
148.608
148.652
148.697
148.741
148.785
148.829
148.874
148.918
148.962
149.006
149.051
149.095
149.139
149.183
149.227
149.272
149.316
149.36
149.404
149.448
149.493
149.537
149.581
149.625
149.67
149.714
149.758
149.802
149.846
149.891
149.935
149.979
150.023
150.067
150.112
150.156
150.2
150.244
150.288
150.333
150.377
150.421
150.465
150.509
150.554
150.598
150.642
150.686
150.73
150.775
150.819
150.863
150.907
150.951
150.996
151.04
151.084
151.128
151.172
151.216
151.261
151.305
151.349
151.393
151.437
151.481
151.526
151.57
151.614
151.658
151.702
151.746
151.791
151.835
151.879
151.923
151.967
152.011
152.056
152.1
152.144
152.188
152.232
152.276
152.321
152.365
152.409
152.453
152.497
152.541
152.585
152.63
152.674
152.718
152.762
152.806
152.85
152.894
152.938
152.983
153.027
153.071
153.115
153.159
153.203
153.247
153.291
153.336
153.38
153.424
153.468
153.512
153.556
153.6
153.644
153.689
153.733
153.777
153.821
153.865
153.909
153.953
153.997
154.041
154.085
154.13
154.174
154.218
154.262
154.306
154.35
154.394
154.438
154.482
154.526
154.57
154.614
154.658
154.703
154.747
154.791
154.835
154.879
154.923
154.967
155.011
155.055
155.099
155.143
155.187
155.231
155.275
155.319
155.363
155.407
155.452
155.496
155.54
155.584
155.628
155.672
155.716
155.76
155.804
155.848
155.892
155.936
155.98
156.024
156.068
156.112
156.156
156.2
156.244
156.288
156.332
156.376
156.42
156.464
156.508
156.552
156.596
156.64
156.684
156.728
156.772
156.816
156.86
156.904
156.948
156.992
157.036
157.08
157.124
157.168
157.212
157.255
157.299
157.343
157.387
157.431
157.475
157.519
157.563
157.607
157.651
157.695
157.739
157.783
157.827
157.871
157.915
157.958
158.002
158.046
158.09
158.134
158.178
158.222
158.266
158.31
158.354
158.397
158.441
158.485
158.529
158.573
158.617
158.661
158.705
158.749
158.792
158.836
158.88
158.924
158.968
159.012
159.056
159.099
159.143
159.187
159.231
159.275
159.319
159.362
159.406
159.45
159.494
159.538
159.581
159.625
159.669
159.713
159.757
159.8
159.844
159.888
159.932
159.976
160.019
160.063
160.107
160.151
160.194
160.238
160.282
160.326
160.37
160.413
160.457
160.501
160.544
160.588
160.632
160.676
160.719
160.763
160.807
160.851
160.894
160.938
160.982
161.025
161.069
161.113
161.156
161.2
161.244
161.287
161.331
161.375
161.418
161.462
161.506
161.549
161.593
161.637
161.68
161.724
161.768
161.811
161.855
161.898
161.942
161.986
162.029
162.073
162.116
162.16
162.204
162.247
162.291
162.334
162.378
162.421
162.465
162.508
162.552
162.596
162.639
162.683
162.726
162.77
162.813
162.857
162.9
162.944
162.987
163.031
163.074
163.118
163.161
163.205
163.248
163.291
163.335
163.378
163.422
163.465
163.509
163.552
163.595
163.639
163.682
163.726
163.769
163.812
163.856
163.899
163.943
163.986
164.029
164.073
164.116
164.159
164.203
164.246
164.289
164.333
164.376
164.419
164.463
164.506
164.549
164.592
164.636
164.679
164.722
164.765
164.809
164.852
164.895
164.938
164.982
165.025
165.068
165.111
165.154
165.197
165.241
165.284
165.327
165.37
165.413
165.456
165.499
165.543
165.586
165.629
165.672
165.715
165.758
165.801
165.844
165.887
165.93
165.973
166.016
166.059
166.102
166.145
166.188
166.231
166.274
166.317
166.36
166.403
166.446
166.489
166.532
166.575
166.618
166.661
166.704
166.746
166.789
166.832
166.875
166.918
166.961
167.003
167.046
167.089
167.132
167.175
167.217
167.26
167.303
167.346
167.388
167.431
167.474
167.516
167.559
167.602
167.644
167.687
167.73
167.772
167.815
167.858
167.9
167.943
167.985
168.028
168.07
168.113
168.155
168.198
168.24
168.283
168.325
168.368
168.41
168.453
168.495
168.538
168.58
168.622
168.665
168.707
168.749
168.792
168.834
168.876
168.919
168.961
169.003
169.045
169.088
169.13
169.172
169.214
169.256
169.298
169.341
169.383
169.425
169.467
169.509
169.551
169.593
169.635
169.677
169.719
169.761
169.803
169.845
169.887
169.929
169.971
170.013
170.055
170.096
170.138
170.18
170.222
170.264
170.305
170.347
170.389
170.431
170.472
170.514
170.556
170.597
170.639
170.68
170.722
170.764
170.805
170.847
170.888
170.93
170.971
171.012
171.054
171.095
171.137
171.178
171.219
171.261
171.302
171.343
171.384
171.426
171.467
171.508
171.549
171.59
171.631
171.672
171.714
171.755
171.796
171.837
171.877
171.918
171.959
172
172.041
172.082
172.123
172.164
172.204
172.245
172.286
172.327
172.367
172.408
172.448
172.489
172.53
172.57
172.611
172.651
172.692
172.732
172.772
172.813
172.853
172.893
172.934
172.974
173.014
173.054
173.094
173.134
173.175
173.215
173.255
173.295
173.335
173.374
173.414
173.454
173.494
173.534
173.574
173.613
173.653
173.693
173.732
173.772
173.811
173.851
173.89
173.93
173.969
174.009
174.048
174.087
174.126
174.166
174.205
174.244
174.283
174.322
174.361
174.4
174.439
174.478
174.517
174.556
174.594
174.633
174.672
174.711
174.749
174.788
174.826
174.865
174.903
174.942
174.98
175.018
175.056
175.095
175.133
175.171
175.209
175.247
175.285
175.323
175.361
175.399
175.436
175.474
175.512
175.55
175.587
175.625
175.662
175.7
175.737
175.774
175.812
175.849
175.886
175.923
175.96
175.997
176.034
176.071
176.108
176.145
176.181
176.218
176.255
176.291
176.328
176.364
176.401
176.437
176.473
176.509
176.546
176.582
176.618
176.654
176.69
176.725
176.761
176.797
176.833
176.868
176.904
176.939
176.975
177.01
177.045
177.08
177.115
177.151
177.186
177.22
177.255
177.29
177.325
177.36
177.394
177.429
177.463
177.498
177.532
177.566
177.6
177.634
177.668
177.702
177.736
177.77
177.804
177.837
177.871
177.905
177.938
177.971
178.005
178.038
178.071
178.104
178.137
178.17
178.203
178.236
178.268
178.301
178.333
178.366
178.398
178.43
178.463
178.495
178.527
178.559
178.591
178.622
178.654
178.686
178.717
178.749
178.78
178.811
178.843
178.874
178.905
178.936
178.967
178.998
179.028
179.059
179.089
179.12
179.15
179.181
179.211
179.241
179.271
179.301
179.331
179.361
179.39
179.42
179.45
179.479
179.508
179.538
179.567
179.596
179.625
179.654
179.683
179.712
179.74
179.769
179.797
179.826
179.854
179.882
179.911
179.939
179.967
179.995
180.022
180.05
180.078
180.106
180.133
180.16
180.188
180.215
180.242
180.269
180.296
180.323
180.35
180.377
180.404
180.43
180.457
180.483
180.51
180.536
180.562
180.588
180.614
180.64
180.666
180.692
180.718
180.744
180.769
180.795
180.82
180.846
180.871
180.896
180.921
180.946
180.971
180.996
181.021
181.046
181.071
181.095
181.12
181.145
181.169
181.194
181.218
181.242
181.266
181.29
181.315
181.339
181.363
181.386
181.41
181.434
181.458
181.481
181.505
181.529
181.552
181.575
181.599
181.622
181.645
181.669
181.692
181.715
181.738
181.761
181.784
181.807
181.83
181.852
181.875
181.898
181.92
181.943
181.966
181.988
182.011
182.033
182.055
182.078
182.1
182.122
182.145
182.167
182.189
182.211
182.233
182.255
182.277
182.299
182.321
182.343
182.365
182.387
182.408
182.43
182.452
182.473
182.495
182.517
182.538
182.56
182.582
182.603
182.625
182.646
182.667
182.689
182.71
182.732
182.753
182.774
182.796
182.817
182.838
182.859
182.881
182.902
182.923
182.944
182.965
182.986
183.007
183.028
183.05
183.071
183.092
183.113
183.134
183.155
183.176
183.196
183.217
183.238
183.259
183.28
183.301
183.322
183.343
183.364
183.384
183.405
183.426
183.447
183.468
183.488
183.509
183.53
183.551
183.572
183.592
183.613
183.634
183.654
183.675
183.696
183.717
183.737
183.758
183.779
183.799
183.82
183.841
183.861
183.882
183.902
183.923
183.944
183.964
183.985
184.006
184.026
184.047
184.067
184.088
184.109
184.129
184.15
184.17
184.191
184.212
184.232
184.253
184.273
184.294
184.314
184.335
184.356
184.376
184.397
184.417
184.438
184.458
184.479
184.5
184.52
184.541
184.561
184.582
184.602
184.623
184.643
184.664
184.684
184.705
184.726
184.746
184.767
184.787
184.808
184.828
184.849
184.869
184.89
184.91
184.931
184.951
184.972
184.992
185.013
185.034
185.054
185.075
185.095
185.116
185.136
185.157
185.177
185.198
185.218
185.239
185.259
185.28
185.3
185.321
185.342
185.362
185.383
185.403
185.424
185.444
185.465
185.485
185.506
185.526
185.547
185.567
185.588
185.608
185.629
185.65
185.67
185.691
185.711
185.732
185.752
185.773
185.793
185.814
185.834
185.855
185.875
185.896
185.917
185.937
185.958
185.978
185.999
186.019
186.04
186.06
186.081
186.101
186.122
186.143
186.163
186.184
186.204
186.225
186.245
186.266
186.286
186.307
186.327
186.348
186.369
186.389
186.41
186.43
186.451
186.471
186.492
186.512
186.533
186.554
186.574
186.595
186.615
186.636
186.656
186.677
186.697
186.718
186.739
186.759
186.78
186.8
186.821
186.841
186.862
186.882
186.903
186.924
186.944
186.965
186.985
187.006
187.026
187.047
187.067
187.088
187.109
187.129
187.15
187.17
187.191
187.211
187.232
187.253
187.273
187.294
187.314
187.335
187.355
187.376
187.397
187.417
187.438
187.458
187.479
187.499
187.52
187.541
187.561
187.582
187.602
187.623
187.643
187.664
187.685
187.705
187.726
187.746
187.767
187.788
187.808
187.829
187.849
187.87
187.89
187.911
187.932
187.952
187.973
187.993
188.014
188.035
188.055
188.076
188.096
188.117
188.137
188.158
188.179
188.199
188.22
188.24
188.261
188.282
188.302
188.323
188.343
188.364
188.385
188.405
188.426
188.446
188.467
188.488
188.508
188.529
188.549
188.57
188.591
188.611
188.632
188.652
188.673
188.694
188.714
188.735
188.755
188.776
188.797
188.817
188.838
188.858
188.879
188.9
188.92
188.941
188.961
188.982
189.003
189.023
189.044
189.064
189.085
189.106
189.126
189.147
189.167
189.188
189.209
189.229
189.25
189.27
189.291
189.312
189.332
189.353
189.374
189.394
189.415
189.435
189.456
189.477
189.497
189.518
189.538
189.559
189.58
189.6
189.621
189.642
189.662
189.683
189.703
189.724
189.745
189.765
189.786
189.807
189.827
189.848
189.868
189.889
189.91
189.93
189.951
189.972
189.992
190.013
190.033
190.054
190.075
190.095
190.116
190.137
190.157
190.178
190.198
190.219
190.24
190.26
190.281
190.302
190.322
190.343
190.364
190.384
190.405
190.425
190.446
190.467
190.487
190.508
190.529
190.549
190.57
190.591
190.611
190.632
190.652
190.673
190.694
190.714
190.735
190.756
190.776
190.797
190.818
190.838
190.859
190.88
190.9
190.921
190.941
190.962
190.983
191.003
191.024
191.045
191.065
191.086
191.107
191.127
191.148
191.169
191.189
191.21
191.231
191.251
191.272
191.293
191.313
191.334
191.354
191.375
191.396
191.416
191.437
191.458
191.478
191.499
191.52
191.54
191.561
191.582
191.602
191.623
191.644
191.664
191.685
191.706
191.726
191.747
191.768
191.788
191.809
191.83
191.85
191.871
191.892
191.912
191.933
191.954
191.974
191.995
192.016
192.036
192.057
192.078
192.098
192.119
192.14
192.16
192.181
192.202
192.222
192.243
192.264
192.284
192.305
192.326
192.346
192.367
192.388
192.408
192.429
192.45
192.47
192.491
192.512
192.532
192.553
192.574
192.594
192.615
192.636
192.657
192.677
192.698
192.719
192.739
192.76
192.781
192.801
192.822
192.843
192.863
192.884
192.905
192.925
192.946
192.967
192.987
193.008
193.029
193.05
193.07
193.091
193.112
193.132
193.153
193.174
193.194
193.215
193.236
193.256
193.277
193.298
193.319
193.339
193.36
193.381
193.401
193.422
193.443
193.463
193.484
193.505
193.525
193.546
193.567
193.588
193.608
193.629
193.65
193.67
193.691
193.712
193.732
193.753
193.774
193.795
193.815
193.836
193.857
193.877
193.898
193.919
193.94
193.96
193.981
194.002
194.022
194.043
194.064
194.084
194.105
194.126
194.147
194.167
194.188
194.209
194.229
194.25
194.271
194.292
194.312
194.333
194.354
194.374
194.395
194.416
194.437
194.457
194.478
194.499
194.519
194.54
194.561
194.582
194.602
194.623
194.644
194.665
194.685
194.706
194.727
194.747
194.768
194.789
194.81
194.83
194.851
194.872
194.892
194.913
194.934
194.955
194.975
194.996
195.017
195.038
195.058
195.079
195.1
195.121
195.141
195.162
195.183
195.203
195.224
195.245
195.266
195.286
195.307
195.328
195.349
195.369
195.39
195.411
195.432
195.452
195.473
195.494
195.514
195.535
195.556
195.577
195.597
195.618
195.639
195.66
195.68
195.701
195.722
195.743
195.763
195.784
195.805
195.826
195.846
195.867
195.888
195.909
195.929
195.95
195.971
195.992
196.012
196.033
196.054
196.075
196.095
196.116
196.137
196.158
196.178
196.199
196.22
196.241
196.261
196.282
196.303
196.324
196.344
196.365
196.386
196.407
196.427
196.448
196.469
196.49
196.511
196.531
196.552
196.573
196.594
196.614
196.635
196.656
196.677
196.697
196.718
196.739
196.76
196.78
196.801
196.822
196.843
196.864
196.884
196.905
196.926
196.947
196.967
196.988
197.009
197.03
197.05
197.071
197.092
197.113
197.134
197.154
197.175
197.196
197.217
197.237
197.258
197.279
197.3
197.321
197.341
197.362
197.383
197.404
197.424
197.445
197.466
197.487
197.508
197.528
197.549
197.57
197.591
197.611
197.632
197.653
197.674
197.695
197.715
197.736
197.757
197.778
197.799
197.819
197.84
197.861
197.882
197.903
197.923
197.944
197.965
197.986
198.006
198.027
198.048
198.069
198.09
198.11
198.131
198.152
198.173
198.194
198.214
198.235
198.256
198.277
198.298
198.318
198.339
198.36
198.381
198.402
198.422
198.443
198.464
198.485
198.506
198.526
198.547
198.568
198.589
198.61
198.63
198.651
198.672
198.693
198.714
198.734
198.755
198.776
198.797
198.818
198.839
198.859
198.88
198.901
198.922
198.943
198.963
198.984
199.005
199.026
199.047
199.067
199.088
199.109
199.13
199.151
199.172
199.192
199.213
199.234
199.255
199.276
199.296
199.317
199.338
199.359
199.38
199.401
199.421
199.442
199.463
199.484
199.505
199.525
199.546
199.567
199.588
199.609
199.63
199.65
199.671
199.692
199.713
199.734
199.755
199.775
199.796
199.817
199.838
199.859
199.88
199.9
199.921
199.942
199.963
199.984
200.005
200.025
200.046
200.067
200.088
200.109
200.13
200.15
200.171
200.192
200.213
200.234
200.255
200.275
200.296
200.317
200.338
200.359
200.38
200.4
200.421
200.442
200.463
200.484
200.505
200.525
200.546
200.567
200.588
200.609
200.63
200.651
200.671
200.692
200.713
200.734
200.755
200.776
200.796
200.817
200.838
200.859
200.88
200.901
200.922
200.942
200.963
200.984
201.005
201.026
201.047
201.068
201.088
201.109
201.13
201.151
201.172
201.193
201.214
201.234
201.255
201.276
201.297
201.318
201.339
201.36
201.38
201.401
201.422
201.443
201.464
201.485
201.506
201.526
201.547
201.568
201.589
201.61
201.631
201.652
201.672
201.693
201.714
201.735
201.756
201.777
201.798
201.818
201.839
201.86
201.881
201.902
201.923
201.944
201.965
201.985
202.006
202.027
202.048
202.069
202.09
202.111
202.132
202.152
202.173
202.194
202.215
202.236
202.257
202.278
202.299
202.319
202.34
202.361
202.382
202.403
202.424
202.445
202.466
202.486
202.507
202.528
202.549
202.57
202.591
202.612
202.633
202.653
202.674
202.695
202.716
202.737
202.758
202.779
202.8
202.821
202.841
202.862
202.883
202.904
202.925
202.946
202.967
202.988
203.009
203.029
203.05
203.071
203.092
203.113
203.134
203.155
203.176
203.197
203.217
203.238
203.259
203.28
203.301
203.322
203.343
203.364
203.385
203.406
203.426
203.447
203.468
203.489
203.51
203.531
203.552
203.573
203.594
203.615
203.635
203.656
203.677
203.698
203.719
203.74
203.761
203.782
203.803
203.824
203.845
203.865
203.886
203.907
203.928
203.949
203.97
203.991
204.012
204.033
204.054
204.075
204.095
204.116
204.137
204.158
204.179
204.2
204.221
204.242
204.263
204.284
204.305
204.325
204.346
204.367
204.388
204.409
204.43
204.451
204.472
204.493
204.514
204.535
204.556
204.577
204.597
204.618
204.639
204.66
204.681
204.702
204.723
204.744
204.765
204.786
204.807
204.828
204.849
204.869
204.89
204.911
204.932
204.953
204.974
204.995
205.016
205.037
205.058
205.079
205.1
205.121
205.142
205.162
205.183
205.204
205.225
205.246
205.267
205.288
205.309
205.33
205.351
205.372
205.393
205.414
205.435
205.456
205.477
205.497
205.518
205.539
205.56
205.581
205.602
205.623
205.644
205.665
205.686
205.707
205.728
205.749
205.77
205.791
205.812
205.833
205.854
205.874
205.895
205.916
205.937
205.958
205.979
206
206.021
206.042
206.063
206.084
206.105
206.126
206.147
206.168
206.189
206.21
206.231
206.252
206.273
206.294
206.315
206.335
206.356
206.377
206.398
206.419
206.44
206.461
206.482
206.503
206.524
206.545
206.566
206.587
206.608
206.629
206.65
206.671
206.692
206.713
206.734
206.755
206.776
206.797
206.818
206.839
206.86
206.881
206.901
206.922
206.943
206.964
206.985
207.006
207.027
207.048
207.069
207.09
207.111
207.132
207.153
207.174
207.195
207.216
207.237
207.258
207.279
207.3
207.321
207.342
207.363
207.384
207.405
207.426
207.447
207.468
207.489
207.51
207.531
207.552
207.573
207.594
207.615
207.636
207.657
207.678
207.699
207.72
207.741
207.762
207.783
207.804
207.825
207.846
207.867
207.888
207.909
207.93
207.95
207.971
207.992
208.013
208.034
208.055
208.076
208.097
208.118
208.139
208.16
208.181
208.202
208.223
208.244
208.265
208.286
208.307
208.328
208.349
208.37
208.391
208.412
208.433
208.454
208.475
208.496
208.517
208.538
208.559
208.58
208.601
208.622
208.643
208.664
208.685
208.706
208.727
208.748
208.769
208.79
208.811
208.832
208.853
208.874
208.895
208.917
208.938
208.959
208.98
209.001
209.022
209.043
209.064
209.085
209.106
209.127
209.148
209.169
209.19
209.211
209.232
209.253
209.274
209.295
209.316
209.337
209.358
209.379
209.4
209.421
209.442
209.463
209.484
209.505
209.526
209.547
209.568
209.589
209.61
209.631
209.652
209.673
209.694
209.715
209.736
209.757
209.778
209.799
209.82
209.841
209.862
209.883
209.904
209.925
209.946
209.967
209.989
210.01
210.031
210.052
210.073
210.094
210.115
210.136
210.157
210.178
210.199
210.22
210.241
210.262
210.283
210.304
210.325
210.346
210.367
210.388
210.409
210.43
210.451
210.472
210.493
210.514
210.535
210.556
210.578
210.599
210.62
210.641
210.662
210.683
210.704
210.725
210.746
210.767
210.788
210.809
210.83
210.851
210.872
210.893
210.914
210.935
210.956
210.977
210.998
211.019
211.041
211.062
211.083
211.104
211.125
211.146
211.167
211.188
211.209
211.23
211.251
211.272
211.293
211.314
211.335
211.356
211.377
211.398
211.419
211.441
211.462
211.483
211.504
211.525
211.546
211.567
211.588
211.609
211.63
211.651
211.672
211.693
211.714
211.735
211.756
211.777
211.799
211.82
211.841
211.862
211.883
211.904
211.925
211.946
211.967
211.988
212.009
212.03
212.051
212.072
212.093
212.115
212.136
212.157
212.178
212.199
212.22
212.241
212.262
212.283
212.304
212.325
212.346
212.367
212.389
212.41
212.431
212.452
212.473
212.494
212.515
212.536
212.557
212.578
212.599
212.62
212.641
212.663
212.684
212.705
212.726
212.747
212.768
212.789
212.81
212.831
212.852
212.873
212.894
212.916
212.937
212.958
212.979
213
213.021
213.042
213.063
213.084
213.105
213.126
213.147
213.169
213.19
213.211
213.232
213.253
213.274
213.295
213.316
213.337
213.358
213.379
213.401
213.422
213.443
213.464
213.485
213.506
213.527
213.548
213.569
213.59
213.612
213.633
213.654
213.675
213.696
213.717
213.738
213.759
213.78
213.801
213.823
213.844
213.865
213.886
213.907
213.928
213.949
213.97
213.991
214.012
214.034
214.055
214.076
214.097
214.118
214.139
214.16
214.181
214.202
214.224
214.245
214.266
214.287
214.308
214.329
214.35
214.371
214.392
214.414
214.435
214.456
214.477
214.498
214.519
214.54
214.561
214.582
214.604
214.625
214.646
214.667
214.688
214.709
214.73
214.751
214.773
214.794
214.815
214.836
214.857
214.878
214.899
214.92
214.942
214.963
214.984
215.005
215.026
215.047
215.068
215.089
215.111
215.132
215.153
215.174
215.195
215.216
215.237
215.258
215.28
215.301
215.322
215.343
215.364
215.385
215.406
215.427
215.449
215.47
215.491
215.512
215.533
215.554
215.575
215.597
215.618
215.639
215.66
215.681
215.702
215.723
215.745
215.766
215.787
215.808
215.829
215.85
215.871
215.893
215.914
215.935
215.956
215.977
215.998
216.019
216.041
216.062
216.083
216.104
216.125
216.146
216.167
216.189
216.21
216.231
216.252
216.273
216.294
216.315
216.337
216.358
216.379
216.4
216.421
216.442
216.464
216.485
216.506
216.527
216.548
216.569
216.59
216.612
216.633
216.654
216.675
216.696
216.717
216.739
216.76
216.781
216.802
216.823
216.844
216.865
216.887
216.908
216.929
216.95
216.971
216.992
217.014
217.035
217.056
217.077
217.098
217.119
217.141
217.162
217.183
217.204
217.225
217.246
217.268
217.289
217.31
217.331
217.352
217.373
217.395
217.416
217.437
217.458
217.479
217.5
217.522
217.543
217.564
217.585
217.606
217.628
217.649
217.67
217.691
217.712
217.733
217.755
217.776
217.797
217.818
217.839
217.86
217.882
217.903
217.924
217.945
217.966
217.988
218.009
218.03
218.051
218.072
218.093
218.115
218.136
218.157
218.178
218.199
218.221
218.242
218.263
218.284
218.305
218.327
218.348
218.369
218.39
218.411
218.432
218.454
218.475
218.496
218.517
218.538
218.56
218.581
218.602
218.623
218.644
218.666
218.687
218.708
218.729
218.75
218.772
218.793
218.814
218.835
218.856
218.878
218.899
218.92
218.941
218.962
218.984
219.005
219.026
219.047
219.068
219.09
219.111
219.132
219.153
219.174
219.196
219.217
219.238
219.259
219.28
219.302
219.323
219.344
219.365
219.386
219.408
219.429
219.45
219.471
219.492
219.514
219.535
219.556
219.577
219.599
219.62
219.641
219.662
219.683
219.705
219.726
219.747
219.768
219.789
219.811
219.832
219.853
219.874
219.896
219.917
219.938
219.959
219.98
220.002
220.023
220.044
220.065
220.087
220.108
220.129
220.15
220.171
220.193
220.214
220.235
220.256
220.278
220.299
220.32
220.341
220.362
220.384
220.405
220.426
220.447
220.469
220.49
220.511
220.532
220.553
220.575
220.596
220.617
220.638
220.66
220.681
220.702
220.723
220.745
220.766
220.787
220.808
220.83
220.851
220.872
220.893
220.914
220.936
220.957
220.978
220.999
221.021
221.042
221.063
221.084
221.106
221.127
221.148
221.169
221.191
221.212
221.233
221.254
221.276
221.297
221.318
221.339
221.36
221.382
221.403
221.424
221.445
221.467
221.488
221.509
221.53
221.552
221.573
221.594
221.615
221.637
221.658
221.679
221.7
221.722
221.743
221.764
221.785
221.807
221.828
221.849
221.87
221.892
221.913
221.934
221.955
221.977
221.998
222.019
222.041
222.062
222.083
222.104
222.126
222.147
222.168
222.189
222.211
222.232
222.253
222.274
222.296
222.317
222.338
222.359
222.381
222.402
222.423
222.444
222.466
222.487
222.508
222.53
222.551
222.572
222.593
222.615
222.636
222.657
222.678
222.7
222.721
222.742
222.763
222.785
222.806
222.827
222.849
222.87
222.891
222.912
222.934
222.955
222.976
222.997
223.019
223.04
223.061
223.083
223.104
223.125
223.146
223.168
223.189
223.21
223.231
223.253
223.274
223.295
223.317
223.338
223.359
223.38
223.402
223.423
223.444
223.466
223.487
223.508
223.529
223.551
223.572
223.593
223.615
223.636
223.657
223.678
223.7
223.721
223.742
223.764
223.785
223.806
223.827
223.849
223.87
223.891
223.913
223.934
223.955
223.976
223.998
224.019
224.04
224.062
224.083
224.104
224.126
224.147
224.168
224.189
224.211
224.232
224.253
224.275
224.296
224.317
224.338
224.36
224.381
224.402
224.424
224.445
224.466
224.488
224.509
224.53
224.552
224.573
224.594
224.615
224.637
224.658
224.679
224.701
224.722
224.743
224.765
224.786
224.807
224.828
224.85
224.871
224.892
224.914
224.935
224.956
224.978
224.999
225.02
225.042
225.063
225.084
225.106
225.127
225.148
225.169
225.191
225.212
225.233
225.255
225.276
225.297
225.319
225.34
225.361
225.383
225.404
225.425
225.447
225.468
225.489
225.511
225.532
225.553
225.574
225.596
225.617
225.638
225.66
225.681
225.702
225.724
225.745
225.766
225.788
225.809
225.83
225.852
225.873
225.894
225.916
225.937
225.958
225.98
226.001
226.022
226.044
226.065
226.086
226.108
226.129
226.15
226.172
226.193
226.214
226.236
226.257
226.278
226.3
226.321
226.342
226.364
226.385
226.406
226.428
226.449
226.47
226.492
226.513
226.534
226.556
226.577
226.598
226.62
226.641
226.662
226.684
226.705
226.726
226.748
226.769
226.79
226.812
226.833
226.854
226.876
226.897
226.919
226.94
226.961
226.983
227.004
227.025
227.047
227.068
227.089
227.111
227.132
227.153
227.175
227.196
227.217
227.239
227.26
227.281
227.303
227.324
227.346
227.367
227.388
227.41
227.431
227.452
227.474
227.495
227.516
227.538
227.559
227.58
227.602
227.623
227.645
227.666
227.687
227.709
227.73
227.751
227.773
227.794
227.815
227.837
227.858
227.879
227.901
227.922
227.944
227.965
227.986
228.008
228.029
228.05
228.072
228.093
228.115
228.136
228.157
228.179
228.2
228.221
228.243
228.264
228.285
228.307
228.328
228.35
228.371
228.392
228.414
228.435
228.456
228.478
228.499
228.521
228.542
228.563
228.585
228.606
228.627
228.649
228.67
228.692
228.713
228.734
228.756
228.777
228.798
228.82
228.841
228.863
228.884
228.905
228.927
228.948
228.97
228.991
229.012
229.034
229.055
229.076
229.098
229.119
229.141
229.162
229.183
229.205
229.226
229.248
229.269
229.29
229.312
229.333
229.354
229.376
229.397
229.419
229.44
229.461
229.483
229.504
229.526
229.547
229.568
229.59
229.611
229.633
229.654
229.675
229.697
229.718
229.74
229.761
229.782
229.804
229.825
229.847
229.868
229.889
229.911
229.932
229.954
229.975
229.996
230.018
230.039
230.061
230.082
230.103
230.125
230.146
230.168
230.189
230.21
230.232
230.253
230.275
230.296
230.317
230.339
230.36
230.382
230.403
230.424
230.446
230.467
230.489
230.51
230.532
230.553
230.574
230.596
230.617
230.639
230.66
230.681
230.703
230.724
230.746
230.767
230.789
230.81
230.831
230.853
230.874
230.896
230.917
230.938
230.96
230.981
231.003
231.024
231.046
231.067
231.088
231.11
231.131
231.153
231.174
231.195
231.217
231.238
231.26
231.281
231.303
231.324
231.345
231.367
231.388
231.41
231.431
231.453
231.474
231.495
231.517
231.538
231.56
231.581
231.603
231.624
231.645
231.667
231.688
231.71
231.731
231.753
231.774
231.795
231.817
231.838
231.86
231.881
231.903
231.924
231.946
231.967
231.988
232.01
232.031
232.053
232.074
232.096
232.117
232.138
232.16
232.181
232.203
232.224
232.246
232.267
232.289
232.31
232.331
232.353
232.374
232.396
232.417
232.439
232.46
232.482
232.503
232.524
232.546
232.567
232.589
232.61
232.632
232.653
232.675
232.696
232.718
232.739
232.76
232.782
232.803
232.825
232.846
232.868
232.889
232.911
232.932
232.954
232.975
232.996
233.018
233.039
233.061
233.082
233.104
233.125
233.147
233.168
233.19
233.211
233.232
233.254
233.275
233.297
233.318
233.34
233.361
233.383
233.404
233.426
233.447
233.469
233.49
233.511
233.533
233.554
233.576
233.597
233.619
233.64
233.662
233.683
233.705
233.726
233.748
233.769
233.791
233.812
233.833
233.855
233.876
233.898
233.919
233.941
233.962
233.984
234.005
234.027
234.048
234.07
234.091
234.113
234.134
234.156
234.177
234.199
234.22
234.241
234.263
234.284
234.306
234.327
234.349
234.37
234.392
234.413
234.435
234.456
234.478
234.499
234.521
234.542
234.564
234.585
234.607
234.628
234.65
234.671
234.693
234.714
234.736
234.757
234.779
234.8
234.822
234.843
234.864
234.886
234.907
234.929
234.95
234.972
234.993
235.015
235.036
235.058
235.079
235.101
235.122
235.144
235.165
235.187
235.208
235.23
235.251
235.273
235.294
235.316
235.337
235.359
235.38
235.402
235.423
235.445
235.466
235.488
235.509
235.531
235.552
235.574
235.595
235.617
235.638
235.66
235.681
235.703
235.724
235.746
235.767
235.789
235.81
235.832
235.853
235.875
235.896
235.918
235.939
235.961
235.982
236.004
236.025
236.047
236.068
236.09
236.111
236.133
236.154
236.176
236.198
236.219
236.241
236.262
236.284
236.305
236.327
236.348
236.37
236.391
236.413
236.434
236.456
236.477
236.499
236.52
236.542
236.563
236.585
236.606
236.628
236.649
236.671
236.692
236.714
236.735
236.757
236.778
236.8
236.822
236.843
236.865
236.886
236.908
236.929
236.951
236.972
236.994
237.015
237.037
237.058
237.08
237.101
237.123
237.144
237.166
237.187
237.209
237.231
237.252
237.274
237.295
237.317
237.338
237.36
237.381
237.403
237.424
237.446
237.467
237.489
237.51
237.532
237.554
237.575
237.597
237.618
237.64
237.661
237.683
237.704
237.726
237.747
237.769
237.79
237.812
237.833
237.855
237.877
237.898
237.92
237.941
237.963
237.984
238.006
238.027
238.049
238.07
238.092
238.114
238.135
238.157
238.178
238.2
238.221
238.243
238.264
238.286
238.307
238.329
238.351
238.372
238.394
238.415
238.437
238.458
238.48
238.501
238.523
238.545
238.566
238.588
238.609
238.631
238.652
238.674
238.695
238.717
238.739
238.76
238.782
238.803
238.825
238.846
238.868
238.889
238.911
238.933
238.954
238.976
238.997
239.019
239.04
239.062
239.083
239.105
239.127
239.148
239.17
239.191
239.213
239.234
239.256
239.278
239.299
239.321
239.342
239.364
239.385
239.407
239.429
239.45
239.472
239.493
239.515
239.536
239.558
239.579
239.601
239.623
239.644
239.666
239.687
239.709
239.73
239.752
239.774
239.795
239.817
239.838
239.86
239.882
239.903
239.925
239.946
239.968
239.989
240.011
240.033
240.054
240.076
240.097
240.119
240.14
240.162
240.184
240.205
240.227
240.248
240.27
240.292
240.313
240.335
240.356
240.378
240.399
240.421
240.443
240.464
240.486
240.507
240.529
240.551
240.572
240.594
240.615
240.637
240.658
240.68
240.702
240.723
240.745
240.766
240.788
240.81
240.831
240.853
240.874
240.896
240.918
240.939
240.961
240.982
241.004
241.026
241.047
241.069
241.09
241.112
241.134
241.155
241.177
241.198
241.22
241.242
241.263
241.285
241.306
241.328
241.35
241.371
241.393
241.414
241.436
241.458
241.479
241.501
241.522
241.544
241.566
241.587
241.609
241.63
241.652
241.674
241.695
241.717
241.738
241.76
241.782
241.803
241.825
241.846
241.868
241.89
241.911
241.933
241.954
241.976
241.998
242.019
242.041
242.063
242.084
242.106
242.127
242.149
242.171
242.192
242.214
242.235
242.257
242.279
242.3
242.322
242.344
242.365
242.387
242.408
242.43
242.452
242.473
242.495
242.517
242.538
242.56
242.581
242.603
242.625
242.646
242.668
242.689
242.711
242.733
242.754
242.776
242.798
242.819
242.841
242.862
242.884
242.906
242.927
242.949
242.971
242.992
243.014
243.035
243.057
243.079
243.1
243.122
243.144
243.165
243.187
243.209
243.23
243.252
243.273
243.295
243.317
243.338
243.36
243.382
243.403
243.425
243.447
243.468
243.49
243.511
243.533
243.555
243.576
243.598
243.62
243.641
243.663
243.685
243.706
243.728
243.749
243.771
243.793
243.814
243.836
243.858
243.879
243.901
243.923
243.944
243.966
243.988
244.009
244.031
244.052
244.074
244.096
244.117
244.139
244.161
244.182
244.204
244.226
244.247
244.269
244.291
244.312
244.334
244.356
244.377
244.399
244.42
244.442
244.464
244.485
244.507
244.529
244.55
244.572
244.594
244.615
244.637
244.659
244.68
244.702
244.724
244.745
244.767
244.789
244.81
244.832
244.854
244.875
244.897
244.919
244.94
244.962
244.984
245.005
245.027
245.049
245.07
245.092
245.114
245.135
245.157
245.178
245.2
245.222
245.243
245.265
245.287
245.308
245.33
245.352
245.373
245.395
245.417
245.438
245.46
245.482
245.503
245.525
245.547
245.569
245.59
245.612
245.634
245.655
245.677
245.699
245.72
245.742
245.764
245.785
245.807
245.829
245.85
245.872
245.894
245.915
245.937
245.959
245.98
246.002
246.024
246.045
246.067
246.089
246.11
246.132
246.154
246.175
246.197
246.219
246.24
246.262
246.284
246.306
246.327
246.349
246.371
246.392
246.414
246.436
246.457
246.479
246.501
246.522
246.544
246.566
246.587
246.609
246.631
246.652
246.674
246.696
246.718
246.739
246.761
246.783
246.804
246.826
246.848
246.869
246.891
246.913
246.934
246.956
246.978
247
247.021
247.043
247.065
247.086
247.108
247.13
247.151
247.173
247.195
247.216
247.238
247.26
247.282
247.303
247.325
247.347
247.368
247.39
247.412
247.433
247.455
247.477
247.499
247.52
247.542
247.564
247.585
247.607
247.629
247.651
247.672
247.694
247.716
247.737
247.759
247.781
247.802
247.824
247.846
247.868
247.889
247.911
247.933
247.954
247.976
247.998
248.02
248.041
248.063
248.085
248.106
248.128
248.15
248.172
248.193
248.215
248.237
248.258
248.28
248.302
248.324
248.345
248.367
248.389
248.41
248.432
248.454
248.476
248.497
248.519
248.541
248.562
248.584
248.606
248.628
248.649
248.671
248.693
248.714
248.736
248.758
248.78
248.801
248.823
248.845
248.867
248.888
248.91
248.932
248.953
248.975
248.997
249.019
249.04
249.062
249.084
249.106
249.127
249.149
249.171
249.192
249.214
249.236
249.258
249.279
249.301
249.323
249.345
249.366
249.388
249.41
249.432
249.453
249.475
249.497
249.518
249.54
249.562
249.584
249.605
249.627
249.649
249.671
249.692
249.714
249.736
249.758
249.779
249.801
249.823
249.845
249.866
249.888
249.91
249.932
249.953
249.975
249.997
250.018
250.04
250.062
250.084
250.105
250.127
250.149
250.171
250.192
250.214
250.236
250.258
250.279
250.301
250.323
250.345
250.366
250.388
250.41
250.432
250.453
250.475
250.497
250.519
250.54
250.562
250.584
250.606
250.627
250.649
250.671
250.693
250.714
250.736
250.758
250.78
250.801
250.823
250.845
250.867
250.889
250.91
250.932
250.954
250.976
250.997
251.019
251.041
251.063
251.084
251.106
251.128
251.15
251.171
251.193
251.215
251.237
251.258
251.28
251.302
251.324
251.346
251.367
251.389
251.411
251.433
251.454
251.476
251.498
251.52
251.541
251.563
251.585
251.607
251.628
251.65
251.672
251.694
251.716
251.737
251.759
251.781
251.803
251.824
251.846
251.868
251.89
251.912
251.933
251.955
251.977
251.999
252.02
252.042
252.064
252.086
252.108
252.129
252.151
252.173
252.195
252.216
252.238
252.26
252.282
252.304
252.325
252.347
252.369
252.391
252.412
252.434
252.456
252.478
252.5
252.521
252.543
252.565
252.587
252.608
252.63
252.652
252.674
252.696
252.717
252.739
252.761
252.783
252.805
252.826
252.848
252.87
252.892
252.914
252.935
252.957
252.979
253.001
253.022
253.044
253.066
253.088
253.11
253.131
253.153
253.175
253.197
253.219
253.24
253.262
253.284
253.306
253.328
253.349
253.371
253.393
253.415
253.437
253.458
253.48
253.502
253.524
253.546
253.567
253.589
253.611
253.633
253.655
253.676
253.698
253.72
253.742
253.764
253.785
253.807
253.829
253.851
253.873
253.894
253.916
253.938
253.96
253.982
254.003
254.025
254.047
254.069
254.091
254.113
254.134
254.156
254.178
254.2
254.222
254.243
254.265
254.287
254.309
254.331
254.352
254.374
254.396
254.418
254.44
254.462
254.483
254.505
254.527
254.549
254.571
254.592
254.614
254.636
254.658
254.68
254.701
254.723
254.745
254.767
254.789
254.811
254.832
254.854
254.876
254.898
254.92
254.942
254.963
254.985
255.007
255.029
255.051
255.072
255.094
255.116
255.138
255.16
255.182
255.203
255.225
255.247
255.269
255.291
255.313
255.334
255.356
255.378
255.4
255.422
255.444
255.465
255.487
255.509
255.531
255.553
255.575
255.596
255.618
255.64
255.662
255.684
255.706
255.727
255.749
255.771
255.793
255.815
255.837
255.858
255.88
255.902
255.924
255.946
255.968
255.989
256.011
256.033
256.055
256.077
256.099
256.12
256.142
256.164
256.186
256.208
256.23
256.251
256.273
256.295
256.317
256.339
256.361
256.383
256.404
256.426
256.448
256.47
256.492
256.514
256.535
256.557
256.579
256.601
256.623
256.645
256.667
256.688
256.71
256.732
256.754
256.776
256.798
256.819
256.841
256.863
256.885
256.907
256.929
256.951
256.972
256.994
257.016
257.038
257.06
257.082
257.104
257.125
257.147
257.169
257.191
257.213
257.235
257.257
257.278
257.3
257.322
257.344
257.366
257.388
257.41
257.431
257.453
257.475
257.497
257.519
257.541
257.563
257.584
257.606
257.628
257.65
257.672
257.694
257.716
257.738
257.759
257.781
257.803
257.825
257.847
257.869
257.891
257.912
257.934
257.956
257.978
258
258.022
258.044
258.066
258.087
258.109
258.131
258.153
258.175
258.197
258.219
258.24
258.262
258.284
258.306
258.328
258.35
258.372
258.394
258.415
258.437
258.459
258.481
258.503
258.525
258.547
258.569
258.59
258.612
258.634
258.656
258.678
258.7
258.722
258.744
258.766
258.787
258.809
258.831
258.853
258.875
258.897
258.919
258.941
258.962
258.984
259.006
259.028
259.05
259.072
259.094
259.116
259.138
259.159
259.181
259.203
259.225
259.247
259.269
259.291
259.313
259.335
259.356
259.378
259.4
259.422
259.444
259.466
259.488
259.51
259.532
259.553
259.575
259.597
259.619
259.641
259.663
259.685
259.707
259.729
259.75
259.772
259.794
259.816
259.838
259.86
259.882
259.904
259.926
259.948
259.969
259.991
260.013
260.035
260.057
260.079
260.101
260.123
260.145
260.167
260.188
260.21
260.232
260.254
260.276
260.298
260.32
260.342
260.364
260.386
260.407
260.429
260.451
260.473
260.495
260.517
260.539
260.561
260.583
260.605
260.627
260.648
260.67
260.692
260.714
260.736
260.758
260.78
260.802
260.824
260.846
260.868
260.889
260.911
260.933
260.955
260.977
260.999
261.021
261.043
261.065
261.087
261.109
261.131
261.152
261.174
261.196
261.218
261.24
261.262
261.284
261.306
261.328
261.35
261.372
261.394
261.415
261.437
261.459
261.481
261.503
261.525
261.547
261.569
261.591
261.613
261.635
261.657
261.679
261.7
261.722
261.744
261.766
261.788
261.81
261.832
261.854
261.876
261.898
261.92
261.942
261.964
261.986
262.007
262.029
262.051
262.073
262.095
262.117
262.139
262.161
262.183
262.205
262.227
262.249
262.271
262.293
262.314
262.336
262.358
262.38
262.402
262.424
262.446
262.468
262.49
262.512
262.534
262.556
262.578
262.6
262.622
262.644
262.665
262.687
262.709
262.731
262.753
262.775
262.797
262.819
262.841
262.863
262.885
262.907
262.929
262.951
262.973
262.995
263.017
263.038
263.06
263.082
263.104
263.126
263.148
263.17
263.192
263.214
263.236
263.258
263.28
263.302
263.324
263.346
263.368
263.39
263.412
263.434
263.455
263.477
263.499
263.521
263.543
263.565
263.587
263.609
263.631
263.653
263.675
263.697
263.719
263.741
263.763
263.785
263.807
263.829
263.851
263.873
263.895
263.916
263.938
263.96
263.982
264.004
264.026
264.048
264.07
264.092
264.114
264.136
264.158
264.18
264.202
264.224
264.246
264.268
264.29
264.312
264.334
264.356
264.378
264.4
264.422
264.444
264.465
264.487
264.509
264.531
264.553
264.575
264.597
264.619
264.641
264.663
264.685
264.707
264.729
264.751
264.773
264.795
264.817
264.839
264.861
264.883
264.905
264.927
264.949
264.971
264.993
265.015
265.037
265.059
265.081
265.103
265.125
265.147
265.168
265.19
265.212
265.234
265.256
265.278
265.3
265.322
265.344
265.366
265.388
265.41
265.432
265.454
265.476
265.498
265.52
265.542
265.564
265.586
265.608
265.63
265.652
265.674
265.696
265.718
265.74
265.762
265.784
265.806
265.828
265.85
265.872
265.894
265.916
265.938
265.96
265.982
266.004
266.026
266.048
266.07
266.092
266.114
266.136
266.158
266.18
266.202
266.224
266.246
266.268
266.29
266.312
266.334
266.356
266.378
266.399
266.421
266.443
266.465
266.487
266.509
266.531
266.553
266.575
266.597
266.619
266.641
266.663
266.685
266.707
266.729
266.751
266.773
266.795
266.817
266.839
266.861
266.883
266.905
266.927
266.949
266.971
266.993
267.015
267.037
267.059
267.081
267.103
267.125
267.147
267.169
267.191
267.213
267.235
267.257
267.279
267.301
267.323
267.345
267.367
267.389
267.411
267.433
267.455
267.477
267.499
267.521
267.543
267.565
267.587
267.609
267.631
267.653
267.675
267.697
267.719
267.741
267.763
267.785
267.807
267.829
267.852
267.874
267.896
267.918
267.94
267.962
267.984
268.006
268.028
268.05
268.072
268.094
268.116
268.138
268.16
268.182
268.204
268.226
268.248
268.27
268.292
268.314
268.336
268.358
268.38
268.402
268.424
268.446
268.468
268.49
268.512
268.534
268.556
268.578
268.6
268.622
268.644
268.666
268.688
268.71
268.732
268.754
268.776
268.798
268.82
268.842
268.864
268.886
268.908
268.93
268.952
268.974
268.996
269.018
269.04
269.062
269.084
269.106
269.129
269.151
269.173
269.195
269.217
269.239
269.261
269.283
269.305
269.327
269.349
269.371
269.393
269.415
269.437
269.459
269.481
269.503
269.525
269.547
269.569
269.591
269.613
269.635
269.657
269.679
269.701
269.723
269.745
269.767
269.789
269.811
269.833
269.856
269.878
269.9
269.922
269.944
269.966
269.988
270.01
270.032
270.054
270.076
270.098
270.12
270.142
270.164
270.186
270.208
270.23
270.252
270.274
270.296
270.318
270.34
270.362
270.384
270.406
270.428
270.451
270.473
270.495
270.517
270.539
270.561
270.583
270.605
270.627
270.649
270.671
270.693
270.715
270.737
270.759
270.781
270.803
270.825
270.847
270.869
270.891
270.913
270.935
270.958
270.98
271.002
271.024
271.046
271.068
271.09
271.112
271.134
271.156
271.178
271.2
271.222
271.244
271.266
271.288
271.31
271.332
271.354
271.376
271.399
271.421
271.443
271.465
271.487
271.509
271.531
271.553
271.575
271.597
271.619
271.641
271.663
271.685
271.707
271.729
271.751
271.773
271.795
271.818
271.84
271.862
271.884
271.906
271.928
271.95
271.972
271.994
272.016
272.038
272.06
272.082
272.104
272.126
272.148
272.17
272.193
272.215
272.237
272.259
272.281
272.303
272.325
272.347
272.369
272.391
272.413
272.435
272.457
272.479
272.501
272.523
272.546
272.568
272.59
272.612
272.634
272.656
272.678
272.7
272.722
272.744
272.766
272.788
272.81
272.832
272.854
272.877
272.899
272.921
272.943
272.965
272.987
273.009
273.031
273.053
273.075
273.097
273.119
273.141
273.163
273.185
273.208
273.23
273.252
273.274
273.296
273.318
273.34
273.362
273.384
273.406
273.428
273.45
273.472
273.494
273.517
273.539
273.561
273.583
273.605
273.627
273.649
273.671
273.693
273.715
273.737
273.759
273.781
273.804
273.826
273.848
273.87
273.892
273.914
273.936
273.958
273.98
274.002
274.024
274.046
274.068
274.091
274.113
274.135
274.157
274.179
274.201
274.223
274.245
274.267
274.289
274.311
274.333
274.355
274.378
274.4
274.422
274.444
274.466
274.488
274.51
274.532
274.554
274.576
274.598
274.62
274.643
274.665
274.687
274.709
274.731
274.753
274.775
274.797
274.819
274.841
274.863
274.885
274.908
274.93
274.952
274.974
274.996
275.018
275.04
275.062
275.084
275.106
275.128
275.151
275.173
275.195
275.217
275.239
275.261
275.283
275.305
275.327
275.349
275.371
275.393
275.416
275.438
275.46
275.482
275.504
275.526
275.548
275.57
275.592
275.614
275.636
275.659
275.681
275.703
275.725
275.747
275.769
275.791
275.813
275.835
275.857
275.879
275.902
275.924
275.946
275.968
275.99
276.012
276.034
276.056
276.078
276.1
276.122
276.144
276.167
276.189
276.211
276.233
276.255
276.277
276.299
276.321
276.343
276.365
276.387
276.41
276.432
276.454
276.476
276.498
276.52
276.542
276.564
276.586
276.608
276.63
276.653
276.675
276.697
276.719
276.741
276.763
276.785
276.807
276.829
276.851
276.873
276.895
276.918
276.94
276.962
276.984
277.006
277.028
277.05
277.072
277.094
277.116
277.138
277.16
277.182
277.205
277.227
277.249
277.271
277.293
277.315
277.337
277.359
277.381
277.403
277.425
277.447
277.469
277.491
277.513
277.535
277.558
277.58
277.602
277.624
277.646
277.668
277.69
277.712
277.734
277.756
277.778
277.8
277.822
277.844
277.866
277.888
277.91
277.932
277.954
277.976
277.998
278.02
278.042
278.064
278.086
278.108
278.13
278.152
278.174
278.196
278.218
278.24
278.262
278.284
278.306
278.328
278.35
278.372
278.394
278.416
278.438
278.46
278.482
278.504
278.526
278.548
278.57
278.592
278.614
278.636
278.658
278.68
278.702
278.723
278.745
278.767
278.789
278.811
278.833
278.855
278.877
278.898
278.92
278.942
278.964
278.986
279.008
279.029
279.051
279.073
279.095
279.117
279.138
279.16
279.182
279.204
279.226
279.247
279.269
279.291
279.312
279.334
279.356
279.377
279.399
279.421
279.442
279.464
279.486
279.507
279.529
279.55
279.572
279.594
279.615
279.637
279.658
279.68
279.701
279.723
279.744
279.766
279.787
279.808
279.83
279.851
279.873
279.894
279.915
279.937
279.958
279.979
280
280.022
280.043
280.064
280.085
280.106
280.127
280.149
280.17
280.191
280.212
280.233
280.254
280.275
280.296
280.317
280.337
280.358
280.379
280.4
280.421
280.441
280.462
280.483
280.503
280.524
280.545
280.565
280.586
280.606
280.627
280.647
280.668
280.688
280.708
280.728
280.749
280.769
280.789
280.809
280.829
280.849
280.869
280.889
280.909
280.929
280.949
280.968
280.988
281.008
281.027
281.047
281.066
281.086
281.105
281.125
281.144
281.163
281.182
281.201
281.22
281.239
281.258
281.277
281.296
281.315
281.333
281.352
281.371
281.389
281.408
281.426
281.444
281.462
281.48
281.499
281.516
281.534
281.552
281.57
281.588
281.605
281.623
281.64
281.657
281.675
281.692
281.709
281.726
281.743
281.76
281.776
281.793
281.809
281.826
281.842
281.858
281.874
281.89
281.906
281.922
281.938
281.953
281.969
281.984
281.999
282.014
282.029
282.044
282.059
282.074
282.088
282.103
282.117
282.131
282.145
282.159
282.173
282.186
282.2
282.213
282.226
282.239
282.252
282.265
282.278
282.29
282.302
282.315
282.327
282.339
282.35
282.362
282.373
282.385
282.396
282.407
282.418
282.428
282.439
282.449
282.459
282.469
282.479
282.489
282.498
282.507
282.516
282.525
282.534
282.543
282.551
282.559
282.567
282.575
282.583
282.59
282.598
282.605
282.612
282.618
282.625
282.631
282.637
282.643
282.649
282.655
282.66
282.665
282.67
282.675
282.68
282.684
282.688
282.692
282.696
282.699
282.703
282.706
282.709
282.712
282.714
282.716
282.719
282.721
282.722
282.724
282.725
282.726
282.727
282.728
282.728
282.729
282.729
282.729
282.728
282.728
282.727
282.726
282.725
282.724
282.723
282.721
282.719
282.717
282.715
282.712
282.71
282.707
282.704
282.701
282.698
282.694
282.69
282.687
282.683
282.678
282.674
282.669
282.665
282.66
282.655
282.65
282.645
282.639
282.633
282.628
282.622
282.616
282.61
282.603
282.597
282.59
282.584
282.577
282.57
282.563
282.556
282.549
282.541
282.534
282.526
282.519
282.511
282.503
282.496
282.488
282.48
282.472
282.464
282.455
282.447
282.439
282.431
282.422
282.414
282.405
282.397
282.389
282.38
282.372
282.363
282.355
282.346
282.338
282.329
282.321
282.312
282.304
282.295
282.287
282.279
282.27
282.262
282.254
282.246
282.237
282.229
282.221
282.213
282.206
282.198
282.19
282.182
282.175
282.167
282.16
282.153
282.146
282.139
282.132
282.125
282.118
282.111
282.105
282.099
282.092
282.086
282.08
282.075
282.069
282.063
282.058
282.053
282.048
282.043
282.038
282.033
282.029
282.025
282.021
282.017
282.013
282.009
282.006
282.003
281.999
281.997
281.994
281.991
281.989
281.987
281.985
281.983
281.981
281.98
281.979
281.978
281.977
281.976
281.976
281.976
281.976
281.976
281.976
281.977
281.977
281.978
281.98
281.981
281.982
281.984
281.986
281.988
281.991
281.993
281.996
281.999
282.002
282.005
282.009
282.012
282.016
282.02
282.025
282.029
282.034
282.039
282.044
282.049
282.054
282.06
282.066
282.072
282.078
282.084
282.091
282.098
282.104
282.112
282.119
282.126
282.134
282.142
282.15
282.158
282.166
282.175
282.183
282.192
282.201
282.21
282.22
282.229
282.239
282.248
282.258
282.269
282.279
282.289
282.3
282.31
282.321
282.332
282.344
282.355
282.366
282.378
282.39
282.401
282.413
282.426
282.438
282.45
282.463
282.475
282.488
282.501
282.514
282.527
282.54
282.554
282.567
282.581
282.594
282.608
282.622
282.636
282.65
282.665
282.679
282.693
282.708
282.722
282.737
282.752
282.767
282.782
282.797
282.812
282.827
282.843
282.858
282.874
282.889
282.905
282.92
282.936
282.952
282.968
282.984
283
283.016
283.032
283.048
283.064
283.081
283.097
283.114
283.13
283.146
283.163
283.18
283.196
283.213
283.23
283.246
283.263
283.28
283.297
283.313
283.33
283.347
283.364
283.381
283.398
283.415
283.432
283.449
283.466
283.483
283.5
283.517
283.534
283.551
283.568
283.585
283.602
283.619
283.636
283.653
283.67
283.687
283.704
283.721
283.738
283.754
283.771
283.788
283.805
283.822
283.838
283.855
283.872
283.888
283.905
283.921
283.938
283.954
283.971
283.987
284.003
284.02
284.036
284.052
284.068
284.084
284.1
284.116
284.132
284.147
284.163
284.179
284.194
284.21
284.225
284.24
284.256
284.271
284.286
284.301
284.316
284.33
284.345
284.36
284.374
284.388
284.403
284.417
284.431
284.445
284.459
284.473
284.486
284.5
284.513
284.526
284.54
284.553
284.565
284.578
284.591
284.604
284.616
284.628
284.64
284.652
284.664
284.676
284.688
284.699
284.711
284.722
284.733
284.744
284.755
284.765
284.776
284.786
284.796
284.807
284.817
284.826
284.836
284.846
284.855
284.864
284.873
284.882
284.891
284.9
284.908
284.917
284.925
284.933
284.941
284.949
284.956
284.964
284.971
284.979
284.986
284.993
284.999
285.006
285.013
285.019
285.025
285.032
285.038
285.043
285.049
285.055
285.06
285.066
285.071
285.076
285.081
285.086
285.091
285.095
285.1
285.104
285.108
285.113
285.117
285.121
285.124
285.128
285.132
285.135
285.139
285.142
285.145
285.148
285.151
285.154
285.157
285.16
285.162
285.165
285.167
285.17
285.172
285.174
285.177
285.179
285.181
285.183
285.185
285.186
285.188
285.19
285.191
285.193
285.195
285.196
285.197
285.199
285.2
285.201
285.202
285.203
285.205
285.206
285.207
285.208
285.208
285.209
285.21
285.211
285.212
285.212
285.213
285.214
285.214
285.215
285.216
285.216
285.217
285.217
285.218
285.218
285.218
285.219
285.219
285.219
285.22
285.22
285.22
285.221
285.221
285.221
285.221
285.221
285.222
285.222
285.222
285.222
285.222
285.222
285.222
285.222
285.223
285.223
285.223
285.223
285.223
285.223
285.223
285.223
285.223
285.223
285.223
285.223
285.223
285.223
285.223
285.223
285.223
285.223
285.223
285.223
285.223
285.223
285.223
285.223
285.223
285.223
285.223
285.223
285.223
285.223
285.223
285.223
285.223
285.223
285.223
285.223
285.224
285.223
285.223
285.223
285.224
285.224
285.224
285.224
285.226
285.226
285.225
285.225
285.228
285.23
285.23
285.228
285.23
285.235
285.237
285.235
285.234
285.239
285.244
285.246
285.244
285.244
285.25
285.257
285.259
285.257
285.258
285.264
285.271
285.272
285.269
285.271
285.279
285.287
285.293
285.297
285.301
285.303
285.304
285.304
285.303
285.303
285.303
285.301
285.299
285.299
285.298
285.295
285.293
285.292
285.29
285.287
285.285
285.284
285.282
285.278
285.276
285.275
285.272
285.268
285.267
285.266
285.263
285.259
285.257
285.257
285.254
285.25
285.248
285.248
285.245
285.242
285.24
285.24
285.238
285.235
285.233
285.232
285.231
285.23
285.228
285.226
285.226
285.225
285.224
285.222
285.222
285.222
285.221
285.22
285.219
285.218
285.218
285.218
285.217
285.217
285.216
285.216
285.216
285.216
285.215
285.215
285.215
285.215
285.215
285.215
285.214
285.214
285.214
285.214
285.214
285.214
285.214
285.214
285.214
285.214
285.214
285.214
285.214
285.214
285.214
285.214
285.214
285.214
285.214
285.213
285.213
285.213
285.213
285.213
285.213
285.213
285.213
285.213
285.213
285.213
285.213
285.213
285.213
285.213
285.213
285.213
285.213
285.213
285.213
285.213
285.213
285.213
285.213
285.213
285.213
285.213
285.213
285.213
285.213
285.213
285.213
285.213
285.213
285.213
285.213
285.213
285.213
285.213
285.213
285.213
285.213
285.213
285.213
285.213
285.213
285.213
285.213
285.213
285.213
285.213
285.213
285.213
285.213
285.213
285.213
285.213
285.213
285.213
285.213
285.213
285.213
285.213
285.213
285.213
285.213
285.213
285.212
285.213
285.213
285.213
285.213
285.212
285.213
285.213
285.213
285.212
285.212
285.213
285.213
285.212
285.212
285.212
285.213
285.212
285.212
285.212
285.212
285.213
285.212
285.212
285.212
285.213
285.212
285.212
285.212
285.212
285.213
285.212
285.212
285.212
285.213
285.213
285.212
285.212
285.213
285.213
285.213
285.212
285.212
285.213
285.213
285.213
285.213
285.213
285.213
285.213
285.213
285.213
285.213
285.213
285.213
285.213
285.213
285.213
285.213
285.214
285.214
285.214
285.214
285.214
285.214
285.214
285.214
285.214
285.214
285.214
285.215
285.215
285.215
285.215
285.215
285.215
285.215
285.215
285.215
285.215
285.215
285.216
285.216
285.215
285.215
285.216
285.216
285.216
285.215
285.216
285.216
285.216
285.216
285.215
285.215
285.216
285.216
285.215
285.215
285.215
285.216
285.216
285.215
285.215
285.215
285.215
285.215
285.215
285.215
285.215
285.215
285.214
285.214
285.214
285.214
285.214
285.213
285.213
285.213
285.214
285.213
285.212
285.212
285.213
285.213
285.212
285.211
285.212
285.212
285.211
285.21
285.21
285.21
285.21
285.21
285.209
285.208
285.208
285.209
285.209
285.208
285.207
285.207
285.207
285.208
285.208
285.207
285.207
285.206
285.206
285.206
285.206
285.207
285.206
285.206
285.206
285.206
285.207
285.207
285.207
285.207
285.208
285.209
285.209
285.209
285.209
285.21
285.21
285.21
285.211
285.212
285.213
285.213
285.213
285.215
285.216
285.216
285.216
285.217
285.218
285.219
285.219
285.219
285.22
285.222
285.223
285.223
285.223
285.224
285.225
285.226
285.226
285.226
285.227
285.228
285.229
285.229
285.229
285.23
285.231
285.232
285.232
285.233
285.232
285.233
285.233
285.234
285.234
285.235
285.235
285.235
285.236
285.236
285.236
285.236
285.236
285.236
285.236
285.236
285.236
285.236
285.236
285.236
285.236
285.236
285.236
285.236
285.236
285.236
285.236
285.236
285.236
285.236
285.236
285.236
285.236
285.236
285.236
285.236
285.236
285.236
285.236
285.236
285.236
285.236
285.236
285.236
285.236
285.236
285.236
285.236
285.236
285.236
285.236
285.236
285.236
285.236
285.236
285.236
285.236
285.236
285.236
285.236
285.236
285.236
285.236
285.236
285.236
285.236
285.236
285.236
285.236
285.236
285.236
285.236
285.236
285.236
285.236
285.236
285.236
285.236
285.236
285.236
285.236
285.236
285.236
285.236
285.236
285.236
285.236
285.236
285.236
285.236
285.236
285.236
285.236
285.236
285.236
285.236
285.236
285.236
285.236
285.236
285.236
285.236
285.236
285.236
285.236
285.236
285.236
285.236
285.236
285.236
285.236
285.236
285.236
285.236
285.236
285.236
285.236
285.236
285.236
285.236
285.236
285.236
285.236
285.236
285.236
285.236
285.236
285.236
285.236
285.236
285.236
285.236
285.236
285.236
285.236
285.236
285.236
285.236
285.236
285.236
285.236
285.236
285.236
285.236
285.236
285.236
285.236
285.236
285.236
285.236
285.236
285.236
285.236
285.236
285.236
285.236
285.236
285.236
285.236
285.236
285.236
285.236
285.236
285.236
285.236
285.236
285.236
285.236
285.236
285.236
285.236
285.236
285.236
285.236
285.236
285.236
285.236
285.236
285.236
285.236
285.236
285.236
285.236
285.236
285.236
285.236
285.236
285.236
285.236
285.236
285.236
285.236
285.236
285.236
285.236
285.236
285.236
285.236
285.236
285.236
285.236
285.236
285.236
285.236
285.236
285.236
285.236
285.236
285.236
285.236
285.236
285.236
)
;

boundaryField
{
    sides
    {
        type            calculated;
        value           nonuniform List<scalar> 2(285.236 5.4256);
    }
    empty
    {
        type            empty;
    }
}


// ************************************************************************* //
