/*--------------------------------*- C++ -*----------------------------------*\
  =========                 |
  \\      /  F ield         | OpenFOAM: The Open Source CFD Toolbox
   \\    /   O peration     | Website:  https://openfoam.org
    \\  /    A nd           | Version:  9
     \\/     M anipulation  |
\*---------------------------------------------------------------------------*/
FoamFile
{
    format      ascii;
    class       volScalarField;
    location    "0.034";
    object      mag(U);
}
// * * * * * * * * * * * * * * * * * * * * * * * * * * * * * * * * * * * * * //

dimensions      [0 1 -1 0 0 0 0];

internalField   nonuniform List<scalar> 
10000
(
4.93209
4.97733
5.02626
5.06651
5.10316
5.14012
5.1779
5.21593
5.2539
5.2918
5.32968
5.36757
5.40547
5.44336
5.48126
5.51916
5.55705
5.59495
5.63285
5.67075
5.70864
5.74654
5.78444
5.82234
5.86024
5.89813
5.93603
5.97393
6.01183
6.04973
6.08763
6.12553
6.16343
6.20133
6.23923
6.27713
6.31503
6.35293
6.39083
6.42873
6.46663
6.50453
6.54243
6.58033
6.61824
6.65614
6.69404
6.73194
6.76985
6.80775
6.84565
6.88356
6.92146
6.95936
6.99727
7.03517
7.07307
7.11098
7.14888
7.18679
7.22469
7.2626
7.30051
7.33841
7.37632
7.41422
7.45213
7.49003
7.52794
7.56584
7.60375
7.64166
7.67956
7.71747
7.75538
7.79329
7.8312
7.86911
7.90702
7.94493
7.98284
8.02075
8.05866
8.09657
8.13448
8.17239
8.2103
8.24821
8.28612
8.32403
8.36194
8.39985
8.43776
8.47567
8.51358
8.5515
8.58941
8.62732
8.66523
8.70314
8.74106
8.77897
8.81688
8.85479
8.89271
8.93062
8.96853
9.00645
9.04436
9.08227
9.12019
9.1581
9.19602
9.23393
9.27185
9.30976
9.34768
9.38559
9.42351
9.46142
9.49934
9.53725
9.57517
9.61309
9.651
9.68892
9.72684
9.76476
9.80267
9.84059
9.87851
9.91643
9.95434
9.99226
10.0302
10.0681
10.106
10.1439
10.1819
10.2198
10.2577
10.2956
10.3335
10.3715
10.4094
10.4473
10.4852
10.5231
10.5611
10.599
10.6369
10.6748
10.7127
10.7507
10.7886
10.8265
10.8644
10.9024
10.9403
10.9782
11.0161
11.0541
11.092
11.1299
11.1678
11.2057
11.2437
11.2816
11.3195
11.3574
11.3954
11.4333
11.4712
11.5091
11.5471
11.585
11.6229
11.6609
11.6988
11.7367
11.7746
11.8126
11.8505
11.8884
11.9263
11.9643
12.0022
12.0401
12.0781
12.116
12.1539
12.1918
12.2298
12.2677
12.3056
12.3436
12.3815
12.4194
12.4573
12.4953
12.5332
12.5711
12.6091
12.647
12.6849
12.7229
12.7608
12.7987
12.8367
12.8746
12.9125
12.9505
12.9884
13.0263
13.0643
13.1022
13.1401
13.1781
13.216
13.2539
13.2919
13.3298
13.3677
13.4057
13.4436
13.4815
13.5195
13.5574
13.5953
13.6333
13.6712
13.7091
13.7471
13.785
13.823
13.8609
13.8988
13.9368
13.9747
14.0126
14.0506
14.0885
14.1265
14.1644
14.2023
14.2403
14.2782
14.3162
14.3541
14.392
14.43
14.4679
14.5059
14.5438
14.5817
14.6197
14.6576
14.6956
14.7335
14.7714
14.8094
14.8473
14.8853
14.9232
14.9611
14.9991
15.037
15.075
15.1129
15.1509
15.1888
15.2267
15.2647
15.3026
15.3406
15.3785
15.4165
15.4544
15.4924
15.5303
15.5682
15.6062
15.6441
15.6821
15.72
15.758
15.7959
15.8339
15.8718
15.9098
15.9477
15.9857
16.0236
16.0615
16.0995
16.1374
16.1754
16.2133
16.2513
16.2892
16.3272
16.3651
16.4031
16.441
16.479
16.5169
16.5549
16.5928
16.6308
16.6687
16.7067
16.7446
16.7826
16.8205
16.8585
16.8964
16.9344
16.9723
17.0103
17.0482
17.0862
17.1241
17.1621
17.2001
17.238
17.276
17.3139
17.3519
17.3898
17.4278
17.4657
17.5037
17.5416
17.5796
17.6175
17.6555
17.6935
17.7314
17.7694
17.8073
17.8453
17.8832
17.9212
17.9591
17.9971
18.0351
18.073
18.111
18.1489
18.1869
18.2248
18.2628
18.3008
18.3387
18.3767
18.4146
18.4526
18.4906
18.5285
18.5665
18.6044
18.6424
18.6804
18.7183
18.7563
18.7942
18.8322
18.8702
18.9081
18.9461
18.984
19.022
19.06
19.0979
19.1359
19.1738
19.2118
19.2498
19.2877
19.3257
19.3637
19.4016
19.4396
19.4775
19.5155
19.5535
19.5914
19.6294
19.6674
19.7053
19.7433
19.7813
19.8192
19.8572
19.8952
19.9331
19.9711
20.0091
20.047
20.085
20.1229
20.1609
20.1989
20.2368
20.2748
20.3128
20.3508
20.3887
20.4267
20.4647
20.5026
20.5406
20.5786
20.6165
20.6545
20.6925
20.7304
20.7684
20.8064
20.8443
20.8823
20.9203
20.9583
20.9962
21.0342
21.0722
21.1101
21.1481
21.1861
21.224
21.262
21.3
21.338
21.3759
21.4139
21.4519
21.4899
21.5278
21.5658
21.6038
21.6417
21.6797
21.7177
21.7557
21.7936
21.8316
21.8696
21.9076
21.9455
21.9835
22.0215
22.0595
22.0974
22.1354
22.1734
22.2114
22.2493
22.2873
22.3253
22.3633
22.4012
22.4392
22.4772
22.5152
22.5532
22.5911
22.6291
22.6671
22.7051
22.743
22.781
22.819
22.857
22.895
22.9329
22.9709
23.0089
23.0469
23.0849
23.1228
23.1608
23.1988
23.2368
23.2748
23.3127
23.3507
23.3887
23.4267
23.4647
23.5026
23.5406
23.5786
23.6166
23.6546
23.6926
23.7305
23.7685
23.8065
23.8445
23.8825
23.9205
23.9584
23.9964
24.0344
24.0724
24.1104
24.1484
24.1864
24.2243
24.2623
24.3003
24.3383
24.3763
24.4143
24.4522
24.4902
24.5282
24.5662
24.6042
24.6422
24.6802
24.7182
24.7561
24.7941
24.8321
24.8701
24.9081
24.9461
24.9841
25.0221
25.06
25.098
25.136
25.174
25.212
25.25
25.288
25.326
25.364
25.402
25.4399
25.4779
25.5159
25.5539
25.5919
25.6299
25.6679
25.7059
25.7439
25.7819
25.8199
25.8579
25.8958
25.9338
25.9718
26.0098
26.0478
26.0858
26.1238
26.1618
26.1998
26.2378
26.2758
26.3138
26.3518
26.3898
26.4278
26.4658
26.5037
26.5417
26.5797
26.6177
26.6557
26.6937
26.7317
26.7697
26.8077
26.8457
26.8837
26.9217
26.9597
26.9977
27.0357
27.0737
27.1117
27.1497
27.1877
27.2257
27.2637
27.3017
27.3397
27.3777
27.4157
27.4537
27.4917
27.5297
27.5677
27.6057
27.6437
27.6817
27.7197
27.7577
27.7957
27.8337
27.8717
27.9097
27.9477
27.9857
28.0237
28.0617
28.0997
28.1377
28.1757
28.2137
28.2517
28.2897
28.3277
28.3657
28.4037
28.4417
28.4797
28.5177
28.5557
28.5937
28.6317
28.6697
28.7078
28.7458
28.7838
28.8218
28.8598
28.8978
28.9358
28.9738
29.0118
29.0498
29.0878
29.1258
29.1638
29.2018
29.2398
29.2778
29.3159
29.3539
29.3919
29.4299
29.4679
29.5059
29.5439
29.5819
29.6199
29.6579
29.6959
29.7339
29.772
29.81
29.848
29.886
29.924
29.962
30
30.038
30.076
30.1141
30.1521
30.1901
30.2281
30.2661
30.3041
30.3421
30.3801
30.4181
30.4562
30.4942
30.5322
30.5702
30.6082
30.6462
30.6842
30.7222
30.7603
30.7983
30.8363
30.8743
30.9123
30.9503
30.9883
31.0264
31.0644
31.1024
31.1404
31.1784
31.2164
31.2545
31.2925
31.3305
31.3685
31.4065
31.4445
31.4826
31.5206
31.5586
31.5966
31.6346
31.6726
31.7107
31.7487
31.7867
31.8247
31.8627
31.9008
31.9388
31.9768
32.0148
32.0528
32.0908
32.1289
32.1669
32.2049
32.2429
32.2809
32.319
32.357
32.395
32.433
32.4711
32.5091
32.5471
32.5851
32.6231
32.6612
32.6992
32.7372
32.7752
32.8132
32.8513
32.8893
32.9273
32.9653
33.0034
33.0414
33.0794
33.1174
33.1555
33.1935
33.2315
33.2695
33.3076
33.3456
33.3836
33.4216
33.4597
33.4977
33.5357
33.5737
33.6118
33.6498
33.6878
33.7258
33.7639
33.8019
33.8399
33.8779
33.916
33.954
33.992
34.0301
34.0681
34.1061
34.1441
34.1822
34.2202
34.2582
34.2963
34.3343
34.3723
34.4103
34.4484
34.4864
34.5244
34.5625
34.6005
34.6385
34.6766
34.7146
34.7526
34.7906
34.8287
34.8667
34.9047
34.9428
34.9808
35.0188
35.0569
35.0949
35.1329
35.171
35.209
35.247
35.2851
35.3231
35.3611
35.3992
35.4372
35.4752
35.5133
35.5513
35.5893
35.6274
35.6654
35.7034
35.7415
35.7795
35.8175
35.8556
35.8936
35.9316
35.9697
36.0077
36.0458
36.0838
36.1218
36.1599
36.1979
36.2359
36.274
36.312
36.35
36.3881
36.4261
36.4642
36.5022
36.5402
36.5783
36.6163
36.6544
36.6924
36.7304
36.7685
36.8065
36.8445
36.8826
36.9206
36.9587
36.9967
37.0347
37.0728
37.1108
37.1489
37.1869
37.225
37.263
37.301
37.3391
37.3771
37.4152
37.4532
37.4912
37.5293
37.5673
37.6054
37.6434
37.6815
37.7195
37.7575
37.7956
37.8336
37.8717
37.9097
37.9478
37.9858
38.0238
38.0619
38.0999
38.138
38.176
38.2141
38.2521
38.2902
38.3282
38.3663
38.4043
38.4423
38.4804
38.5184
38.5565
38.5945
38.6326
38.6706
38.7087
38.7467
38.7848
38.8228
38.8609
38.8989
38.937
38.975
39.0131
39.0511
39.0892
39.1272
39.1652
39.2033
39.2413
39.2794
39.3174
39.3555
39.3935
39.4316
39.4696
39.5077
39.5457
39.5838
39.6218
39.6599
39.6979
39.736
39.7741
39.8121
39.8502
39.8882
39.9263
39.9643
40.0024
40.0404
40.0785
40.1165
40.1546
40.1926
40.2307
40.2687
40.3068
40.3448
40.3829
40.4209
40.459
40.4971
40.5351
40.5732
40.6112
40.6493
40.6873
40.7254
40.7634
40.8015
40.8396
40.8776
40.9157
40.9537
40.9918
41.0298
41.0679
41.1059
41.144
41.1821
41.2201
41.2582
41.2962
41.3343
41.3723
41.4104
41.4485
41.4865
41.5246
41.5626
41.6007
41.6388
41.6768
41.7149
41.7529
41.791
41.8291
41.8671
41.9052
41.9432
41.9813
42.0194
42.0574
42.0955
42.1335
42.1716
42.2097
42.2477
42.2858
42.3238
42.3619
42.4
42.438
42.4761
42.5142
42.5522
42.5903
42.6283
42.6664
42.7045
42.7425
42.7806
42.8187
42.8567
42.8948
42.9328
42.9709
43.009
43.047
43.0851
43.1232
43.1612
43.1993
43.2374
43.2754
43.3135
43.3516
43.3896
43.4277
43.4658
43.5038
43.5419
43.58
43.618
43.6561
43.6942
43.7322
43.7703
43.8084
43.8464
43.8845
43.9226
43.9606
43.9987
44.0368
44.0748
44.1129
44.151
44.189
44.2271
44.2652
44.3032
44.3413
44.3794
44.4175
44.4555
44.4936
44.5317
44.5697
44.6078
44.6459
44.6839
44.722
44.7601
44.7982
44.8362
44.8743
44.9124
44.9504
44.9885
45.0266
45.0647
45.1027
45.1408
45.1789
45.217
45.255
45.2931
45.3312
45.3692
45.4073
45.4454
45.4835
45.5215
45.5596
45.5977
45.6358
45.6738
45.7119
45.75
45.7881
45.8261
45.8642
45.9023
45.9404
45.9784
46.0165
46.0546
46.0927
46.1307
46.1688
46.2069
46.245
46.2831
46.3211
46.3592
46.3973
46.4354
46.4734
46.5115
46.5496
46.5877
46.6258
46.6638
46.7019
46.74
46.7781
46.8161
46.8542
46.8923
46.9304
46.9685
47.0065
47.0446
47.0827
47.1208
47.1589
47.1969
47.235
47.2731
47.3112
47.3493
47.3873
47.4254
47.4635
47.5016
47.5397
47.5778
47.6158
47.6539
47.692
47.7301
47.7682
47.8062
47.8443
47.8824
47.9205
47.9586
47.9967
48.0347
48.0728
48.1109
48.149
48.1871
48.2252
48.2632
48.3013
48.3394
48.3775
48.4156
48.4537
48.4918
48.5298
48.5679
48.606
48.6441
48.6822
48.7203
48.7584
48.7964
48.8345
48.8726
48.9107
48.9488
48.9869
49.025
49.0631
49.1011
49.1392
49.1773
49.2154
49.2535
49.2916
49.3297
49.3678
49.4058
49.4439
49.482
49.5201
49.5582
49.5963
49.6344
49.6725
49.7106
49.7486
49.7867
49.8248
49.8629
49.901
49.9391
49.9772
50.0153
50.0534
50.0915
50.1296
50.1676
50.2057
50.2438
50.2819
50.32
50.3581
50.3962
50.4343
50.4724
50.5105
50.5486
50.5867
50.6247
50.6628
50.7009
50.739
50.7771
50.8152
50.8533
50.8914
50.9295
50.9676
51.0057
51.0438
51.0819
51.12
51.1581
51.1962
51.2343
51.2724
51.3104
51.3485
51.3866
51.4247
51.4628
51.5009
51.539
51.5771
51.6152
51.6533
51.6914
51.7295
51.7676
51.8057
51.8438
51.8819
51.92
51.9581
51.9962
52.0343
52.0724
52.1105
52.1486
52.1867
52.2248
52.2629
52.301
52.3391
52.3772
52.4153
52.4534
52.4915
52.5296
52.5677
52.6058
52.6439
52.682
52.7201
52.7582
52.7963
52.8344
52.8725
52.9106
52.9487
52.9868
53.0249
53.063
53.1011
53.1392
53.1773
53.2154
53.2535
53.2916
53.3297
53.3678
53.4059
53.444
53.4821
53.5202
53.5583
53.5964
53.6345
53.6726
53.7107
53.7488
53.7869
53.825
53.8631
53.9013
53.9394
53.9775
54.0156
54.0537
54.0918
54.1299
54.168
54.2061
54.2442
54.2823
54.3204
54.3585
54.3966
54.4347
54.4728
54.5109
54.5491
54.5872
54.6253
54.6634
54.7015
54.7396
54.7777
54.8158
54.8539
54.892
54.9301
54.9682
55.0063
55.0445
55.0826
55.1207
55.1588
55.1969
55.235
55.2731
55.3112
55.3493
55.3874
55.4255
55.4637
55.5018
55.5399
55.578
55.6161
55.6542
55.6923
55.7304
55.7685
55.8067
55.8448
55.8829
55.921
55.9591
55.9972
56.0353
56.0734
56.1115
56.1497
56.1878
56.2259
56.264
56.3021
56.3402
56.3783
56.4164
56.4546
56.4927
56.5308
56.5689
56.607
56.6451
56.6832
56.7214
56.7595
56.7976
56.8357
56.8738
56.9119
56.95
56.9882
57.0263
57.0644
57.1025
57.1406
57.1787
57.2169
57.255
57.2931
57.3312
57.3693
57.4074
57.4456
57.4837
57.5218
57.5599
57.598
57.6361
57.6743
57.7124
57.7505
57.7886
57.8267
57.8648
57.903
57.9411
57.9792
58.0173
58.0554
58.0936
58.1317
58.1698
58.2079
58.246
58.2841
58.3223
58.3604
58.3985
58.4366
58.4747
58.5129
58.551
58.5891
58.6272
58.6653
58.7035
58.7416
58.7797
58.8178
58.856
58.8941
58.9322
58.9703
59.0084
59.0466
59.0847
59.1228
59.1609
59.199
59.2372
59.2753
59.3134
59.3515
59.3897
59.4278
59.4659
59.504
59.5422
59.5803
59.6184
59.6565
59.6946
59.7328
59.7709
59.809
59.8471
59.8853
59.9234
59.9615
59.9996
60.0378
60.0759
60.114
60.1521
60.1903
60.2284
60.2665
60.3046
60.3428
60.3809
60.419
60.4571
60.4953
60.5334
60.5715
60.6097
60.6478
60.6859
60.724
60.7622
60.8003
60.8384
60.8765
60.9147
60.9528
60.9909
61.0291
61.0672
61.1053
61.1434
61.1816
61.2197
61.2578
61.296
61.3341
61.3722
61.4103
61.4485
61.4866
61.5247
61.5629
61.601
61.6391
61.6773
61.7154
61.7535
61.7916
61.8298
61.8679
61.906
61.9442
61.9823
62.0204
62.0586
62.0967
62.1348
62.173
62.2111
62.2492
62.2873
62.3255
62.3636
62.4017
62.4399
62.478
62.5161
62.5543
62.5924
62.6305
62.6687
62.7068
62.7449
62.7831
62.8212
62.8593
62.8975
62.9356
62.9737
63.0119
63.05
63.0881
63.1263
63.1644
63.2025
63.2407
63.2788
63.3169
63.3551
63.3932
63.4314
63.4695
63.5076
63.5458
63.5839
63.622
63.6602
63.6983
63.7364
63.7746
63.8127
63.8508
63.889
63.9271
63.9653
64.0034
64.0415
64.0797
64.1178
64.1559
64.1941
64.2322
64.2704
64.3085
64.3466
64.3848
64.4229
64.461
64.4992
64.5373
64.5755
64.6136
64.6517
64.6899
64.728
64.7662
64.8043
64.8424
64.8806
64.9187
64.9568
64.995
65.0331
65.0713
65.1094
65.1475
65.1857
65.2238
65.262
65.3001
65.3383
65.3764
65.4145
65.4527
65.4908
65.529
65.5671
65.6052
65.6434
65.6815
65.7197
65.7578
65.7959
65.8341
65.8722
65.9104
65.9485
65.9867
66.0248
66.0629
66.1011
66.1392
66.1774
66.2155
66.2537
66.2918
66.3299
66.3681
66.4062
66.4444
66.4825
66.5207
66.5588
66.5969
66.6351
66.6732
66.7114
66.7495
66.7877
66.8258
66.864
66.9021
66.9402
66.9784
67.0165
67.0547
67.0928
67.131
67.1691
67.2073
67.2454
67.2836
67.3217
67.3599
67.398
67.4361
67.4743
67.5124
67.5506
67.5887
67.6269
67.665
67.7032
67.7413
67.7795
67.8176
67.8558
67.8939
67.9321
67.9702
68.0083
68.0465
68.0846
68.1228
68.1609
68.1991
68.2372
68.2754
68.3135
68.3517
68.3898
68.428
68.4661
68.5043
68.5424
68.5806
68.6187
68.6569
68.695
68.7332
68.7713
68.8095
68.8476
68.8858
68.9239
68.9621
69.0002
69.0384
69.0765
69.1147
69.1528
69.191
69.2291
69.2673
69.3054
69.3436
69.3817
69.4199
69.458
69.4962
69.5343
69.5725
69.6106
69.6488
69.6869
69.7251
69.7632
69.8014
69.8396
69.8777
69.9159
69.954
69.9922
70.0303
70.0685
70.1066
70.1448
70.1829
70.2211
70.2592
70.2974
70.3355
70.3737
70.4118
70.45
70.4882
70.5263
70.5645
70.6026
70.6408
70.6789
70.7171
70.7552
70.7934
70.8315
70.8697
70.9078
70.946
70.9842
71.0223
71.0605
71.0986
71.1368
71.1749
71.2131
71.2512
71.2894
71.3276
71.3657
71.4039
71.442
71.4802
71.5183
71.5565
71.5946
71.6328
71.671
71.7091
71.7473
71.7854
71.8236
71.8617
71.8999
71.9381
71.9762
72.0144
72.0525
72.0907
72.1288
72.167
72.2052
72.2433
72.2815
72.3196
72.3578
72.3959
72.4341
72.4723
72.5104
72.5486
72.5867
72.6249
72.6631
72.7012
72.7394
72.7775
72.8157
72.8539
72.892
72.9302
72.9683
73.0065
73.0446
73.0828
73.121
73.1591
73.1973
73.2354
73.2736
73.3118
73.3499
73.3881
73.4262
73.4644
73.5026
73.5407
73.5789
73.617
73.6552
73.6934
73.7315
73.7697
73.8079
73.846
73.8842
73.9223
73.9605
73.9987
74.0368
74.075
74.1131
74.1513
74.1895
74.2276
74.2658
74.3039
74.3421
74.3803
74.4184
74.4566
74.4948
74.5329
74.5711
74.6092
74.6474
74.6856
74.7237
74.7619
74.8001
74.8382
74.8764
74.9145
74.9527
74.9909
75.029
75.0672
75.1054
75.1435
75.1817
75.2199
75.258
75.2962
75.3343
75.3725
75.4107
75.4488
75.487
75.5252
75.5633
75.6015
75.6397
75.6778
75.716
75.7541
75.7923
75.8305
75.8686
75.9068
75.945
75.9831
76.0213
76.0595
76.0976
76.1358
76.174
76.2121
76.2503
76.2885
76.3266
76.3648
76.403
76.4411
76.4793
76.5174
76.5556
76.5938
76.6319
76.6701
76.7083
76.7464
76.7846
76.8228
76.8609
76.8991
76.9373
76.9754
77.0136
77.0518
77.0899
77.1281
77.1663
77.2044
77.2426
77.2808
77.3189
77.3571
77.3953
77.4334
77.4716
77.5098
77.5479
77.5861
77.6243
77.6624
77.7006
77.7388
77.7769
77.8151
77.8533
77.8915
77.9296
77.9678
78.006
78.0441
78.0823
78.1205
78.1586
78.1968
78.235
78.2731
78.3113
78.3495
78.3876
78.4258
78.464
78.5021
78.5403
78.5785
78.6166
78.6548
78.693
78.7312
78.7693
78.8075
78.8457
78.8838
78.922
78.9602
78.9983
79.0365
79.0747
79.1128
79.151
79.1892
79.2274
79.2655
79.3037
79.3419
79.38
79.4182
79.4564
79.4945
79.5327
79.5709
79.609
79.6472
79.6854
79.7236
79.7617
79.7999
79.8381
79.8762
79.9144
79.9526
79.9907
80.0289
80.0671
80.1053
80.1434
80.1816
80.2198
80.2579
80.2961
80.3343
80.3725
80.4106
80.4488
80.487
80.5251
80.5633
80.6015
80.6397
80.6778
80.716
80.7542
80.7923
80.8305
80.8687
80.9068
80.945
80.9832
81.0214
81.0595
81.0977
81.1359
81.174
81.2122
81.2504
81.2886
81.3267
81.3649
81.4031
81.4412
81.4794
81.5176
81.5558
81.5939
81.6321
81.6703
81.7084
81.7466
81.7848
81.823
81.8611
81.8993
81.9375
81.9757
82.0138
82.052
82.0902
82.1283
82.1665
82.2047
82.2429
82.281
82.3192
82.3574
82.3955
82.4337
82.4719
82.5101
82.5482
82.5864
82.6246
82.6627
82.7009
82.7391
82.7773
82.8154
82.8536
82.8918
82.93
82.9681
83.0063
83.0445
83.0826
83.1208
83.159
83.1972
83.2353
83.2735
83.3117
83.3499
83.388
83.4262
83.4644
83.5025
83.5407
83.5789
83.6171
83.6552
83.6934
83.7316
83.7698
83.8079
83.8461
83.8843
83.9224
83.9606
83.9988
84.037
84.0751
84.1133
84.1515
84.1897
84.2278
84.266
84.3042
84.3423
84.3805
84.4187
84.4569
84.495
84.5332
84.5714
84.6096
84.6477
84.6859
84.7241
84.7622
84.8004
84.8386
84.8768
84.9149
84.9531
84.9913
85.0295
85.0676
85.1058
85.144
85.1821
85.2203
85.2585
85.2967
85.3348
85.373
85.4112
85.4494
85.4875
85.5257
85.5639
85.6021
85.6402
85.6784
85.7166
85.7547
85.7929
85.8311
85.8693
85.9074
85.9456
85.9838
86.022
86.0601
86.0983
86.1365
86.1746
86.2128
86.251
86.2892
86.3273
86.3655
86.4037
86.4419
86.48
86.5182
86.5564
86.5945
86.6327
86.6709
86.7091
86.7472
86.7854
86.8236
86.8617
86.8999
86.9381
86.9763
87.0144
87.0526
87.0908
87.129
87.1671
87.2053
87.2435
87.2816
87.3198
87.358
87.3962
87.4343
87.4725
87.5107
87.5488
87.587
87.6252
87.6634
87.7015
87.7397
87.7779
87.816
87.8542
87.8924
87.9306
87.9687
88.0069
88.0451
88.0832
88.1214
88.1596
88.1978
88.2359
88.2741
88.3123
88.3504
88.3886
88.4268
88.465
88.5031
88.5413
88.5795
88.6176
88.6558
88.694
88.7322
88.7703
88.8085
88.8467
88.8848
88.923
88.9612
88.9994
89.0375
89.0757
89.1139
89.152
89.1902
89.2284
89.2665
89.3047
89.3429
89.3811
89.4192
89.4574
89.4956
89.5337
89.5719
89.6101
89.6482
89.6864
89.7246
89.7628
89.8009
89.8391
89.8773
89.9154
89.9536
89.9918
90.0299
90.0681
90.1063
90.1444
90.1826
90.2208
90.2589
90.2971
90.3353
90.3735
90.4116
90.4498
90.488
90.5261
90.5643
90.6025
90.6406
90.6788
90.717
90.7551
90.7933
90.8315
90.8696
90.9078
90.946
90.9841
91.0223
91.0605
91.0986
91.1368
91.175
91.2131
91.2513
91.2895
91.3276
91.3658
91.404
91.4421
91.4803
91.5185
91.5566
91.5948
91.633
91.6711
91.7093
91.7475
91.7856
91.8238
91.862
91.9001
91.9383
91.9765
92.0146
92.0528
92.091
92.1291
92.1673
92.2054
92.2436
92.2818
92.3199
92.3581
92.3963
92.4344
92.4726
92.5108
92.5489
92.5871
92.6253
92.6634
92.7016
92.7397
92.7779
92.8161
92.8542
92.8924
92.9306
92.9687
93.0069
93.045
93.0832
93.1214
93.1595
93.1977
93.2359
93.274
93.3122
93.3503
93.3885
93.4267
93.4648
93.503
93.5411
93.5793
93.6175
93.6556
93.6938
93.7319
93.7701
93.8083
93.8464
93.8846
93.9227
93.9609
93.9991
94.0372
94.0754
94.1135
94.1517
94.1899
94.228
94.2662
94.3043
94.3425
94.3806
94.4188
94.457
94.4951
94.5333
94.5714
94.6096
94.6478
94.6859
94.7241
94.7622
94.8004
94.8385
94.8767
94.9148
94.953
94.9912
95.0293
95.0675
95.1056
95.1438
95.1819
95.2201
95.2582
95.2964
95.3346
95.3727
95.4109
95.449
95.4872
95.5253
95.5635
95.6016
95.6398
95.6779
95.7161
95.7542
95.7924
95.8305
95.8687
95.9068
95.945
95.9831
96.0213
96.0595
96.0976
96.1358
96.1739
96.2121
96.2502
96.2884
96.3265
96.3647
96.4028
96.441
96.4791
96.5172
96.5554
96.5935
96.6317
96.6698
96.708
96.7461
96.7843
96.8224
96.8606
96.8987
96.9369
96.975
97.0132
97.0513
97.0895
97.1276
97.1658
97.2039
97.242
97.2802
97.3183
97.3565
97.3946
97.4328
97.4709
97.5091
97.5472
97.5853
97.6235
97.6616
97.6998
97.7379
97.7761
97.8142
97.8523
97.8905
97.9286
97.9668
98.0049
98.043
98.0812
98.1193
98.1575
98.1956
98.2337
98.2719
98.31
98.3482
98.3863
98.4244
98.4626
98.5007
98.5388
98.577
98.6151
98.6533
98.6914
98.7295
98.7677
98.8058
98.8439
98.8821
98.9202
98.9583
98.9965
99.0346
99.0727
99.1109
99.149
99.1871
99.2253
99.2634
99.3015
99.3397
99.3778
99.4159
99.4541
99.4922
99.5303
99.5685
99.6066
99.6447
99.6829
99.721
99.7591
99.7972
99.8354
99.8735
99.9116
99.9498
99.9879
100.026
100.064
100.102
100.14
100.179
100.217
100.255
100.293
100.331
100.369
100.407
100.445
100.484
100.522
100.56
100.598
100.636
100.674
100.712
100.75
100.788
100.827
100.865
100.903
100.941
100.979
101.017
101.055
101.093
101.132
101.17
101.208
101.246
101.284
101.322
101.36
101.398
101.436
101.475
101.513
101.551
101.589
101.627
101.665
101.703
101.741
101.78
101.818
101.856
101.894
101.932
101.97
102.008
102.046
102.084
102.123
102.161
102.199
102.237
102.275
102.313
102.351
102.389
102.427
102.465
102.504
102.542
102.58
102.618
102.656
102.694
102.732
102.77
102.808
102.847
102.885
102.923
102.961
102.999
103.037
103.075
103.113
103.151
103.189
103.227
103.266
103.304
103.342
103.38
103.418
103.456
103.494
103.532
103.57
103.608
103.647
103.685
103.723
103.761
103.799
103.837
103.875
103.913
103.951
103.989
104.027
104.066
104.104
104.142
104.18
104.218
104.256
104.294
104.332
104.37
104.408
104.446
104.484
104.523
104.561
104.599
104.637
104.675
104.713
104.751
104.789
104.827
104.865
104.903
104.941
104.979
105.018
105.056
105.094
105.132
105.17
105.208
105.246
105.284
105.322
105.36
105.398
105.436
105.474
105.512
105.551
105.589
105.627
105.665
105.703
105.741
105.779
105.817
105.855
105.893
105.931
105.969
106.007
106.045
106.083
106.121
106.159
106.198
106.236
106.274
106.312
106.35
106.388
106.426
106.464
106.502
106.54
106.578
106.616
106.654
106.692
106.73
106.768
106.806
106.844
106.882
106.921
106.959
106.997
107.035
107.073
107.111
107.149
107.187
107.225
107.263
107.301
107.339
107.377
107.415
107.453
107.491
107.529
107.567
107.605
107.643
107.681
107.719
107.757
107.795
107.833
107.871
107.909
107.947
107.985
108.024
108.062
108.1
108.138
108.176
108.214
108.252
108.29
108.328
108.366
108.404
108.442
108.48
108.518
108.556
108.594
108.632
108.67
108.708
108.746
108.784
108.822
108.86
108.898
108.936
108.974
109.012
109.05
109.088
109.126
109.164
109.202
109.24
109.278
109.316
109.354
109.392
109.43
109.468
109.506
109.544
109.582
109.62
109.658
109.696
109.734
109.772
109.81
109.848
109.886
109.924
109.962
110
110.038
110.076
110.114
110.152
110.19
110.227
110.265
110.303
110.341
110.379
110.417
110.455
110.493
110.531
110.569
110.607
110.645
110.683
110.721
110.759
110.797
110.835
110.873
110.911
110.949
110.987
111.025
111.063
111.101
111.139
111.176
111.214
111.252
111.29
111.328
111.366
111.404
111.442
111.48
111.518
111.556
111.594
111.632
111.67
111.708
111.746
111.783
111.821
111.859
111.897
111.935
111.973
112.011
112.049
112.087
112.125
112.163
112.201
112.239
112.276
112.314
112.352
112.39
112.428
112.466
112.504
112.542
112.58
112.618
112.656
112.693
112.731
112.769
112.807
112.845
112.883
112.921
112.959
112.997
113.034
113.072
113.11
113.148
113.186
113.224
113.262
113.3
113.337
113.375
113.413
113.451
113.489
113.527
113.565
113.603
113.64
113.678
113.716
113.754
113.792
113.83
113.868
113.905
113.943
113.981
114.019
114.057
114.095
114.133
114.17
114.208
114.246
114.284
114.322
114.36
114.397
114.435
114.473
114.511
114.549
114.587
114.624
114.662
114.7
114.738
114.776
114.813
114.851
114.889
114.927
114.965
115.002
115.04
115.078
115.116
115.154
115.191
115.229
115.267
115.305
115.343
115.38
115.418
115.456
115.494
115.532
115.569
115.607
115.645
115.683
115.72
115.758
115.796
115.834
115.871
115.909
115.947
115.985
116.022
116.06
116.098
116.136
116.173
116.211
116.249
116.287
116.324
116.362
116.4
116.438
116.475
116.513
116.551
116.588
116.626
116.664
116.702
116.739
116.777
116.815
116.852
116.89
116.928
116.966
117.003
117.041
117.079
117.116
117.154
117.192
117.229
117.267
117.305
117.342
117.38
117.418
117.455
117.493
117.531
117.568
117.606
117.644
117.681
117.719
117.757
117.794
117.832
117.87
117.907
117.945
117.982
118.02
118.058
118.095
118.133
118.171
118.208
118.246
118.283
118.321
118.359
118.396
118.434
118.471
118.509
118.547
118.584
118.622
118.659
118.697
118.734
118.772
118.81
118.847
118.885
118.922
118.96
118.997
119.035
119.072
119.11
119.148
119.185
119.223
119.26
119.298
119.335
119.373
119.41
119.448
119.485
119.523
119.56
119.598
119.635
119.673
119.71
119.748
119.785
119.823
119.86
119.898
119.935
119.973
120.01
120.047
120.085
120.122
120.16
120.197
120.235
120.272
120.31
120.347
120.384
120.422
120.459
120.497
120.534
120.571
120.609
120.646
120.684
120.721
120.758
120.796
120.833
120.871
120.908
120.945
120.983
121.02
121.057
121.095
121.132
121.169
121.207
121.244
121.281
121.319
121.356
121.393
121.431
121.468
121.505
121.542
121.58
121.617
121.654
121.692
121.729
121.766
121.803
121.841
121.878
121.915
121.952
121.99
122.027
122.064
122.101
122.138
122.176
122.213
122.25
122.287
122.324
122.362
122.399
122.436
122.473
122.51
122.548
122.585
122.622
122.659
122.696
122.733
122.77
122.807
122.845
122.882
122.919
122.956
122.993
123.03
123.067
123.104
123.141
123.178
123.215
123.252
123.289
123.327
123.364
123.401
123.438
123.475
123.512
123.549
123.586
123.623
123.66
123.697
123.734
123.77
123.807
123.844
123.881
123.918
123.955
123.992
124.029
124.066
124.103
124.14
124.177
124.213
124.25
124.287
124.324
124.361
124.398
124.435
124.471
124.508
124.545
124.582
124.619
124.655
124.692
124.729
124.766
124.803
124.839
124.876
124.913
124.95
124.986
125.023
125.06
125.096
125.133
125.17
125.206
125.243
125.28
125.316
125.353
125.39
125.426
125.463
125.499
125.536
125.573
125.609
125.646
125.682
125.719
125.755
125.792
125.828
125.865
125.901
125.938
125.974
126.011
126.047
126.084
126.12
126.157
126.193
126.229
126.266
126.302
126.339
126.375
126.411
126.448
126.484
126.52
126.557
126.593
126.629
126.666
126.702
126.738
126.774
126.811
126.847
126.883
126.919
126.955
126.992
127.028
127.064
127.1
127.136
127.172
127.208
127.245
127.281
127.317
127.353
127.389
127.425
127.461
127.497
127.533
127.569
127.605
127.641
127.677
127.713
127.749
127.784
127.82
127.856
127.892
127.928
127.964
128
128.035
128.071
128.107
128.143
128.179
128.214
128.25
128.286
128.321
128.357
128.393
128.428
128.464
128.5
128.535
128.571
128.606
128.642
128.677
128.713
128.748
128.784
128.819
128.855
128.89
128.926
128.961
128.997
129.032
129.067
129.103
129.138
129.173
129.208
129.244
129.279
129.314
129.349
129.385
129.42
129.455
129.49
129.525
129.56
129.595
129.63
129.665
129.7
129.735
129.77
129.805
129.84
129.875
129.91
129.945
129.98
130.015
130.049
130.084
130.119
130.154
130.188
130.223
130.258
130.293
130.327
130.362
130.396
130.431
130.465
130.5
130.535
130.569
130.603
130.638
130.672
130.707
130.741
130.775
130.81
130.844
130.878
130.912
130.947
130.981
131.015
131.049
131.083
131.117
131.151
131.185
131.219
131.253
131.287
131.321
131.355
131.389
131.423
131.457
131.49
131.524
131.558
131.592
131.625
131.659
131.692
131.726
131.76
131.793
131.827
131.86
131.893
131.927
131.96
131.993
132.027
132.06
132.093
132.126
132.16
132.193
132.226
132.259
132.292
132.325
132.358
132.391
132.424
132.457
132.49
132.522
132.555
132.588
132.62
132.653
132.686
132.718
132.751
132.783
132.816
132.848
132.881
132.913
132.945
132.978
133.01
133.042
133.074
133.106
133.139
133.171
133.203
133.235
133.266
133.298
133.33
133.362
133.394
133.426
133.457
133.489
133.52
133.552
133.584
133.615
133.646
133.678
133.709
133.74
133.772
133.803
133.834
133.865
133.896
133.927
133.958
133.989
134.02
134.051
134.082
134.112
134.143
134.174
134.204
134.235
134.265
134.296
134.326
134.357
134.387
134.417
134.447
134.478
134.508
134.538
134.568
134.598
134.628
134.658
134.687
134.717
134.747
134.776
134.806
134.836
134.865
134.894
134.924
134.953
134.982
135.012
135.041
135.07
135.099
135.128
135.157
135.186
135.215
135.243
135.272
135.301
135.329
135.358
135.386
135.415
135.443
135.471
135.5
135.528
135.556
135.584
135.612
135.64
135.668
135.696
135.723
135.751
135.779
135.806
135.834
135.861
135.889
135.916
135.943
135.971
135.998
136.025
136.052
136.079
136.106
136.133
136.159
136.186
136.213
136.239
136.266
136.292
136.319
136.345
136.371
136.398
136.424
136.45
136.476
136.502
136.528
136.554
136.579
136.605
136.631
136.656
136.682
136.707
136.733
136.758
136.783
136.809
136.834
136.859
136.884
136.909
136.934
136.958
136.983
137.008
137.033
137.057
137.082
137.106
137.13
137.155
137.179
137.203
137.227
137.251
137.275
137.299
137.323
137.347
137.371
137.394
137.418
137.442
137.465
137.489
137.512
137.535
137.559
137.582
137.605
137.628
137.651
137.674
137.697
137.72
137.743
137.765
137.788
137.811
137.833
137.856
137.878
137.9
137.923
137.945
137.967
137.989
138.011
138.033
138.055
138.077
138.099
138.121
138.143
138.165
138.186
138.208
138.229
138.251
138.272
138.294
138.315
138.337
138.358
138.379
138.4
138.421
138.442
138.463
138.484
138.505
138.526
138.547
138.568
138.589
138.609
138.63
138.651
138.671
138.692
138.712
138.733
138.753
138.773
138.794
138.814
138.834
138.854
138.874
138.895
138.915
138.935
138.955
138.975
138.995
139.015
139.034
139.054
139.074
139.094
139.113
139.133
139.153
139.172
139.192
139.212
139.231
139.251
139.27
139.29
139.309
139.328
139.348
139.367
139.386
139.406
139.425
139.444
139.463
139.482
139.501
139.521
139.54
139.559
139.578
139.597
139.616
139.635
139.654
139.673
139.692
139.71
139.729
139.748
139.767
139.786
139.805
139.823
139.842
139.861
139.88
139.898
139.917
139.936
139.954
139.973
139.991
140.01
140.029
140.047
140.066
140.084
140.103
140.121
140.14
140.158
140.177
140.195
140.214
140.232
140.251
140.269
140.287
140.306
140.324
140.343
140.361
140.379
140.398
140.416
140.434
140.453
140.471
140.489
140.507
140.526
140.544
140.562
140.581
140.599
140.617
140.635
140.653
140.672
140.69
140.708
140.726
140.744
140.763
140.781
140.799
140.817
140.835
140.854
140.872
140.89
140.908
140.926
140.944
140.962
140.981
140.999
141.017
141.035
141.053
141.071
141.089
141.107
141.125
141.144
141.162
141.18
141.198
141.216
141.234
141.252
141.27
141.288
141.306
141.324
141.342
141.361
141.379
141.397
141.415
141.433
141.451
141.469
141.487
141.505
141.523
141.541
141.559
141.577
141.595
141.613
141.631
141.649
141.667
141.686
141.704
141.722
141.74
141.758
141.776
141.794
141.812
141.83
141.848
141.866
141.884
141.902
141.92
141.938
141.956
141.974
141.992
142.01
142.028
142.046
142.064
142.082
142.1
142.118
142.136
142.154
142.172
142.19
142.208
142.226
142.244
142.262
142.281
142.299
142.317
142.335
142.353
142.371
142.389
142.407
142.425
142.443
142.461
142.479
142.497
142.515
142.533
142.551
142.569
142.587
142.605
142.623
142.641
142.659
142.677
142.695
142.713
142.731
142.749
142.767
142.785
142.803
142.821
142.839
142.857
142.875
142.893
142.911
142.929
142.947
142.966
142.984
143.002
143.02
143.038
143.056
143.074
143.092
143.11
143.128
143.146
143.164
143.182
143.2
143.218
143.236
143.254
143.272
143.29
143.308
143.326
143.344
143.362
143.38
143.398
143.416
143.434
143.452
143.47
143.488
143.507
143.525
143.543
143.561
143.579
143.597
143.615
143.633
143.651
143.669
143.687
143.705
143.723
143.741
143.759
143.777
143.795
143.813
143.831
143.849
143.867
143.885
143.903
143.921
143.94
143.958
143.976
143.994
144.012
144.03
144.048
144.066
144.084
144.102
144.12
144.138
144.156
144.174
144.192
144.21
144.228
144.246
144.264
144.282
144.301
144.319
144.337
144.355
144.373
144.391
144.409
144.427
144.445
144.463
144.481
144.499
144.517
144.535
144.553
144.571
144.589
144.607
144.626
144.644
144.662
144.68
144.698
144.716
144.734
144.752
144.77
144.788
144.806
144.824
144.842
144.86
144.878
144.896
144.915
144.933
144.951
144.969
144.987
145.005
145.023
145.041
145.059
145.077
145.095
145.113
145.131
145.149
145.167
145.186
145.204
145.222
145.24
145.258
145.276
145.294
145.312
145.33
145.348
145.366
145.384
145.402
145.42
145.439
145.457
145.475
145.493
145.511
145.529
145.547
145.565
145.583
145.601
145.619
145.637
145.655
145.674
145.692
145.71
145.728
145.746
145.764
145.782
145.8
145.818
145.836
145.854
145.872
145.89
145.909
145.927
145.945
145.963
145.981
145.999
146.017
146.035
146.053
146.071
146.089
146.107
146.126
146.144
146.162
146.18
146.198
146.216
146.234
146.252
146.27
146.288
146.306
146.325
146.343
146.361
146.379
146.397
146.415
146.433
146.451
146.469
146.487
146.505
146.524
146.542
146.56
146.578
146.596
146.614
146.632
146.65
146.668
146.686
146.704
146.723
146.741
146.759
146.777
146.795
146.813
146.831
146.849
146.867
146.885
146.904
146.922
146.94
146.958
146.976
146.994
147.012
147.03
147.048
147.066
147.085
147.103
147.121
147.139
147.157
147.175
147.193
147.211
147.229
147.248
147.266
147.284
147.302
147.32
147.338
147.356
147.374
147.392
147.41
147.429
147.447
147.465
147.483
147.501
147.519
147.537
147.555
147.573
147.592
147.61
147.628
147.646
147.664
147.682
147.7
147.718
147.736
147.755
147.773
147.791
147.809
147.827
147.845
147.863
147.881
147.9
147.918
147.936
147.954
147.972
147.99
148.008
148.026
148.045
148.063
148.081
148.099
148.117
148.135
148.153
148.171
148.189
148.208
148.226
148.244
148.262
148.28
148.298
148.316
148.334
148.353
148.371
148.389
148.407
148.425
148.443
148.461
148.479
148.498
148.516
148.534
148.552
148.57
148.588
148.606
148.625
148.643
148.661
148.679
148.697
148.715
148.733
148.751
148.77
148.788
148.806
148.824
148.842
148.86
148.878
148.897
148.915
148.933
148.951
148.969
148.987
149.005
149.024
149.042
149.06
149.078
149.096
149.114
149.132
149.151
149.169
149.187
149.205
149.223
149.241
149.259
149.277
149.296
149.314
149.332
149.35
149.368
149.386
149.405
149.423
149.441
149.459
149.477
149.495
149.513
149.532
149.55
149.568
149.586
149.604
149.622
149.64
149.659
149.677
149.695
149.713
149.731
149.749
149.768
149.786
149.804
149.822
149.84
149.858
149.876
149.895
149.913
149.931
149.949
149.967
149.985
150.004
150.022
150.04
150.058
150.076
150.094
150.112
150.131
150.149
150.167
150.185
150.203
150.221
150.24
150.258
150.276
150.294
150.312
150.33
150.349
150.367
150.385
150.403
150.421
150.439
150.458
150.476
150.494
150.512
150.53
150.548
150.567
150.585
150.603
150.621
150.639
150.657
150.676
150.694
150.712
150.73
150.748
150.766
150.785
150.803
150.821
150.839
150.857
150.875
150.894
150.912
150.93
150.948
150.966
150.985
151.003
151.021
151.039
151.057
151.075
151.094
151.112
151.13
151.148
151.166
151.184
151.203
151.221
151.239
151.257
151.275
151.294
151.312
151.33
151.348
151.366
151.384
151.403
151.421
151.439
151.457
151.475
151.494
151.512
151.53
151.548
151.566
151.585
151.603
151.621
151.639
151.657
151.675
151.694
151.712
151.73
151.748
151.766
151.785
151.803
151.821
151.839
151.857
151.876
151.894
151.912
151.93
151.948
151.967
151.985
152.003
152.021
152.039
152.057
152.076
152.094
152.112
152.13
152.148
152.167
152.185
152.203
152.221
152.239
152.258
152.276
152.294
152.312
152.33
152.349
152.367
152.385
152.403
152.421
152.44
152.458
152.476
152.494
152.512
152.531
152.549
152.567
152.585
152.603
152.622
152.64
152.658
152.676
152.695
152.713
152.731
152.749
152.767
152.786
152.804
152.822
152.84
152.858
152.877
152.895
152.913
152.931
152.949
152.968
152.986
153.004
153.022
153.041
153.059
153.077
153.095
153.113
153.132
153.15
153.168
153.186
153.204
153.223
153.241
153.259
153.277
153.296
153.314
153.332
153.35
153.368
153.387
153.405
153.423
153.441
153.46
153.478
153.496
153.514
153.532
153.551
153.569
153.587
153.605
153.624
153.642
153.66
153.678
153.696
153.715
153.733
153.751
153.769
153.788
153.806
153.824
153.842
153.861
153.879
153.897
153.915
153.933
153.952
153.97
153.988
154.006
154.025
154.043
154.061
154.079
154.098
154.116
154.134
154.152
154.17
154.189
154.207
154.225
154.243
154.262
154.28
154.298
154.316
154.335
154.353
154.371
154.389
154.408
154.426
154.444
154.462
154.48
154.499
154.517
154.535
154.553
154.572
154.59
154.608
154.626
154.645
154.663
154.681
154.699
154.718
154.736
154.754
154.772
154.791
154.809
154.827
154.845
154.864
154.882
154.9
154.918
154.937
154.955
154.973
154.991
155.01
155.028
155.046
155.064
155.083
155.101
155.119
155.137
155.156
155.174
155.192
155.21
155.229
155.247
155.265
155.283
155.302
155.32
155.338
155.356
155.375
155.393
155.411
155.429
155.448
155.466
155.484
155.502
155.521
155.539
155.557
155.576
155.594
155.612
155.63
155.649
155.667
155.685
155.703
155.722
155.74
155.758
155.776
155.795
155.813
155.831
155.849
155.868
155.886
155.904
155.923
155.941
155.959
155.977
155.996
156.014
156.032
156.05
156.069
156.087
156.105
156.124
156.142
156.16
156.178
156.197
156.215
156.233
156.251
156.27
156.288
156.306
156.325
156.343
156.361
156.379
156.398
156.416
156.434
156.452
156.471
156.489
156.507
156.526
156.544
156.562
156.58
156.599
156.617
156.635
156.653
156.672
156.69
156.708
156.727
156.745
156.763
156.781
156.8
156.818
156.836
156.855
156.873
156.891
156.909
156.928
156.946
156.964
156.983
157.001
157.019
157.037
157.056
157.074
157.092
157.111
157.129
157.147
157.165
157.184
157.202
157.22
157.239
157.257
157.275
157.293
157.312
157.33
157.348
157.367
157.385
157.403
157.422
157.44
157.458
157.476
157.495
157.513
157.531
157.55
157.568
157.586
157.604
157.623
157.641
157.659
157.678
157.696
157.714
157.733
157.751
157.769
157.787
157.806
157.824
157.842
157.861
157.879
157.897
157.916
157.934
157.952
157.97
157.989
158.007
158.025
158.044
158.062
158.08
158.099
158.117
158.135
158.154
158.172
158.19
158.208
158.227
158.245
158.263
158.282
158.3
158.318
158.337
158.355
158.373
158.392
158.41
158.428
158.446
158.465
158.483
158.501
158.52
158.538
158.556
158.575
158.593
158.611
158.63
158.648
158.666
158.685
158.703
158.721
158.739
158.758
158.776
158.794
158.813
158.831
158.849
158.868
158.886
158.904
158.923
158.941
158.959
158.978
158.996
159.014
159.033
159.051
159.069
159.088
159.106
159.124
159.143
159.161
159.179
159.198
159.216
159.234
159.253
159.271
159.289
159.308
159.326
159.344
159.362
159.381
159.399
159.417
159.436
159.454
159.472
159.491
159.509
159.527
159.546
159.564
159.582
159.601
159.619
159.637
159.656
159.674
159.692
159.711
159.729
159.747
159.766
159.784
159.803
159.821
159.839
159.858
159.876
159.894
159.913
159.931
159.949
159.968
159.986
160.004
160.023
160.041
160.059
160.078
160.096
160.114
160.133
160.151
160.169
160.188
160.206
160.224
160.243
160.261
160.279
160.298
160.316
160.334
160.353
160.371
160.389
160.408
160.426
160.445
160.463
160.481
160.5
160.518
160.536
160.555
160.573
160.591
160.61
160.628
160.646
160.665
160.683
160.701
160.72
160.738
160.757
160.775
160.793
160.812
160.83
160.848
160.867
160.885
160.903
160.922
160.94
160.958
160.977
160.995
161.014
161.032
161.05
161.069
161.087
161.105
161.124
161.142
161.16
161.179
161.197
161.216
161.234
161.252
161.271
161.289
161.307
161.326
161.344
161.362
161.381
161.399
161.418
161.436
161.454
161.473
161.491
161.509
161.528
161.546
161.565
161.583
161.601
161.62
161.638
161.656
161.675
161.693
161.711
161.73
161.748
161.767
161.785
161.803
161.822
161.84
161.858
161.877
161.895
161.914
161.932
161.95
161.969
161.987
162.005
162.024
162.042
162.061
162.079
162.097
162.116
162.134
162.153
162.171
162.189
162.208
162.226
162.244
162.263
162.281
162.3
162.318
162.336
162.355
162.373
162.392
162.41
162.428
162.447
162.465
162.483
162.502
162.52
162.539
162.557
162.575
162.594
162.612
162.631
162.649
162.667
162.686
162.704
162.722
162.741
162.759
162.778
162.796
162.814
162.833
162.851
162.87
162.888
162.906
162.925
162.943
162.962
162.98
162.998
163.017
163.035
163.054
163.072
163.09
163.109
163.127
163.146
163.164
163.182
163.201
163.219
163.238
163.256
163.274
163.293
163.311
163.33
163.348
163.366
163.385
163.403
163.422
163.44
163.458
163.477
163.495
163.514
163.532
163.55
163.569
163.587
163.606
163.624
163.642
163.661
163.679
163.698
163.716
163.734
163.753
163.771
163.79
163.808
163.827
163.845
163.863
163.882
163.9
163.919
163.937
163.955
163.974
163.992
164.011
164.029
164.048
164.066
164.084
164.103
164.121
164.14
164.158
164.176
164.195
164.213
164.232
164.25
164.269
164.287
164.305
164.324
164.342
164.361
164.379
164.397
164.416
164.434
164.453
164.471
164.49
164.508
164.526
164.545
164.563
164.582
164.6
164.619
164.637
164.655
164.674
164.692
164.711
164.729
164.748
164.766
164.784
164.803
164.821
164.84
164.858
164.877
164.895
164.913
164.932
164.95
164.969
164.987
165.006
165.024
165.042
165.061
165.079
165.098
165.116
165.135
165.153
165.171
165.19
165.208
165.227
165.245
165.264
165.282
165.3
165.319
165.337
165.356
165.374
165.393
165.411
165.43
165.448
165.466
165.485
165.503
165.522
165.54
165.559
165.577
165.596
165.614
165.632
165.651
165.669
165.688
165.706
165.725
165.743
165.762
165.78
165.798
165.817
165.835
165.854
165.872
165.891
165.909
165.928
165.946
165.964
165.983
166.001
166.02
166.038
166.057
166.075
166.094
166.112
166.13
166.149
166.167
166.186
166.204
166.223
166.241
166.26
166.278
166.297
166.315
166.333
166.352
166.37
166.389
166.407
166.426
166.444
166.463
166.481
166.5
166.518
166.537
166.555
166.573
166.592
166.61
166.629
166.647
166.666
166.684
166.703
166.721
166.74
166.758
166.777
166.795
166.813
166.832
166.85
166.869
166.887
166.906
166.924
166.943
166.961
166.98
166.998
167.017
167.035
167.053
167.072
167.09
167.109
167.127
167.146
167.164
167.183
167.201
167.22
167.238
167.257
167.275
167.294
167.312
167.331
167.349
167.368
167.386
167.404
167.423
167.441
167.46
167.478
167.497
167.515
167.534
167.552
167.571
167.589
167.608
167.626
167.645
167.663
167.682
167.7
167.719
167.737
167.756
167.774
167.792
167.811
167.829
167.848
167.866
167.885
167.903
167.922
167.94
167.959
167.977
167.996
168.014
168.033
168.051
168.07
168.088
168.107
168.125
168.144
168.162
168.181
168.199
168.218
168.236
168.255
168.273
168.292
168.31
168.329
168.347
168.366
168.384
168.403
168.421
168.44
168.458
168.477
168.495
168.514
168.532
168.55
168.569
168.587
168.606
168.624
168.643
168.661
168.68
168.698
168.717
168.735
168.754
168.772
168.791
168.809
168.828
168.846
168.865
168.883
168.902
168.92
168.939
168.957
168.976
168.994
169.013
169.031
169.05
169.068
169.087
169.105
169.124
169.142
169.161
169.18
169.198
169.217
169.235
169.254
169.272
169.291
169.309
169.328
169.346
169.365
169.383
169.402
169.42
169.439
169.457
169.476
169.494
169.513
169.531
169.55
169.568
169.587
169.605
169.624
169.642
169.661
169.679
169.698
169.716
169.735
169.753
169.772
169.79
169.809
169.827
169.846
169.864
169.883
169.901
169.92
169.939
169.957
169.976
169.994
170.013
170.031
170.05
170.068
170.087
170.105
170.124
170.142
170.161
170.179
170.198
170.216
170.235
170.253
170.272
170.29
170.309
170.327
170.346
170.364
170.383
170.402
170.42
170.439
170.457
170.476
170.494
170.513
170.531
170.55
170.568
170.587
170.605
170.624
170.642
170.661
170.679
170.698
170.716
170.735
170.754
170.772
170.791
170.809
170.828
170.846
170.865
170.883
170.902
170.92
170.939
170.957
170.976
170.994
171.013
171.031
171.05
171.069
171.087
171.106
171.124
171.143
171.161
171.18
171.198
171.217
171.235
171.254
171.272
171.291
171.309
171.328
171.347
171.365
171.384
171.402
171.421
171.439
171.458
171.476
171.495
171.513
171.532
171.551
171.569
171.588
171.606
171.625
171.643
171.662
171.68
171.699
171.717
171.736
171.755
171.773
171.792
171.81
171.829
171.847
171.866
171.884
171.903
171.921
171.94
171.959
171.977
171.996
172.014
172.033
172.051
172.07
172.088
172.107
172.126
172.144
172.163
172.181
172.2
172.218
172.237
172.255
172.274
172.293
172.311
172.33
172.348
172.367
172.385
172.404
172.423
172.441
172.46
172.478
172.497
172.515
172.534
172.553
172.571
172.59
172.608
172.627
172.645
172.664
172.683
172.701
172.72
172.738
172.757
172.775
172.794
172.812
172.831
172.85
172.868
172.887
172.905
172.924
172.943
172.961
172.98
172.998
173.017
173.035
173.054
173.073
173.091
173.11
173.128
173.147
173.165
173.184
173.203
173.221
173.24
173.258
173.277
173.295
173.314
173.333
173.351
173.37
173.388
173.407
173.426
173.444
173.463
173.481
173.5
173.518
173.537
173.556
173.574
173.593
173.611
173.63
173.649
173.667
173.686
173.704
173.723
173.741
173.76
173.779
173.797
173.816
173.834
173.853
173.872
173.89
173.909
173.927
173.946
173.964
173.983
174.002
174.02
174.039
174.057
174.076
174.095
174.113
174.132
174.15
174.169
174.188
174.206
174.225
174.243
174.262
174.281
174.299
174.318
174.336
174.355
174.374
174.392
174.411
174.429
174.448
174.466
174.485
174.504
174.522
174.541
174.559
174.578
174.597
174.615
174.634
174.652
174.671
174.69
174.708
174.727
174.745
174.764
174.783
174.801
174.82
174.839
174.857
174.876
174.894
174.913
174.932
174.95
174.969
174.987
175.006
175.025
175.043
175.062
175.08
175.099
175.118
175.136
175.155
175.173
175.192
175.211
175.229
175.248
175.266
175.285
175.304
175.322
175.341
175.36
175.378
175.397
175.415
175.434
175.453
175.471
175.49
175.508
175.527
175.546
175.564
175.583
175.602
175.62
175.639
175.657
175.676
175.695
175.713
175.732
175.75
175.769
175.788
175.806
175.825
175.844
175.862
175.881
175.899
175.918
175.937
175.955
175.974
175.993
176.011
176.03
176.048
176.067
176.086
176.104
176.123
176.142
176.16
176.179
176.197
176.216
176.235
176.253
176.272
176.291
176.309
176.328
176.347
176.365
176.384
176.402
176.421
176.44
176.458
176.477
176.496
176.514
176.533
176.551
176.57
176.589
176.607
176.626
176.645
176.663
176.682
176.701
176.719
176.738
176.756
176.775
176.794
176.812
176.831
176.85
176.868
176.887
176.906
176.924
176.943
176.962
176.98
176.999
177.017
177.036
177.055
177.073
177.092
177.111
177.129
177.148
177.167
177.185
177.204
177.223
177.241
177.26
177.278
177.297
177.316
177.334
177.353
177.372
177.39
177.409
177.428
177.446
177.465
177.484
177.502
177.521
177.54
177.558
177.577
177.596
177.614
177.633
177.651
177.67
177.689
177.707
177.726
177.745
177.763
177.782
177.801
177.819
177.838
177.857
177.875
177.894
177.913
177.931
177.95
177.969
177.987
178.006
178.025
178.043
178.062
178.081
178.099
178.118
178.137
178.155
178.174
178.193
178.211
178.23
178.249
178.267
178.286
178.305
178.323
178.342
178.36
178.379
178.398
178.416
178.435
178.454
178.472
178.491
178.51
178.528
178.547
178.566
178.584
178.603
178.622
178.64
178.659
178.678
178.696
178.715
178.734
178.753
178.771
178.79
178.809
178.827
178.846
178.865
178.883
178.902
178.921
178.939
178.958
178.977
178.995
179.014
179.033
179.051
179.07
179.089
179.107
179.126
179.145
179.163
179.182
179.201
179.219
179.238
179.257
179.275
179.294
179.313
179.331
179.35
179.369
179.387
179.406
179.425
179.444
179.462
179.481
179.5
179.518
179.537
179.556
179.574
179.593
179.612
179.63
179.649
179.668
179.686
179.705
179.724
179.742
179.761
179.78
179.799
179.817
179.836
179.855
179.873
179.892
179.911
179.929
179.948
179.967
179.985
180.004
180.023
180.042
180.06
180.079
180.098
180.116
180.135
180.154
180.172
180.191
180.21
180.228
180.247
180.266
180.285
180.303
180.322
180.341
180.359
180.378
180.397
180.415
180.434
180.453
180.471
180.49
180.509
180.528
180.546
180.565
180.584
180.602
180.621
180.64
180.659
180.677
180.696
180.715
180.733
180.752
180.771
180.789
180.808
180.827
180.846
180.864
180.883
180.902
180.92
180.939
180.958
180.976
180.995
181.014
181.033
181.051
181.07
181.089
181.107
181.126
181.145
181.164
181.182
181.201
181.22
181.238
181.257
181.276
181.295
181.313
181.332
181.351
181.369
181.388
181.407
181.426
181.444
181.463
181.482
181.5
181.519
181.538
181.557
181.575
181.594
181.613
181.631
181.65
181.669
181.688
181.706
181.725
181.744
181.762
181.781
181.8
181.819
181.837
181.856
181.875
181.894
181.912
181.931
181.95
181.968
181.987
182.006
182.025
182.043
182.062
182.081
182.099
182.118
182.137
182.156
182.174
182.193
182.212
182.231
182.249
182.268
182.287
182.306
182.324
182.343
182.362
182.38
182.399
182.418
182.437
182.455
182.474
182.493
182.512
182.53
182.549
182.568
182.586
182.605
182.624
182.643
182.661
182.68
182.699
182.718
182.736
182.755
182.774
182.793
182.811
182.83
182.849
182.868
182.886
182.905
182.924
182.942
182.961
182.98
182.999
183.017
183.036
183.055
183.074
183.092
183.111
183.13
183.149
183.167
183.186
183.205
183.224
183.242
183.261
183.28
183.299
183.317
183.336
183.355
183.374
183.392
183.411
183.43
183.449
183.467
183.486
183.505
183.524
183.542
183.561
183.58
183.599
183.617
183.636
183.655
183.674
183.692
183.711
183.73
183.749
183.767
183.786
183.805
183.824
183.842
183.861
183.88
183.899
183.917
183.936
183.955
183.974
183.992
184.011
184.03
184.049
184.067
184.086
184.105
184.124
184.142
184.161
184.18
184.199
184.218
184.236
184.255
184.274
184.293
184.311
184.33
184.349
184.368
184.386
184.405
184.424
184.443
184.461
184.48
184.499
184.518
184.537
184.555
184.574
184.593
184.612
184.63
184.649
184.668
184.687
184.705
184.724
184.743
184.762
184.781
184.799
184.818
184.837
184.856
184.874
184.893
184.912
184.931
184.949
184.968
184.987
185.006
185.025
185.043
185.062
185.081
185.1
185.118
185.137
185.156
185.175
185.194
185.212
185.231
185.25
185.269
185.287
185.306
185.325
185.344
185.363
185.381
185.4
185.419
185.438
185.456
185.475
185.494
185.513
185.532
185.55
185.569
185.588
185.607
185.625
185.644
185.663
185.682
185.701
185.719
185.738
185.757
185.776
185.795
185.813
185.832
185.851
185.87
185.888
185.907
185.926
185.945
185.964
185.982
186.001
186.02
186.039
186.058
186.076
186.095
186.114
186.133
186.152
186.17
186.189
186.208
186.227
186.246
186.264
186.283
186.302
186.321
186.34
186.358
186.377
186.396
186.415
186.433
186.452
186.471
186.49
186.509
186.527
186.546
186.565
186.584
186.603
186.621
186.64
186.659
186.678
186.697
186.715
186.734
186.753
186.772
186.791
186.809
186.828
186.847
186.866
186.885
186.904
186.922
186.941
186.96
186.979
186.998
187.016
187.035
187.054
187.073
187.092
187.11
187.129
187.148
187.167
187.186
187.204
187.223
187.242
187.261
187.28
187.298
187.317
187.336
187.355
187.374
187.393
187.411
187.43
187.449
187.468
187.487
187.505
187.524
187.543
187.562
187.581
187.6
187.618
187.637
187.656
187.675
187.694
187.712
187.731
187.75
187.769
187.788
187.807
187.825
187.844
187.863
187.882
187.901
187.919
187.938
187.957
187.976
187.995
188.014
188.032
188.051
188.07
188.089
188.108
188.126
188.145
188.164
188.183
188.202
188.221
188.239
188.258
188.277
188.296
188.315
188.334
188.352
188.371
188.39
188.409
188.428
188.447
188.465
188.484
188.503
188.522
188.541
188.56
188.578
188.597
188.616
188.635
188.654
188.673
188.691
188.71
188.729
188.748
188.767
188.786
188.804
188.823
188.842
188.861
188.88
188.899
188.917
188.936
188.955
188.974
188.993
189.012
189.03
189.049
189.068
189.087
189.106
189.125
189.143
189.162
189.181
189.2
189.219
189.238
189.257
189.275
189.294
189.313
189.332
189.351
189.37
189.388
189.407
189.426
189.445
189.464
189.483
189.502
189.52
189.539
189.558
189.577
189.596
189.615
189.633
189.652
189.671
189.69
189.709
189.728
189.747
189.765
189.784
189.803
189.822
189.841
189.86
189.879
189.897
189.916
189.935
189.954
189.973
189.992
190.011
190.029
190.048
190.067
190.086
190.105
190.124
190.142
190.161
190.18
190.199
190.218
190.237
190.256
190.275
190.293
190.312
190.331
190.35
190.369
190.388
190.407
190.425
190.444
190.463
190.482
190.501
190.52
190.539
190.557
190.576
190.595
190.614
190.633
190.652
190.671
190.689
190.708
190.727
190.746
190.765
190.784
190.803
190.822
190.84
190.859
190.878
190.897
190.916
190.935
190.954
190.973
190.991
191.01
191.029
191.048
191.067
191.086
191.105
191.123
191.142
191.161
191.18
191.199
191.218
191.237
191.256
191.274
191.293
191.312
191.331
191.35
191.369
191.388
191.407
191.426
191.444
191.463
191.482
191.501
191.52
191.539
191.558
191.577
191.595
191.614
191.633
191.652
191.671
191.69
191.709
191.728
191.746
191.765
191.784
191.803
191.822
191.841
191.86
191.879
191.898
191.916
191.935
191.954
191.973
191.992
192.011
192.03
192.049
192.068
192.086
192.105
192.124
192.143
192.162
192.181
192.2
192.219
192.238
192.256
192.275
192.294
192.313
192.332
192.351
192.37
192.389
192.408
192.426
192.445
192.464
192.483
192.502
192.521
192.54
192.559
192.578
192.597
192.615
192.634
192.653
192.672
192.691
192.71
192.729
192.748
192.767
192.785
192.804
192.823
192.842
192.861
192.88
192.899
192.918
192.937
192.956
192.975
192.993
193.012
193.031
193.05
193.069
193.088
193.107
193.126
193.145
193.164
193.182
193.201
193.22
193.239
193.258
193.277
193.296
193.315
193.334
193.353
193.372
193.39
193.409
193.428
193.447
193.466
193.485
193.504
193.523
193.542
193.561
193.58
193.598
193.617
193.636
193.655
193.674
193.693
193.712
193.731
193.75
193.769
193.788
193.807
193.825
193.844
193.863
193.882
193.901
193.92
193.939
193.958
193.977
193.996
194.015
194.034
194.052
194.071
194.09
194.109
194.128
194.147
194.166
194.185
194.204
194.223
194.242
194.261
194.279
194.298
194.317
194.336
194.355
194.374
194.393
194.412
194.431
194.45
194.469
194.488
194.507
194.526
194.544
194.563
194.582
194.601
194.62
194.639
194.658
194.677
194.696
194.715
194.734
194.753
194.772
194.791
194.809
194.828
194.847
194.866
194.885
194.904
194.923
194.942
194.961
194.98
194.999
195.018
195.037
195.056
195.075
195.093
195.112
195.131
195.15
195.169
195.188
195.207
195.226
195.245
195.264
195.283
195.302
195.321
195.34
195.359
195.378
195.396
195.415
195.434
195.453
195.472
195.491
195.51
195.529
195.548
195.567
195.586
195.605
195.624
195.643
195.662
195.681
195.7
195.719
195.737
195.756
195.775
195.794
195.813
195.832
195.851
195.87
195.889
195.908
195.927
195.946
195.965
195.984
196.003
196.022
196.041
196.06
196.079
196.097
196.116
196.135
196.154
196.173
196.192
196.211
196.23
196.249
196.268
196.287
196.306
196.325
196.344
196.363
196.382
196.401
196.42
196.439
196.458
196.477
196.496
196.515
196.533
196.552
196.571
196.59
196.609
196.628
196.647
196.666
196.685
196.704
196.723
196.742
196.761
196.78
196.799
196.818
196.837
196.856
196.875
196.894
196.913
196.932
196.951
196.97
196.989
197.008
197.027
197.045
197.064
197.083
197.102
197.121
197.14
197.159
197.178
197.197
197.216
197.235
197.254
197.273
197.292
197.311
197.33
197.349
197.368
197.387
197.406
197.425
197.444
197.463
197.482
197.501
197.52
197.539
197.558
197.577
197.596
197.615
197.634
197.653
197.672
197.691
197.71
197.728
197.747
197.766
197.785
197.804
197.823
197.842
197.861
197.88
197.899
197.918
197.937
197.956
197.975
197.994
198.013
198.032
198.051
198.07
198.089
198.108
198.127
198.146
198.165
198.184
198.203
198.222
198.241
198.26
198.279
198.298
198.317
198.336
198.355
198.374
198.393
198.412
198.431
198.45
198.469
198.488
198.507
198.526
198.545
198.564
198.583
198.602
198.621
198.64
198.659
198.678
198.697
198.716
198.735
198.754
198.773
198.792
198.811
198.83
198.849
198.868
198.887
198.906
198.925
198.944
198.963
198.982
199.001
199.02
199.039
199.058
199.077
199.096
199.115
199.134
199.153
199.172
199.191
199.21
199.229
199.248
199.267
199.286
199.305
199.324
199.343
199.362
199.381
199.4
199.419
199.438
199.457
199.476
199.495
199.514
199.533
199.552
199.571
199.59
199.609
199.628
199.647
199.666
199.685
199.704
199.723
199.742
199.761
199.78
199.799
199.818
199.837
199.856
199.875
199.894
199.913
199.932
199.951
199.97
199.989
200.008
200.027
200.046
200.065
200.084
200.103
200.122
200.141
200.16
200.179
200.198
200.217
200.236
200.255
200.274
200.293
200.312
200.331
200.35
200.369
200.388
200.407
200.426
200.445
200.464
200.483
200.502
200.521
200.54
200.559
200.578
200.597
200.616
200.636
200.655
200.674
200.693
200.712
200.731
200.75
200.769
200.788
200.807
200.826
200.845
200.864
200.883
200.902
200.921
200.94
200.959
200.978
200.997
201.016
201.035
201.054
201.073
201.092
201.111
201.13
201.149
201.168
201.187
201.206
201.225
201.244
201.263
201.282
201.301
201.321
201.34
201.359
201.378
201.397
201.416
201.435
201.454
201.473
201.492
201.511
201.53
201.549
201.568
201.587
201.606
201.625
201.644
201.663
201.682
201.701
201.72
201.739
201.758
201.777
201.796
201.815
201.835
201.854
201.873
201.892
201.911
201.93
201.949
201.968
201.987
202.006
202.025
202.044
202.063
202.082
202.101
202.12
202.139
202.158
202.177
202.196
202.215
202.234
202.253
202.273
202.292
202.311
202.33
202.349
202.368
202.387
202.406
202.425
202.444
202.463
202.482
202.501
202.52
202.539
202.558
202.577
202.596
202.615
202.634
202.654
202.673
202.692
202.711
202.73
202.749
202.768
202.787
202.806
202.825
202.844
202.863
202.882
202.901
202.92
202.939
202.958
202.977
202.997
203.016
203.035
203.054
203.073
203.092
203.111
203.13
203.149
203.168
203.187
203.206
203.225
203.244
203.263
203.282
203.302
203.321
203.34
203.359
203.378
203.397
203.416
203.435
203.454
203.473
203.492
203.511
203.53
203.549
203.568
203.588
203.607
203.626
203.645
203.664
203.683
203.702
203.721
203.74
203.759
203.778
203.797
203.816
203.835
203.854
203.874
203.893
203.912
203.931
203.95
203.969
203.988
204.007
204.026
204.045
204.064
204.083
204.102
204.122
204.141
204.16
204.179
204.198
204.217
204.236
204.255
204.274
204.293
204.312
204.331
204.35
204.37
204.389
204.408
204.427
204.446
204.465
204.484
204.503
204.522
204.541
204.56
204.579
204.599
204.618
204.637
204.656
204.675
204.694
204.713
204.732
204.751
204.77
204.789
204.808
204.828
204.847
204.866
204.885
204.904
204.923
204.942
204.961
204.98
204.999
205.018
205.037
205.057
205.076
205.095
205.114
205.133
205.152
205.171
205.19
205.209
205.228
205.247
205.267
205.286
205.305
205.324
205.343
205.362
205.381
205.4
205.419
205.438
205.458
205.477
205.496
205.515
205.534
205.553
205.572
205.591
205.61
205.629
205.649
205.668
205.687
205.706
205.725
205.744
205.763
205.782
205.801
205.82
205.84
205.859
205.878
205.897
205.916
205.935
205.954
205.973
205.992
206.011
206.031
206.05
206.069
206.088
206.107
206.126
206.145
206.164
206.183
206.202
206.222
206.241
206.26
206.279
206.298
206.317
206.336
206.355
206.374
206.394
206.413
206.432
206.451
206.47
206.489
206.508
206.527
206.546
206.566
206.585
206.604
206.623
206.642
206.661
206.68
206.699
206.718
206.738
206.757
206.776
206.795
206.814
206.833
206.852
206.871
206.891
206.91
206.929
206.948
206.967
206.986
207.005
207.024
207.043
207.063
207.082
207.101
207.12
207.139
207.158
207.177
207.196
207.216
207.235
207.254
207.273
207.292
207.311
207.33
207.349
207.369
207.388
207.407
207.426
207.445
207.464
207.483
207.502
207.522
207.541
207.56
207.579
207.598
207.617
207.636
207.655
207.675
207.694
207.713
207.732
207.751
207.77
207.789
207.809
207.828
207.847
207.866
207.885
207.904
207.923
207.942
207.962
207.981
208
208.019
208.038
208.057
208.076
208.096
208.115
208.134
208.153
208.172
208.191
208.21
208.229
208.249
208.268
208.287
208.306
208.325
208.344
208.363
208.383
208.402
208.421
208.44
208.459
208.478
208.497
208.517
208.536
208.555
208.574
208.593
208.612
208.631
208.651
208.67
208.689
208.708
208.727
208.746
208.765
208.785
208.804
208.823
208.842
208.861
208.88
208.899
208.919
208.938
208.957
208.976
208.995
209.014
209.033
209.053
209.072
209.091
209.11
209.129
209.148
209.167
209.187
209.206
209.225
209.244
209.263
209.282
209.302
209.321
209.34
209.359
209.378
209.397
209.416
209.436
209.455
209.474
209.493
209.512
209.531
209.551
209.57
209.589
209.608
209.627
209.646
209.665
209.685
209.704
209.723
209.742
209.761
209.78
209.8
209.819
209.838
209.857
209.876
209.895
209.915
209.934
209.953
209.972
209.991
210.01
210.03
210.049
210.068
210.087
210.106
210.125
210.144
210.164
210.183
210.202
210.221
210.24
210.259
210.279
210.298
210.317
210.336
210.355
210.374
210.394
210.413
210.432
210.451
210.47
210.489
210.509
210.528
210.547
210.566
210.585
210.605
210.624
210.643
210.662
210.681
210.7
210.72
210.739
210.758
210.777
210.796
210.815
210.835
210.854
210.873
210.892
210.911
210.93
210.95
210.969
210.988
211.007
211.026
211.046
211.065
211.084
211.103
211.122
211.141
211.161
211.18
211.199
211.218
211.237
211.257
211.276
211.295
211.314
211.333
211.352
211.372
211.391
211.41
211.429
211.448
211.468
211.487
211.506
211.525
211.544
211.563
211.583
211.602
211.621
211.64
211.659
211.679
211.698
211.717
211.736
211.755
211.775
211.794
211.813
211.832
211.851
211.87
211.89
211.909
211.928
211.947
211.966
211.986
212.005
212.024
212.043
212.062
212.082
212.101
212.12
212.139
212.158
212.178
212.197
212.216
212.235
212.254
212.274
212.293
212.312
212.331
212.35
212.37
212.389
212.408
212.427
212.446
212.466
212.485
212.504
212.523
212.542
212.562
212.581
212.6
212.619
212.638
212.658
212.677
212.696
212.715
212.734
212.754
212.773
212.792
212.811
212.83
212.85
212.869
212.888
212.907
212.926
212.946
212.965
212.984
213.003
213.022
213.042
213.061
213.08
213.099
213.119
213.138
213.157
213.176
213.195
213.215
213.234
213.253
213.272
213.291
213.311
213.33
213.349
213.368
213.387
213.407
213.426
213.445
213.464
213.484
213.503
213.522
213.541
213.56
213.58
213.599
213.618
213.637
213.656
213.676
213.695
213.714
213.733
213.753
213.772
213.791
213.81
213.829
213.849
213.868
213.887
213.906
213.926
213.945
213.964
213.983
214.002
214.022
214.041
214.06
214.079
214.099
214.118
214.137
214.156
214.175
214.195
214.214
214.233
214.252
214.272
214.291
214.31
214.329
214.348
214.368
214.387
214.406
214.425
214.445
214.464
214.483
214.502
214.522
214.541
214.56
214.579
214.598
214.618
214.637
214.656
214.675
214.695
214.714
214.733
214.752
214.772
214.791
214.81
214.829
214.849
214.868
214.887
214.906
214.925
214.945
214.964
214.983
215.002
215.022
215.041
215.06
215.079
215.099
215.118
215.137
215.156
215.176
215.195
215.214
215.233
215.252
215.272
215.291
215.31
215.329
215.349
215.368
215.387
215.406
215.426
215.445
215.464
215.483
215.503
215.522
215.541
215.56
215.58
215.599
215.618
215.637
215.657
215.676
215.695
215.714
215.734
215.753
215.772
215.791
215.811
215.83
215.849
215.868
215.888
215.907
215.926
215.945
215.965
215.984
216.003
216.022
216.042
216.061
216.08
216.099
216.119
216.138
216.157
216.176
216.196
216.215
216.234
216.253
216.273
216.292
216.311
216.33
216.35
216.369
216.388
216.407
216.427
216.446
216.465
216.484
216.504
216.523
216.542
216.561
216.581
216.6
216.619
216.639
216.658
216.677
216.696
216.716
216.735
216.754
216.773
216.793
216.812
216.831
216.85
216.87
216.889
216.908
216.927
216.947
216.966
216.985
217.005
217.024
217.043
217.062
217.082
217.101
217.12
217.139
217.159
217.178
217.197
217.216
217.236
217.255
217.274
217.294
217.313
217.332
217.351
217.371
217.39
217.409
217.428
217.448
217.467
217.486
217.506
217.525
217.544
217.563
217.583
217.602
217.621
217.64
217.66
217.679
217.698
217.718
217.737
217.756
217.775
217.795
217.814
217.833
217.852
217.872
217.891
217.91
217.93
217.949
217.968
217.987
218.007
218.026
218.045
218.065
218.084
218.103
218.122
218.142
218.161
218.18
218.2
218.219
218.238
218.257
218.277
218.296
218.315
218.335
218.354
218.373
218.392
218.412
218.431
218.45
218.47
218.489
218.508
218.527
218.547
218.566
218.585
218.605
218.624
218.643
218.662
218.682
218.701
218.72
218.74
218.759
218.778
218.797
218.817
218.836
218.855
218.875
218.894
218.913
218.932
218.952
218.971
218.99
219.01
219.029
219.048
219.068
219.087
219.106
219.125
219.145
219.164
219.183
219.203
219.222
219.241
219.261
219.28
219.299
219.318
219.338
219.357
219.376
219.396
219.415
219.434
219.454
219.473
219.492
219.511
219.531
219.55
219.569
219.589
219.608
219.627
219.647
219.666
219.685
219.704
219.724
219.743
219.762
219.782
219.801
219.82
219.84
219.859
219.878
219.897
219.917
219.936
219.955
219.975
219.994
220.013
220.033
220.052
220.071
220.091
220.11
220.129
220.149
220.168
220.187
220.206
220.226
220.245
220.264
220.284
220.303
220.322
220.342
220.361
220.38
220.4
220.419
220.438
220.458
220.477
220.496
220.515
220.535
220.554
220.573
220.593
220.612
220.631
220.651
220.67
220.689
220.709
220.728
220.747
220.767
220.786
220.805
220.825
220.844
220.863
220.882
220.902
220.921
220.94
220.96
220.979
220.998
221.018
221.037
221.056
221.076
221.095
221.114
221.134
221.153
221.172
221.192
221.211
221.23
221.25
221.269
221.288
221.308
221.327
221.346
221.366
221.385
221.404
221.424
221.443
221.462
221.482
221.501
221.52
221.54
221.559
221.578
221.598
221.617
221.636
221.656
221.675
221.694
221.714
221.733
221.752
221.772
221.791
221.81
221.83
221.849
221.868
221.888
221.907
221.926
221.946
221.965
221.984
222.004
222.023
222.042
222.062
222.081
222.1
222.12
222.139
222.158
222.178
222.197
222.216
222.236
222.255
222.274
222.294
222.313
222.332
222.352
222.371
222.39
222.41
222.429
222.448
222.468
222.487
222.506
222.526
222.545
222.564
222.584
222.603
222.622
222.642
222.661
222.681
222.7
222.719
222.739
222.758
222.777
222.797
222.816
222.835
222.855
222.874
222.893
222.913
222.932
222.951
222.971
222.99
223.009
223.029
223.048
223.067
223.087
223.106
223.126
223.145
223.164
223.184
223.203
223.222
223.242
223.261
223.28
223.3
223.319
223.338
223.358
223.377
223.396
223.416
223.435
223.455
223.474
223.493
223.513
223.532
223.551
223.571
223.59
223.609
223.629
223.648
223.668
223.687
223.706
223.726
223.745
223.764
223.784
223.803
223.822
223.842
223.861
223.88
223.9
223.919
223.939
223.958
223.977
223.997
224.016
224.035
224.055
224.074
224.093
224.113
224.132
224.152
224.171
224.19
224.21
224.229
224.248
224.268
224.287
224.307
224.326
224.345
224.365
224.384
224.403
224.423
224.442
224.461
224.481
224.5
224.52
224.539
224.558
224.578
224.597
224.616
224.636
224.655
224.675
224.694
224.713
224.733
224.752
224.771
224.791
224.81
224.83
224.849
224.868
224.888
224.907
224.926
224.946
224.965
224.985
225.004
225.023
225.043
225.062
225.081
225.101
225.12
225.14
225.159
225.178
225.198
225.217
225.237
225.256
225.275
225.295
225.314
225.333
225.353
225.372
225.392
225.411
225.43
225.45
225.469
225.489
225.508
225.527
225.547
225.566
225.585
225.605
225.624
225.644
225.663
225.682
225.702
225.721
225.741
225.76
225.779
225.799
225.818
225.837
225.857
225.876
225.896
225.915
225.934
225.954
225.973
225.993
226.012
226.031
226.051
226.07
226.09
226.109
226.128
226.148
226.167
226.187
226.206
226.225
226.245
226.264
226.284
226.303
226.322
226.342
226.361
226.38
226.4
226.419
226.439
226.458
226.477
226.497
226.516
226.536
226.555
226.574
226.594
226.613
226.633
226.652
226.671
226.691
226.71
226.73
226.749
226.768
226.788
226.807
226.827
226.846
226.866
226.885
226.904
226.924
226.943
226.963
226.982
227.001
227.021
227.04
227.06
227.079
227.098
227.118
227.137
227.157
227.176
227.195
227.215
227.234
227.254
227.273
227.292
227.312
227.331
227.351
227.37
227.39
227.409
227.428
227.448
227.467
227.487
227.506
227.525
227.545
227.564
227.584
227.603
227.622
227.642
227.661
227.681
227.7
227.72
227.739
227.758
227.778
227.797
227.817
227.836
227.855
227.875
227.894
227.914
227.933
227.953
227.972
227.991
228.011
228.03
228.05
228.069
228.088
228.108
228.127
228.147
228.166
228.186
228.205
228.224
228.244
228.263
228.283
228.302
228.322
228.341
228.36
228.38
228.399
228.419
228.438
228.457
228.477
228.496
228.516
228.535
228.555
228.574
228.593
228.613
228.632
228.652
228.671
228.691
228.71
228.729
228.749
228.768
228.788
228.807
228.827
228.846
228.865
228.885
228.904
228.924
228.943
228.963
228.982
229.002
229.021
229.04
229.06
229.079
229.099
229.118
229.138
229.157
229.176
229.196
229.215
229.235
229.254
229.274
229.293
229.312
229.332
229.351
229.371
229.39
229.41
229.429
229.449
229.468
229.487
229.507
229.526
229.546
229.565
229.585
229.604
229.623
229.643
229.662
229.682
229.701
229.721
229.74
229.76
229.779
229.798
229.818
229.837
229.857
229.876
229.896
229.915
229.935
229.954
229.973
229.993
230.012
230.032
230.051
230.071
230.09
230.11
230.129
230.148
230.168
230.187
230.207
230.226
230.246
230.265
230.285
230.304
230.324
230.343
230.362
230.382
230.401
230.421
230.44
230.46
230.479
230.499
230.518
230.537
230.557
230.576
230.596
230.615
230.635
230.654
230.674
230.693
230.713
230.732
230.751
230.771
230.79
230.81
230.829
230.849
230.868
230.888
230.907
230.927
230.946
230.966
230.985
231.004
231.024
231.043
231.063
231.082
231.102
231.121
231.141
231.16
231.18
231.199
231.218
231.238
231.257
231.277
231.296
231.316
231.335
231.355
231.374
231.394
231.413
231.433
231.452
231.471
231.491
231.51
231.53
231.549
231.569
231.588
231.608
231.627
231.647
231.666
231.686
231.705
231.724
231.744
231.763
231.783
231.802
231.822
231.841
231.861
231.88
231.9
231.919
231.939
231.958
231.977
231.997
232.016
232.036
232.055
232.075
232.094
232.114
232.133
232.153
232.172
232.192
232.211
232.23
232.25
232.269
232.289
232.308
232.328
232.347
232.367
232.386
232.405
232.425
232.444
232.464
232.483
232.503
232.522
232.541
232.561
232.58
232.6
232.619
232.639
232.658
232.677
232.697
232.716
232.736
232.755
232.774
232.794
232.813
232.833
232.852
232.871
232.891
232.91
232.929
232.949
232.968
232.987
233.007
233.026
233.045
233.065
233.084
233.103
233.123
233.142
233.161
233.18
233.2
233.219
233.238
233.257
233.277
233.296
233.315
233.334
233.353
233.372
233.392
233.411
233.43
233.449
233.468
233.487
233.506
233.525
233.544
233.563
233.582
233.601
233.62
233.639
233.658
233.677
233.696
233.714
233.733
233.752
233.771
233.789
233.808
233.827
233.845
233.864
233.883
233.901
233.92
233.938
233.957
233.975
233.993
234.012
234.03
234.048
234.067
234.085
234.103
234.121
234.139
234.157
234.175
234.193
234.211
234.229
234.246
234.264
234.282
234.299
234.317
234.334
234.352
234.369
234.386
234.404
234.421
234.438
234.455
234.472
234.489
234.506
234.522
234.539
234.556
234.572
234.589
234.605
234.621
234.637
234.654
234.67
234.685
234.701
234.717
234.733
234.748
234.764
234.779
234.794
234.809
234.824
234.839
234.854
234.869
234.884
234.898
234.912
234.927
234.941
234.955
234.969
234.983
234.996
235.01
235.023
235.037
235.05
235.063
235.076
235.089
235.102
235.114
235.127
235.139
235.151
235.163
235.175
235.187
235.199
235.21
235.222
235.233
235.244
235.255
235.266
235.277
235.287
235.298
235.308
235.319
235.329
235.339
235.349
235.358
235.368
235.378
235.387
235.396
235.405
235.414
235.423
235.432
235.441
235.449
235.458
235.466
235.475
235.483
235.491
235.499
235.507
235.514
235.522
235.53
235.537
235.545
235.552
235.56
235.567
235.574
235.581
235.588
235.595
235.602
235.609
235.616
235.623
235.63
235.636
235.643
235.65
235.657
235.663
235.67
235.677
235.683
235.69
235.697
235.703
235.71
235.717
235.723
235.73
235.737
235.744
235.751
235.757
235.764
235.771
235.778
235.785
235.793
235.8
235.807
235.814
235.822
235.829
235.837
235.844
235.852
235.86
235.868
235.876
235.884
235.892
235.901
235.909
235.917
235.926
235.935
235.944
235.953
235.962
235.971
235.98
235.99
235.999
236.009
236.019
236.029
236.039
236.049
236.059
236.07
236.08
236.091
236.102
236.113
236.124
236.135
236.146
236.158
236.17
236.181
236.193
236.205
236.217
236.23
236.242
236.255
236.267
236.28
236.293
236.306
236.32
236.333
236.346
236.36
236.374
236.387
236.401
236.415
236.43
236.444
236.458
236.473
236.487
236.502
236.517
236.532
236.547
236.562
236.578
236.593
236.609
236.624
236.64
236.656
236.672
236.688
236.704
236.72
236.736
236.752
236.769
236.785
236.802
236.819
236.835
236.852
236.869
236.886
236.903
236.92
236.937
236.955
236.972
236.989
237.007
237.024
237.042
237.06
237.077
237.095
237.113
237.131
237.149
237.167
237.185
237.203
237.221
237.239
237.258
237.276
237.294
237.313
237.331
237.349
237.368
237.386
237.405
237.424
237.442
237.461
237.48
237.498
237.517
237.536
237.555
237.574
237.592
237.611
237.63
237.649
237.668
237.687
237.706
237.725
237.744
237.764
237.783
237.802
237.821
237.84
237.859
237.879
237.898
237.917
237.936
237.955
237.975
237.994
238.013
238.033
238.052
238.071
238.091
238.11
238.13
238.149
238.168
238.188
238.207
238.227
238.246
238.266
238.285
238.304
238.324
238.343
238.363
238.382
238.402
238.421
238.441
238.46
238.48
238.5
238.519
238.539
238.558
238.578
238.597
238.617
238.636
238.656
238.675
238.695
238.715
238.734
238.754
238.773
238.793
238.813
238.832
238.852
238.871
238.891
238.911
238.93
238.95
238.969
238.989
239.009
239.028
239.048
239.067
239.087
239.107
239.126
239.146
239.166
239.185
239.205
239.224
239.244
239.264
239.283
239.303
239.323
239.342
239.362
239.382
239.401
239.421
239.44
239.46
239.48
239.499
239.519
239.539
239.558
239.578
239.598
239.617
239.637
239.656
239.676
239.696
239.715
239.735
239.755
239.774
239.794
239.814
239.833
239.853
239.873
239.892
239.912
239.932
239.951
239.971
239.99
240.01
240.03
240.049
240.069
240.089
240.108
240.128
240.148
240.167
240.187
240.207
240.226
240.246
240.266
240.285
240.305
240.325
240.344
240.364
240.384
240.403
240.423
240.442
240.462
240.482
240.501
240.521
240.541
240.56
240.58
240.6
240.619
240.639
240.659
240.678
240.698
240.718
240.737
240.757
240.777
240.796
240.816
240.836
240.855
240.875
240.895
240.914
240.934
240.954
240.973
240.993
241.013
241.032
241.052
241.072
241.091
241.111
241.131
241.15
241.17
241.189
241.209
241.229
241.248
241.268
241.288
241.307
241.327
241.347
241.366
241.386
241.406
241.425
241.445
241.465
241.484
241.504
241.524
241.543
241.563
241.583
241.602
241.622
241.642
241.661
241.681
241.701
241.72
241.74
241.76
241.779
241.799
241.819
241.838
241.858
241.878
241.897
241.917
241.937
241.956
241.976
241.996
242.015
242.035
242.055
242.074
242.094
242.114
242.133
242.153
242.173
242.192
242.212
242.232
242.251
242.271
242.291
242.311
242.33
242.35
242.37
242.389
242.409
242.429
242.448
242.468
242.488
242.507
242.527
242.547
242.566
242.586
242.606
242.625
242.645
242.665
242.684
242.704
242.724
242.743
242.763
242.783
242.802
242.822
242.842
242.861
242.881
242.9
242.92
242.94
242.959
242.979
242.999
243.018
243.038
243.058
243.077
243.097
243.117
243.136
243.156
243.176
243.195
243.215
243.235
243.254
243.274
243.293
243.313
243.333
243.352
243.372
243.392
243.411
243.431
243.451
243.47
243.49
243.51
243.529
243.549
243.568
243.588
243.608
243.627
243.647
243.667
243.686
243.706
243.726
243.745
243.765
243.785
243.804
243.824
243.844
243.863
243.883
243.903
243.922
243.942
243.962
243.981
244.001
244.021
244.04
244.06
244.079
244.099
244.119
244.138
244.158
244.178
244.197
244.217
244.237
244.256
244.276
244.295
244.315
244.335
244.354
244.374
244.394
244.413
244.433
244.453
244.472
244.492
244.511
244.531
244.551
244.57
244.59
244.61
244.629
244.649
244.668
244.688
244.708
244.727
244.747
244.767
244.786
244.806
244.826
244.845
244.865
244.884
244.904
244.924
244.943
244.963
244.983
245.002
245.022
245.042
245.061
245.081
245.1
245.12
245.14
245.159
245.179
245.199
245.218
245.238
245.258
245.277
245.297
245.317
245.336
245.356
245.376
245.395
245.415
245.435
245.454
245.474
245.494
245.513
245.533
245.553
245.573
245.592
245.612
245.632
245.651
245.671
245.691
245.711
245.73
245.75
245.77
245.789
245.809
245.829
245.849
245.868
245.888
245.908
245.928
245.948
245.967
245.987
246.007
246.027
246.046
246.066
246.086
246.106
246.126
246.145
246.165
246.185
246.205
246.225
246.245
246.264
246.284
246.304
246.324
246.344
246.364
246.384
246.404
246.423
246.443
246.463
246.483
246.503
246.523
246.543
246.563
246.583
246.603
246.623
246.642
246.662
246.682
246.702
246.722
246.742
246.762
246.782
246.802
246.822
246.842
246.862
246.882
246.902
246.922
246.942
246.962
246.982
247.002
247.022
247.042
247.062
247.082
247.102
247.122
247.142
247.162
247.182
247.202
247.222
247.242
247.262
247.282
247.302
247.322
247.342
247.363
247.383
247.403
247.423
247.443
247.463
247.483
247.503
247.523
247.543
247.563
247.583
247.603
247.623
247.643
247.663
247.683
247.703
247.723
247.743
247.763
247.784
247.804
247.824
247.844
247.864
247.884
247.904
247.924
247.944
247.964
247.984
248.004
248.024
248.044
248.064
248.084
248.104
248.124
248.144
248.164
248.184
248.204
248.224
248.244
248.264
248.284
248.304
248.324
248.344
248.364
248.384
248.404
248.424
248.444
248.464
248.484
248.504
248.524
248.544
248.564
248.584
248.604
248.624
248.644
248.664
248.684
248.704
248.724
248.744
248.764
248.783
248.803
248.823
248.843
248.863
248.883
248.903
248.923
248.943
248.963
248.983
249.003
249.022
249.042
249.062
249.082
249.102
249.122
249.142
249.162
249.182
249.201
249.221
249.241
249.261
249.281
249.301
249.321
249.34
249.36
249.38
249.4
249.42
249.44
249.46
249.479
249.499
249.519
249.539
249.559
249.579
249.598
249.618
249.638
249.658
249.678
249.698
249.717
249.737
249.757
249.777
249.797
249.817
249.836
249.856
249.876
249.896
249.916
249.935
249.955
249.975
249.995
250.015
250.034
250.054
250.074
250.094
250.114
250.133
250.153
250.173
250.193
250.213
250.232
250.252
250.272
250.292
250.312
250.331
250.351
250.371
250.391
250.41
250.43
250.45
250.47
250.49
250.509
250.529
250.549
250.569
250.588
250.608
250.628
250.648
250.668
250.687
250.707
250.727
250.747
250.766
250.786
250.806
250.826
250.846
250.865
250.885
250.905
250.925
250.944
250.964
250.984
251.004
251.024
251.043
251.063
251.083
251.103
251.122
251.142
251.162
251.182
251.202
251.221
251.241
251.261
251.281
251.3
251.32
251.34
251.36
251.38
251.399
251.419
251.439
251.459
251.478
251.498
251.518
251.538
251.558
251.577
251.597
251.617
251.637
251.656
251.676
251.696
251.716
251.736
251.755
251.775
251.795
251.815
251.834
251.854
251.874
251.894
251.914
251.933
251.953
251.973
251.993
252.013
252.032
252.052
252.072
252.092
252.111
252.131
252.151
252.171
252.191
252.21
252.23
252.25
252.27
252.289
252.309
252.329
252.349
252.369
252.388
252.408
252.428
252.448
252.468
252.487
252.507
252.527
252.547
252.566
252.586
252.606
252.626
252.646
252.665
252.685
252.705
252.725
252.745
252.764
252.784
252.804
252.824
252.844
252.863
252.883
252.903
252.923
252.942
252.962
252.982
253.002
253.022
253.041
253.061
253.081
253.101
253.121
253.14
253.16
253.18
253.2
253.22
253.239
253.259
253.279
253.299
253.319
253.338
253.358
253.378
253.398
253.417
253.437
253.457
253.477
253.497
253.516
253.536
253.556
253.576
253.596
253.615
253.635
253.655
253.675
253.695
253.714
253.734
253.754
253.774
253.794
253.813
253.833
253.853
253.873
253.893
253.912
253.932
253.952
253.972
253.992
254.011
254.031
254.051
254.071
254.091
254.11
254.13
254.15
254.17
254.19
254.209
254.229
254.249
254.269
254.289
254.308
254.328
254.348
254.368
254.388
254.407
254.427
254.447
254.467
254.487
254.506
254.526
254.546
254.566
254.586
254.605
254.625
254.645
254.665
254.684
254.704
254.724
254.744
254.763
254.783
254.803
254.822
254.842
254.862
254.881
254.901
254.921
254.94
254.96
254.979
254.999
255.018
255.038
255.057
255.076
255.096
255.115
255.134
255.153
255.173
255.192
255.211
255.23
255.248
255.267
255.286
255.304
255.323
255.341
255.36
255.378
255.396
255.414
255.432
255.449
255.467
255.484
255.502
255.519
255.536
255.553
255.569
255.585
255.602
255.618
255.634
255.649
255.665
255.68
255.695
255.709
255.724
255.738
255.752
255.766
255.779
255.793
255.806
255.819
255.831
255.843
255.855
255.867
255.879
255.89
255.901
255.912
255.922
255.933
255.943
255.953
255.962
255.972
255.981
255.99
255.999
256.007
256.016
256.024
256.032
256.04
256.048
256.055
256.063
256.07
256.078
256.085
256.092
256.099
256.105
256.112
256.119
256.125
256.132
256.139
256.145
256.151
256.158
256.164
256.171
256.177
256.183
256.19
256.196
256.202
256.209
256.215
256.221
256.228
256.234
256.241
256.247
256.254
256.26
256.267
256.273
256.28
256.287
256.294
256.3
256.307
256.314
256.321
256.328
256.335
256.342
256.349
256.357
256.364
256.371
256.379
256.386
256.394
256.401
256.409
256.416
256.424
256.432
256.439
256.447
256.455
256.463
256.471
256.479
256.487
256.495
256.503
256.512
256.52
256.528
256.537
256.545
256.553
256.562
256.57
256.579
256.588
256.596
256.605
256.614
256.623
256.631
256.64
256.649
256.658
256.667
256.676
256.685
256.695
256.704
256.713
256.723
256.751
)
;

boundaryField
{
    sides
    {
        type            calculated;
        value           nonuniform List<scalar> 2(256.751 4.93209);
    }
    empty
    {
        type            empty;
    }
}


// ************************************************************************* //
