/*--------------------------------*- C++ -*----------------------------------*\
  =========                 |
  \\      /  F ield         | OpenFOAM: The Open Source CFD Toolbox
   \\    /   O peration     | Website:  https://openfoam.org
    \\  /    A nd           | Version:  9
     \\/     M anipulation  |
\*---------------------------------------------------------------------------*/
FoamFile
{
    format      ascii;
    class       surfaceScalarField;
    location    "0.032";
    object      phi;
}
// * * * * * * * * * * * * * * * * * * * * * * * * * * * * * * * * * * * * * //

dimensions      [1 0 -1 0 0 0 0];

internalField   nonuniform List<scalar> 
9999
(
5.14449
5.1899
5.2353
5.28069
5.32609
5.37149
5.41688
5.46227
5.50766
5.55305
5.59844
5.64382
5.6892
5.73458
5.77996
5.82534
5.87072
5.9161
5.96147
6.00684
6.0522
6.09757
6.14294
6.18831
6.23367
6.27903
6.32438
6.36974
6.4151
6.46046
6.50582
6.55117
6.59652
6.64186
6.6872
6.73254
6.77788
6.82323
6.86858
6.91393
6.95927
7.00461
7.04994
7.09526
7.14058
7.1859
7.23122
7.27655
7.32189
7.36723
7.41257
7.45791
7.50324
7.54856
7.59388
7.63919
7.68449
7.72978
7.77506
7.82035
7.86564
7.91093
7.95624
8.00155
8.04688
8.09221
8.13756
8.18293
8.2283
8.27368
8.31908
8.36448
8.40989
8.4553
8.50071
8.54612
8.59154
8.63695
8.68237
8.72779
8.77322
8.81864
8.86407
8.9095
8.95493
9.00036
9.04579
9.09122
9.13664
9.18207
9.2275
9.27292
9.31835
9.36378
9.4092
9.45463
9.50005
9.54548
9.59091
9.63633
9.68176
9.72718
9.7726
9.81803
9.86345
9.90888
9.9543
9.99972
10.0451
10.0906
10.136
10.1814
10.2268
10.2723
10.3177
10.3631
10.4085
10.4539
10.4994
10.5448
10.5902
10.6356
10.681
10.7265
10.7719
10.8173
10.8627
10.9081
10.9536
10.999
11.0444
11.0898
11.1352
11.1807
11.2261
11.2715
11.3169
11.3623
11.4077
11.4532
11.4986
11.544
11.5894
11.6348
11.6802
11.7257
11.7711
11.8165
11.8619
11.9073
11.9527
11.9981
12.0436
12.089
12.1344
12.1798
12.2252
12.2706
12.316
12.3615
12.4069
12.4523
12.4977
12.5431
12.5885
12.6339
12.6793
12.7247
12.7702
12.8156
12.861
12.9064
12.9518
12.9972
13.0426
13.088
13.1334
13.1788
13.2242
13.2697
13.3151
13.3605
13.4059
13.4513
13.4967
13.5421
13.5875
13.6329
13.6783
13.7237
13.7691
13.8145
13.8599
13.9053
13.9507
13.9962
14.0416
14.087
14.1324
14.1778
14.2232
14.2686
14.314
14.3594
14.4048
14.4502
14.4956
14.541
14.5864
14.6318
14.6772
14.7226
14.768
14.8134
14.8588
14.9042
14.9496
14.995
15.0404
15.0858
15.1312
15.1766
15.222
15.2674
15.3128
15.3582
15.4036
15.449
15.4944
15.5398
15.5852
15.6306
15.676
15.7214
15.7668
15.8121
15.8575
15.9029
15.9483
15.9937
16.0391
16.0845
16.1299
16.1753
16.2207
16.2661
16.3115
16.3569
16.4023
16.4477
16.493
16.5384
16.5838
16.6292
16.6746
16.72
16.7654
16.8108
16.8562
16.9016
16.9469
16.9923
17.0377
17.0831
17.1285
17.1739
17.2193
17.2647
17.3101
17.3554
17.4008
17.4462
17.4916
17.537
17.5824
17.6278
17.6731
17.7185
17.7639
17.8093
17.8547
17.9001
17.9455
17.9908
18.0362
18.0816
18.127
18.1724
18.2178
18.2631
18.3085
18.3539
18.3993
18.4447
18.49
18.5354
18.5808
18.6262
18.6716
18.7169
18.7623
18.8077
18.8531
18.8985
18.9438
18.9892
19.0346
19.08
19.1253
19.1707
19.2161
19.2615
19.3069
19.3522
19.3976
19.443
19.4884
19.5337
19.5791
19.6245
19.6699
19.7152
19.7606
19.806
19.8513
19.8967
19.9421
19.9875
20.0328
20.0782
20.1236
20.169
20.2143
20.2597
20.3051
20.3504
20.3958
20.4412
20.4865
20.5319
20.5773
20.6227
20.668
20.7134
20.7588
20.8041
20.8495
20.8949
20.9402
20.9856
21.031
21.0763
21.1217
21.1671
21.2124
21.2578
21.3032
21.3485
21.3939
21.4393
21.4846
21.53
21.5753
21.6207
21.6661
21.7114
21.7568
21.8022
21.8475
21.8929
21.9382
21.9836
22.029
22.0743
22.1197
22.165
22.2104
22.2558
22.3011
22.3465
22.3918
22.4372
22.4826
22.5279
22.5733
22.6186
22.664
22.7093
22.7547
22.8
22.8454
22.8908
22.9361
22.9815
23.0268
23.0722
23.1175
23.1629
23.2082
23.2536
23.2989
23.3443
23.3897
23.435
23.4804
23.5257
23.5711
23.6164
23.6618
23.7071
23.7525
23.7978
23.8432
23.8885
23.9339
23.9792
24.0246
24.0699
24.1153
24.1606
24.2059
24.2513
24.2966
24.342
24.3873
24.4327
24.478
24.5234
24.5687
24.6141
24.6594
24.7048
24.7501
24.7954
24.8408
24.8861
24.9315
24.9768
25.0222
25.0675
25.1128
25.1582
25.2035
25.2489
25.2942
25.3395
25.3849
25.4302
25.4756
25.5209
25.5662
25.6116
25.6569
25.7023
25.7476
25.7929
25.8383
25.8836
25.9289
25.9743
26.0196
26.0649
26.1103
26.1556
26.201
26.2463
26.2916
26.337
26.3823
26.4276
26.473
26.5183
26.5636
26.609
26.6543
26.6996
26.7449
26.7903
26.8356
26.8809
26.9263
26.9716
27.0169
27.0623
27.1076
27.1529
27.1982
27.2436
27.2889
27.3342
27.3796
27.4249
27.4702
27.5155
27.5609
27.6062
27.6515
27.6968
27.7422
27.7875
27.8328
27.8781
27.9235
27.9688
28.0141
28.0594
28.1047
28.1501
28.1954
28.2407
28.286
28.3314
28.3767
28.422
28.4673
28.5126
28.558
28.6033
28.6486
28.6939
28.7392
28.7845
28.8299
28.8752
28.9205
28.9658
29.0111
29.0564
29.1018
29.1471
29.1924
29.2377
29.283
29.3283
29.3736
29.419
29.4643
29.5096
29.5549
29.6002
29.6455
29.6908
29.7361
29.7815
29.8268
29.8721
29.9174
29.9627
30.008
30.0533
30.0986
30.1439
30.1892
30.2345
30.2799
30.3252
30.3705
30.4158
30.4611
30.5064
30.5517
30.597
30.6423
30.6876
30.7329
30.7782
30.8235
30.8688
30.9141
30.9594
31.0047
31.05
31.0953
31.1406
31.1859
31.2312
31.2765
31.3218
31.3671
31.4124
31.4577
31.503
31.5483
31.5936
31.6389
31.6842
31.7295
31.7748
31.8201
31.8654
31.9107
31.956
32.0013
32.0466
32.0919
32.1372
32.1825
32.2278
32.2731
32.3184
32.3636
32.4089
32.4542
32.4995
32.5448
32.5901
32.6354
32.6807
32.726
32.7713
32.8166
32.8618
32.9071
32.9524
32.9977
33.043
33.0883
33.1336
33.1789
33.2241
33.2694
33.3147
33.36
33.4053
33.4506
33.4959
33.5411
33.5864
33.6317
33.677
33.7223
33.7676
33.8128
33.8581
33.9034
33.9487
33.994
34.0392
34.0845
34.1298
34.1751
34.2204
34.2656
34.3109
34.3562
34.4015
34.4467
34.492
34.5373
34.5826
34.6279
34.6731
34.7184
34.7637
34.809
34.8542
34.8995
34.9448
34.99
35.0353
35.0806
35.1259
35.1711
35.2164
35.2617
35.307
35.3522
35.3975
35.4428
35.488
35.5333
35.5786
35.6238
35.6691
35.7144
35.7596
35.8049
35.8502
35.8954
35.9407
35.986
36.0312
36.0765
36.1218
36.167
36.2123
36.2576
36.3028
36.3481
36.3933
36.4386
36.4839
36.5291
36.5744
36.6197
36.6649
36.7102
36.7554
36.8007
36.846
36.8912
36.9365
36.9817
37.027
37.0722
37.1175
37.1628
37.208
37.2533
37.2985
37.3438
37.389
37.4343
37.4795
37.5248
37.57
37.6153
37.6606
37.7058
37.7511
37.7963
37.8416
37.8868
37.9321
37.9773
38.0226
38.0678
38.1131
38.1583
38.2036
38.2488
38.2941
38.3393
38.3845
38.4298
38.475
38.5203
38.5655
38.6108
38.656
38.7013
38.7465
38.7918
38.837
38.8822
38.9275
38.9727
39.018
39.0632
39.1084
39.1537
39.1989
39.2442
39.2894
39.3346
39.3799
39.4251
39.4704
39.5156
39.5608
39.6061
39.6513
39.6965
39.7418
39.787
39.8323
39.8775
39.9227
39.968
40.0132
40.0584
40.1037
40.1489
40.1941
40.2394
40.2846
40.3298
40.375
40.4203
40.4655
40.5107
40.556
40.6012
40.6464
40.6916
40.7369
40.7821
40.8273
40.8726
40.9178
40.963
41.0082
41.0535
41.0987
41.1439
41.1891
41.2344
41.2796
41.3248
41.37
41.4152
41.4605
41.5057
41.5509
41.5961
41.6413
41.6866
41.7318
41.777
41.8222
41.8674
41.9127
41.9579
42.0031
42.0483
42.0935
42.1387
42.184
42.2292
42.2744
42.3196
42.3648
42.41
42.4552
42.5005
42.5457
42.5909
42.6361
42.6813
42.7265
42.7717
42.8169
42.8621
42.9074
42.9526
42.9978
43.043
43.0882
43.1334
43.1786
43.2238
43.269
43.3142
43.3594
43.4046
43.4498
43.495
43.5402
43.5855
43.6307
43.6759
43.7211
43.7663
43.8115
43.8567
43.9019
43.9471
43.9923
44.0375
44.0827
44.1279
44.1731
44.2183
44.2635
44.3087
44.3539
44.399
44.4442
44.4894
44.5346
44.5798
44.625
44.6702
44.7154
44.7606
44.8058
44.851
44.8962
44.9414
44.9866
45.0318
45.0769
45.1221
45.1673
45.2125
45.2577
45.3029
45.3481
45.3933
45.4385
45.4836
45.5288
45.574
45.6192
45.6644
45.7096
45.7548
45.7999
45.8451
45.8903
45.9355
45.9807
46.0259
46.071
46.1162
46.1614
46.2066
46.2518
46.2969
46.3421
46.3873
46.4325
46.4777
46.5228
46.568
46.6132
46.6584
46.7035
46.7487
46.7939
46.8391
46.8842
46.9294
46.9746
47.0198
47.0649
47.1101
47.1553
47.2004
47.2456
47.2908
47.336
47.3811
47.4263
47.4715
47.5166
47.5618
47.607
47.6521
47.6973
47.7425
47.7876
47.8328
47.878
47.9231
47.9683
48.0135
48.0586
48.1038
48.1489
48.1941
48.2393
48.2844
48.3296
48.3748
48.4199
48.4651
48.5102
48.5554
48.6006
48.6457
48.6909
48.736
48.7812
48.8263
48.8715
48.9167
48.9618
49.007
49.0521
49.0973
49.1424
49.1876
49.2327
49.2779
49.323
49.3682
49.4133
49.4585
49.5036
49.5488
49.5939
49.6391
49.6842
49.7294
49.7745
49.8197
49.8648
49.91
49.9551
50.0003
50.0454
50.0905
50.1357
50.1808
50.226
50.2711
50.3163
50.3614
50.4065
50.4517
50.4968
50.542
50.5871
50.6322
50.6774
50.7225
50.7677
50.8128
50.8579
50.9031
50.9482
50.9933
51.0385
51.0836
51.1287
51.1739
51.219
51.2642
51.3093
51.3544
51.3995
51.4447
51.4898
51.5349
51.5801
51.6252
51.6703
51.7155
51.7606
51.8057
51.8508
51.896
51.9411
51.9862
52.0313
52.0765
52.1216
52.1667
52.2118
52.257
52.3021
52.3472
52.3923
52.4375
52.4826
52.5277
52.5728
52.6179
52.6631
52.7082
52.7533
52.7984
52.8435
52.8887
52.9338
52.9789
53.024
53.0691
53.1142
53.1593
53.2045
53.2496
53.2947
53.3398
53.3849
53.43
53.4751
53.5203
53.5654
53.6105
53.6556
53.7007
53.7458
53.7909
53.836
53.8811
53.9262
53.9713
54.0164
54.0615
54.1067
54.1518
54.1969
54.242
54.2871
54.3322
54.3773
54.4224
54.4675
54.5126
54.5577
54.6028
54.6479
54.693
54.7381
54.7832
54.8283
54.8734
54.9185
54.9636
55.0087
55.0538
55.0989
55.1439
55.189
55.2341
55.2792
55.3243
55.3694
55.4145
55.4596
55.5047
55.5498
55.5949
55.64
55.6851
55.7301
55.7752
55.8203
55.8654
55.9105
55.9556
56.0007
56.0457
56.0908
56.1359
56.181
56.2261
56.2712
56.3163
56.3613
56.4064
56.4515
56.4966
56.5417
56.5867
56.6318
56.6769
56.722
56.7671
56.8121
56.8572
56.9023
56.9474
56.9924
57.0375
57.0826
57.1277
57.1727
57.2178
57.2629
57.308
57.353
57.3981
57.4432
57.4882
57.5333
57.5784
57.6234
57.6685
57.7136
57.7587
57.8037
57.8488
57.8939
57.9389
57.984
58.029
58.0741
58.1192
58.1642
58.2093
58.2544
58.2994
58.3445
58.3895
58.4346
58.4797
58.5247
58.5698
58.6148
58.6599
58.705
58.75
58.7951
58.8401
58.8852
58.9302
58.9753
59.0204
59.0654
59.1105
59.1555
59.2006
59.2456
59.2907
59.3357
59.3808
59.4258
59.4709
59.5159
59.561
59.606
59.6511
59.6961
59.7412
59.7862
59.8312
59.8763
59.9213
59.9664
60.0114
60.0565
60.1015
60.1466
60.1916
60.2366
60.2817
60.3267
60.3718
60.4168
60.4618
60.5069
60.5519
60.5969
60.642
60.687
60.7321
60.7771
60.8221
60.8672
60.9122
60.9572
61.0023
61.0473
61.0923
61.1374
61.1824
61.2274
61.2724
61.3175
61.3625
61.4075
61.4526
61.4976
61.5426
61.5876
61.6327
61.6777
61.7227
61.7677
61.8128
61.8578
61.9028
61.9478
61.9929
62.0379
62.0829
62.1279
62.1729
62.218
62.263
62.308
62.353
62.398
62.443
62.4881
62.5331
62.5781
62.6231
62.6681
62.7131
62.7582
62.8032
62.8482
62.8932
62.9382
62.9832
63.0282
63.0732
63.1182
63.1633
63.2083
63.2533
63.2983
63.3433
63.3883
63.4333
63.4783
63.5233
63.5683
63.6133
63.6583
63.7033
63.7483
63.7933
63.8383
63.8833
63.9283
63.9733
64.0183
64.0633
64.1083
64.1533
64.1983
64.2433
64.2883
64.3333
64.3783
64.4233
64.4683
64.5133
64.5583
64.6033
64.6483
64.6932
64.7382
64.7832
64.8282
64.8732
64.9182
64.9632
65.0082
65.0532
65.0981
65.1431
65.1881
65.2331
65.2781
65.3231
65.3681
65.413
65.458
65.503
65.548
65.593
65.6379
65.6829
65.7279
65.7729
65.8179
65.8628
65.9078
65.9528
65.9978
66.0427
66.0877
66.1327
66.1777
66.2226
66.2676
66.3126
66.3576
66.4025
66.4475
66.4925
66.5374
66.5824
66.6274
66.6724
66.7173
66.7623
66.8073
66.8522
66.8972
66.9422
66.9871
67.0321
67.077
67.122
67.167
67.2119
67.2569
67.3019
67.3468
67.3918
67.4367
67.4817
67.5267
67.5716
67.6166
67.6615
67.7065
67.7514
67.7964
67.8413
67.8863
67.9313
67.9762
68.0212
68.0661
68.1111
68.156
68.201
68.2459
68.2909
68.3358
68.3808
68.4257
68.4707
68.5156
68.5605
68.6055
68.6504
68.6954
68.7403
68.7853
68.8302
68.8752
68.9201
68.965
69.01
69.0549
69.0999
69.1448
69.1897
69.2347
69.2796
69.3245
69.3695
69.4144
69.4594
69.5043
69.5492
69.5942
69.6391
69.684
69.729
69.7739
69.8188
69.8637
69.9087
69.9536
69.9985
70.0435
70.0884
70.1333
70.1782
70.2232
70.2681
70.313
70.3579
70.4029
70.4478
70.4927
70.5376
70.5826
70.6275
70.6724
70.7173
70.7622
70.8072
70.8521
70.897
70.9419
70.9868
71.0317
71.0767
71.1216
71.1665
71.2114
71.2563
71.3012
71.3461
71.391
71.436
71.4809
71.5258
71.5707
71.6156
71.6605
71.7054
71.7503
71.7952
71.8401
71.885
71.9299
71.9748
72.0197
72.0646
72.1095
72.1545
72.1994
72.2443
72.2892
72.3341
72.379
72.4239
72.4687
72.5136
72.5585
72.6034
72.6483
72.6932
72.7381
72.783
72.8279
72.8728
72.9177
72.9626
73.0075
73.0524
73.0973
73.1421
73.187
73.2319
73.2768
73.3217
73.3666
73.4115
73.4564
73.5012
73.5461
73.591
73.6359
73.6808
73.7257
73.7705
73.8154
73.8603
73.9052
73.9501
73.9949
74.0398
74.0847
74.1296
74.1744
74.2193
74.2642
74.3091
74.3539
74.3988
74.4437
74.4886
74.5334
74.5783
74.6232
74.668
74.7129
74.7578
74.8027
74.8475
74.8924
74.9373
74.9821
75.027
75.0719
75.1167
75.1616
75.2064
75.2513
75.2962
75.341
75.3859
75.4307
75.4756
75.5205
75.5653
75.6102
75.655
75.6999
75.7448
75.7896
75.8345
75.8793
75.9242
75.969
76.0139
76.0587
76.1036
76.1484
76.1933
76.2381
76.283
76.3278
76.3727
76.4175
76.4624
76.5072
76.5521
76.5969
76.6417
76.6866
76.7314
76.7763
76.8211
76.866
76.9108
76.9556
77.0005
77.0453
77.0902
77.135
77.1798
77.2247
77.2695
77.3143
77.3592
77.404
77.4488
77.4937
77.5385
77.5833
77.6282
77.673
77.7178
77.7627
77.8075
77.8523
77.8971
77.942
77.9868
78.0316
78.0765
78.1213
78.1661
78.2109
78.2557
78.3006
78.3454
78.3902
78.435
78.4798
78.5247
78.5695
78.6143
78.6591
78.7039
78.7488
78.7936
78.8384
78.8832
78.928
78.9728
79.0176
79.0625
79.1073
79.1521
79.1969
79.2417
79.2865
79.3313
79.3761
79.4209
79.4657
79.5105
79.5553
79.6001
79.6449
79.6898
79.7346
79.7794
79.8242
79.869
79.9138
79.9586
80.0034
80.0482
80.093
80.1378
80.1825
80.2273
80.2721
80.3169
80.3617
80.4065
80.4513
80.4961
80.5409
80.5857
80.6305
80.6753
80.7201
80.7648
80.8096
80.8544
80.8992
80.944
80.9888
81.0336
81.0784
81.1231
81.1679
81.2127
81.2575
81.3023
81.347
81.3918
81.4366
81.4814
81.5262
81.5709
81.6157
81.6605
81.7053
81.75
81.7948
81.8396
81.8844
81.9291
81.9739
82.0187
82.0634
82.1082
82.153
82.1978
82.2425
82.2873
82.3321
82.3768
82.4216
82.4664
82.5111
82.5559
82.6006
82.6454
82.6902
82.7349
82.7797
82.8245
82.8692
82.914
82.9587
83.0035
83.0482
83.093
83.1378
83.1825
83.2273
83.272
83.3168
83.3615
83.4063
83.451
83.4958
83.5405
83.5853
83.63
83.6748
83.7195
83.7643
83.809
83.8538
83.8985
83.9432
83.988
84.0327
84.0775
84.1222
84.167
84.2117
84.2564
84.3012
84.3459
84.3906
84.4354
84.4801
84.5249
84.5696
84.6143
84.6591
84.7038
84.7485
84.7933
84.838
84.8827
84.9274
84.9722
85.0169
85.0616
85.1064
85.1511
85.1958
85.2405
85.2853
85.33
85.3747
85.4194
85.4642
85.5089
85.5536
85.5983
85.643
85.6878
85.7325
85.7772
85.8219
85.8666
85.9113
85.9561
86.0008
86.0455
86.0902
86.1349
86.1796
86.2243
86.269
86.3138
86.3585
86.4032
86.4479
86.4926
86.5373
86.582
86.6267
86.6714
86.7161
86.7608
86.8055
86.8502
86.8949
86.9396
86.9843
87.029
87.0737
87.1184
87.1631
87.2078
87.2525
87.2972
87.3419
87.3866
87.4313
87.476
87.5207
87.5654
87.61
87.6547
87.6994
87.7441
87.7888
87.8335
87.8782
87.9229
87.9675
88.0122
88.0569
88.1016
88.1463
88.191
88.2356
88.2803
88.325
88.3697
88.4144
88.459
88.5037
88.5484
88.5931
88.6377
88.6824
88.7271
88.7718
88.8164
88.8611
88.9058
88.9505
88.9951
89.0398
89.0845
89.1291
89.1738
89.2185
89.2631
89.3078
89.3525
89.3971
89.4418
89.4865
89.5311
89.5758
89.6204
89.6651
89.7098
89.7544
89.7991
89.8437
89.8884
89.933
89.9777
90.0223
90.067
90.1117
90.1563
90.201
90.2456
90.2903
90.3349
90.3796
90.4242
90.4689
90.5135
90.5581
90.6028
90.6474
90.6921
90.7367
90.7814
90.826
90.8707
90.9153
90.9599
91.0046
91.0492
91.0938
91.1385
91.1831
91.2278
91.2724
91.317
91.3617
91.4063
91.4509
91.4956
91.5402
91.5848
91.6294
91.6741
91.7187
91.7633
91.808
91.8526
91.8972
91.9418
91.9865
92.0311
92.0757
92.1203
92.165
92.2096
92.2542
92.2988
92.3434
92.388
92.4327
92.4773
92.5219
92.5665
92.6111
92.6557
92.7004
92.745
92.7896
92.8342
92.8788
92.9234
92.968
93.0126
93.0572
93.1018
93.1464
93.191
93.2357
93.2803
93.3249
93.3695
93.4141
93.4587
93.5033
93.5479
93.5925
93.6371
93.6817
93.7263
93.7709
93.8154
93.86
93.9046
93.9492
93.9938
94.0384
94.083
94.1276
94.1722
94.2168
94.2614
94.306
94.3505
94.3951
94.4397
94.4843
94.5289
94.5735
94.618
94.6626
94.7072
94.7518
94.7964
94.8409
94.8855
94.9301
94.9747
95.0193
95.0638
95.1084
95.153
95.1976
95.2421
95.2867
95.3313
95.3758
95.4204
95.465
95.5095
95.5541
95.5987
95.6432
95.6878
95.7324
95.7769
95.8215
95.8661
95.9106
95.9552
95.9998
96.0443
96.0889
96.1334
96.178
96.2225
96.2671
96.3117
96.3562
96.4008
96.4453
96.4899
96.5344
96.579
96.6235
96.6681
96.7126
96.7572
96.8017
96.8463
96.8908
96.9354
96.9799
97.0244
97.069
97.1135
97.1581
97.2026
97.2471
97.2917
97.3362
97.3808
97.4253
97.4698
97.5144
97.5589
97.6034
97.648
97.6925
97.737
97.7816
97.8261
97.8706
97.9152
97.9597
98.0042
98.0487
98.0933
98.1378
98.1823
98.2268
98.2714
98.3159
98.3604
98.4049
98.4494
98.494
98.5385
98.583
98.6275
98.672
98.7165
98.7611
98.8056
98.8501
98.8946
98.9391
98.9836
99.0281
99.0726
99.1172
99.1617
99.2062
99.2507
99.2952
99.3397
99.3842
99.4287
99.4732
99.5177
99.5622
99.6067
99.6512
99.6957
99.7402
99.7847
99.8292
99.8737
99.9182
99.9627
100.007
100.052
100.096
100.141
100.185
100.23
100.274
100.319
100.363
100.408
100.452
100.497
100.541
100.586
100.63
100.674
100.719
100.763
100.808
100.852
100.897
100.941
100.986
101.03
101.075
101.119
101.164
101.208
101.253
101.297
101.342
101.386
101.431
101.475
101.52
101.564
101.608
101.653
101.697
101.742
101.786
101.831
101.875
101.92
101.964
102.009
102.053
102.098
102.142
102.186
102.231
102.275
102.32
102.364
102.409
102.453
102.498
102.542
102.587
102.631
102.675
102.72
102.764
102.809
102.853
102.898
102.942
102.987
103.031
103.075
103.12
103.164
103.209
103.253
103.298
103.342
103.386
103.431
103.475
103.52
103.564
103.609
103.653
103.697
103.742
103.786
103.831
103.875
103.92
103.964
104.008
104.053
104.097
104.142
104.186
104.231
104.275
104.319
104.364
104.408
104.453
104.497
104.542
104.586
104.63
104.675
104.719
104.764
104.808
104.852
104.897
104.941
104.986
105.03
105.074
105.119
105.163
105.208
105.252
105.296
105.341
105.385
105.43
105.474
105.518
105.563
105.607
105.652
105.696
105.74
105.785
105.829
105.874
105.918
105.962
106.007
106.051
106.096
106.14
106.184
106.229
106.273
106.317
106.362
106.406
106.451
106.495
106.539
106.584
106.628
106.673
106.717
106.761
106.806
106.85
106.894
106.939
106.983
107.028
107.072
107.116
107.161
107.205
107.249
107.294
107.338
107.382
107.427
107.471
107.516
107.56
107.604
107.649
107.693
107.737
107.782
107.826
107.87
107.915
107.959
108.003
108.048
108.092
108.136
108.181
108.225
108.27
108.314
108.358
108.403
108.447
108.491
108.536
108.58
108.624
108.669
108.713
108.757
108.802
108.846
108.89
108.935
108.979
109.023
109.068
109.112
109.156
109.201
109.245
109.289
109.334
109.378
109.422
109.467
109.511
109.555
109.6
109.644
109.688
109.733
109.777
109.821
109.866
109.91
109.954
109.998
110.043
110.087
110.131
110.176
110.22
110.264
110.309
110.353
110.397
110.442
110.486
110.53
110.574
110.619
110.663
110.707
110.752
110.796
110.84
110.885
110.929
110.973
111.017
111.062
111.106
111.15
111.195
111.239
111.283
111.328
111.372
111.416
111.46
111.505
111.549
111.593
111.638
111.682
111.726
111.77
111.815
111.859
111.903
111.947
111.992
112.036
112.08
112.125
112.169
112.213
112.257
112.302
112.346
112.39
112.434
112.479
112.523
112.567
112.612
112.656
112.7
112.744
112.789
112.833
112.877
112.921
112.966
113.01
113.054
113.098
113.143
113.187
113.231
113.275
113.32
113.364
113.408
113.452
113.497
113.541
113.585
113.629
113.674
113.718
113.762
113.806
113.851
113.895
113.939
113.983
114.028
114.072
114.116
114.16
114.205
114.249
114.293
114.337
114.381
114.426
114.47
114.514
114.558
114.603
114.647
114.691
114.735
114.779
114.824
114.868
114.912
114.956
115.001
115.045
115.089
115.133
115.177
115.222
115.266
115.31
115.354
115.398
115.443
115.487
115.531
115.575
115.62
115.664
115.708
115.752
115.796
115.841
115.885
115.929
115.973
116.017
116.062
116.106
116.15
116.194
116.238
116.282
116.327
116.371
116.415
116.459
116.503
116.548
116.592
116.636
116.68
116.724
116.769
116.813
116.857
116.901
116.945
116.989
117.034
117.078
117.122
117.166
117.21
117.254
117.299
117.343
117.387
117.431
117.475
117.519
117.564
117.608
117.652
117.696
117.74
117.784
117.829
117.873
117.917
117.961
118.005
118.049
118.094
118.138
118.182
118.226
118.27
118.314
118.358
118.403
118.447
118.491
118.535
118.579
118.623
118.667
118.712
118.756
118.8
118.844
118.888
118.932
118.976
119.021
119.065
119.109
119.153
119.197
119.241
119.285
119.329
119.374
119.418
119.462
119.506
119.55
119.594
119.638
119.682
119.727
119.771
119.815
119.859
119.903
119.947
119.991
120.035
120.08
120.124
120.168
120.212
120.256
120.3
120.344
120.388
120.432
120.477
120.521
120.565
120.609
120.653
120.697
120.741
120.785
120.829
120.873
120.917
120.962
121.006
121.05
121.094
121.138
121.182
121.226
121.27
121.314
121.358
121.402
121.447
121.491
121.535
121.579
121.623
121.667
121.711
121.755
121.799
121.843
121.887
121.931
121.975
122.02
122.064
122.108
122.152
122.196
122.24
122.284
122.328
122.372
122.416
122.46
122.504
122.548
122.592
122.636
122.68
122.725
122.769
122.813
122.857
122.901
122.945
122.989
123.033
123.077
123.121
123.165
123.209
123.253
123.297
123.341
123.385
123.429
123.473
123.517
123.561
123.605
123.649
123.693
123.737
123.782
123.826
123.87
123.914
123.958
124.002
124.046
124.09
124.134
124.178
124.222
124.266
124.31
124.354
124.398
124.442
124.486
124.53
124.574
124.618
124.662
124.706
124.75
124.794
124.838
124.882
124.926
124.97
125.014
125.058
125.102
125.146
125.19
125.234
125.278
125.322
125.366
125.41
125.454
125.498
125.542
125.586
125.63
125.674
125.718
125.762
125.806
125.85
125.894
125.938
125.982
126.026
126.07
126.114
126.158
126.202
126.246
126.29
126.334
126.378
126.422
126.465
126.509
126.553
126.597
126.641
126.685
126.729
126.773
126.817
126.861
126.905
126.949
126.993
127.037
127.081
127.125
127.169
127.213
127.257
127.301
127.345
127.389
127.433
127.476
127.52
127.564
127.608
127.652
127.696
127.74
127.784
127.828
127.872
127.916
127.96
128.004
128.048
128.092
128.136
128.179
128.223
128.267
128.311
128.355
128.399
128.443
128.487
128.531
128.575
128.619
128.663
128.706
128.75
128.794
128.838
128.882
128.926
128.97
129.014
129.058
129.102
129.146
129.189
129.233
129.277
129.321
129.365
129.409
129.453
129.497
129.541
129.585
129.628
129.672
129.716
129.76
129.804
129.848
129.892
129.936
129.98
130.023
130.067
130.111
130.155
130.199
130.243
130.287
130.331
130.374
130.418
130.462
130.506
130.55
130.594
130.638
130.681
130.725
130.769
130.813
130.857
130.901
130.945
130.989
131.032
131.076
131.12
131.164
131.208
131.252
131.295
131.339
131.383
131.427
131.471
131.515
131.559
131.602
131.646
131.69
131.734
131.778
131.822
131.865
131.909
131.953
131.997
132.041
132.085
132.128
132.172
132.216
132.26
132.304
132.348
132.391
132.435
132.479
132.523
132.567
132.61
132.654
132.698
132.742
132.786
132.829
132.873
132.917
132.961
133.005
133.048
133.092
133.136
133.18
133.224
133.267
133.311
133.355
133.399
133.443
133.486
133.53
133.574
133.618
133.662
133.705
133.749
133.793
133.837
133.881
133.924
133.968
134.012
134.056
134.099
134.143
134.187
134.231
134.274
134.318
134.362
134.406
134.45
134.493
134.537
134.581
134.625
134.668
134.712
134.756
134.8
134.843
134.887
134.931
134.975
135.018
135.062
135.106
135.15
135.193
135.237
135.281
135.325
135.368
135.412
135.456
135.5
135.543
135.587
135.631
135.674
135.718
135.762
135.806
135.849
135.893
135.937
135.981
136.024
136.068
136.112
136.155
136.199
136.243
136.287
136.33
136.374
136.418
136.461
136.505
136.549
136.592
136.636
136.68
136.724
136.767
136.811
136.855
136.898
136.942
136.986
137.029
137.073
137.117
137.16
137.204
137.248
137.292
137.335
137.379
137.423
137.466
137.51
137.554
137.597
137.641
137.685
137.728
137.772
137.816
137.859
137.903
137.947
137.99
138.034
138.078
138.121
138.165
138.209
138.252
138.296
138.34
138.383
138.427
138.47
138.514
138.558
138.601
138.645
138.689
138.732
138.776
138.82
138.863
138.907
138.95
138.994
139.038
139.081
139.125
139.169
139.212
139.256
139.299
139.343
139.387
139.43
139.474
139.518
139.561
139.605
139.648
139.692
139.736
139.779
139.823
139.866
139.91
139.954
139.997
140.041
140.084
140.128
140.172
140.215
140.259
140.302
140.346
140.389
140.433
140.477
140.52
140.564
140.607
140.651
140.695
140.738
140.782
140.825
140.869
140.912
140.956
141
141.043
141.087
141.13
141.174
141.217
141.261
141.304
141.348
141.392
141.435
141.479
141.522
141.566
141.609
141.653
141.696
141.74
141.783
141.827
141.87
141.914
141.958
142.001
142.045
142.088
142.132
142.175
142.219
142.262
142.306
142.349
142.393
142.436
142.48
142.523
142.567
142.61
142.654
142.697
142.741
142.784
142.828
142.871
142.915
142.958
143.002
143.045
143.089
143.132
143.176
143.219
143.263
143.306
143.35
143.393
143.437
143.48
143.524
143.567
143.611
143.654
143.697
143.741
143.784
143.828
143.871
143.915
143.958
144.002
144.045
144.089
144.132
144.175
144.219
144.262
144.306
144.349
144.393
144.436
144.48
144.523
144.566
144.61
144.653
144.697
144.74
144.784
144.827
144.87
144.914
144.957
145.001
145.044
145.087
145.131
145.174
145.218
145.261
145.305
145.348
145.391
145.435
145.478
145.522
145.565
145.608
145.652
145.695
145.738
145.782
145.825
145.869
145.912
145.955
145.999
146.042
146.085
146.129
146.172
146.216
146.259
146.302
146.346
146.389
146.432
146.476
146.519
146.562
146.606
146.649
146.692
146.736
146.779
146.823
146.866
146.909
146.953
146.996
147.039
147.082
147.126
147.169
147.212
147.256
147.299
147.342
147.386
147.429
147.472
147.516
147.559
147.602
147.646
147.689
147.732
147.775
147.819
147.862
147.905
147.949
147.992
148.035
148.078
148.122
148.165
148.208
148.252
148.295
148.338
148.381
148.425
148.468
148.511
148.554
148.598
148.641
148.684
148.727
148.771
148.814
148.857
148.9
148.944
148.987
149.03
149.073
149.117
149.16
149.203
149.246
149.289
149.333
149.376
149.419
149.462
149.506
149.549
149.592
149.635
149.678
149.722
149.765
149.808
149.851
149.894
149.938
149.981
150.024
150.067
150.11
150.153
150.197
150.24
150.283
150.326
150.369
150.412
150.456
150.499
150.542
150.585
150.628
150.671
150.714
150.758
150.801
150.844
150.887
150.93
150.973
151.016
151.06
151.103
151.146
151.189
151.232
151.275
151.318
151.361
151.404
151.448
151.491
151.534
151.577
151.62
151.663
151.706
151.749
151.792
151.835
151.878
151.921
151.965
152.008
152.051
152.094
152.137
152.18
152.223
152.266
152.309
152.352
152.395
152.438
152.481
152.524
152.567
152.61
152.653
152.696
152.739
152.782
152.825
152.868
152.911
152.954
152.997
153.04
153.083
153.126
153.169
153.212
153.255
153.298
153.341
153.384
153.427
153.47
153.513
153.556
153.599
153.642
153.685
153.728
153.771
153.814
153.857
153.9
153.943
153.986
154.028
154.071
154.114
154.157
154.2
154.243
154.286
154.329
154.372
154.415
154.458
154.5
154.543
154.586
154.629
154.672
154.715
154.758
154.801
154.843
154.886
154.929
154.972
155.015
155.058
155.101
155.143
155.186
155.229
155.272
155.315
155.358
155.4
155.443
155.486
155.529
155.572
155.614
155.657
155.7
155.743
155.786
155.828
155.871
155.914
155.957
155.999
156.042
156.085
156.128
156.17
156.213
156.256
156.299
156.341
156.384
156.427
156.47
156.512
156.555
156.598
156.64
156.683
156.726
156.768
156.811
156.854
156.896
156.939
156.982
157.024
157.067
157.11
157.152
157.195
157.238
157.28
157.323
157.366
157.408
157.451
157.493
157.536
157.579
157.621
157.664
157.706
157.749
157.792
157.834
157.877
157.919
157.962
158.004
158.047
158.09
158.132
158.175
158.217
158.26
158.302
158.345
158.387
158.43
158.472
158.515
158.557
158.6
158.642
158.685
158.727
158.77
158.812
158.854
158.897
158.939
158.982
159.024
159.067
159.109
159.152
159.194
159.236
159.279
159.321
159.363
159.406
159.448
159.491
159.533
159.575
159.618
159.66
159.702
159.745
159.787
159.829
159.872
159.914
159.956
159.999
160.041
160.083
160.125
160.168
160.21
160.252
160.294
160.337
160.379
160.421
160.463
160.506
160.548
160.59
160.632
160.674
160.716
160.759
160.801
160.843
160.885
160.927
160.969
161.012
161.054
161.096
161.138
161.18
161.222
161.264
161.306
161.348
161.39
161.432
161.474
161.517
161.559
161.601
161.643
161.685
161.727
161.769
161.811
161.853
161.894
161.936
161.978
162.02
162.062
162.104
162.146
162.188
162.23
162.272
162.314
162.356
162.397
162.439
162.481
162.523
162.565
162.607
162.648
162.69
162.732
162.774
162.815
162.857
162.899
162.941
162.982
163.024
163.066
163.108
163.149
163.191
163.233
163.274
163.316
163.358
163.399
163.441
163.482
163.524
163.566
163.607
163.649
163.69
163.732
163.773
163.815
163.856
163.898
163.939
163.981
164.022
164.064
164.105
164.147
164.188
164.23
164.271
164.312
164.354
164.395
164.436
164.478
164.519
164.56
164.602
164.643
164.684
164.726
164.767
164.808
164.849
164.89
164.932
164.973
165.014
165.055
165.096
165.137
165.179
165.22
165.261
165.302
165.343
165.384
165.425
165.466
165.507
165.548
165.589
165.63
165.671
165.712
165.753
165.793
165.834
165.875
165.916
165.957
165.998
166.039
166.079
166.12
166.161
166.202
166.242
166.283
166.324
166.364
166.405
166.446
166.486
166.527
166.567
166.608
166.649
166.689
166.73
166.77
166.811
166.851
166.892
166.932
166.972
167.013
167.053
167.093
167.134
167.174
167.214
167.255
167.295
167.335
167.375
167.416
167.456
167.496
167.536
167.576
167.616
167.656
167.696
167.736
167.776
167.816
167.856
167.896
167.936
167.976
168.016
168.056
168.096
168.136
168.175
168.215
168.255
168.295
168.334
168.374
168.414
168.453
168.493
168.533
168.572
168.612
168.651
168.691
168.73
168.77
168.809
168.848
168.888
168.927
168.967
169.006
169.045
169.084
169.124
169.163
169.202
169.241
169.28
169.319
169.358
169.397
169.437
169.475
169.514
169.553
169.592
169.631
169.67
169.709
169.748
169.786
169.825
169.864
169.903
169.941
169.98
170.019
170.057
170.096
170.134
170.173
170.211
170.25
170.288
170.326
170.365
170.403
170.441
170.48
170.518
170.556
170.594
170.632
170.67
170.708
170.747
170.785
170.823
170.86
170.898
170.936
170.974
171.012
171.05
171.088
171.125
171.163
171.201
171.238
171.276
171.313
171.351
171.388
171.426
171.463
171.501
171.538
171.576
171.613
171.65
171.687
171.725
171.762
171.799
171.836
171.873
171.91
171.947
171.984
172.021
172.058
172.095
172.132
172.169
172.205
172.242
172.279
172.316
172.352
172.389
172.425
172.462
172.499
172.535
172.571
172.608
172.644
172.681
172.717
172.753
172.79
172.826
172.862
172.898
172.934
172.97
173.006
173.042
173.078
173.114
173.15
173.186
173.222
173.258
173.294
173.329
173.365
173.401
173.437
173.472
173.508
173.543
173.579
173.614
173.65
173.685
173.721
173.756
173.792
173.827
173.862
173.897
173.933
173.968
174.003
174.038
174.073
174.108
174.143
174.178
174.213
174.248
174.283
174.318
174.353
174.388
174.423
174.458
174.493
174.527
174.562
174.597
174.631
174.666
174.701
174.735
174.77
174.804
174.839
174.873
174.908
174.942
174.977
175.011
175.045
175.08
175.114
175.148
175.183
175.217
175.251
175.285
175.32
175.354
175.388
175.422
175.456
175.49
175.524
175.558
175.592
175.626
175.66
175.694
175.728
175.762
175.796
175.83
175.864
175.898
175.932
175.965
175.999
176.033
176.067
176.101
176.134
176.168
176.202
176.235
176.269
176.303
176.336
176.37
176.404
176.437
176.471
176.505
176.538
176.572
176.605
176.639
176.672
176.706
176.739
176.773
176.806
176.84
176.873
176.907
176.94
176.974
177.007
177.041
177.074
177.107
177.141
177.174
177.208
177.241
177.274
177.308
177.341
177.374
177.408
177.441
177.474
177.508
177.541
177.574
177.608
177.641
177.674
177.708
177.741
177.774
177.807
177.841
177.874
177.907
177.94
177.974
178.007
178.04
178.074
178.107
178.14
178.173
178.207
178.24
178.273
178.306
178.339
178.373
178.406
178.439
178.472
178.506
178.539
178.572
178.605
178.639
178.672
178.705
178.738
178.771
178.805
178.838
178.871
178.904
178.938
178.971
179.004
179.037
179.071
179.104
179.137
179.17
179.203
179.237
179.27
179.303
179.336
179.37
179.403
179.436
179.469
179.503
179.536
179.569
179.602
179.636
179.669
179.702
179.736
179.769
179.802
179.835
179.869
179.902
179.935
179.968
180.002
180.035
180.068
180.102
180.135
180.168
180.201
180.235
180.268
180.301
180.335
180.368
180.401
180.435
180.468
180.501
180.535
180.568
180.601
180.635
180.668
180.701
180.735
180.768
180.801
180.835
180.868
180.902
180.935
180.968
181.002
181.035
181.068
181.102
181.135
181.169
181.202
181.235
181.269
181.302
181.336
181.369
181.403
181.436
181.469
181.503
181.536
181.57
181.603
181.637
181.67
181.704
181.737
181.771
181.804
181.837
181.871
181.904
181.938
181.971
182.005
182.038
182.072
182.105
182.139
182.172
182.206
182.24
182.273
182.307
182.34
182.374
182.407
182.441
182.474
182.508
182.541
182.575
182.609
182.642
182.676
182.709
182.743
182.776
182.81
182.844
182.877
182.911
182.944
182.978
183.012
183.045
183.079
183.113
183.146
183.18
183.213
183.247
183.281
183.314
183.348
183.382
183.415
183.449
183.483
183.516
183.55
183.584
183.618
183.651
183.685
183.719
183.752
183.786
183.82
183.853
183.887
183.921
183.955
183.988
184.022
184.056
184.09
184.123
184.157
184.191
184.225
184.258
184.292
184.326
184.36
184.394
184.427
184.461
184.495
184.529
184.563
184.596
184.63
184.664
184.698
184.732
184.766
184.799
184.833
184.867
184.901
184.935
184.969
185.002
185.036
185.07
185.104
185.138
185.172
185.206
185.24
185.274
185.307
185.341
185.375
185.409
185.443
185.477
185.511
185.545
185.579
185.613
185.647
185.681
185.715
185.749
185.782
185.816
185.85
185.884
185.918
185.952
185.986
186.02
186.054
186.088
186.122
186.156
186.19
186.224
186.258
186.292
186.326
186.36
186.394
186.428
186.463
186.497
186.531
186.565
186.599
186.633
186.667
186.701
186.735
186.769
186.803
186.837
186.871
186.905
186.94
186.974
187.008
187.042
187.076
187.11
187.144
187.178
187.213
187.247
187.281
187.315
187.349
187.383
187.417
187.452
187.486
187.52
187.554
187.588
187.622
187.657
187.691
187.725
187.759
187.793
187.828
187.862
187.896
187.93
187.965
187.999
188.033
188.067
188.101
188.136
188.17
188.204
188.239
188.273
188.307
188.341
188.376
188.41
188.444
188.478
188.513
188.547
188.581
188.616
188.65
188.684
188.719
188.753
188.787
188.822
188.856
188.89
188.925
188.959
188.993
189.028
189.062
189.096
189.131
189.165
189.2
189.234
189.268
189.303
189.337
189.371
189.406
189.44
189.475
189.509
189.544
189.578
189.612
189.647
189.681
189.716
189.75
189.785
189.819
189.853
189.888
189.922
189.957
189.991
190.026
190.06
190.095
190.129
190.164
190.198
190.233
190.267
190.302
190.336
190.371
190.405
190.44
190.474
190.509
190.544
190.578
190.613
190.647
190.682
190.716
190.751
190.785
190.82
190.855
190.889
190.924
190.958
190.993
191.028
191.062
191.097
191.131
191.166
191.201
191.235
191.27
191.305
191.339
191.374
191.409
191.443
191.478
191.512
191.547
191.582
191.617
191.651
191.686
191.721
191.755
191.79
191.825
191.859
191.894
191.929
191.963
191.998
192.033
192.068
192.102
192.137
192.172
192.207
192.241
192.276
192.311
192.346
192.38
192.415
192.45
192.485
192.52
192.554
192.589
192.624
192.659
192.694
192.728
192.763
192.798
192.833
192.868
192.902
192.937
192.972
193.007
193.042
193.077
193.112
193.146
193.181
193.216
193.251
193.286
193.321
193.356
193.391
193.425
193.46
193.495
193.53
193.565
193.6
193.635
193.67
193.705
193.74
193.775
193.81
193.845
193.88
193.914
193.949
193.984
194.019
194.054
194.089
194.124
194.159
194.194
194.229
194.264
194.299
194.334
194.369
194.404
194.439
194.474
194.509
194.544
194.579
194.615
194.65
194.685
194.72
194.755
194.79
194.825
194.86
194.895
194.93
194.965
195
195.035
195.07
195.106
195.141
195.176
195.211
195.246
195.281
195.316
195.351
195.387
195.422
195.457
195.492
195.527
195.562
195.597
195.633
195.668
195.703
195.738
195.773
195.809
195.844
195.879
195.914
195.949
195.985
196.02
196.055
196.09
196.125
196.161
196.196
196.231
196.266
196.302
196.337
196.372
196.407
196.443
196.478
196.513
196.549
196.584
196.619
196.654
196.69
196.725
196.76
196.796
196.831
196.866
196.902
196.937
196.972
197.008
197.043
197.078
197.114
197.149
197.184
197.22
197.255
197.29
197.326
197.361
197.397
197.432
197.467
197.503
197.538
197.574
197.609
197.644
197.68
197.715
197.751
197.786
197.821
197.857
197.892
197.928
197.963
197.999
198.034
198.07
198.105
198.141
198.176
198.212
198.247
198.283
198.318
198.354
198.389
198.425
198.46
198.496
198.531
198.567
198.602
198.638
198.673
198.709
198.744
198.78
198.815
198.851
198.887
198.922
198.958
198.993
199.029
199.064
199.1
199.136
199.171
199.207
199.242
199.278
199.314
199.349
199.385
199.421
199.456
199.492
199.527
199.563
199.599
199.634
199.67
199.706
199.741
199.777
199.813
199.848
199.884
199.92
199.956
199.991
200.027
200.063
200.098
200.134
200.17
200.206
200.241
200.277
200.313
200.348
200.384
200.42
200.456
200.491
200.527
200.563
200.599
200.635
200.67
200.706
200.742
200.778
200.814
200.849
200.885
200.921
200.957
200.993
201.028
201.064
201.1
201.136
201.172
201.208
201.244
201.279
201.315
201.351
201.387
201.423
201.459
201.495
201.53
201.566
201.602
201.638
201.674
201.71
201.746
201.782
201.818
201.854
201.89
201.926
201.961
201.997
202.033
202.069
202.105
202.141
202.177
202.213
202.249
202.285
202.321
202.357
202.393
202.429
202.465
202.501
202.537
202.573
202.609
202.645
202.681
202.717
202.753
202.789
202.825
202.861
202.897
202.934
202.97
203.006
203.042
203.078
203.114
203.15
203.186
203.222
203.258
203.294
203.331
203.367
203.403
203.439
203.475
203.511
203.547
203.583
203.62
203.656
203.692
203.728
203.764
203.8
203.836
203.873
203.909
203.945
203.981
204.017
204.054
204.09
204.126
204.162
204.198
204.235
204.271
204.307
204.343
204.38
204.416
204.452
204.488
204.525
204.561
204.597
204.633
204.67
204.706
204.742
204.778
204.815
204.851
204.887
204.924
204.96
204.996
205.033
205.069
205.105
205.142
205.178
205.214
205.251
205.287
205.323
205.36
205.396
205.432
205.469
205.505
205.541
205.578
205.614
205.651
205.687
205.723
205.76
205.796
205.833
205.869
205.905
205.942
205.978
206.015
206.051
206.088
206.124
206.161
206.197
206.233
206.27
206.306
206.343
206.379
206.416
206.452
206.489
206.525
206.562
206.598
206.635
206.671
206.708
206.744
206.781
206.817
206.854
206.89
206.927
206.964
207
207.037
207.073
207.11
207.146
207.183
207.22
207.256
207.293
207.329
207.366
207.403
207.439
207.476
207.512
207.549
207.586
207.622
207.659
207.696
207.732
207.769
207.805
207.842
207.879
207.915
207.952
207.989
208.026
208.062
208.099
208.136
208.172
208.209
208.246
208.282
208.319
208.356
208.393
208.429
208.466
208.503
208.539
208.576
208.613
208.65
208.686
208.723
208.76
208.797
208.834
208.87
208.907
208.944
208.981
209.018
209.054
209.091
209.128
209.165
209.202
209.238
209.275
209.312
209.349
209.386
209.423
209.459
209.496
209.533
209.57
209.607
209.644
209.681
209.718
209.754
209.791
209.828
209.865
209.902
209.939
209.976
210.013
210.05
210.087
210.124
210.161
210.197
210.234
210.271
210.308
210.345
210.382
210.419
210.456
210.493
210.53
210.567
210.604
210.641
210.678
210.715
210.752
210.789
210.826
210.863
210.9
210.937
210.974
211.011
211.048
211.085
211.122
211.16
211.197
211.234
211.271
211.308
211.345
211.382
211.419
211.456
211.493
211.53
211.567
211.605
211.642
211.679
211.716
211.753
211.79
211.827
211.865
211.902
211.939
211.976
212.013
212.05
212.087
212.125
212.162
212.199
212.236
212.273
212.311
212.348
212.385
212.422
212.459
212.497
212.534
212.571
212.608
212.646
212.683
212.72
212.757
212.795
212.832
212.869
212.906
212.944
212.981
213.018
213.056
213.093
213.13
213.167
213.205
213.242
213.279
213.317
213.354
213.391
213.429
213.466
213.503
213.541
213.578
213.615
213.653
213.69
213.728
213.765
213.802
213.84
213.877
213.914
213.952
213.989
214.027
214.064
214.101
214.139
214.176
214.214
214.251
214.289
214.326
214.364
214.401
214.438
214.476
214.513
214.551
214.588
214.626
214.663
214.701
214.738
214.776
214.813
214.851
214.888
214.926
214.963
215.001
215.038
215.076
215.113
215.151
215.189
215.226
215.264
215.301
215.339
215.376
215.414
215.451
215.489
215.527
215.564
215.602
215.639
215.677
215.715
215.752
215.79
215.828
215.865
215.903
215.94
215.978
216.016
216.053
216.091
216.129
216.166
216.204
216.242
216.279
216.317
216.355
216.392
216.43
216.468
216.506
216.543
216.581
216.619
216.656
216.694
216.732
216.77
216.807
216.845
216.883
216.921
216.958
216.996
217.034
217.072
217.11
217.147
217.185
217.223
217.261
217.298
217.336
217.374
217.412
217.45
217.488
217.525
217.563
217.601
217.639
217.677
217.715
217.752
217.79
217.828
217.866
217.904
217.942
217.98
218.018
218.056
218.093
218.131
218.169
218.207
218.245
218.283
218.321
218.359
218.397
218.435
218.473
218.511
218.549
218.587
218.624
218.662
218.7
218.738
218.776
218.814
218.852
218.89
218.928
218.966
219.004
219.042
219.08
219.118
219.156
219.194
219.233
219.271
219.309
219.347
219.385
219.423
219.461
219.499
219.537
219.575
219.613
219.651
219.689
219.727
219.766
219.804
219.842
219.88
219.918
219.956
219.994
220.032
220.071
220.109
220.147
220.185
220.223
220.261
220.299
220.338
220.376
220.414
220.452
220.49
220.529
220.567
220.605
220.643
220.681
220.72
220.758
220.796
220.834
220.872
220.911
220.949
220.987
221.025
221.064
221.102
221.14
221.179
221.217
221.255
221.293
221.332
221.37
221.408
221.447
221.485
221.523
221.561
221.6
221.638
221.676
221.715
221.753
221.792
221.83
221.868
221.907
221.945
221.983
222.022
222.06
222.098
222.137
222.175
222.214
222.252
222.29
222.329
222.367
222.406
222.444
222.483
222.521
222.559
222.598
222.636
222.675
222.713
222.752
222.79
222.829
222.867
222.906
222.944
222.983
223.021
223.06
223.098
223.137
223.175
223.214
223.252
223.291
223.329
223.368
223.406
223.445
223.483
223.522
223.56
223.599
223.638
223.676
223.715
223.753
223.792
223.83
223.869
223.908
223.946
223.985
224.023
224.062
224.101
224.139
224.178
224.217
224.255
224.294
224.333
224.371
224.41
224.449
224.487
224.526
224.565
224.603
224.642
224.681
224.719
224.758
224.797
224.835
224.874
224.913
224.952
224.99
225.029
225.068
225.107
225.145
225.184
225.223
225.262
225.3
225.339
225.378
225.417
225.455
225.494
225.533
225.572
225.611
225.649
225.688
225.727
225.766
225.805
225.844
225.882
225.921
225.96
225.999
226.038
226.077
226.116
226.154
226.193
226.232
226.271
226.31
226.349
226.388
226.427
226.466
226.504
226.543
226.582
226.621
226.66
226.699
226.738
226.777
226.816
226.855
226.894
226.933
226.972
227.011
227.05
227.089
227.128
227.167
227.206
227.245
227.284
227.323
227.362
227.401
227.44
227.479
227.518
227.557
227.596
227.635
227.674
227.713
227.752
227.791
227.83
227.869
227.908
227.948
227.987
228.026
228.065
228.104
228.143
228.182
228.221
228.26
228.3
228.339
228.378
228.417
228.456
228.495
228.534
228.574
228.613
228.652
228.691
228.73
228.769
228.809
228.848
228.887
228.926
228.965
229.005
229.044
229.083
229.122
229.162
229.201
229.24
229.279
229.319
229.358
229.397
229.436
229.476
229.515
229.554
229.593
229.633
229.672
229.711
229.751
229.79
229.829
229.869
229.908
229.947
229.987
230.026
230.065
230.105
230.144
230.183
230.223
230.262
230.301
230.341
230.38
230.419
230.459
230.498
230.538
230.577
230.616
230.656
230.695
230.735
230.774
230.814
230.853
230.892
230.932
230.971
231.011
231.05
231.09
231.129
231.169
231.208
231.248
231.287
231.327
231.366
231.406
231.445
231.485
231.524
231.564
231.603
231.643
231.682
231.722
231.761
231.801
231.84
231.88
231.919
231.959
231.999
232.038
232.078
232.117
232.157
232.197
232.236
232.276
232.315
232.355
232.395
232.434
232.474
232.513
232.553
232.593
232.632
232.672
232.712
232.751
232.791
232.831
232.87
232.91
232.95
232.989
233.029
233.069
233.109
233.148
233.188
233.228
233.267
233.307
233.347
233.387
233.426
233.466
233.506
233.546
233.585
233.625
233.665
233.705
233.745
233.784
233.824
233.864
233.904
233.943
233.983
234.023
234.063
234.103
234.143
234.182
234.222
234.262
234.302
234.342
234.382
234.422
234.461
234.501
234.541
234.581
234.621
234.661
234.701
234.741
234.78
234.82
234.86
234.9
234.94
234.98
235.02
235.06
235.1
235.14
235.18
235.22
235.26
235.3
235.34
235.38
235.42
235.46
235.5
235.54
235.58
235.62
235.66
235.7
235.74
235.78
235.82
235.86
235.9
235.94
235.98
236.02
236.06
236.1
236.14
236.18
236.22
236.26
236.3
236.34
236.381
236.421
236.461
236.501
236.541
236.581
236.621
236.661
236.702
236.742
236.782
236.822
236.862
236.902
236.942
236.983
237.023
237.063
237.103
237.143
237.183
237.224
237.264
237.304
237.344
237.385
237.425
237.465
237.505
237.545
237.586
237.626
237.666
237.706
237.747
237.787
237.827
237.868
237.908
237.948
237.988
238.029
238.069
238.109
238.15
238.19
238.23
238.271
238.311
238.351
238.392
238.432
238.472
238.513
238.553
238.593
238.634
238.674
238.714
238.755
238.795
238.836
238.876
238.916
238.957
238.997
239.038
239.078
239.118
239.159
239.199
239.24
239.28
239.321
239.361
239.402
239.442
239.482
239.523
239.563
239.604
239.644
239.685
239.725
239.766
239.806
239.847
239.887
239.928
239.968
240.009
240.05
240.09
240.131
240.171
240.212
240.252
240.293
240.333
240.374
240.415
240.455
240.496
240.536
240.577
240.618
240.658
240.699
240.739
240.78
240.821
240.861
240.902
240.943
240.983
241.024
241.064
241.105
241.146
241.186
241.227
241.268
241.309
241.349
241.39
241.431
241.471
241.512
241.553
241.593
241.634
241.675
241.716
241.756
241.797
241.838
241.879
241.919
241.96
242.001
242.042
242.082
242.123
242.164
242.205
242.246
242.286
242.327
242.368
242.409
242.45
242.49
242.531
242.572
242.613
242.654
242.695
242.736
242.776
242.817
242.858
242.899
242.94
242.981
243.022
243.063
243.103
243.144
243.185
243.226
243.267
243.308
243.349
243.39
243.431
243.472
243.513
243.554
243.595
243.636
243.677
243.718
243.758
243.799
243.84
243.881
243.922
243.963
244.004
244.045
244.086
244.127
244.169
244.21
244.251
244.292
244.333
244.374
244.415
244.456
244.497
244.538
244.579
244.62
244.661
244.702
244.743
244.784
244.826
244.867
244.908
244.949
244.99
245.031
245.072
245.113
245.155
245.196
245.237
245.278
245.319
245.36
245.402
245.443
245.484
245.525
245.566
245.608
245.649
245.69
245.731
245.772
245.814
245.855
245.896
245.937
245.978
246.02
246.061
246.102
246.144
246.185
246.226
246.267
246.309
246.35
246.391
246.432
246.474
246.515
246.556
246.598
246.639
246.68
246.722
246.763
246.804
246.846
246.887
246.928
246.97
247.011
247.052
247.094
247.135
247.177
247.218
247.259
247.301
247.342
247.384
247.425
247.466
247.508
247.549
247.591
247.632
247.674
247.715
247.757
247.798
247.839
247.881
247.922
247.964
248.005
248.047
248.088
248.13
248.171
248.213
248.254
248.296
248.337
248.379
248.42
248.462
248.503
248.545
248.587
248.628
248.67
248.711
248.753
248.794
248.836
248.878
248.919
248.961
249.002
249.044
249.086
249.127
249.169
249.21
249.252
249.294
249.335
249.377
249.419
249.46
249.502
249.544
249.585
249.627
249.669
249.71
249.752
249.794
249.835
249.877
249.919
249.961
250.002
250.044
250.086
250.127
250.169
250.211
250.253
250.294
250.336
250.378
250.42
250.462
250.503
250.545
250.587
250.629
250.67
250.712
250.754
250.796
250.838
250.88
250.921
250.963
251.005
251.047
251.089
251.131
251.172
251.214
251.256
251.298
251.34
251.382
251.424
251.466
251.507
251.549
251.591
251.633
251.675
251.717
251.759
251.801
251.843
251.885
251.927
251.969
252.011
252.053
252.095
252.137
252.178
252.22
252.262
252.304
252.346
252.388
252.43
252.472
252.514
252.557
252.599
252.641
252.683
252.725
252.767
252.809
252.851
252.893
252.935
252.977
253.019
253.061
253.103
253.145
253.187
253.23
253.272
253.314
253.356
253.398
253.44
253.482
253.524
253.567
253.609
253.651
253.693
253.735
253.777
253.819
253.862
253.904
253.946
253.988
254.03
254.073
254.115
254.157
254.199
254.241
254.284
254.326
254.368
254.41
254.453
254.495
254.537
254.579
254.622
254.664
254.706
254.749
254.791
254.833
254.875
254.918
254.96
255.002
255.045
255.087
255.129
255.172
255.214
255.256
255.299
255.341
255.383
255.426
255.468
255.51
255.553
255.595
255.638
255.68
255.722
255.765
255.807
255.85
255.892
255.934
255.977
256.019
256.062
256.104
256.147
256.189
256.232
256.274
256.316
256.359
256.401
256.444
256.486
256.529
256.571
256.614
256.656
256.699
256.741
256.784
256.826
256.869
256.911
256.954
256.997
257.039
257.082
257.124
257.167
257.209
257.252
257.295
257.337
257.38
257.422
257.465
257.508
257.55
257.593
257.635
257.678
257.721
257.763
257.806
257.849
257.891
257.934
257.977
258.019
258.062
258.105
258.147
258.19
258.233
258.275
258.318
258.361
258.403
258.446
258.489
258.532
258.574
258.617
258.66
258.703
258.745
258.788
258.831
258.874
258.916
258.959
259.002
259.045
259.088
259.13
259.173
259.216
259.259
259.302
259.344
259.387
259.43
259.473
259.516
259.559
259.601
259.644
259.687
259.73
259.773
259.816
259.859
259.902
259.944
259.987
260.03
260.073
260.116
260.159
260.202
260.245
260.288
260.331
260.374
260.417
260.46
260.503
260.546
260.589
260.632
260.674
260.717
260.76
260.803
260.846
260.889
260.932
260.975
261.019
261.062
261.105
261.148
261.191
261.234
261.277
261.32
261.363
261.406
261.449
261.492
261.535
261.578
261.621
261.664
261.708
261.751
261.794
261.837
261.88
261.923
261.966
262.009
262.053
262.096
262.139
262.182
262.225
262.268
262.312
262.355
262.398
262.441
262.484
262.527
262.571
262.614
262.657
262.7
262.744
262.787
262.83
262.873
262.917
262.96
263.003
263.046
263.09
263.133
263.176
263.219
263.263
263.306
263.349
263.393
263.436
263.479
263.522
263.566
263.609
263.652
263.696
263.739
263.783
263.826
263.869
263.913
263.956
263.999
264.043
264.086
264.129
264.173
264.216
264.26
264.303
264.346
264.39
264.433
264.477
264.52
264.564
264.607
264.651
264.694
264.737
264.781
264.824
264.868
264.911
264.955
264.998
265.042
265.085
265.129
265.172
265.216
265.259
265.303
265.346
265.39
265.434
265.477
265.521
265.564
265.608
265.651
265.695
265.738
265.782
265.826
265.869
265.913
265.956
266
266.044
266.087
266.131
266.175
266.218
266.262
266.305
266.349
266.393
266.436
266.48
266.524
266.567
266.611
266.655
266.698
266.742
266.786
266.83
266.873
266.917
266.961
267.004
267.048
267.092
267.136
267.179
267.223
267.267
267.311
267.354
267.398
267.442
267.486
267.53
267.573
267.617
267.661
267.705
267.749
267.792
267.836
267.88
267.924
267.968
268.012
268.055
268.099
268.143
268.187
268.231
268.275
268.319
268.363
268.406
268.45
268.494
268.538
268.582
268.626
268.67
268.714
268.758
268.802
268.846
268.89
268.934
268.977
269.021
269.065
269.109
269.153
269.197
269.241
269.285
269.329
269.373
269.417
269.461
269.505
269.549
269.593
269.637
269.682
269.726
269.77
269.814
269.858
269.902
269.946
269.99
270.034
270.078
270.122
270.166
270.21
270.255
270.299
270.343
270.387
270.431
270.475
270.519
270.563
270.608
270.652
270.696
270.74
270.784
270.828
270.873
270.917
270.961
271.005
271.049
271.094
271.138
271.182
271.226
271.27
271.315
271.359
271.403
271.447
271.492
271.536
271.58
271.624
271.669
271.713
271.757
271.802
271.846
271.89
271.935
271.979
272.023
272.067
272.112
272.156
272.2
272.245
272.289
272.333
272.378
272.422
272.467
272.511
272.555
272.6
272.644
272.689
272.733
272.777
272.822
272.866
272.911
272.955
272.999
273.044
273.088
273.133
273.177
273.222
273.266
273.311
273.355
273.4
273.444
273.488
273.533
273.577
273.622
273.667
273.711
273.756
273.8
273.845
273.889
273.934
273.978
274.023
274.067
274.112
274.156
274.201
274.246
274.29
274.335
274.379
274.424
274.469
274.513
274.558
274.602
274.647
274.692
274.736
274.781
274.826
274.87
274.915
274.96
275.004
275.049
275.094
275.138
275.183
275.228
275.272
275.317
275.362
275.406
275.451
275.496
275.541
275.585
275.63
275.675
275.72
275.764
275.809
275.854
275.899
275.943
275.988
276.033
276.078
276.123
276.167
276.212
276.257
276.302
276.347
276.391
276.436
276.481
276.526
276.571
276.616
276.661
276.705
276.75
276.795
276.84
276.885
276.93
276.975
277.02
277.064
277.109
277.154
277.199
277.244
277.289
277.334
277.379
277.424
277.469
277.514
277.559
277.604
277.649
277.694
277.739
277.784
277.829
277.874
277.919
277.964
278.009
278.054
278.099
278.144
278.189
278.234
278.279
278.324
278.369
278.414
278.459
278.504
278.549
278.594
278.64
278.685
278.73
278.775
278.82
278.865
278.91
278.955
279
279.046
279.091
279.136
279.181
279.226
279.271
279.317
279.362
279.407
279.452
279.497
279.542
279.588
279.633
279.678
279.723
279.769
279.814
279.859
279.904
279.949
279.995
280.04
280.085
280.13
280.176
280.221
280.266
280.312
280.357
280.402
280.448
280.493
280.538
280.583
280.629
280.674
280.719
280.765
280.81
280.855
280.901
280.946
280.992
281.037
281.082
281.128
281.173
281.218
281.264
281.309
281.355
281.4
281.445
281.491
281.536
281.582
281.627
281.673
281.718
281.764
281.809
281.854
281.9
281.945
281.991
282.036
282.082
282.127
282.173
282.218
282.264
282.309
282.355
282.401
282.446
282.492
282.537
282.583
282.628
282.674
282.719
282.765
282.811
282.856
282.902
282.947
282.993
283.038
283.084
283.13
283.175
283.221
283.267
283.312
283.358
283.404
283.449
283.495
283.54
283.586
283.632
283.677
283.723
283.769
283.815
283.86
283.906
283.952
283.997
284.043
284.089
284.135
284.18
284.226
284.272
284.317
284.363
284.409
284.455
284.501
284.546
284.592
284.638
284.684
284.729
284.775
284.821
284.867
284.913
284.958
285.004
285.05
285.096
285.142
285.188
285.233
285.279
285.325
285.371
285.417
285.463
285.509
285.555
285.6
285.646
285.692
285.738
285.784
285.83
285.876
285.922
285.968
286.014
286.06
286.106
286.152
286.198
286.244
286.29
286.336
286.382
286.428
286.474
286.52
286.566
286.612
286.658
286.704
286.75
286.796
286.842
286.888
286.934
286.98
287.026
287.072
287.118
287.164
287.211
287.257
287.303
287.349
287.395
287.441
287.487
287.533
287.579
287.626
287.672
287.718
287.764
287.81
287.856
287.903
287.949
287.995
288.041
288.087
288.134
288.18
288.226
288.272
288.318
288.365
288.411
288.457
288.503
288.55
288.596
288.642
288.688
288.735
288.781
288.827
288.873
288.92
288.966
289.012
289.059
289.105
289.151
289.198
289.244
289.29
289.337
289.383
289.429
289.476
289.522
289.568
289.615
289.661
289.707
289.754
289.8
289.847
289.893
289.939
289.986
290.032
290.079
290.125
290.172
290.218
290.264
290.311
290.357
290.404
290.45
290.497
290.543
290.59
290.636
290.683
290.729
290.776
290.822
290.869
290.915
290.962
291.008
291.055
291.101
291.148
291.195
291.241
291.288
291.334
291.381
291.427
291.474
291.521
291.567
291.614
291.66
291.707
291.754
291.8
291.847
291.893
291.94
291.987
292.033
292.08
292.127
292.173
292.22
292.267
292.313
292.36
292.407
292.454
292.5
292.547
292.594
292.64
292.687
292.734
292.781
292.827
292.874
292.921
292.968
293.014
293.061
293.108
293.155
293.201
293.248
293.295
293.342
293.389
293.435
293.482
293.529
293.576
293.623
293.67
293.716
293.763
293.81
293.857
293.904
293.951
293.998
294.045
294.091
294.138
294.185
294.232
294.279
294.326
294.373
294.42
294.467
294.514
294.561
294.608
294.655
294.702
294.748
294.795
294.842
294.889
294.936
294.983
295.03
295.077
295.124
295.171
295.218
295.265
295.313
295.36
295.407
295.454
295.501
295.548
295.595
295.642
295.689
295.736
295.783
295.83
295.877
295.924
295.972
296.019
296.066
296.113
296.16
296.207
296.254
296.301
296.349
296.396
296.443
296.49
296.537
296.584
296.632
296.679
296.726
296.773
296.82
296.868
296.915
296.962
297.009
297.057
297.104
297.151
297.198
297.246
297.293
297.34
297.387
297.435
297.482
297.529
297.576
297.624
297.671
297.718
297.766
297.813
297.86
297.908
297.955
298.002
298.05
298.097
298.144
298.192
298.239
298.287
298.334
298.381
298.429
298.476
298.524
298.571
298.618
298.666
298.713
298.761
298.808
298.856
298.903
298.95
298.998
299.045
299.093
299.14
299.188
299.235
299.283
299.33
299.378
299.425
299.473
299.52
299.568
299.615
299.663
299.71
299.758
299.806
299.853
299.901
299.948
299.996
300.043
300.091
300.139
300.186
300.234
300.281
300.329
300.377
300.424
300.472
300.52
300.567
300.615
300.662
300.71
300.758
300.805
300.853
300.901
300.949
300.996
301.044
301.092
301.139
301.187
301.235
301.282
301.33
301.378
301.426
301.473
301.521
301.569
301.617
301.664
301.712
301.76
301.808
301.856
301.903
301.951
301.999
302.047
302.095
302.142
302.19
302.238
302.286
302.334
302.382
302.43
302.477
302.525
302.573
302.621
302.669
302.717
302.765
302.813
302.861
302.908
302.956
303.004
303.052
303.1
303.148
303.196
303.244
303.292
303.34
303.388
303.436
303.484
303.532
303.58
303.628
303.676
303.724
303.772
303.82
303.868
303.916
303.964
304.012
304.06
304.108
304.156
304.204
304.252
304.3
304.348
304.396
304.445
304.493
304.541
304.589
304.637
304.685
304.733
304.781
304.83
304.878
304.926
304.974
305.022
305.07
305.118
305.167
305.215
305.263
305.311
305.359
305.408
305.456
305.504
305.552
305.6
305.649
305.697
305.745
305.793
305.842
305.89
305.938
305.986
306.035
306.083
306.131
306.18
306.228
306.276
306.324
306.373
306.421
306.469
306.518
306.566
306.614
306.663
306.711
306.759
306.808
306.856
306.905
306.953
307.001
307.05
307.098
307.147
307.195
307.243
307.292
307.34
307.389
307.437
307.486
307.534
307.582
307.631
307.679
307.728
307.776
307.825
307.873
307.922
307.97
308.019
308.067
308.116
308.164
308.213
308.261
308.31
308.358
308.407
308.456
308.504
308.553
308.601
308.65
308.698
308.747
308.796
308.844
308.893
308.941
308.99
309.039
309.087
309.136
309.185
309.233
309.282
309.331
309.379
309.428
309.477
309.525
309.574
309.623
309.671
309.72
309.769
309.817
309.866
309.915
309.964
310.012
310.061
310.11
310.159
310.207
310.256
310.305
310.354
310.402
310.451
310.5
310.549
310.598
310.646
310.695
310.744
310.793
310.842
310.891
310.939
310.988
311.037
311.086
311.135
311.184
311.233
311.281
311.33
311.379
311.428
311.477
311.526
311.575
311.624
311.673
311.722
311.771
311.819
311.868
311.917
311.966
312.015
312.064
312.113
312.162
312.211
312.26
312.309
312.358
312.407
312.456
312.505
312.554
312.603
312.652
312.701
312.75
312.799
312.849
312.898
312.947
312.996
313.045
313.094
313.143
313.192
313.241
313.29
313.339
313.389
313.438
313.487
313.536
313.585
313.634
313.683
313.733
313.782
313.831
313.88
313.929
313.978
314.028
314.077
314.126
314.175
314.225
314.274
314.323
314.372
314.421
314.471
314.52
314.569
314.618
314.668
314.717
314.766
314.816
314.865
314.914
314.963
315.013
315.062
315.111
315.161
315.21
315.259
315.309
315.358
315.407
315.457
315.506
315.556
315.605
315.654
315.704
315.753
315.802
315.852
315.901
315.951
316
316.05
316.099
316.148
316.198
316.247
316.297
316.346
316.396
316.445
316.495
316.544
316.594
316.643
316.693
316.742
316.792
316.841
316.891
316.94
316.99
317.039
317.089
317.138
317.188
317.238
317.287
317.337
317.386
317.436
317.485
317.535
317.585
317.634
317.684
317.733
317.783
317.833
317.882
317.932
317.982
318.031
318.081
318.131
318.18
318.23
318.28
318.329
318.379
318.429
318.478
318.528
318.578
318.628
318.677
318.727
318.777
318.827
318.876
318.926
318.976
319.026
319.075
319.125
319.175
319.225
319.275
319.324
319.374
319.424
319.474
319.524
319.573
319.623
319.673
319.723
319.773
319.823
319.873
319.922
319.972
320.022
320.072
320.122
320.172
320.222
320.272
320.322
320.371
320.421
320.471
320.521
320.571
320.621
320.671
320.721
320.771
320.821
320.871
320.921
320.971
321.021
321.071
321.121
321.171
321.221
321.271
321.321
321.371
321.421
321.471
321.521
321.571
321.621
321.671
321.721
321.772
321.822
321.872
321.922
321.972
322.022
322.072
322.122
322.172
322.223
322.273
322.323
322.373
322.423
322.473
322.523
322.574
322.624
322.674
322.724
322.774
322.825
322.875
322.925
322.975
323.025
323.076
323.126
323.176
323.226
323.277
323.327
323.377
323.427
323.478
323.528
323.578
323.629
323.679
323.729
323.78
323.83
323.88
323.93
323.981
324.031
324.081
324.132
324.182
324.233
324.283
324.333
324.384
324.434
324.484
324.535
324.585
324.636
324.686
324.736
324.787
324.837
324.888
324.938
324.989
325.039
325.09
325.14
325.191
325.241
325.291
325.342
325.392
325.443
325.493
325.544
325.594
325.645
325.696
325.746
325.797
325.847
325.898
325.948
325.999
326.049
326.1
326.151
326.201
326.252
326.302
326.353
326.404
326.454
326.505
326.555
326.606
326.657
326.707
326.758
326.809
326.859
326.91
326.961
327.011
327.062
327.113
327.163
327.214
327.265
327.315
327.366
327.417
327.468
327.518
327.569
327.62
327.671
327.721
327.772
327.823
327.874
327.924
327.975
328.026
328.077
328.128
328.178
328.229
328.28
328.331
328.382
328.433
328.483
328.534
328.585
328.636
328.687
328.738
328.789
328.839
328.89
328.941
328.992
329.043
329.094
329.145
329.196
329.247
329.298
329.349
329.4
329.451
329.502
329.552
329.603
329.654
329.705
329.756
329.807
329.858
329.909
329.96
330.011
330.062
330.113
330.165
330.216
330.267
330.318
330.369
330.42
330.471
330.522
330.573
330.624
330.675
330.726
330.777
330.829
330.88
330.931
330.982
331.033
331.084
331.135
331.186
331.238
331.289
331.34
331.391
331.442
331.493
331.545
331.596
331.647
331.698
331.749
331.801
331.852
331.903
331.954
332.006
332.057
332.108
332.159
332.211
332.262
332.313
332.365
332.416
332.467
332.518
332.57
332.621
332.672
332.724
332.775
332.826
332.878
332.929
332.98
333.032
333.083
333.135
333.186
333.237
333.289
333.34
333.391
333.443
333.494
333.546
333.597
333.649
333.7
333.751
333.803
333.854
333.906
333.957
334.009
334.06
334.112
334.163
334.215
334.266
334.318
334.369
334.421
334.472
334.524
334.575
334.627
334.678
334.73
334.782
334.833
334.885
334.936
334.988
335.039
335.091
335.143
335.194
335.246
335.297
335.349
335.401
335.452
335.504
335.556
335.607
335.659
335.711
335.762
335.814
335.866
335.917
335.969
336.021
336.072
336.124
336.176
336.228
336.279
336.331
336.383
336.435
336.486
336.538
336.59
336.642
336.693
336.745
336.797
336.849
336.901
336.952
337.004
337.056
337.108
337.16
337.211
337.263
337.315
337.367
337.419
337.471
337.523
337.574
337.626
337.678
337.73
337.782
337.834
337.886
337.938
337.99
338.042
338.094
338.146
338.197
338.249
338.301
338.353
338.405
338.457
338.509
338.561
338.613
338.665
338.717
338.769
338.821
338.873
338.925
338.977
339.029
339.082
339.134
339.186
339.238
339.29
339.342
339.394
339.446
339.498
339.55
339.602
339.654
339.707
339.759
339.811
339.863
339.915
339.967
340.019
340.072
340.124
340.176
340.228
340.28
340.332
340.385
340.437
340.489
340.541
340.593
340.646
340.698
340.75
340.802
340.855
340.907
340.959
341.011
341.064
341.116
341.168
341.221
341.273
341.325
341.377
341.43
341.482
341.534
341.587
341.639
341.691
341.744
341.796
341.849
341.901
341.953
342.006
342.058
342.11
342.163
342.215
342.268
342.32
342.372
342.425
342.477
342.53
342.582
342.635
342.687
342.74
342.792
342.845
342.897
342.949
343.002
343.054
343.107
343.159
343.212
343.265
343.317
343.37
343.422
343.475
343.527
343.58
343.632
343.685
343.737
343.79
343.843
343.895
343.948
344
344.053
344.106
344.158
344.211
344.264
344.316
344.369
344.421
344.474
344.527
344.579
344.632
344.685
344.738
344.79
344.843
344.896
344.948
345.001
345.054
345.106
345.159
345.212
345.265
345.317
345.37
345.423
345.476
345.529
345.581
345.634
345.687
345.74
345.793
345.845
345.898
345.951
346.004
346.057
346.109
346.162
346.215
346.268
346.321
346.374
346.427
346.48
346.532
346.585
346.638
346.691
346.744
346.797
346.85
346.903
346.956
347.009
347.062
347.115
347.168
347.221
347.274
347.326
347.379
347.432
347.485
347.538
347.591
347.644
347.698
347.751
347.804
347.857
347.91
347.963
348.016
348.069
348.122
348.175
348.228
348.281
348.334
348.387
348.44
348.494
348.547
348.6
348.653
348.706
348.759
348.812
348.865
348.919
348.972
349.025
349.078
349.131
349.185
349.238
349.291
349.344
349.397
349.451
349.504
349.557
349.61
349.663
349.717
349.77
349.823
349.877
349.93
349.983
350.036
350.09
350.143
350.196
350.25
350.303
350.356
350.409
350.463
350.516
350.57
350.623
350.676
350.73
350.783
350.836
350.89
350.943
350.996
351.05
351.103
351.157
351.21
351.264
351.317
351.37
351.424
351.477
351.531
351.584
351.638
351.691
351.745
351.798
351.852
351.905
351.959
352.012
352.066
352.119
352.173
352.226
352.28
352.333
352.387
352.44
352.494
352.547
352.601
352.655
352.708
352.762
352.815
352.869
352.923
352.976
353.03
353.083
353.137
353.191
353.244
353.298
353.352
353.405
353.459
353.513
353.566
353.62
353.674
353.727
353.781
353.835
353.889
353.942
353.996
354.05
354.103
354.157
354.211
354.265
354.319
354.372
354.426
354.48
354.534
354.587
354.641
354.695
354.749
354.803
354.857
354.91
354.964
355.018
355.072
355.126
355.18
355.233
355.287
355.341
355.395
355.449
355.503
355.557
355.611
355.665
355.719
355.772
355.826
355.88
355.934
355.988
356.042
356.096
356.15
356.204
356.258
356.312
356.366
356.42
356.474
356.528
356.582
356.636
356.69
356.744
356.798
356.852
356.906
356.96
357.014
357.069
357.123
357.177
357.231
357.285
357.339
357.393
357.447
357.501
357.555
357.61
357.664
357.718
357.772
357.826
357.88
357.935
357.989
358.043
358.097
358.151
358.205
358.26
358.314
358.368
358.422
358.477
358.531
358.585
358.639
358.694
358.748
358.802
358.856
358.911
358.965
359.019
359.074
359.128
359.182
359.236
359.291
359.345
359.399
359.454
359.508
359.562
359.617
359.671
359.726
359.78
359.834
359.889
359.943
359.997
360.052
360.106
360.161
360.215
360.27
360.324
360.378
360.433
360.487
360.542
360.596
360.651
360.705
360.76
360.814
360.869
360.923
360.978
361.032
361.087
361.141
361.196
361.25
361.305
361.359
361.414
361.469
361.523
361.578
361.632
361.687
361.741
361.796
361.851
361.905
361.96
362.015
362.069
362.124
362.178
362.233
362.288
362.342
362.397
362.452
362.506
362.561
362.616
362.67
362.725
362.78
362.835
362.889
362.944
362.999
363.054
363.108
363.163
363.218
363.273
363.327
363.382
363.437
363.492
363.546
363.601
363.656
363.711
363.766
363.821
363.875
363.93
363.985
364.04
364.095
364.15
364.204
364.259
364.314
364.369
364.424
364.479
364.534
364.589
364.644
364.699
364.753
364.808
364.863
364.918
364.973
365.028
365.083
365.138
365.193
365.248
365.303
365.358
365.413
365.468
365.523
365.578
365.633
365.688
365.743
365.798
365.853
365.908
365.963
366.018
366.074
366.129
366.184
366.239
366.294
366.349
366.404
366.459
366.514
366.57
366.625
366.68
366.735
366.79
366.845
366.9
366.956
367.011
367.066
367.121
367.176
367.232
367.287
367.342
367.397
367.452
367.508
367.563
367.618
367.673
367.729
367.784
367.839
367.894
367.95
368.005
368.06
368.116
368.171
368.226
368.282
368.337
368.392
368.448
368.503
368.558
368.614
368.669
368.724
368.78
368.835
368.89
368.946
369.001
369.057
369.112
369.167
369.223
369.278
369.334
369.389
369.445
369.5
369.556
369.611
369.667
369.722
369.777
369.833
369.888
369.944
369.999
370.055
370.11
370.166
370.222
370.277
370.333
370.388
370.444
370.499
370.555
370.61
370.666
370.722
370.777
370.833
370.888
370.944
371
371.055
371.111
371.167
371.222
371.278
371.334
371.389
371.445
371.501
371.556
371.612
371.668
371.723
371.779
371.835
371.89
371.946
372.002
372.058
372.113
372.169
372.225
372.281
372.336
372.392
372.448
372.504
372.559
372.615
372.671
372.727
372.783
372.839
372.894
372.95
373.006
373.062
373.118
373.174
373.229
373.285
373.341
373.397
373.453
373.509
373.565
373.621
373.677
373.733
373.788
373.844
373.9
373.956
374.012
374.068
374.124
374.18
374.236
374.292
374.348
374.404
374.46
374.516
374.572
374.628
374.684
374.74
374.796
374.852
374.908
374.964
375.02
375.076
375.133
375.189
375.245
375.301
375.357
375.413
375.469
375.525
375.581
375.638
375.694
375.75
375.806
375.862
375.918
375.974
376.031
376.087
376.143
376.199
376.255
376.312
376.368
376.424
376.48
376.536
376.593
376.649
376.705
376.761
376.818
376.874
376.93
376.986
377.043
377.099
377.155
377.212
377.268
377.324
377.381
377.437
377.493
377.55
377.606
377.662
377.719
377.775
377.831
377.888
377.944
378.001
378.057
378.113
378.17
378.226
378.283
378.339
378.395
378.452
378.508
378.565
378.621
378.678
378.734
378.791
378.847
378.904
378.96
379.017
379.073
379.13
379.186
379.243
379.299
379.356
379.412
379.469
379.525
379.582
379.639
379.695
379.752
379.808
379.865
379.922
379.978
380.035
380.091
380.148
380.205
380.261
380.318
380.375
380.431
380.488
380.545
380.601
380.658
380.715
380.771
380.828
380.885
380.941
380.998
381.055
381.112
381.168
381.225
381.282
381.339
381.395
381.452
381.509
381.566
381.622
381.679
381.736
381.793
381.85
381.906
381.963
382.02
382.077
382.134
382.191
382.247
382.304
382.361
382.418
382.475
382.532
382.589
382.646
382.703
382.759
382.816
382.873
382.93
382.987
383.044
383.101
383.158
383.215
383.272
383.329
383.386
383.443
383.5
383.557
383.614
383.671
383.728
383.785
383.842
383.899
383.956
384.013
384.07
384.127
384.184
384.241
384.298
384.355
384.413
384.47
384.527
384.584
384.641
384.698
384.755
384.812
384.87
384.927
384.984
385.041
385.098
385.155
385.212
385.27
385.327
385.384
385.441
385.498
385.556
385.613
385.67
385.727
385.785
385.842
385.899
385.956
386.014
386.071
386.128
386.185
386.243
386.3
386.357
386.415
386.472
386.529
386.587
386.644
386.701
386.759
386.816
386.873
386.931
386.988
387.045
387.103
387.16
387.218
387.275
387.332
387.39
387.447
387.505
387.562
387.62
387.677
387.734
387.792
387.849
387.907
387.964
388.022
388.079
388.137
388.194
388.252
388.309
388.367
388.424
388.482
388.539
388.597
388.655
388.712
388.77
388.827
388.885
388.942
389
389.058
389.115
389.173
389.23
389.288
389.346
389.403
389.461
389.519
389.576
389.634
389.691
389.749
389.807
389.864
389.922
389.98
390.038
390.095
390.153
390.211
390.268
390.326
390.384
390.442
390.499
390.557
390.615
390.673
390.73
390.788
390.846
390.904
390.961
391.019
391.077
391.135
391.193
391.25
391.308
391.366
391.424
391.482
391.54
391.597
391.655
391.713
391.771
391.829
391.887
391.945
392.002
392.06
392.118
392.176
392.234
392.292
392.35
392.408
392.466
392.524
392.581
392.639
392.697
392.755
392.813
392.871
392.929
392.987
393.045
393.103
393.161
393.219
393.277
393.335
393.393
393.451
393.509
393.567
393.624
393.682
393.74
393.798
393.856
393.914
393.972
394.03
394.088
394.146
394.204
394.262
394.32
394.378
394.436
394.494
394.552
394.61
394.668
394.726
394.784
394.842
394.9
394.958
395.015
395.073
395.131
395.189
395.247
395.305
395.363
395.421
395.479
395.537
395.594
395.652
395.71
395.768
395.826
395.884
395.942
395.999
396.057
396.115
396.173
396.23
396.288
396.346
396.404
396.461
396.519
396.577
396.634
396.692
396.75
396.807
396.865
396.923
396.98
397.038
397.095
397.153
397.21
397.268
397.325
397.383
397.44
397.497
397.555
397.612
397.67
397.727
397.784
397.841
397.899
397.956
398.013
398.07
398.127
398.185
398.242
398.299
398.356
398.413
398.47
398.527
398.584
398.641
398.697
398.754
398.811
398.868
398.925
398.981
399.038
399.095
399.151
399.208
399.265
399.321
399.378
399.434
399.491
399.547
399.604
399.66
399.716
399.773
399.829
399.885
399.942
399.998
400.054
400.11
400.166
400.223
400.279
400.335
400.391
400.447
400.503
400.559
400.615
400.671
400.727
400.783
400.839
400.895
400.951
401.006
401.062
401.118
401.174
401.23
401.286
401.341
401.397
401.453
401.509
401.565
401.62
401.676
401.732
401.788
401.843
401.899
401.955
402.011
402.067
402.122
402.178
402.234
402.29
402.346
402.402
402.457
402.513
402.569
402.625
402.681
402.737
402.793
402.849
402.905
402.961
403.017
403.073
403.129
403.186
403.242
403.298
403.354
403.41
403.467
403.523
403.579
403.636
403.692
403.749
403.805
403.862
403.918
403.975
404.032
404.088
404.145
404.202
404.259
404.316
404.373
404.43
404.487
404.544
404.601
404.658
404.715
404.772
404.829
404.887
404.944
405.001
405.059
405.116
405.174
405.231
405.289
405.347
405.404
405.462
405.52
405.578
405.636
405.694
405.752
405.81
405.868
405.926
405.984
406.042
406.1
406.158
406.217
406.275
406.333
406.392
406.45
406.509
406.567
406.626
406.684
406.743
406.802
406.86
406.919
406.978
407.037
407.096
407.154
407.213
407.272
407.331
407.39
407.449
407.508
407.568
407.627
407.686
407.745
407.804
407.863
407.923
407.982
408.041
408.101
408.16
408.219
408.279
408.338
408.398
408.457
408.517
408.576
408.636
408.695
408.755
408.815
408.874
408.934
408.994
409.053
409.113
409.173
409.232
409.292
409.352
409.412
409.472
409.531
409.591
409.651
409.711
409.771
409.831
409.891
409.951
410.011
410.071
410.131
410.191
410.251
410.311
410.371
410.431
410.491
410.551
410.611
410.671
410.731
410.791
410.851
410.912
410.972
411.032
411.092
411.152
411.212
411.273
411.333
411.393
411.453
411.514
411.574
411.634
411.694
411.755
411.815
411.875
411.935
411.996
412.056
412.116
412.177
412.237
412.297
412.358
412.418
412.479
412.539
412.599
412.66
412.72
412.781
412.841
412.901
412.962
413.022
413.083
413.143
413.204
413.264
413.325
413.385
413.446
413.506
413.567
413.627
413.688
413.748
413.809
413.869
413.93
413.99
414.051
414.112
414.172
414.233
414.293
414.354
414.414
414.475
414.536
414.596
414.657
414.718
414.778
414.839
414.9
414.96
415.021
415.082
415.142
415.203
415.264
415.324
415.385
415.446
415.506
415.567
415.628
415.689
415.749
415.81
415.871
415.932
415.992
416.053
416.114
416.175
416.236
416.296
416.357
416.418
416.479
416.54
416.6
416.661
416.722
416.783
416.844
416.905
416.966
417.026
417.087
417.148
417.209
417.27
417.331
417.392
417.453
417.514
417.575
417.636
417.696
417.757
417.818
417.879
417.94
418.001
418.062
418.123
418.184
418.245
418.306
418.367
418.428
418.489
418.55
418.611
418.672
418.733
418.794
418.856
418.917
418.978
419.039
419.1
419.161
419.222
419.283
419.344
419.405
419.466
419.528
419.589
419.65
419.711
419.772
419.833
419.895
419.956
420.017
420.078
420.139
420.2
420.262
420.323
420.384
420.445
420.506
420.568
420.629
420.69
420.751
420.813
420.874
420.935
420.997
421.058
421.119
421.18
421.242
421.303
421.364
421.426
421.487
421.548
421.61
421.671
421.732
421.794
421.855
421.916
421.978
422.039
422.1
422.162
422.223
422.285
422.346
422.408
422.469
422.53
422.592
422.653
422.715
422.776
422.838
422.899
422.96
423.022
423.083
423.145
423.206
423.268
423.329
423.391
423.452
423.514
423.576
423.637
423.699
423.76
423.822
423.883
423.945
424.006
424.068
424.13
424.191
424.253
424.314
424.376
424.438
424.499
424.561
424.622
424.684
424.746
424.807
424.869
424.931
424.992
425.054
425.116
425.177
425.239
425.301
425.363
425.424
425.486
425.548
425.609
425.671
425.733
425.795
425.856
425.918
425.98
426.042
426.103
426.165
426.227
426.289
426.351
426.412
426.474
426.536
426.598
426.66
426.722
426.783
426.845
426.907
426.969
427.031
427.093
427.155
427.216
427.278
427.34
427.402
427.464
427.526
427.588
427.65
427.712
427.774
427.836
427.898
427.959
428.021
428.083
428.145
428.207
428.269
428.331
428.393
428.455
428.517
428.579
428.641
428.703
428.765
428.827
428.889
428.951
429.013
429.076
429.138
429.2
429.262
429.324
429.386
429.448
429.51
429.572
429.634
429.696
429.758
429.821
429.883
429.945
430.007
430.069
430.131
430.193
430.256
430.318
430.38
430.442
430.504
430.566
430.629
430.691
430.753
430.815
430.878
430.94
431.002
431.064
431.126
431.189
431.251
431.313
431.375
431.438
431.5
431.562
431.625
431.687
431.749
431.811
431.874
431.936
431.998
432.061
432.123
432.185
432.248
432.31
432.372
432.435
432.497
432.56
432.622
432.684
432.747
432.809
432.872
432.934
432.996
433.059
433.121
433.184
433.246
433.309
433.371
433.433
433.496
433.558
433.621
433.683
433.746
433.808
433.871
433.933
433.996
434.058
434.121
434.183
434.246
434.309
434.371
434.434
434.496
434.559
434.621
434.684
434.747
434.809
434.872
434.934
434.997
435.06
435.122
435.185
435.247
435.31
435.373
435.435
435.498
435.561
435.623
435.686
435.749
435.812
435.874
435.937
436
436.062
436.125
436.188
436.251
436.313
436.376
436.439
436.502
436.565
436.627
436.69
436.753
436.816
436.879
436.941
437.004
437.067
437.13
437.193
437.256
437.318
437.381
437.444
437.507
437.57
437.633
437.696
437.759
437.822
437.885
437.947
438.01
438.073
438.136
438.199
438.262
438.325
438.388
438.451
438.514
438.577
438.64
438.703
438.766
438.829
438.892
438.955
439.018
439.081
439.144
439.207
439.27
439.333
439.397
439.46
439.523
439.586
439.649
439.712
439.775
439.838
439.901
439.964
440.028
440.091
440.154
440.217
440.28
440.343
440.406
440.47
440.533
440.596
440.659
440.722
440.785
440.849
440.912
440.975
441.038
441.101
441.165
441.228
441.291
441.354
441.418
441.481
441.544
441.607
441.671
441.734
441.797
441.86
441.924
441.987
442.05
442.114
442.177
442.24
442.303
442.367
442.43
442.493
442.557
442.62
442.683
442.747
442.81
442.873
442.937
443
443.063
443.127
443.19
443.254
443.317
443.38
443.444
443.507
443.571
443.634
443.697
443.761
443.824
443.888
443.951
444.014
444.078
444.141
444.205
444.268
444.332
444.395
444.458
444.522
444.585
444.649
444.712
444.776
444.839
444.903
444.966
445.03
445.093
445.157
445.22
445.284
445.347
445.411
445.474
445.538
445.601
445.665
445.728
445.792
445.855
445.919
445.983
446.046
446.11
446.173
446.237
446.3
446.364
446.428
446.491
446.555
446.618
446.682
446.745
446.809
446.873
446.936
447
447.064
447.127
447.191
447.254
447.318
447.382
447.445
447.509
447.573
447.636
447.7
447.764
447.827
447.891
447.955
448.018
448.082
448.146
448.21
448.273
448.337
448.401
448.464
448.528
448.592
448.656
448.719
448.783
448.847
448.911
448.974
449.038
449.102
449.166
449.229
449.293
449.357
449.421
449.484
449.548
449.612
449.676
449.74
449.803
449.867
449.931
449.995
450.059
450.123
450.186
450.25
450.314
450.378
450.442
450.506
450.569
450.633
450.697
450.761
450.825
450.889
450.953
451.017
451.08
451.144
451.208
451.272
451.336
451.4
451.464
451.528
451.592
451.656
451.72
451.783
451.847
451.911
451.975
452.039
452.103
452.167
452.231
452.295
452.359
452.423
452.487
452.551
452.615
452.679
452.743
452.807
452.871
452.935
452.999
453.063
453.127
453.191
453.255
453.319
453.383
453.447
453.511
453.575
453.639
453.703
453.767
453.831
453.895
453.959
454.023
454.087
454.152
454.216
454.28
454.344
454.408
454.472
454.536
454.6
454.664
454.728
454.792
454.857
454.921
454.985
455.049
455.113
455.177
455.241
455.305
455.369
455.434
455.498
455.562
455.626
455.69
455.754
455.818
455.883
455.947
456.011
456.075
456.139
456.203
456.268
456.332
456.396
456.46
456.524
456.589
456.653
456.717
456.781
456.845
456.909
456.974
457.038
457.102
457.166
457.231
457.295
457.359
457.423
457.487
457.552
457.616
457.68
457.744
457.809
457.873
457.937
458.001
458.066
458.13
458.194
458.258
458.323
458.387
458.451
458.515
458.58
458.644
458.708
458.772
458.837
458.901
458.965
459.03
459.094
459.158
459.222
459.287
459.351
459.415
459.48
459.544
459.608
459.672
459.737
459.801
459.865
459.93
459.994
460.058
460.123
460.187
460.251
460.316
460.38
460.444
460.508
460.573
460.637
460.701
460.766
460.83
460.894
460.959
461.023
461.087
461.152
461.216
461.28
461.345
461.409
461.473
461.538
461.602
461.666
461.731
461.795
461.86
461.924
461.988
462.053
462.117
462.181
462.246
462.31
462.374
462.439
462.503
462.567
462.632
462.696
462.76
462.825
462.889
462.954
463.018
463.082
463.147
463.211
463.275
463.34
463.404
463.468
463.533
463.597
463.662
463.726
463.79
463.855
463.919
463.983
464.048
464.112
464.176
464.241
464.305
464.369
464.434
464.498
464.562
464.627
464.691
464.755
464.82
464.884
464.948
465.013
465.077
465.141
465.206
465.27
465.334
465.398
465.462
465.527
465.591
465.655
465.719
465.783
465.847
465.911
465.975
466.039
466.103
466.167
466.231
466.294
466.358
466.421
466.485
466.548
466.612
466.675
466.738
466.802
466.865
466.928
466.991
467.053
467.116
467.179
467.241
467.304
467.366
467.429
467.491
467.553
467.615
467.677
467.739
467.801
467.863
467.925
467.987
468.049
468.111
468.172
468.234
468.296
468.357
468.419
468.481
468.542
468.604
)
;

boundaryField
{
    sides
    {
        type            calculated;
        value           nonuniform List<scalar> 2(468.666 -5.09909);
    }
    empty
    {
        type            empty;
        value           nonuniform List<scalar> 0();
    }
}


// ************************************************************************* //
