/*--------------------------------*- C++ -*----------------------------------*\
  =========                 |
  \\      /  F ield         | OpenFOAM: The Open Source CFD Toolbox
   \\    /   O peration     | Website:  https://openfoam.org
    \\  /    A nd           | Version:  9
     \\/     M anipulation  |
\*---------------------------------------------------------------------------*/
FoamFile
{
    format      ascii;
    class       volScalarField;
    location    "0.022";
    object      T;
}
// * * * * * * * * * * * * * * * * * * * * * * * * * * * * * * * * * * * * * //

dimensions      [0 0 0 1 0 0 0];

internalField   nonuniform List<scalar> 
10000
(
255.83
255.834
255.84
255.847
255.855
255.862
255.868
255.872
255.874
255.875
255.876
255.876
255.876
255.876
255.876
255.876
255.875
255.875
255.875
255.875
255.875
255.875
255.874
255.874
255.874
255.874
255.874
255.873
255.873
255.873
255.873
255.873
255.872
255.872
255.872
255.872
255.872
255.871
255.871
255.871
255.871
255.87
255.87
255.87
255.87
255.87
255.869
255.869
255.869
255.869
255.869
255.868
255.868
255.868
255.868
255.868
255.867
255.867
255.867
255.867
255.866
255.866
255.866
255.866
255.866
255.865
255.865
255.865
255.865
255.865
255.864
255.864
255.864
255.864
255.863
255.863
255.863
255.863
255.863
255.862
255.862
255.862
255.862
255.861
255.861
255.861
255.861
255.86
255.86
255.86
255.86
255.86
255.859
255.859
255.859
255.859
255.858
255.858
255.858
255.858
255.857
255.857
255.857
255.857
255.856
255.856
255.856
255.856
255.855
255.855
255.855
255.855
255.855
255.854
255.854
255.854
255.854
255.853
255.853
255.853
255.853
255.852
255.852
255.852
255.852
255.851
255.851
255.851
255.851
255.85
255.85
255.85
255.85
255.849
255.849
255.849
255.848
255.848
255.848
255.848
255.847
255.847
255.847
255.847
255.846
255.846
255.846
255.846
255.845
255.845
255.845
255.845
255.844
255.844
255.844
255.843
255.843
255.843
255.843
255.842
255.842
255.842
255.842
255.841
255.841
255.841
255.841
255.84
255.84
255.84
255.839
255.839
255.839
255.839
255.838
255.838
255.838
255.837
255.837
255.837
255.837
255.836
255.836
255.836
255.835
255.835
255.835
255.835
255.834
255.834
255.834
255.833
255.833
255.833
255.833
255.832
255.832
255.832
255.831
255.831
255.831
255.831
255.83
255.83
255.83
255.829
255.829
255.829
255.829
255.828
255.828
255.828
255.827
255.827
255.827
255.826
255.826
255.826
255.826
255.825
255.825
255.825
255.824
255.824
255.824
255.823
255.823
255.823
255.822
255.822
255.822
255.822
255.821
255.821
255.821
255.82
255.82
255.82
255.819
255.819
255.819
255.818
255.818
255.818
255.817
255.817
255.817
255.817
255.816
255.816
255.816
255.815
255.815
255.815
255.814
255.814
255.814
255.813
255.813
255.813
255.812
255.812
255.812
255.811
255.811
255.811
255.81
255.81
255.81
255.809
255.809
255.809
255.808
255.808
255.808
255.807
255.807
255.807
255.806
255.806
255.806
255.805
255.805
255.805
255.804
255.804
255.804
255.803
255.803
255.803
255.802
255.802
255.802
255.801
255.801
255.801
255.8
255.8
255.8
255.799
255.799
255.799
255.798
255.798
255.797
255.797
255.797
255.796
255.796
255.796
255.795
255.795
255.795
255.794
255.794
255.794
255.793
255.793
255.793
255.792
255.792
255.791
255.791
255.791
255.79
255.79
255.79
255.789
255.789
255.789
255.788
255.788
255.787
255.787
255.787
255.786
255.786
255.786
255.785
255.785
255.784
255.784
255.784
255.783
255.783
255.783
255.782
255.782
255.782
255.781
255.781
255.78
255.78
255.78
255.779
255.779
255.778
255.778
255.778
255.777
255.777
255.777
255.776
255.776
255.775
255.775
255.775
255.774
255.774
255.774
255.773
255.773
255.772
255.772
255.772
255.771
255.771
255.77
255.77
255.77
255.769
255.769
255.768
255.768
255.768
255.767
255.767
255.766
255.766
255.766
255.765
255.765
255.764
255.764
255.764
255.763
255.763
255.762
255.762
255.762
255.761
255.761
255.76
255.76
255.76
255.759
255.759
255.758
255.758
255.758
255.757
255.757
255.756
255.756
255.756
255.755
255.755
255.754
255.754
255.754
255.753
255.753
255.752
255.752
255.751
255.751
255.751
255.75
255.75
255.749
255.749
255.749
255.748
255.748
255.747
255.747
255.746
255.746
255.746
255.745
255.745
255.744
255.744
255.743
255.743
255.743
255.742
255.742
255.741
255.741
255.741
255.74
255.74
255.739
255.739
255.739
255.738
255.738
255.737
255.737
255.736
255.736
255.736
255.735
255.735
255.735
255.734
255.734
255.733
255.733
255.733
255.732
255.732
255.732
255.731
255.731
255.731
255.73
255.73
255.73
255.729
255.729
255.729
255.729
255.728
255.728
255.728
255.728
255.727
255.727
255.727
255.727
255.726
255.726
255.726
255.726
255.726
255.725
255.725
255.725
255.725
255.725
255.725
255.724
255.724
255.724
255.724
255.724
255.724
255.724
255.724
255.723
255.723
255.723
255.723
255.723
255.723
255.723
255.723
255.723
255.723
255.723
255.723
255.723
255.723
255.723
255.723
255.723
255.723
255.723
255.723
255.723
255.723
255.723
255.723
255.723
255.723
255.723
255.723
255.723
255.723
255.723
255.722
255.722
255.722
255.722
255.722
255.722
255.722
255.721
255.721
255.721
255.721
255.721
255.72
255.72
255.72
255.72
255.719
255.719
255.719
255.719
255.719
255.718
255.718
255.718
255.718
255.717
255.717
255.717
255.717
255.717
255.716
255.716
255.716
255.716
255.715
255.715
255.715
255.714
255.714
255.714
255.713
255.713
255.713
255.712
255.712
255.712
255.711
255.711
255.71
255.71
255.709
255.709
255.708
255.708
255.707
255.706
255.706
255.705
255.705
255.704
255.704
255.703
255.703
255.702
255.701
255.701
255.7
255.7
255.699
255.699
255.698
255.698
255.698
255.697
255.697
255.696
255.696
255.696
255.695
255.695
255.694
255.694
255.694
255.693
255.693
255.692
255.692
255.691
255.691
255.691
255.69
255.69
255.689
255.689
255.688
255.688
255.687
255.686
255.686
255.685
255.685
255.684
255.683
255.683
255.682
255.681
255.681
255.68
255.679
255.679
255.678
255.677
255.677
255.676
255.675
255.675
255.674
255.673
255.673
255.672
255.672
255.671
255.671
255.67
255.669
255.669
255.668
255.668
255.667
255.667
255.666
255.666
255.665
255.665
255.665
255.664
255.664
255.663
255.663
255.662
255.662
255.662
255.661
255.661
255.66
255.66
255.659
255.659
255.658
255.658
255.657
255.657
255.656
255.655
255.655
255.654
255.654
255.653
255.652
255.652
255.651
255.65
255.649
255.649
255.648
255.647
255.646
255.646
255.645
255.644
255.643
255.643
255.642
255.641
255.64
255.64
255.639
255.638
255.638
255.637
255.636
255.636
255.635
255.634
255.634
255.633
255.632
255.632
255.631
255.631
255.63
255.63
255.629
255.629
255.628
255.628
255.627
255.627
255.626
255.626
255.625
255.625
255.625
255.624
255.624
255.623
255.623
255.622
255.622
255.621
255.621
255.62
255.62
255.619
255.619
255.618
255.618
255.617
255.617
255.616
255.615
255.615
255.614
255.613
255.613
255.612
255.611
255.61
255.61
255.609
255.608
255.607
255.606
255.606
255.605
255.604
255.603
255.602
255.601
255.6
255.6
255.599
255.598
255.597
255.596
255.595
255.595
255.594
255.593
255.592
255.591
255.591
255.59
255.589
255.589
255.588
255.587
255.586
255.586
255.585
255.585
255.584
255.583
255.583
255.582
255.582
255.581
255.581
255.58
255.58
255.579
255.579
255.578
255.578
255.578
255.577
255.577
255.576
255.576
255.575
255.575
255.574
255.574
255.574
255.573
255.573
255.572
255.572
255.571
255.571
255.57
255.57
255.569
255.569
255.568
255.567
255.567
255.566
255.565
255.564
255.564
255.563
255.562
255.561
255.56
255.56
255.559
255.558
255.557
255.556
255.555
255.554
255.553
255.552
255.551
255.55
255.549
255.548
255.547
255.546
255.545
255.544
255.543
255.542
255.541
255.54
255.539
255.538
255.537
255.537
255.536
255.535
255.534
255.533
255.532
255.531
255.53
255.53
255.529
255.528
255.527
255.526
255.526
255.525
255.524
255.524
255.523
255.522
255.522
255.521
255.52
255.52
255.519
255.519
255.518
255.518
255.517
255.516
255.516
255.515
255.515
255.515
255.514
255.514
255.513
255.513
255.512
255.512
255.511
255.511
255.51
255.51
255.51
255.509
255.509
255.508
255.508
255.507
255.507
255.506
255.505
255.505
255.504
255.504
255.503
255.502
255.502
255.501
255.5
255.499
255.498
255.497
255.497
255.496
255.495
255.494
255.493
255.492
255.491
255.489
255.488
255.487
255.486
255.485
255.484
255.483
255.481
255.48
255.479
255.478
255.477
255.475
255.474
255.473
255.472
255.47
255.469
255.468
255.467
255.465
255.464
255.463
255.462
255.461
255.459
255.458
255.457
255.456
255.455
255.453
255.452
255.451
255.45
255.449
255.448
255.447
255.445
255.444
255.443
255.442
255.441
255.44
255.439
255.437
255.436
255.435
255.434
255.433
255.432
255.431
255.43
255.429
255.428
255.427
255.426
255.425
255.423
255.422
255.421
255.42
255.419
255.418
255.417
255.416
255.415
255.414
255.413
255.412
255.411
255.41
255.409
255.408
255.407
255.406
255.405
255.405
255.404
255.403
255.402
255.401
255.4
255.399
255.398
255.397
255.396
255.395
255.394
255.394
255.393
255.392
255.391
255.39
255.389
255.388
255.388
255.387
255.386
255.385
255.384
255.384
255.383
255.382
255.381
255.38
255.38
255.379
255.378
255.377
255.376
255.376
255.375
255.374
255.373
255.373
255.372
255.371
255.37
255.37
255.369
255.368
255.367
255.367
255.366
255.365
255.364
255.364
255.363
255.362
255.361
255.361
255.36
255.359
255.358
255.358
255.357
255.356
255.355
255.355
255.354
255.353
255.353
255.352
255.351
255.351
255.35
255.349
255.349
255.348
255.348
255.347
255.347
255.346
255.345
255.345
255.344
255.344
255.343
255.343
255.343
255.342
255.342
255.341
255.341
255.34
255.34
255.34
255.339
255.339
255.338
255.338
255.337
255.337
255.336
255.336
255.335
255.335
255.334
255.333
255.333
255.332
255.331
255.33
255.33
255.329
255.328
255.327
255.326
255.326
255.325
255.324
255.323
255.322
255.321
255.32
255.319
255.319
255.318
255.317
255.316
255.315
255.314
255.314
255.313
255.312
255.311
255.311
255.31
255.309
255.309
255.308
255.307
255.307
255.306
255.305
255.305
255.304
255.304
255.303
255.303
255.302
255.301
255.301
255.3
255.3
255.299
255.298
255.298
255.297
255.296
255.296
255.295
255.294
255.293
255.293
255.292
255.291
255.29
255.289
255.288
255.287
255.286
255.285
255.285
255.284
255.283
255.282
255.281
255.28
255.279
255.278
255.277
255.276
255.275
255.274
255.273
255.273
255.272
255.271
255.27
255.269
255.269
255.268
255.267
255.266
255.266
255.265
255.264
255.263
255.263
255.262
255.261
255.261
255.26
255.259
255.259
255.258
255.257
255.256
255.256
255.255
255.254
255.253
255.253
255.252
255.251
255.25
255.249
255.248
255.247
255.246
255.245
255.244
255.243
255.242
255.241
255.24
255.239
255.238
255.238
255.237
255.236
255.235
255.234
255.233
255.232
255.231
255.23
255.229
255.228
255.227
255.227
255.226
255.225
255.224
255.224
255.223
255.222
255.221
255.221
255.22
255.219
255.218
255.218
255.217
255.216
255.216
255.215
255.214
255.213
255.213
255.212
255.211
255.21
255.209
255.209
255.208
255.207
255.206
255.205
255.204
255.203
255.202
255.201
255.2
255.199
255.198
255.197
255.196
255.195
255.193
255.192
255.191
255.19
255.189
255.188
255.187
255.186
255.185
255.185
255.184
255.183
255.182
255.181
255.18
255.179
255.179
255.178
255.177
255.176
255.176
255.175
255.174
255.173
255.173
255.172
255.171
255.171
255.17
255.169
255.169
255.168
255.167
255.166
255.165
255.165
255.164
255.163
255.162
255.161
255.16
255.159
255.158
255.157
255.156
255.155
255.154
255.153
255.151
255.15
255.149
255.148
255.147
255.146
255.145
255.143
255.142
255.141
255.14
255.139
255.138
255.137
255.136
255.135
255.134
255.133
255.133
255.132
255.131
255.13
255.129
255.128
255.128
255.127
255.126
255.125
255.125
255.124
255.123
255.123
255.122
255.121
255.12
255.12
255.119
255.118
255.117
255.117
255.116
255.115
255.114
255.113
255.112
255.111
255.11
255.109
255.108
255.107
255.106
255.105
255.103
255.102
255.101
255.1
255.098
255.097
255.096
255.095
255.094
255.092
255.091
255.09
255.089
255.088
255.087
255.086
255.085
255.084
255.083
255.082
255.081
255.08
255.079
255.078
255.077
255.077
255.076
255.075
255.074
255.074
255.073
255.072
255.071
255.071
255.07
255.069
255.068
255.068
255.067
255.066
255.065
255.065
255.064
255.063
255.062
255.061
255.06
255.059
255.058
255.057
255.056
255.055
255.053
255.052
255.051
255.05
255.048
255.047
255.046
255.045
255.043
255.042
255.041
255.04
255.038
255.037
255.036
255.035
255.033
255.032
255.031
255.03
255.029
255.028
255.027
255.026
255.025
255.024
255.023
255.022
255.022
255.021
255.02
255.019
255.018
255.018
255.017
255.016
255.015
255.015
255.014
255.013
255.012
255.012
255.011
255.01
255.009
255.008
255.008
255.007
255.006
255.005
255.004
255.003
255.001
255
254.999
254.998
254.997
254.995
254.994
254.993
254.991
254.99
254.989
254.987
254.986
254.985
254.983
254.982
254.981
254.979
254.978
254.977
254.976
254.975
254.973
254.972
254.971
254.97
254.969
254.968
254.967
254.966
254.965
254.964
254.963
254.963
254.962
254.961
254.96
254.959
254.959
254.958
254.957
254.956
254.956
254.955
254.954
254.953
254.953
254.952
254.951
254.95
254.949
254.948
254.947
254.946
254.945
254.944
254.943
254.942
254.94
254.939
254.938
254.937
254.935
254.934
254.932
254.931
254.93
254.928
254.927
254.925
254.924
254.923
254.921
254.92
254.919
254.917
254.916
254.915
254.914
254.912
254.911
254.91
254.909
254.908
254.907
254.906
254.905
254.904
254.903
254.902
254.901
254.9
254.9
254.899
254.898
254.897
254.896
254.896
254.895
254.894
254.893
254.893
254.892
254.891
254.89
254.889
254.888
254.887
254.887
254.886
254.884
254.883
254.882
254.881
254.88
254.879
254.877
254.876
254.875
254.873
254.872
254.87
254.869
254.867
254.866
254.864
254.863
254.861
254.86
254.859
254.857
254.856
254.854
254.853
254.852
254.851
254.849
254.848
254.847
254.846
254.845
254.844
254.843
254.842
254.841
254.84
254.839
254.838
254.837
254.836
254.835
254.834
254.834
254.833
254.832
254.831
254.83
254.83
254.829
254.828
254.827
254.826
254.826
254.825
254.824
254.823
254.822
254.821
254.82
254.818
254.817
254.816
254.815
254.813
254.812
254.811
254.809
254.808
254.806
254.805
254.803
254.802
254.8
254.799
254.797
254.795
254.794
254.793
254.791
254.79
254.788
254.787
254.785
254.784
254.783
254.782
254.78
254.779
254.778
254.777
254.776
254.775
254.774
254.773
254.772
254.771
254.77
254.769
254.768
254.768
254.767
254.766
254.765
254.764
254.764
254.763
254.762
254.761
254.76
254.759
254.759
254.758
254.757
254.756
254.755
254.754
254.753
254.751
254.75
254.749
254.748
254.746
254.745
254.743
254.742
254.74
254.739
254.737
254.736
254.734
254.732
254.731
254.729
254.728
254.726
254.725
254.723
254.722
254.72
254.719
254.717
254.716
254.714
254.713
254.712
254.711
254.709
254.708
254.707
254.706
254.705
254.704
254.703
254.702
254.701
254.7
254.699
254.698
254.698
254.697
254.696
254.695
254.694
254.694
254.693
254.692
254.691
254.69
254.69
254.689
254.688
254.687
254.686
254.685
254.684
254.683
254.681
254.68
254.679
254.677
254.676
254.675
254.673
254.671
254.67
254.668
254.667
254.665
254.663
254.662
254.66
254.658
254.657
254.655
254.653
254.652
254.65
254.649
254.647
254.646
254.644
254.643
254.641
254.64
254.639
254.638
254.636
254.635
254.634
254.633
254.632
254.631
254.63
254.629
254.628
254.627
254.626
254.625
254.625
254.624
254.623
254.622
254.621
254.621
254.62
254.619
254.618
254.617
254.617
254.616
254.615
254.614
254.613
254.612
254.611
254.609
254.608
254.607
254.605
254.604
254.602
254.601
254.599
254.598
254.596
254.594
254.593
254.591
254.589
254.587
254.585
254.584
254.582
254.58
254.579
254.577
254.575
254.574
254.572
254.571
254.569
254.568
254.566
254.565
254.564
254.562
254.561
254.56
254.559
254.558
254.556
254.555
254.554
254.554
254.553
254.552
254.551
254.55
254.549
254.548
254.548
254.547
254.546
254.545
254.545
254.544
254.543
254.542
254.541
254.54
254.54
254.539
254.538
254.537
254.535
254.534
254.533
254.532
254.53
254.529
254.527
254.525
254.524
254.522
254.52
254.519
254.517
254.515
254.513
254.511
254.509
254.508
254.506
254.504
254.502
254.5
254.499
254.497
254.495
254.494
254.492
254.491
254.489
254.488
254.486
254.485
254.483
254.482
254.481
254.48
254.479
254.478
254.477
254.476
254.475
254.474
254.473
254.472
254.471
254.47
254.47
254.469
254.468
254.467
254.467
254.466
254.465
254.464
254.464
254.463
254.462
254.461
254.46
254.459
254.458
254.457
254.455
254.454
254.453
254.451
254.45
254.448
254.446
254.445
254.443
254.441
254.439
254.437
254.435
254.434
254.432
254.43
254.428
254.426
254.424
254.422
254.42
254.419
254.417
254.415
254.413
254.412
254.41
254.408
254.407
254.405
254.404
254.403
254.401
254.4
254.399
254.398
254.396
254.395
254.394
254.393
254.392
254.392
254.391
254.39
254.389
254.388
254.387
254.387
254.386
254.385
254.384
254.384
254.383
254.382
254.381
254.381
254.38
254.379
254.378
254.377
254.376
254.375
254.373
254.372
254.37
254.369
254.367
254.366
254.364
254.362
254.36
254.358
254.356
254.354
254.352
254.35
254.348
254.346
254.344
254.342
254.34
254.338
254.336
254.335
254.333
254.331
254.329
254.327
254.326
254.324
254.322
254.321
254.319
254.318
254.316
254.315
254.314
254.313
254.311
254.31
254.309
254.308
254.307
254.307
254.306
254.305
254.304
254.303
254.303
254.302
254.301
254.3
254.3
254.299
254.298
254.297
254.297
254.296
254.295
254.294
254.293
254.292
254.291
254.29
254.288
254.287
254.286
254.284
254.282
254.281
254.279
254.277
254.275
254.273
254.271
254.269
254.267
254.265
254.263
254.261
254.259
254.257
254.255
254.253
254.25
254.248
254.247
254.245
254.243
254.241
254.239
254.237
254.236
254.234
254.232
254.231
254.229
254.228
254.226
254.225
254.224
254.223
254.222
254.221
254.22
254.219
254.218
254.217
254.216
254.215
254.215
254.214
254.213
254.212
254.212
254.211
254.21
254.21
254.209
254.208
254.207
254.207
254.206
254.205
254.204
254.203
254.201
254.2
254.199
254.197
254.196
254.194
254.192
254.19
254.189
254.187
254.185
254.183
254.18
254.178
254.176
254.174
254.172
254.17
254.167
254.165
254.163
254.161
254.159
254.157
254.155
254.153
254.151
254.149
254.147
254.145
254.143
254.142
254.14
254.138
254.137
254.135
254.134
254.133
254.131
254.13
254.129
254.128
254.127
254.126
254.125
254.124
254.123
254.123
254.122
254.121
254.121
254.12
254.119
254.119
254.118
254.117
254.117
254.116
254.115
254.114
254.114
254.113
254.112
254.11
254.109
254.108
254.107
254.105
254.104
254.102
254.1
254.098
254.096
254.094
254.092
254.09
254.088
254.086
254.083
254.081
254.079
254.077
254.074
254.072
254.07
254.067
254.065
254.063
254.061
254.059
254.057
254.055
254.053
254.051
254.049
254.047
254.045
254.043
254.042
254.04
254.039
254.037
254.036
254.034
254.033
254.032
254.031
254.03
254.029
254.028
254.027
254.027
254.026
254.025
254.024
254.024
254.023
254.023
254.022
254.021
254.021
254.02
254.019
254.019
254.018
254.017
254.016
254.015
254.014
254.013
254.012
254.011
254.009
254.008
254.006
254.004
254.002
254
253.998
253.996
253.994
253.992
253.989
253.987
253.985
253.982
253.98
253.978
253.975
253.973
253.97
253.968
253.966
253.963
253.961
253.959
253.957
253.955
253.952
253.95
253.948
253.946
253.945
253.943
253.941
253.939
253.938
253.936
253.935
253.933
253.932
253.931
253.93
253.929
253.928
253.927
253.926
253.925
253.924
253.924
253.923
253.922
253.922
253.921
253.921
253.92
253.92
253.919
253.918
253.918
253.917
253.916
253.916
253.915
253.914
253.913
253.911
253.91
253.909
253.907
253.906
253.904
253.902
253.9
253.898
253.896
253.894
253.892
253.889
253.887
253.884
253.882
253.88
253.877
253.875
253.872
253.87
253.867
253.865
253.862
253.86
253.857
253.855
253.853
253.85
253.848
253.846
253.844
253.842
253.84
253.838
253.836
253.834
253.833
253.831
253.829
253.828
253.827
253.825
253.824
253.823
253.822
253.821
253.82
253.819
253.819
253.818
253.817
253.817
253.816
253.815
253.815
253.814
253.814
253.813
253.813
253.812
253.812
253.811
253.81
253.81
253.809
253.808
253.807
253.806
253.804
253.803
253.801
253.8
253.798
253.796
253.794
253.792
253.79
253.788
253.785
253.783
253.78
253.778
253.775
253.773
253.77
253.768
253.765
253.762
253.76
253.757
253.755
253.752
253.749
253.747
253.744
253.742
253.74
253.737
253.735
253.733
253.731
253.729
253.727
253.725
253.723
253.721
253.719
253.718
253.716
253.715
253.714
253.712
253.711
253.71
253.709
253.708
253.707
253.707
253.706
253.705
253.705
253.704
253.704
253.703
253.703
253.702
253.702
253.701
253.701
253.7
253.7
253.699
253.699
253.698
253.697
253.696
253.695
253.694
253.692
253.691
253.689
253.687
253.686
253.684
253.682
253.679
253.677
253.675
253.672
253.67
253.667
253.665
253.662
253.659
253.657
253.654
253.651
253.649
253.646
253.643
253.64
253.638
253.635
253.632
253.63
253.627
253.625
253.622
253.62
253.618
253.615
253.613
253.611
253.609
253.607
253.605
253.604
253.602
253.6
253.599
253.597
253.596
253.595
253.594
253.593
253.592
253.591
253.59
253.59
253.589
253.588
253.588
253.587
253.587
253.586
253.586
253.586
253.585
253.585
253.584
253.584
253.583
253.583
253.582
253.581
253.58
253.579
253.578
253.577
253.575
253.574
253.572
253.57
253.568
253.566
253.564
253.562
253.56
253.557
253.555
253.552
253.55
253.547
253.544
253.541
253.538
253.536
253.533
253.53
253.527
253.524
253.521
253.519
253.516
253.513
253.51
253.508
253.505
253.502
253.5
253.497
253.495
253.493
253.49
253.488
253.486
253.484
253.482
253.48
253.479
253.477
253.476
253.474
253.473
253.472
253.471
253.47
253.469
253.468
253.467
253.466
253.466
253.465
253.465
253.464
253.464
253.464
253.463
253.463
253.463
253.462
253.462
253.462
253.461
253.461
253.46
253.459
253.459
253.458
253.457
253.455
253.454
253.453
253.451
253.449
253.448
253.446
253.444
253.441
253.439
253.437
253.434
253.431
253.429
253.426
253.423
253.42
253.417
253.414
253.411
253.408
253.405
253.402
253.399
253.396
253.393
253.39
253.388
253.385
253.382
253.379
253.376
253.373
253.371
253.368
253.366
253.363
253.361
253.358
253.356
253.354
253.352
253.35
253.348
253.347
253.345
253.344
253.342
253.341
253.34
253.339
253.338
253.337
253.337
253.336
253.335
253.335
253.334
253.334
253.334
253.333
253.333
253.333
253.333
253.332
253.332
253.332
253.331
253.331
253.331
253.33
253.329
253.329
253.328
253.327
253.326
253.324
253.323
253.321
253.32
253.318
253.316
253.314
253.311
253.309
253.307
253.304
253.301
253.298
253.296
253.293
253.29
253.287
253.284
253.281
253.277
253.274
253.271
253.268
253.265
253.262
253.259
253.255
253.252
253.249
253.246
253.243
253.24
253.238
253.235
253.232
253.229
253.227
253.224
253.222
253.22
253.217
253.215
253.213
253.212
253.21
253.208
253.207
253.205
253.204
253.203
253.202
253.201
253.2
253.199
253.199
253.198
253.198
253.197
253.197
253.197
253.196
253.196
253.196
253.196
253.196
253.195
253.195
253.195
253.195
253.194
253.194
253.193
253.193
253.192
253.191
253.19
253.189
253.187
253.186
253.184
253.182
253.18
253.178
253.176
253.174
253.171
253.169
253.166
253.163
253.161
253.158
253.155
253.152
253.148
253.145
253.142
253.139
253.135
253.132
253.129
253.125
253.122
253.119
253.116
253.112
253.109
253.106
253.103
253.1
253.097
253.094
253.091
253.088
253.085
253.082
253.08
253.077
253.075
253.073
253.071
253.069
253.067
253.065
253.063
253.062
253.06
253.059
253.058
253.057
253.056
253.055
253.055
253.054
253.054
253.053
253.053
253.052
253.052
253.052
253.052
253.052
253.052
253.051
253.051
253.051
253.051
253.051
253.051
253.05
253.05
253.049
253.049
253.048
253.047
253.046
253.045
253.043
253.042
253.04
253.038
253.036
253.034
253.032
253.029
253.027
253.024
253.022
253.019
253.016
253.013
253.01
253.006
253.003
253
252.996
252.993
252.989
252.986
252.982
252.979
252.975
252.972
252.969
252.965
252.962
252.958
252.955
252.952
252.948
252.945
252.942
252.939
252.936
252.933
252.93
252.928
252.925
252.922
252.92
252.918
252.916
252.914
252.912
252.91
252.909
252.907
252.906
252.905
252.904
252.903
252.902
252.902
252.901
252.9
252.9
252.9
252.9
252.899
252.899
252.899
252.899
252.899
252.899
252.899
252.899
252.899
252.899
252.899
252.898
252.898
252.898
252.897
252.897
252.896
252.895
252.894
252.893
252.891
252.89
252.888
252.886
252.884
252.882
252.88
252.877
252.875
252.872
252.869
252.866
252.863
252.86
252.857
252.854
252.85
252.847
252.843
252.84
252.836
252.833
252.829
252.825
252.822
252.818
252.814
252.811
252.807
252.803
252.8
252.796
252.793
252.789
252.786
252.783
252.78
252.776
252.773
252.77
252.767
252.765
252.762
252.76
252.757
252.755
252.753
252.751
252.749
252.748
252.746
252.745
252.743
252.742
252.741
252.741
252.74
252.739
252.739
252.738
252.738
252.738
252.738
252.737
252.737
252.737
252.737
252.737
252.737
252.737
252.737
252.737
252.737
252.737
252.737
252.737
252.737
252.736
252.736
252.735
252.734
252.733
252.732
252.731
252.729
252.728
252.726
252.724
252.722
252.72
252.717
252.715
252.712
252.71
252.707
252.704
252.701
252.697
252.694
252.691
252.687
252.684
252.68
252.676
252.673
252.669
252.665
252.661
252.657
252.654
252.65
252.646
252.642
252.638
252.635
252.631
252.627
252.624
252.62
252.616
252.613
252.61
252.606
252.603
252.6
252.597
252.594
252.591
252.588
252.586
252.583
252.581
252.579
252.577
252.575
252.573
252.572
252.57
252.569
252.568
252.567
252.566
252.566
252.565
252.565
252.564
252.564
252.564
252.563
252.563
252.563
252.563
252.563
252.563
252.563
252.563
252.563
252.563
252.563
252.563
252.563
252.563
252.563
252.563
252.563
252.562
252.562
252.561
252.56
252.56
252.558
252.557
252.556
252.554
252.552
252.551
252.549
252.546
252.544
252.542
252.539
252.536
252.534
252.531
252.527
252.524
252.521
252.517
252.514
252.51
252.506
252.502
252.498
252.494
252.49
252.486
252.482
252.478
252.474
252.47
252.466
252.462
252.457
252.453
252.449
252.445
252.441
252.437
252.433
252.43
252.426
252.422
252.418
252.415
252.411
252.408
252.405
252.402
252.399
252.396
252.394
252.391
252.389
252.387
252.385
252.384
252.382
252.381
252.38
252.379
252.378
252.378
252.377
252.377
252.377
252.377
252.377
252.377
252.377
252.377
252.377
252.377
252.377
252.377
252.377
252.377
252.377
252.377
252.377
252.377
252.377
252.377
252.377
252.377
252.377
252.377
252.377
252.377
252.377
252.377
252.376
252.376
252.375
252.373
252.372
252.37
252.368
252.366
252.363
252.361
252.358
252.355
252.351
252.348
252.344
252.341
252.337
252.332
252.328
252.324
252.32
252.315
252.31
252.306
252.301
252.296
252.292
252.287
252.282
252.278
252.273
252.269
252.264
252.26
252.255
252.251
252.247
252.242
252.239
252.235
252.231
252.227
252.224
252.221
252.218
252.216
252.213
252.211
252.209
252.207
252.206
252.204
252.203
252.202
252.201
252.201
252.2
252.2
252.2
252.199
252.199
252.199
252.199
252.199
252.199
252.199
252.199
252.199
252.199
252.199
252.199
252.199
252.199
252.199
252.199
252.199
252.199
252.199
252.199
252.199
252.199
252.198
252.197
252.196
252.195
252.193
252.191
252.188
252.185
252.183
252.179
252.176
252.173
252.169
252.165
252.161
252.157
252.153
252.148
252.144
252.14
252.135
252.131
252.126
252.122
252.117
252.113
252.108
252.104
252.1
252.096
252.092
252.088
252.084
252.08
252.077
252.073
252.07
252.067
252.064
252.061
252.059
252.057
252.055
252.053
252.051
252.049
252.048
252.047
252.046
252.045
252.044
252.044
252.043
252.043
252.043
252.043
252.042
252.042
252.042
252.042
252.042
252.042
252.042
252.042
252.042
252.042
252.042
252.042
252.042
252.042
252.042
252.041
252.04
252.039
252.038
252.036
252.035
252.033
252.03
252.028
252.025
252.022
252.019
252.016
252.013
252.009
252.005
252.001
251.997
251.993
251.989
251.985
251.98
251.976
251.971
251.967
251.962
251.958
251.954
251.949
251.945
251.941
251.937
251.933
251.929
251.925
251.921
251.917
251.913
251.909
251.905
251.901
251.898
251.894
251.891
251.888
251.885
251.882
251.88
251.878
251.876
251.874
251.873
251.872
251.871
251.87
251.869
251.869
251.868
251.868
251.868
251.868
251.868
251.868
251.868
251.868
251.868
251.868
251.868
251.868
251.868
251.868
251.868
251.868
251.868
251.868
251.868
251.868
251.868
251.868
251.868
251.868
251.868
251.867
251.867
251.866
251.865
251.863
251.861
251.858
251.855
251.852
251.849
251.845
251.841
251.837
251.833
251.829
251.825
251.821
251.816
251.812
251.807
251.803
251.798
251.793
251.789
251.784
251.78
251.775
251.771
251.766
251.762
251.758
251.753
251.749
251.745
251.741
251.737
251.733
251.728
251.724
251.72
251.716
251.712
251.708
251.704
251.7
251.696
251.693
251.689
251.686
251.684
251.681
251.679
251.677
251.675
251.674
251.673
251.672
251.672
251.671
251.671
251.671
251.671
251.671
251.671
251.671
251.671
251.671
251.671
251.671
251.672
251.672
251.672
251.673
251.673
251.673
251.674
251.674
251.674
251.674
251.674
251.674
251.674
251.674
251.674
251.674
251.674
251.674
251.674
251.673
251.672
251.671
251.668
251.665
251.661
251.657
251.652
251.646
251.641
251.635
251.629
251.623
251.617
251.611
251.605
251.599
251.594
251.589
251.584
251.58
251.576
251.572
251.568
251.564
251.561
251.558
251.555
251.553
251.55
251.548
251.546
251.544
251.542
251.54
251.539
251.537
251.535
251.534
251.532
251.53
251.528
251.526
251.524
251.522
251.519
251.516
251.513
251.51
251.507
251.503
251.5
251.497
251.494
251.491
251.488
251.485
251.482
251.479
251.477
251.474
251.472
251.469
251.467
251.465
251.464
251.462
251.461
251.46
251.459
251.458
251.457
251.457
251.456
251.456
251.456
251.455
251.455
251.455
251.455
251.455
251.455
251.455
251.455
251.455
251.454
251.454
251.454
251.454
251.454
251.454
251.453
251.452
251.45
251.448
251.446
251.443
251.44
251.437
251.432
251.428
251.423
251.418
251.412
251.406
251.4
251.394
251.387
251.381
251.374
251.368
251.361
251.355
251.349
251.343
251.337
251.332
251.327
251.322
251.318
251.314
251.311
251.308
251.305
251.303
251.3
251.299
251.297
251.296
251.295
251.294
251.293
251.293
251.292
251.292
251.292
251.292
251.292
251.292
251.292
251.292
251.292
251.292
251.292
251.291
251.291
251.291
251.291
251.291
251.29
251.288
251.286
251.283
251.28
251.276
251.272
251.267
251.262
251.258
251.253
251.248
251.243
251.239
251.235
251.231
251.228
251.224
251.221
251.218
251.216
251.213
251.211
251.21
251.208
251.207
251.206
251.206
251.205
251.205
251.204
251.204
251.204
251.204
251.204
251.204
251.204
251.204
251.203
251.203
251.202
251.201
251.2
251.198
251.196
251.194
251.192
251.189
251.186
251.182
251.178
251.174
251.169
251.164
251.159
251.153
251.148
251.142
251.136
251.131
251.125
251.12
251.115
251.11
251.106
251.101
251.097
251.093
251.09
251.087
251.084
251.081
251.079
251.077
251.075
251.074
251.073
251.072
251.071
251.07
251.07
251.069
251.069
251.069
251.069
251.068
251.068
251.068
251.067
251.067
251.066
251.065
251.064
251.063
251.061
251.059
251.057
251.054
251.051
251.048
251.044
251.04
251.035
251.03
251.025
251.02
251.014
251.008
251.003
250.998
250.992
250.987
250.983
250.979
250.975
250.971
250.968
250.966
250.963
250.962
250.96
250.959
250.958
250.957
250.957
250.956
250.956
250.956
250.956
250.956
250.956
250.956
250.955
250.955
250.955
250.954
250.952
250.95
250.947
250.944
250.941
250.937
250.933
250.93
250.926
250.923
250.92
250.918
250.915
250.913
250.911
250.909
250.907
250.906
250.904
250.902
250.9
250.898
250.895
250.892
250.889
250.885
250.881
250.876
250.872
250.867
250.862
250.858
250.854
250.85
250.846
250.843
250.839
250.836
250.834
250.832
250.829
250.828
250.826
250.825
250.823
250.822
250.821
250.819
250.818
250.816
250.814
250.812
250.809
250.807
250.804
250.8
250.797
250.794
250.791
250.787
250.784
250.781
250.778
250.776
250.773
250.771
250.769
250.767
250.766
250.764
250.763
250.762
250.76
250.759
250.758
250.757
250.755
250.753
250.751
250.749
250.746
250.743
250.739
250.735
250.73
250.725
250.72
250.715
250.709
250.704
250.699
250.694
250.689
250.684
250.68
250.676
250.673
250.67
250.667
250.665
250.663
250.661
250.66
250.659
250.658
250.657
250.656
250.655
250.654
250.653
250.651
250.65
250.648
250.646
250.644
250.642
250.639
250.636
250.633
250.63
250.627
250.624
250.621
250.619
250.617
250.615
250.613
250.612
250.611
250.61
250.609
250.609
250.608
250.607
250.605
250.604
250.602
250.6
250.598
250.596
250.594
250.591
250.589
250.586
250.583
250.58
250.576
250.573
250.568
250.564
250.559
250.554
250.55
250.545
250.541
250.536
250.532
250.529
250.525
250.521
250.518
250.514
250.51
250.506
250.502
250.498
250.494
250.49
250.486
250.482
250.478
250.474
250.471
250.468
250.465
250.463
250.46
250.458
250.456
250.454
250.452
250.45
250.448
250.445
250.443
250.44
250.438
250.436
250.433
250.431
250.429
250.428
250.426
250.425
250.423
250.422
250.421
250.419
250.417
250.415
250.413
250.411
250.408
250.405
250.401
250.398
250.395
250.392
250.388
250.385
250.383
250.38
250.377
250.375
250.372
250.37
250.367
250.364
250.361
250.358
250.354
250.35
250.346
250.341
250.337
250.333
250.329
250.325
250.322
250.319
250.316
250.313
250.311
250.308
250.306
250.303
250.301
250.298
250.295
250.292
250.288
250.285
250.281
250.277
250.273
250.269
250.265
250.262
250.258
250.255
250.252
250.25
250.247
250.244
250.242
250.239
250.236
250.233
250.23
250.227
250.224
250.22
250.217
250.213
250.21
250.206
250.203
250.199
250.196
250.192
250.189
250.185
250.182
250.178
250.175
250.171
250.168
250.164
250.161
250.157
250.154
250.151
250.148
250.146
250.143
250.14
250.138
250.135
250.133
250.13
250.127
250.124
250.121
250.118
250.114
250.11
250.106
250.102
250.098
250.093
250.089
250.084
250.08
250.076
250.072
250.068
250.065
250.061
250.058
250.055
250.052
250.049
250.046
250.044
250.041
250.039
250.036
250.033
250.031
250.028
250.024
250.021
250.018
250.014
250.011
250.007
250.003
249.999
249.995
249.991
249.987
249.983
249.979
249.975
249.972
249.968
249.964
249.96
249.956
249.952
249.949
249.945
249.941
249.938
249.934
249.931
249.927
249.924
249.92
249.917
249.913
249.91
249.906
249.903
249.899
249.896
249.892
249.889
249.886
249.882
249.879
249.875
249.872
249.868
249.865
249.861
249.858
249.854
249.851
249.847
249.844
249.84
249.837
249.833
249.83
249.826
249.823
249.819
249.815
249.812
249.808
249.805
249.801
249.798
249.794
249.791
249.787
249.783
249.78
249.776
249.773
249.769
249.766
249.762
249.759
249.755
249.751
249.748
249.744
249.741
249.737
249.734
249.73
249.727
249.723
249.72
249.716
249.712
249.709
249.705
249.702
249.698
249.695
249.691
249.687
249.684
249.68
249.677
249.673
249.669
249.666
249.662
249.658
249.655
249.651
249.647
249.644
249.64
249.636
249.633
249.629
249.625
249.622
249.618
249.614
249.61
249.607
249.603
249.599
249.595
249.592
249.588
249.584
249.58
249.577
249.573
249.569
249.565
249.562
249.558
249.554
249.55
249.547
249.543
249.539
249.535
249.531
249.528
249.524
249.52
249.516
249.512
249.509
249.505
249.501
249.497
249.493
249.489
249.485
249.482
249.478
249.474
249.47
249.466
249.462
249.458
249.454
249.45
249.446
249.442
249.438
249.434
249.43
249.426
249.422
249.418
249.414
249.41
249.406
249.402
249.398
249.393
249.389
249.385
249.381
249.377
249.372
249.368
249.364
249.36
249.355
249.351
249.347
249.343
249.338
249.334
249.329
249.325
249.321
249.316
249.312
249.307
249.303
249.298
249.294
249.289
249.285
249.28
249.276
249.271
249.266
249.262
249.257
249.252
249.248
249.243
249.238
249.233
249.229
249.224
249.219
249.214
249.209
249.204
249.199
249.194
249.189
249.184
249.179
249.174
249.169
249.164
249.159
249.154
249.149
249.144
249.138
249.133
249.128
249.123
249.117
249.112
249.107
249.101
249.096
249.09
249.085
249.08
249.074
249.069
249.063
249.058
249.052
249.047
249.041
249.035
249.03
249.024
249.018
249.013
249.007
249.001
248.996
248.99
248.984
248.978
248.972
248.967
248.961
248.955
248.949
248.943
248.937
248.931
248.925
248.919
248.913
248.907
248.901
248.895
248.888
248.882
248.876
248.87
248.864
248.858
248.851
248.844
248.838
248.832
248.826
248.82
248.815
248.808
248.801
248.793
248.786
248.779
248.774
248.77
248.764
248.758
248.75
248.742
248.734
248.727
248.722
248.717
248.712
248.705
248.698
248.69
248.682
248.674
248.668
248.663
248.657
248.651
248.645
248.637
248.629
248.621
248.614
248.608
248.602
248.597
248.59
248.583
248.575
248.567
248.56
248.553
248.547
248.541
248.535
248.528
248.521
248.513
248.505
248.498
248.492
248.486
248.479
248.472
248.465
248.458
248.451
248.444
248.437
248.43
248.424
248.417
248.41
248.403
248.396
248.389
248.382
248.375
248.369
248.362
248.355
248.348
248.341
248.335
248.328
248.321
248.314
248.308
248.301
248.294
248.288
248.281
248.274
248.268
248.261
248.255
248.248
248.242
248.235
248.229
248.222
248.216
248.21
248.203
248.197
248.191
248.185
248.178
248.172
248.166
248.16
248.154
248.148
248.142
248.136
248.13
248.124
248.118
248.112
248.107
248.101
248.095
248.09
248.084
248.079
248.073
248.068
248.063
248.057
248.052
248.047
248.042
248.037
248.032
248.027
248.022
248.017
248.012
248.007
248.003
247.998
247.994
247.989
247.985
247.98
247.976
247.972
247.967
247.963
247.959
247.955
247.951
247.947
247.943
247.939
247.935
247.931
247.928
247.924
247.92
247.917
247.913
247.91
247.906
247.903
247.9
247.897
247.893
247.89
247.887
247.884
247.881
247.878
247.875
247.872
247.869
247.867
247.864
247.861
247.858
247.856
247.853
247.851
247.848
247.846
247.843
247.841
247.839
247.836
247.834
247.832
247.83
247.827
247.825
247.823
247.821
247.819
247.817
247.815
247.813
247.811
247.81
247.808
247.806
247.804
247.802
247.801
247.799
247.797
247.796
247.794
247.793
247.791
247.79
247.788
247.787
247.785
247.784
247.783
247.781
247.78
247.779
247.777
247.776
247.775
247.773
247.772
247.771
247.77
247.769
247.768
247.766
247.765
247.764
247.763
247.762
247.761
247.76
247.759
247.758
247.757
247.756
247.756
247.755
247.754
247.753
247.752
247.751
247.751
247.75
247.749
247.748
247.747
247.747
247.746
247.745
247.745
247.744
247.743
247.743
247.742
247.741
247.741
247.74
247.739
247.739
247.738
247.738
247.737
247.736
247.736
247.735
247.735
247.734
247.734
247.733
247.733
247.732
247.732
247.731
247.731
247.73
247.73
247.729
247.729
247.728
247.728
247.728
247.727
247.727
247.726
247.726
247.726
247.725
247.725
247.725
247.724
247.724
247.724
247.724
247.723
247.723
247.723
247.723
247.722
247.722
247.722
247.722
247.722
247.721
247.721
247.721
247.721
247.721
247.721
247.72
247.72
247.72
247.72
247.72
247.72
247.72
247.72
247.719
247.719
247.719
247.719
247.719
247.719
247.719
247.719
247.719
247.719
247.719
247.719
247.718
247.718
247.718
247.718
247.718
247.718
247.718
247.718
247.718
247.718
247.718
247.718
247.718
247.718
247.718
247.718
247.718
247.718
247.718
247.718
247.718
247.718
247.718
247.718
247.718
247.718
247.718
247.718
247.718
247.718
247.718
247.718
247.718
247.718
247.718
247.718
247.718
247.718
247.718
247.718
247.718
247.718
247.718
247.718
247.718
247.718
247.718
247.718
247.718
247.718
247.718
247.718
247.718
247.718
247.718
247.718
247.718
247.718
247.718
247.718
247.718
247.718
247.718
247.718
247.718
247.718
247.718
247.718
247.718
247.718
247.718
247.718
247.718
247.718
247.718
247.718
247.718
247.718
247.718
247.718
247.718
247.718
247.718
247.718
247.718
247.718
247.718
247.718
247.718
247.718
247.718
247.718
247.718
247.718
247.718
247.718
247.718
247.718
247.718
247.718
247.718
247.718
247.718
247.718
247.718
247.718
247.718
247.718
247.718
247.718
247.718
247.718
247.718
247.718
247.718
247.718
247.718
247.718
247.718
247.718
247.718
247.718
247.718
247.718
247.718
247.718
247.718
247.718
247.718
247.718
247.718
247.718
247.718
247.718
247.718
247.718
247.718
247.718
247.718
247.718
247.718
247.718
247.718
247.718
247.718
247.718
247.718
247.718
247.718
247.718
247.718
247.718
247.718
247.718
247.718
247.718
247.718
247.718
247.718
247.718
247.718
247.718
247.718
247.718
247.718
247.718
247.718
247.718
247.718
247.718
247.718
247.718
247.718
247.718
247.718
247.718
247.718
247.717
247.717
247.717
247.717
247.717
247.717
247.717
247.717
247.717
247.717
247.717
247.717
247.717
247.717
247.717
247.717
247.717
247.717
247.717
247.717
247.717
247.717
247.717
247.717
247.717
247.717
247.717
247.717
247.717
247.717
247.717
247.717
247.717
247.717
247.717
247.717
247.717
247.717
247.717
247.717
247.717
247.717
247.717
247.717
247.717
247.717
247.717
247.717
247.717
247.717
247.717
247.717
247.717
247.717
247.717
247.717
247.717
247.717
247.717
247.717
247.717
247.717
247.717
247.717
247.717
247.717
247.717
247.717
247.717
247.717
247.717
247.717
247.717
247.717
247.717
247.717
247.717
247.717
247.717
247.717
247.717
247.717
247.717
247.717
247.717
247.717
247.717
247.717
247.717
247.717
247.717
247.717
247.717
247.717
247.717
247.717
247.717
247.717
247.717
247.717
247.717
247.717
247.717
247.717
247.718
247.718
247.718
247.718
247.718
247.718
247.718
247.718
247.718
247.718
247.718
247.718
247.718
247.718
247.718
247.718
247.718
247.718
247.718
247.718
247.718
247.718
247.718
247.718
247.718
247.718
247.718
247.718
247.718
247.718
247.718
247.718
247.718
247.718
247.718
247.718
247.718
247.718
247.718
247.718
247.718
247.718
247.718
247.718
247.718
247.718
247.718
247.718
247.718
247.717
247.717
247.717
247.717
247.717
247.717
247.717
247.717
247.717
247.717
247.717
247.717
247.717
247.717
247.717
247.717
247.717
247.717
247.717
247.717
247.717
247.717
247.717
247.717
247.717
247.717
247.717
247.717
247.717
247.717
247.717
247.717
247.717
247.717
247.717
247.717
247.717
247.717
247.717
247.717
247.717
247.717
247.717
247.717
247.717
247.717
247.717
247.717
247.717
247.717
247.717
247.717
247.717
247.717
247.717
247.717
247.717
247.717
247.717
247.717
247.717
247.717
247.717
247.717
247.717
247.717
247.717
247.717
247.717
247.717
247.717
247.717
247.717
247.717
247.717
247.717
247.717
247.717
247.718
247.718
247.718
247.718
247.718
247.718
247.718
247.718
247.718
247.718
247.718
247.718
247.718
247.718
247.718
247.718
247.718
247.718
247.718
247.718
247.718
247.718
247.718
247.718
247.718
247.718
247.718
247.718
247.718
247.718
247.718
247.718
247.718
247.718
247.718
247.718
247.718
247.718
247.718
247.718
247.718
247.718
247.718
247.718
247.718
247.718
247.718
247.718
247.718
247.718
247.718
247.718
247.718
247.718
247.718
247.718
247.718
247.718
247.718
247.718
247.718
247.718
247.718
247.718
247.718
247.718
247.718
247.718
247.718
247.718
247.718
247.718
247.718
247.718
247.718
247.718
247.718
247.718
247.718
247.718
247.718
247.718
247.718
247.718
247.718
247.718
247.718
247.718
247.718
247.718
247.718
247.718
247.718
247.718
247.718
247.718
247.718
247.718
247.718
247.718
247.718
247.718
247.718
247.718
247.718
247.718
247.718
247.718
247.718
247.718
247.718
247.718
247.718
247.718
247.718
247.718
247.718
247.718
247.718
247.718
247.718
247.718
247.718
247.718
247.718
247.718
247.718
247.718
247.718
247.718
247.718
247.718
247.718
247.718
247.718
247.718
247.718
247.718
247.718
247.718
247.718
247.718
247.718
247.718
247.718
247.718
247.718
247.718
247.718
247.718
247.718
247.718
247.718
247.718
247.718
247.718
247.718
247.718
247.718
247.717
247.717
247.717
247.717
247.717
247.717
247.717
247.717
247.717
247.717
247.717
247.717
247.717
247.717
247.717
247.717
247.717
247.717
247.717
247.717
247.717
247.717
247.717
247.717
247.717
247.717
247.717
247.717
247.717
247.717
247.717
247.717
247.717
247.717
247.717
247.717
247.717
247.717
247.717
247.717
247.717
247.717
247.717
247.717
247.717
247.717
247.717
247.717
247.717
247.717
247.717
247.717
247.717
247.717
247.717
247.717
247.717
247.717
247.717
247.717
247.718
247.718
247.718
247.718
247.718
247.718
247.718
247.718
247.718
247.718
247.718
247.718
247.718
247.718
247.718
247.718
247.718
247.718
247.718
247.718
247.718
247.718
247.718
247.718
247.718
247.718
247.718
247.718
247.718
247.718
247.718
247.718
247.718
247.718
247.718
247.718
247.718
247.718
247.718
247.718
247.718
247.718
247.718
247.718
247.718
247.718
247.718
247.718
247.718
247.718
247.718
247.718
247.718
247.718
247.718
247.718
247.718
247.718
247.718
247.718
247.718
247.718
247.718
247.718
247.718
247.718
247.718
247.718
247.718
247.718
247.718
247.718
247.718
247.718
247.718
247.718
247.718
247.718
247.718
247.718
247.718
247.718
247.718
247.718
247.718
247.718
247.718
247.718
247.718
247.718
247.718
247.718
247.718
247.718
247.718
247.718
247.718
247.718
247.718
247.718
247.718
247.718
247.718
247.718
247.718
247.718
247.718
247.718
247.718
247.718
247.718
247.718
247.718
247.718
247.718
247.718
247.718
247.718
247.718
247.718
247.718
247.718
247.718
247.718
247.718
247.718
247.718
247.718
247.718
247.718
247.718
247.718
247.718
247.718
247.718
247.718
247.718
247.718
247.718
247.718
247.718
247.718
247.718
247.718
247.718
247.718
247.718
247.718
247.718
247.718
247.718
247.718
247.718
247.718
247.718
247.718
247.718
247.718
247.718
247.718
247.718
247.718
247.718
247.718
247.718
247.718
247.718
247.718
247.718
247.718
247.718
247.718
247.718
247.718
247.718
247.718
247.718
247.718
247.718
247.718
247.718
247.718
247.718
247.718
247.718
247.718
247.718
247.718
247.718
247.718
247.718
247.718
247.718
247.718
247.718
247.718
247.718
247.718
247.718
247.718
247.718
247.718
247.718
247.718
247.718
247.718
247.718
247.718
247.718
247.718
247.718
247.718
247.718
247.718
247.718
247.718
247.718
247.718
247.718
247.718
247.718
247.718
247.718
247.718
247.718
247.718
247.718
247.718
247.718
247.718
247.718
247.718
247.718
247.718
247.718
247.718
247.718
247.718
247.718
247.719
247.719
247.719
247.719
247.719
247.719
247.719
247.719
247.719
247.719
247.719
247.719
247.719
247.719
247.719
247.719
247.719
247.719
247.719
247.719
247.719
247.719
247.719
247.719
247.719
247.719
247.719
247.719
247.719
247.719
247.719
247.719
247.719
247.719
247.719
247.719
247.719
247.719
247.719
247.719
247.719
247.719
247.719
247.719
247.719
247.719
247.719
247.719
247.719
247.719
247.719
247.719
247.719
247.719
247.719
247.719
247.719
247.719
247.719
247.719
247.719
247.719
247.719
247.719
247.719
247.719
247.719
247.719
247.719
247.718
247.718
247.718
247.718
247.718
247.718
247.718
247.718
247.718
247.718
247.718
247.718
247.718
247.718
247.718
247.718
247.718
247.718
247.718
247.718
247.718
247.718
247.718
247.718
247.718
247.718
247.718
247.718
247.718
247.718
247.718
247.718
247.718
247.718
247.718
247.718
247.718
247.718
247.718
247.718
247.718
247.718
247.718
247.718
247.718
247.718
247.718
247.718
247.718
247.718
247.718
247.718
247.718
247.718
247.718
247.718
247.718
247.718
247.718
247.718
247.718
247.718
247.718
247.718
247.718
247.718
247.718
247.718
247.718
247.718
247.718
247.718
247.718
247.719
247.719
247.719
247.719
247.719
247.719
247.719
247.719
247.719
247.719
247.719
247.719
247.719
247.719
247.719
247.719
247.719
247.719
247.719
247.719
247.719
247.719
247.719
247.719
247.719
247.719
247.719
247.719
247.719
247.719
247.719
247.719
247.719
247.719
247.719
247.719
247.719
247.719
247.719
247.719
247.719
247.719
247.719
247.719
247.719
247.719
247.719
247.719
247.719
247.719
247.719
247.719
247.719
247.719
247.719
247.719
247.719
247.719
247.719
247.719
247.719
247.719
247.719
247.719
247.719
247.719
247.719
247.719
247.719
247.719
247.719
247.719
247.719
247.719
247.719
247.719
247.719
247.719
247.719
247.719
247.719
247.719
247.719
247.719
247.719
247.719
247.719
247.719
247.719
247.719
247.719
247.719
247.719
247.719
247.719
247.719
247.719
247.719
247.719
247.719
247.719
247.719
247.719
247.719
247.719
247.719
247.719
247.719
247.719
247.719
247.719
247.719
247.719
247.719
247.719
247.719
247.719
247.719
247.719
247.719
247.719
247.719
247.718
247.718
247.718
247.718
247.718
247.718
247.718
247.718
247.718
247.718
247.718
247.718
247.718
247.718
247.718
247.718
247.718
247.718
247.718
247.718
247.718
247.718
247.718
247.718
247.718
247.718
247.718
247.717
247.717
247.717
247.717
247.717
247.717
247.717
247.717
247.717
247.717
247.717
247.717
247.717
247.717
247.717
247.717
247.717
247.717
247.717
247.717
247.717
247.717
247.717
247.717
247.717
247.717
247.717
247.717
247.717
247.717
247.717
247.717
247.717
247.717
247.717
247.717
247.717
247.717
247.717
247.717
247.717
247.717
247.717
247.717
247.717
247.717
247.717
247.717
247.717
247.717
247.717
247.717
247.717
247.717
247.717
247.717
247.717
247.717
247.717
247.717
247.717
247.717
247.717
247.717
247.717
247.717
247.717
247.717
247.717
247.717
247.717
247.717
247.717
247.717
247.717
247.717
247.717
247.717
247.717
247.717
247.717
247.717
247.717
247.717
247.717
247.717
247.717
247.717
247.717
247.717
247.717
247.717
247.717
247.717
247.717
247.717
247.718
247.718
247.718
247.718
247.718
247.718
247.718
247.718
247.718
247.718
247.718
247.718
247.718
247.718
247.719
247.719
247.719
247.719
247.719
247.719
247.719
247.719
247.719
247.719
247.719
247.719
247.719
247.719
247.719
247.719
247.719
247.719
247.719
247.72
247.72
247.72
247.72
247.72
247.72
247.72
247.72
247.72
247.72
247.72
247.72
247.72
247.72
247.72
247.72
247.72
247.72
247.72
247.72
247.72
247.72
247.72
247.72
247.72
247.72
247.72
247.72
247.72
247.72
247.72
247.72
247.72
247.72
247.72
247.72
247.72
247.72
247.72
247.72
247.72
247.72
247.72
247.72
247.72
247.72
247.72
247.72
247.72
247.72
247.72
247.72
247.72
247.72
247.72
247.72
247.72
247.72
247.72
247.72
247.72
247.72
247.72
247.72
247.72
247.72
247.72
247.72
247.72
247.72
247.72
247.72
247.72
247.72
247.72
247.72
247.72
247.72
247.72
247.72
247.72
247.72
247.72
247.72
247.72
247.72
247.72
247.72
247.72
247.72
247.72
247.72
247.72
247.72
247.72
247.72
247.72
247.72
247.72
247.72
247.72
247.72
247.719
247.719
247.719
247.719
247.719
247.719
247.719
247.719
247.719
247.719
247.719
247.719
247.719
247.719
247.719
247.719
247.719
247.719
247.719
247.719
247.719
247.719
247.719
247.719
247.719
247.719
247.719
247.719
247.719
247.719
247.719
247.719
247.719
247.719
247.719
247.719
247.719
247.719
247.719
247.719
247.719
247.719
247.719
247.719
247.719
247.719
247.719
247.719
247.719
247.719
247.719
247.719
247.719
247.719
247.718
247.718
247.718
247.718
247.718
247.718
247.718
247.718
247.718
247.718
247.718
247.718
247.718
247.718
247.718
247.718
247.718
247.718
247.718
247.718
247.718
247.718
247.718
247.718
247.718
247.718
247.718
247.718
247.719
247.719
247.719
247.719
247.719
247.719
247.719
247.719
247.719
247.719
247.719
247.719
247.719
247.719
247.719
247.719
247.719
247.719
247.719
247.719
247.719
247.719
247.719
247.719
247.719
247.719
247.719
247.719
247.719
247.719
247.719
247.719
247.719
247.719
247.719
247.719
247.719
247.719
247.719
247.719
247.719
247.719
247.719
247.719
247.719
247.719
247.719
247.719
247.719
247.719
247.719
247.719
247.719
247.719
247.719
247.719
247.719
247.719
247.719
247.719
247.719
247.719
247.719
247.719
247.719
247.719
247.719
247.719
247.719
247.719
247.719
247.719
247.719
247.719
247.719
247.719
247.719
247.719
247.719
247.719
247.719
247.719
247.719
247.719
247.719
247.719
247.719
247.719
247.719
247.719
247.719
247.719
247.719
247.719
247.719
247.719
247.719
247.719
247.719
247.719
247.719
247.719
247.719
247.719
247.719
247.719
247.719
247.719
247.719
247.719
247.719
247.719
247.719
247.719
247.719
247.719
247.719
247.719
247.719
247.719
247.719
247.719
247.719
247.719
247.719
247.719
247.719
247.719
247.719
247.719
247.719
247.719
247.719
247.719
247.719
247.719
247.719
247.719
247.719
247.719
247.719
247.719
247.719
247.719
247.719
247.719
247.719
247.719
247.719
247.719
247.719
247.719
247.719
247.719
247.719
247.719
247.719
247.719
247.719
247.719
247.719
247.719
247.719
247.719
247.719
247.719
247.719
247.719
247.719
247.719
247.719
247.719
247.719
247.719
247.719
247.719
247.719
247.719
247.719
247.719
247.719
247.719
247.719
247.719
247.719
247.719
247.719
247.719
247.719
247.719
247.719
247.719
247.719
247.719
247.719
247.719
247.719
247.719
247.719
247.719
247.719
247.719
247.719
247.719
247.719
247.719
247.719
247.719
247.719
247.719
247.719
247.719
247.719
247.719
247.719
247.719
247.719
247.719
247.719
247.719
247.719
247.719
247.719
247.719
247.72
247.72
247.72
247.72
247.72
247.72
247.72
247.72
247.72
247.72
247.72
247.72
247.72
247.72
247.72
247.72
247.72
247.72
247.72
247.72
247.72
247.72
247.72
247.72
247.72
247.72
247.72
247.72
247.72
247.72
247.72
247.72
247.72
247.72
247.72
247.72
247.72
247.72
247.72
247.72
247.72
247.72
247.72
247.72
247.72
247.72
247.72
247.72
247.72
247.72
247.72
247.72
247.72
247.72
247.72
247.72
247.72
247.72
247.72
247.72
247.72
247.72
247.72
247.72
247.72
247.72
247.72
247.72
247.72
247.72
247.72
247.72
247.72
247.72
247.72
247.72
247.72
247.72
247.719
247.719
247.719
247.719
247.719
247.719
247.719
247.719
247.719
247.719
247.719
247.719
247.719
247.719
247.719
247.719
247.719
247.719
247.719
247.719
247.719
247.719
247.719
247.719
247.719
247.719
247.719
247.719
247.719
247.719
247.719
247.719
247.719
247.719
247.719
247.719
247.719
247.719
247.719
247.719
247.719
247.719
247.719
247.719
247.719
247.719
247.719
247.719
247.719
247.719
247.719
247.719
247.719
247.719
247.719
247.719
247.719
247.719
247.719
247.719
247.719
247.719
247.719
247.719
247.719
247.719
247.719
247.719
247.719
247.719
247.719
247.719
247.719
247.719
247.719
247.719
247.719
247.719
247.719
247.719
247.719
247.719
247.719
247.719
247.719
247.719
247.719
247.719
247.719
247.719
247.719
247.719
247.719
247.719
247.719
247.719
247.719
247.719
247.719
247.719
247.719
247.719
247.719
247.719
247.719
247.719
247.719
247.719
247.719
247.719
247.719
247.719
247.719
247.719
247.719
247.719
247.719
247.719
247.719
247.719
247.719
247.719
247.719
247.719
247.719
247.719
247.719
247.719
247.719
247.719
247.719
247.719
247.719
247.719
247.719
247.72
247.72
247.72
247.72
247.72
247.72
247.72
247.72
247.72
247.72
247.72
247.72
247.72
247.72
247.72
247.72
247.72
247.72
247.72
247.72
247.72
247.72
247.72
247.72
247.72
247.72
247.72
247.72
247.72
247.72
247.72
247.72
247.72
247.72
247.72
247.72
247.72
247.72
247.72
247.72
247.72
247.72
247.72
247.72
247.72
247.72
247.72
247.72
247.72
247.72
247.72
247.72
247.72
247.72
247.72
247.72
247.72
247.72
247.72
247.72
247.72
247.72
247.72
247.72
247.72
247.72
247.72
247.72
247.72
247.72
247.72
247.72
247.72
247.72
247.72
247.72
247.72
247.72
247.72
247.72
247.72
247.72
247.72
247.72
247.72
247.72
247.72
247.72
247.72
247.72
247.72
247.72
247.72
247.72
247.72
247.719
247.719
247.719
247.719
247.719
247.719
247.719
247.719
247.719
247.719
247.719
247.719
247.719
247.719
247.719
247.719
247.719
247.719
247.719
247.719
247.719
247.719
247.719
247.719
247.719
247.719
247.719
247.719
247.719
247.719
247.719
247.719
247.719
247.719
247.719
247.719
247.719
247.719
247.719
247.719
247.719
247.719
247.719
247.719
247.719
247.719
247.719
247.719
247.719
247.719
247.719
247.719
247.719
247.719
247.719
247.719
247.719
247.719
247.719
247.719
247.719
247.719
247.719
247.719
247.719
247.719
247.719
247.719
247.719
247.719
247.719
247.719
247.719
247.719
247.719
247.719
247.719
247.719
247.719
247.719
247.719
247.719
247.719
247.719
247.719
247.719
247.72
247.72
247.72
247.72
247.72
247.72
247.72
247.72
247.72
247.72
247.72
247.72
247.72
247.72
247.72
247.72
247.72
247.72
247.72
247.72
247.72
247.72
247.72
247.72
247.72
247.72
247.72
247.72
247.72
247.72
247.72
247.72
247.72
247.72
247.72
247.72
247.72
247.72
247.72
247.72
247.72
247.72
247.72
247.72
247.72
247.72
247.72
247.72
247.72
247.72
247.72
247.72
247.72
247.72
247.72
247.72
247.72
247.72
247.72
247.72
247.72
247.72
247.72
247.72
247.72
247.72
247.72
247.72
247.72
247.72
247.72
247.72
247.72
247.72
247.72
247.72
247.72
247.72
247.72
247.72
247.72
247.72
247.72
247.72
247.72
247.72
247.72
247.72
247.72
247.72
247.72
247.72
247.72
247.72
247.72
247.72
247.72
247.72
247.72
247.72
247.72
247.72
247.72
247.72
247.72
247.72
247.72
247.72
247.72
247.72
247.72
247.72
247.72
247.72
247.719
247.719
247.719
247.719
247.719
247.719
247.719
247.719
247.719
247.719
247.719
247.719
247.719
247.719
247.719
247.719
247.719
247.719
247.719
247.719
247.719
247.719
247.719
247.719
247.719
247.719
247.719
247.719
247.719
247.719
247.719
247.719
247.719
247.719
247.719
247.719
247.719
247.719
247.719
247.719
247.719
247.719
247.719
247.719
247.719
247.719
247.719
247.719
247.719
247.719
247.719
247.719
247.719
247.719
247.719
247.719
247.719
247.719
247.719
247.719
247.719
247.719
247.719
247.719
247.719
247.719
247.719
247.719
247.719
247.719
247.719
247.719
247.719
247.719
247.72
247.72
247.72
247.72
247.72
247.72
247.72
247.72
247.72
247.72
247.72
247.72
247.72
247.72
247.72
247.72
247.72
247.72
247.72
247.72
247.72
247.72
247.72
247.72
247.72
247.72
247.72
247.72
247.72
247.72
247.72
247.72
247.72
247.72
247.72
247.72
247.72
247.72
247.72
247.72
247.72
247.72
247.72
247.72
247.72
247.72
247.72
247.72
247.72
247.72
247.72
247.72
247.72
247.72
247.72
247.72
247.72
247.72
247.72
247.72
247.72
247.72
247.72
247.72
247.72
247.72
247.72
247.72
247.72
247.72
247.72
247.72
247.72
247.72
247.72
247.72
247.72
247.72
247.72
247.72
247.72
247.72
247.72
247.72
247.72
247.72
247.72
247.72
247.72
247.72
247.72
247.72
247.72
247.72
247.72
247.72
247.72
247.72
247.72
247.72
247.72
247.72
247.72
247.72
247.72
247.72
247.72
247.72
247.72
247.72
247.72
247.72
247.72
247.72
247.72
247.72
247.72
247.72
247.72
247.72
247.72
247.72
247.72
247.72
247.72
247.72
247.72
247.72
247.72
247.72
247.72
247.72
247.72
247.72
247.72
247.72
247.72
247.72
247.72
247.72
247.72
247.72
247.72
247.72
247.72
247.72
247.72
247.72
247.72
247.72
247.72
247.72
247.72
247.72
247.72
247.72
247.72
247.72
247.72
247.72
247.72
247.72
247.72
247.72
247.72
247.72
247.72
247.72
247.72
247.72
247.72
247.72
247.72
247.72
247.72
247.72
247.72
247.72
247.72
247.72
247.72
247.72
247.72
247.72
247.72
247.72
247.72
247.72
247.72
247.72
247.72
247.72
247.72
247.72
247.72
247.72
247.72
247.72
247.72
247.72
247.72
247.72
247.72
247.72
247.72
247.72
247.72
247.72
247.721
247.721
247.721
247.721
247.721
247.721
247.721
247.721
247.721
247.721
247.721
247.721
247.721
247.721
247.721
247.721
247.721
247.721
247.721
247.721
247.721
247.721
247.721
247.721
247.721
247.721
247.721
247.721
247.721
247.721
247.721
247.721
247.721
247.721
247.721
247.721
247.721
247.721
247.721
247.721
247.721
247.721
247.721
247.721
247.721
247.721
247.721
247.721
247.721
247.721
247.721
247.721
247.721
247.721
247.721
247.721
247.721
247.721
247.721
247.721
247.721
247.721
247.721
247.721
247.721
247.721
247.721
247.721
247.721
247.721
247.721
247.721
247.721
247.721
247.721
247.721
247.721
247.72
247.72
247.72
247.72
247.72
247.72
247.72
247.72
247.72
247.72
247.72
247.72
247.72
247.72
247.72
247.72
247.72
247.72
247.72
247.72
247.72
247.72
247.72
247.72
247.72
247.72
247.72
247.72
247.72
247.72
247.72
247.72
247.72
247.72
247.72
247.72
247.72
247.72
247.72
247.72
247.72
247.72
247.72
247.72
247.72
247.72
247.72
247.72
247.72
247.72
247.72
247.72
247.72
247.72
247.72
247.72
247.72
247.72
247.72
247.72
247.72
247.72
247.72
247.72
247.72
247.72
247.72
247.72
247.72
247.72
247.72
247.72
247.72
247.72
247.72
247.72
247.72
247.72
247.72
247.72
247.72
247.72
247.72
247.72
247.72
247.72
247.72
247.72
247.72
247.72
247.72
247.72
247.72
247.72
247.72
247.72
247.72
247.72
247.72
247.72
247.72
247.72
247.72
247.72
247.72
247.72
247.72
247.72
247.72
247.72
247.72
247.72
247.72
247.72
247.72
247.72
247.72
247.72
247.72
247.72
247.72
247.72
247.72
247.72
247.72
247.72
247.72
247.72
247.72
247.72
247.72
247.72
247.721
247.721
247.721
247.721
247.721
247.721
247.721
247.721
247.721
247.721
247.721
247.721
247.721
247.721
247.721
247.721
247.721
247.721
247.721
247.721
247.721
247.721
247.721
247.721
247.721
247.721
247.721
247.721
247.721
247.721
247.721
247.721
247.721
247.721
247.721
247.721
247.721
247.721
247.721
247.721
247.721
247.721
247.721
247.721
247.721
247.721
247.721
247.721
247.721
247.721
247.721
247.721
247.721
247.721
247.721
247.721
247.721
247.721
247.721
247.721
247.721
247.721
247.721
247.721
247.721
247.721
247.721
247.721
247.721
247.721
247.721
247.721
247.721
247.721
247.721
247.721
247.721
247.721
247.721
247.721
247.721
247.721
247.721
247.721
247.721
247.721
247.721
247.721
247.721
247.721
247.721
247.721
247.721
247.721
247.721
247.721
247.721
247.721
247.721
247.721
247.721
247.721
247.721
247.721
247.721
247.721
247.721
247.721
247.721
247.721
247.721
247.721
247.721
247.721
247.721
247.721
247.72
247.72
247.72
247.72
247.72
247.72
247.72
247.72
247.72
247.72
247.72
247.72
247.72
247.72
247.72
247.72
247.72
247.72
247.72
247.72
247.72
247.72
247.72
247.72
247.72
247.72
247.72
247.72
247.72
247.72
247.72
247.72
247.72
247.72
247.72
247.72
247.72
247.72
247.72
247.72
247.72
247.72
247.72
247.72
247.72
247.72
247.72
247.72
247.72
247.72
247.72
247.72
247.72
247.72
247.72
247.72
247.72
247.72
247.72
247.72
247.72
247.72
247.72
247.72
247.72
247.72
247.72
247.72
247.72
247.72
247.72
247.72
247.72
247.721
247.721
247.721
247.721
247.721
247.721
247.721
247.721
247.721
247.721
247.721
247.721
247.721
247.721
247.721
247.721
247.721
247.721
247.721
247.721
247.721
247.721
247.721
247.721
247.721
247.721
247.721
247.721
247.721
247.721
247.721
247.721
247.721
247.721
247.721
247.721
247.721
247.721
247.721
247.721
247.721
247.721
247.721
247.721
247.721
247.721
247.721
247.721
247.721
247.721
247.721
247.721
247.721
247.721
247.721
247.721
247.721
247.721
247.721
247.721
247.721
247.721
247.721
247.721
247.721
247.721
247.721
247.721
247.721
247.721
247.721
247.721
247.721
247.721
247.721
247.721
247.721
247.721
247.721
247.721
247.721
247.721
247.721
247.721
247.721
247.721
247.721
247.721
247.721
247.721
247.721
247.721
247.721
247.721
247.721
247.721
247.721
247.721
247.721
247.721
247.721
247.721
247.721
247.721
247.721
247.721
247.721
247.721
247.721
247.721
247.721
247.721
247.721
247.721
247.721
247.721
247.721
247.721
247.721
247.721
247.721
247.721
247.721
247.721
247.721
247.721
247.721
247.721
247.721
247.721
247.721
247.721
247.721
247.721
247.721
247.721
247.721
247.721
247.721
247.721
247.721
247.721
247.721
247.721
247.721
247.72
247.72
247.72
247.72
247.72
247.72
247.72
247.72
247.72
247.72
247.72
247.72
247.72
247.72
247.72
247.72
247.72
247.72
247.72
247.72
247.72
247.72
247.72
247.72
247.72
247.72
247.72
247.72
247.72
247.72
247.721
247.721
247.721
247.721
247.721
247.721
247.721
247.721
247.721
247.721
247.721
247.721
247.721
247.721
247.721
247.721
247.721
247.721
247.721
247.721
247.721
247.721
247.721
247.721
247.721
247.721
247.721
247.722
247.722
247.722
247.722
247.722
247.722
247.722
247.722
247.722
247.722
247.722
247.722
247.722
247.722
247.722
247.722
247.722
247.722
247.722
247.722
247.722
247.722
247.722
247.722
247.722
247.722
247.722
247.722
247.722
247.722
247.722
247.722
247.722
247.722
247.722
247.722
247.722
247.722
247.722
247.722
247.722
247.722
247.722
247.722
247.722
247.722
247.722
247.722
247.722
247.722
247.722
247.722
247.722
247.722
247.722
247.722
247.722
247.722
247.722
247.722
247.722
247.722
247.722
247.722
247.722
247.722
247.722
247.722
247.722
247.722
247.722
247.722
247.722
247.722
247.722
247.722
247.722
247.722
247.722
247.722
247.722
247.722
247.722
247.722
247.722
247.722
247.722
247.722
247.722
247.722
247.722
247.722
247.722
247.722
247.722
247.722
247.722
247.722
247.722
247.722
247.722
247.722
247.722
247.722
247.722
247.722
247.722
247.722
247.722
247.722
247.722
247.722
247.722
247.722
247.722
247.722
247.722
247.722
247.722
247.722
247.722
247.722
247.722
247.722
247.722
247.722
247.722
247.722
247.722
247.722
247.722
247.722
247.722
247.721
247.721
247.721
247.721
247.721
247.721
247.721
247.721
247.721
247.721
247.721
247.721
247.721
247.721
247.721
247.721
247.721
247.721
247.721
247.721
247.721
247.721
247.721
247.721
247.721
247.721
247.721
247.721
247.721
247.721
247.721
247.721
247.721
247.721
247.721
247.721
247.721
247.721
247.721
247.721
247.721
247.721
247.721
247.721
247.721
247.721
247.721
247.721
247.721
247.721
247.721
247.721
247.721
247.721
247.721
247.721
247.721
247.721
247.721
247.721
247.721
247.721
247.721
247.721
247.721
247.721
247.721
247.721
247.721
247.721
247.721
247.721
247.721
247.721
247.721
247.721
247.721
247.721
247.721
247.721
247.721
247.721
247.722
247.722
247.722
247.722
247.722
247.722
247.722
247.722
247.722
247.722
247.722
247.722
247.722
247.722
247.722
247.722
247.722
247.722
247.722
247.722
247.722
247.722
247.722
247.722
247.722
247.722
247.722
247.722
247.722
247.722
247.722
247.722
247.722
247.722
247.722
247.722
247.722
247.722
247.722
247.722
247.722
247.722
247.722
247.722
247.722
247.722
247.722
247.722
247.722
247.722
247.722
247.722
247.722
247.722
247.722
247.722
247.722
247.722
247.722
247.722
247.722
247.722
247.722
247.722
247.722
247.722
247.722
247.722
247.722
247.722
247.722
247.722
247.722
247.722
247.722
247.722
247.722
247.722
247.722
247.722
247.722
247.722
247.722
247.722
247.722
247.722
247.722
247.722
247.722
247.722
247.722
247.722
247.722
247.722
247.722
247.722
247.722
247.722
247.722
247.722
247.722
247.722
247.722
247.722
247.721
247.721
247.721
247.721
247.721
247.721
247.721
247.721
247.721
247.721
247.721
247.721
247.721
247.721
247.721
247.721
247.721
247.721
247.721
247.721
247.721
247.721
247.721
247.721
247.721
247.721
247.721
247.721
247.721
247.721
247.721
247.721
247.721
247.721
247.721
247.721
247.721
247.722
247.722
247.722
247.722
247.722
247.722
247.722
247.722
247.722
247.722
247.722
247.722
247.722
247.722
247.722
247.722
247.722
247.722
247.722
247.722
247.722
247.723
247.723
247.723
247.723
247.723
247.723
247.723
247.723
247.723
247.723
247.723
247.723
247.723
247.723
247.723
247.723
247.723
247.723
247.723
247.723
247.723
247.723
247.723
247.723
247.723
247.723
247.723
247.723
247.723
247.723
247.723
247.723
247.723
247.723
247.723
247.723
247.723
247.723
247.723
247.723
247.723
247.723
247.723
247.723
247.723
247.723
247.723
247.723
247.723
247.723
247.723
247.723
247.723
247.723
247.723
247.723
247.723
247.723
247.723
247.723
247.723
247.723
247.723
247.723
247.723
247.723
247.723
247.723
247.723
247.723
247.723
247.723
247.723
247.723
247.723
247.723
247.723
247.723
247.723
247.723
247.723
247.723
247.723
247.723
247.723
247.723
247.723
247.723
247.723
247.723
247.723
247.723
247.723
247.723
247.723
247.723
247.723
247.723
247.723
247.723
247.723
247.723
247.723
247.723
247.723
247.723
247.723
247.723
247.723
247.723
247.723
247.723
247.723
247.723
247.723
247.723
247.723
247.723
247.723
247.723
247.723
247.723
247.723
247.723
247.723
247.723
247.723
247.723
247.723
247.723
247.723
247.723
247.723
247.723
247.723
247.723
247.723
247.723
247.723
247.723
247.723
247.723
247.723
247.723
247.723
247.723
247.723
247.723
247.723
247.723
247.723
247.723
247.723
247.723
247.723
247.723
247.723
247.723
247.723
247.723
247.723
247.723
247.723
247.723
247.722
247.722
247.722
247.722
247.722
247.722
247.722
247.722
247.722
247.722
247.722
247.722
247.722
247.722
247.722
247.722
247.722
247.722
247.722
247.722
247.722
247.722
247.722
247.722
247.722
247.722
247.722
247.722
247.722
247.722
247.722
247.722
247.722
247.722
247.723
247.723
247.723
247.723
247.723
247.723
247.723
247.723
247.723
247.723
247.723
247.723
247.723
247.723
247.723
247.723
247.723
247.723
247.723
247.723
247.723
247.723
247.723
247.723
247.723
247.723
247.723
247.723
247.723
247.723
247.723
247.723
247.723
247.723
247.723
247.723
247.723
247.723
247.723
247.723
247.723
247.723
247.723
247.723
247.723
247.723
247.723
247.723
247.723
247.723
247.723
247.723
247.723
247.723
247.723
247.723
247.723
247.723
247.723
247.723
247.723
247.723
247.723
247.723
247.723
247.723
247.723
247.723
247.723
247.723
247.724
247.724
247.724
247.724
247.724
247.724
247.724
247.724
247.724
247.724
247.724
247.724
247.724
247.724
247.724
247.724
247.724
247.724
247.724
247.724
247.724
247.724
247.724
247.724
247.724
247.724
247.724
247.724
247.724
247.724
247.724
247.724
247.724
247.724
247.724
247.724
247.724
247.724
247.724
247.724
247.724
247.724
247.724
247.724
247.724
247.724
247.724
247.724
247.724
247.724
247.724
247.724
247.724
247.724
247.724
247.724
247.724
247.724
247.724
247.724
247.724
247.724
247.724
247.724
247.724
247.724
247.724
247.724
247.724
247.724
247.724
247.724
247.724
247.724
247.724
247.724
247.723
247.723
247.723
247.723
247.723
247.723
247.723
247.723
247.723
247.723
247.723
247.723
247.723
247.723
247.723
247.723
247.723
247.723
247.723
247.723
247.723
247.723
247.723
247.723
247.723
247.723
247.723
247.723
247.723
247.723
247.723
247.723
247.723
247.723
247.723
247.723
247.723
247.723
247.723
247.723
247.723
247.723
247.723
247.723
247.723
247.723
247.724
247.724
247.724
247.724
247.724
247.724
247.724
247.724
247.724
247.724
247.724
247.724
247.724
247.724
247.724
247.724
247.724
247.724
247.724
247.724
247.725
247.725
247.725
247.725
247.725
247.725
247.725
247.725
247.725
247.725
247.725
247.725
247.725
247.725
247.725
247.725
247.725
247.725
247.725
247.725
247.725
247.725
247.725
247.725
247.725
247.725
247.725
247.725
247.725
247.725
247.725
247.725
247.725
247.725
247.725
247.725
247.725
247.725
247.725
247.725
247.725
247.725
247.725
247.725
247.725
247.725
247.725
247.725
247.725
247.725
247.725
247.725
247.725
247.725
247.725
247.725
247.725
247.725
247.725
247.725
247.725
247.725
247.725
247.725
247.725
247.725
247.725
247.725
247.725
247.725
247.725
247.725
247.725
247.725
247.725
247.725
247.725
247.725
247.725
247.725
247.725
247.725
247.725
247.725
247.725
247.725
247.725
247.725
247.725
247.725
247.725
247.725
247.725
247.725
247.725
247.725
247.725
247.725
247.725
247.725
247.725
247.725
247.725
247.725
247.725
247.725
247.725
247.725
247.725
247.725
247.725
247.725
247.725
247.725
247.725
247.725
247.725
247.725
247.725
247.725
247.725
247.725
247.725
247.725
247.725
247.725
247.725
247.725
247.725
247.725
247.725
247.725
247.725
247.725
247.725
247.725
247.725
247.725
247.725
247.725
247.725
247.725
247.725
247.725
247.725
247.725
247.725
247.725
247.725
247.725
247.725
247.725
247.725
247.725
247.725
247.725
247.725
247.725
247.725
247.725
247.725
247.724
247.724
247.724
247.724
247.724
247.724
247.724
247.724
247.724
247.724
247.724
247.724
247.724
247.724
247.724
247.724
247.724
247.724
247.724
247.724
247.724
247.724
247.724
247.724
247.724
247.724
247.724
247.724
247.724
247.724
247.724
247.724
247.724
247.725
247.725
247.725
247.725
247.725
247.725
247.725
247.725
247.725
247.725
247.725
247.725
247.725
247.725
247.725
247.725
247.725
247.725
247.725
247.725
247.725
247.725
247.725
247.725
247.725
247.726
247.726
247.726
247.726
247.726
247.726
247.726
247.726
247.726
247.726
247.726
247.726
247.726
247.726
247.726
247.726
247.726
247.726
247.726
247.726
247.726
247.726
247.726
247.726
247.726
247.726
247.726
247.726
247.726
247.726
247.726
247.726
247.726
247.726
247.726
247.726
247.726
247.726
247.726
247.726
247.726
247.726
247.726
247.726
247.726
247.726
247.726
247.726
247.726
247.726
247.726
247.726
247.726
247.726
247.726
247.726
247.726
247.726
247.726
247.726
247.726
247.726
247.726
247.726
247.726
247.726
247.726
247.726
247.726
247.726
247.726
247.727
247.727
247.727
247.727
247.727
247.727
247.727
247.727
247.727
247.727
247.727
247.727
247.727
247.727
247.727
247.726
247.726
247.726
247.726
247.726
247.726
247.726
247.726
247.726
247.726
247.726
247.726
247.726
247.726
247.726
247.726
247.726
247.726
247.726
247.726
247.726
247.726
247.726
247.726
247.726
247.726
247.727
247.728
247.73
247.734
247.742
247.759
247.792
247.859
247.997
248.273
248.808
249.812
251.302
253.165
255.093
256.81
258.205
259.199
259.826
260.177
260.208
260.16
260.046
259.881
259.679
259.525
259.418
259.352
259.304
259.267
259.236
259.21
259.189
259.166
259.139
259.112
259.088
259.07
259.055
259.042
259.03
259.021
259.016
259.014
259.012
259.008
259.002
258.996
258.99
258.985
258.982
258.979
258.976
258.973
258.97
258.967
258.964
258.961
258.959
258.956
258.954
258.952
258.95
258.948
258.947
258.946
258.946
258.945
258.944
258.944
258.943
258.943
258.943
258.943
258.943
258.943
258.943
258.943
258.943
258.942
258.942
258.942
258.942
258.942
258.941
258.941
258.941
258.941
258.941
258.942
258.942
258.942
258.942
258.942
258.942
258.942
258.942
258.942
258.942
258.942
258.942
258.942
258.942
258.942
258.942
258.942
258.942
258.942
258.942
258.942
258.942
258.942
258.942
258.942
258.942
258.942
258.942
258.942
258.942
258.942
258.942
258.942
258.942
258.942
258.942
258.942
258.942
258.942
258.942
258.942
258.942
258.942
258.942
258.942
258.942
258.942
258.942
258.942
258.942
258.942
258.942
258.942
258.942
258.942
258.942
258.942
258.942
258.942
258.942
258.942
258.942
258.942
258.942
258.942
258.942
258.943
258.943
258.943
258.943
258.943
258.943
258.943
258.943
258.943
258.943
258.943
258.943
258.943
258.943
258.943
258.943
258.943
258.943
258.943
258.943
258.943
258.943
258.943
258.943
258.943
258.943
258.943
258.943
258.943
258.943
258.943
258.943
258.943
258.943
258.943
258.943
258.943
258.943
258.943
258.943
258.943
258.943
258.943
258.943
258.943
258.943
258.943
258.943
258.943
258.943
258.943
258.943
258.943
258.943
258.943
258.943
258.943
258.943
258.943
258.943
258.943
258.943
258.943
258.943
258.943
258.943
258.943
258.943
258.943
258.943
258.943
258.943
258.943
258.943
258.943
258.943
258.943
258.943
258.943
258.943
258.943
258.943
258.943
258.943
258.943
258.943
258.943
258.943
258.943
258.943
258.943
258.943
258.943
258.943
258.943
258.943
258.943
258.943
258.943
258.943
258.943
258.943
258.943
258.943
258.943
258.943
258.943
258.943
258.943
258.943
258.943
258.943
258.943
258.943
258.943
258.944
258.944
258.944
258.944
258.944
258.944
258.944
258.944
258.944
258.944
258.944
258.944
258.944
258.944
258.944
258.944
258.944
258.944
258.944
258.944
258.944
258.944
258.944
258.944
258.944
258.944
258.944
258.944
258.944
258.944
258.944
258.944
258.944
258.944
258.944
258.944
258.944
258.944
258.944
258.944
258.944
258.944
258.944
258.944
258.944
258.944
258.944
258.944
258.944
258.944
258.944
258.944
258.943
258.943
258.943
258.943
258.943
258.943
258.943
258.943
258.943
258.943
258.943
258.943
258.943
258.943
258.943
258.943
258.943
258.943
258.943
258.943
258.943
258.943
258.943
258.943
258.943
258.943
258.943
258.943
258.943
258.943
258.943
258.943
258.943
258.943
258.943
258.943
258.943
258.943
258.943
258.943
258.943
258.943
258.943
258.943
258.943
258.943
258.943
258.943
258.943
258.943
258.943
258.943
258.943
258.943
258.943
258.943
258.943
258.943
258.943
258.943
258.943
258.943
258.943
258.943
258.943
258.943
258.943
258.943
258.943
258.943
258.943
258.943
258.943
258.943
258.943
258.943
258.943
258.944
258.944
258.944
258.944
258.944
258.944
258.944
258.944
258.944
258.944
258.944
258.944
258.944
258.944
258.944
258.944
258.944
258.944
258.944
258.944
258.944
258.944
258.944
258.944
258.944
258.944
258.944
258.944
258.944
258.944
258.944
258.944
258.944
258.944
258.944
258.944
258.945
258.945
258.945
258.945
258.945
258.945
258.945
258.945
258.945
258.945
258.945
258.945
258.945
258.945
258.945
258.945
258.945
258.945
258.945
258.945
258.945
258.945
258.945
258.945
258.945
258.945
258.945
258.945
258.945
258.945
258.945
258.946
258.946
258.946
258.946
258.946
258.946
258.946
258.946
258.946
258.946
258.946
258.946
258.946
258.946
258.946
258.946
258.946
258.946
258.946
258.946
258.946
258.946
258.946
258.946
258.946
258.946
258.946
258.946
258.946
258.946
258.946
258.946
258.946
258.946
258.946
258.946
258.946
258.946
258.946
258.946
258.946
258.946
258.946
258.946
258.946
258.946
258.946
258.947
258.947
258.947
258.947
258.947
258.947
258.947
258.947
258.948
258.948
258.948
258.948
258.949
258.949
258.95
258.95
258.951
258.951
258.952
258.953
258.954
258.955
258.956
258.957
258.959
258.96
258.962
258.964
258.967
258.969
258.972
258.975
258.978
258.982
258.986
258.99
258.995
259
259.005
259.01
259.016
259.021
259.027
259.033
259.038
259.044
259.05
259.055
259.061
259.067
259.072
259.078
259.083
259.088
259.092
259.097
259.101
259.105
259.109
259.113
259.116
259.12
259.123
259.126
259.128
259.131
259.133
259.136
259.138
259.14
259.142
259.144
259.146
259.147
259.149
259.15
259.151
259.152
259.153
259.153
259.154
259.155
259.156
259.156
259.157
259.158
259.158
259.159
259.16
259.16
259.161
259.161
259.162
259.163
259.163
259.164
259.164
259.164
259.165
259.165
259.165
259.165
259.166
259.166
259.166
259.167
259.167
259.167
259.167
259.167
259.167
259.168
259.168
259.168
259.168
259.168
259.168
259.168
259.168
259.169
259.169
259.169
259.169
259.169
259.169
259.169
259.169
259.17
259.17
259.17
259.17
259.17
259.17
259.17
259.17
259.17
259.17
259.17
259.17
259.171
259.171
259.171
259.171
259.171
259.171
259.171
259.171
259.171
259.171
259.171
259.171
259.171
259.171
259.171
259.171
259.171
259.171
259.171
259.171
259.172
259.172
259.172
259.172
259.172
259.172
259.172
259.172
259.172
259.172
259.172
259.172
259.172
259.172
259.172
259.172
259.172
259.173
259.173
259.173
259.173
259.173
259.173
259.173
259.173
259.173
259.174
259.174
259.174
259.174
259.174
259.175
259.175
259.175
259.176
259.176
259.176
259.177
259.177
259.178
259.178
259.179
259.18
259.18
259.181
259.182
259.183
259.184
259.185
259.187
259.188
259.189
259.19
259.191
259.193
259.194
259.195
259.196
259.197
259.198
259.199
259.2
259.201
259.202
259.203
259.204
259.205
259.205
259.206
259.207
259.207
259.208
259.208
259.209
259.209
259.21
259.21
259.21
259.211
259.211
259.211
259.212
259.212
259.212
259.212
259.213
259.213
259.213
259.213
259.213
259.213
259.213
259.214
259.214
259.214
259.214
259.214
259.214
259.214
259.214
259.214
259.214
259.214
259.215
259.215
259.215
259.215
259.215
259.215
259.215
259.215
259.215
259.215
259.215
259.215
259.215
259.215
259.215
259.215
259.216
259.216
259.216
259.216
259.216
259.216
259.216
259.216
259.216
259.216
259.216
259.216
259.216
259.216
259.216
259.217
259.217
259.217
259.217
259.217
259.217
259.217
259.217
259.217
259.217
259.217
259.217
259.217
259.217
259.217
259.217
259.217
259.217
259.218
259.218
259.218
259.218
259.218
259.218
259.218
259.218
259.218
259.218
259.218
259.218
259.218
259.218
259.218
259.218
259.218
259.218
259.218
259.218
259.218
259.218
259.218
259.218
259.218
259.219
259.219
259.219
259.219
259.219
259.219
259.219
259.219
259.219
259.219
259.219
259.219
259.219
259.219
259.219
259.219
259.219
259.219
259.219
259.219
259.219
259.219
259.219
259.219
259.219
259.219
259.219
259.219
259.219
259.219
259.219
259.219
259.219
259.219
259.219
259.219
259.219
259.219
259.219
259.219
259.219
259.219
259.219
259.219
259.219
259.219
259.219
259.219
259.219
259.219
259.219
259.219
259.219
259.22
259.22
259.22
259.22
259.22
259.22
259.22
259.22
259.22
259.22
259.22
259.22
259.22
259.22
259.22
259.22
259.22
259.22
259.22
259.22
259.22
259.22
259.22
259.22
259.22
259.22
259.22
259.22
259.22
259.22
259.22
259.22
259.22
259.22
259.22
259.22
259.22
259.22
259.221
259.221
259.221
259.221
259.221
259.221
259.221
259.221
259.221
259.221
259.221
259.221
259.221
259.221
259.221
259.221
259.221
259.221
259.221
259.221
259.221
259.221
259.221
259.221
259.221
259.221
259.221
259.221
259.221
259.221
259.221
259.221
259.221
259.221
259.221
259.221
259.221
259.221
259.221
259.221
259.221
259.221
259.221
259.221
259.221
259.221
259.221
259.221
259.221
259.221
259.221
259.221
259.221
259.221
259.221
259.221
259.221
259.221
259.221
259.221
259.221
259.221
259.221
259.221
259.221
259.222
259.222
259.222
259.222
259.222
259.222
259.222
259.222
259.222
259.222
259.222
259.222
259.222
259.222
259.222
259.222
259.222
259.222
259.222
259.222
259.222
259.222
259.222
259.222
259.222
259.222
259.222
259.222
259.222
259.222
259.222
259.222
259.222
259.222
259.222
259.222
259.222
259.222
259.222
259.223
259.223
259.223
259.223
259.223
259.223
259.223
259.223
259.223
259.223
259.223
259.223
259.223
259.223
259.223
259.223
259.223
259.223
259.223
259.223
259.223
259.223
259.223
259.223
259.223
)
;

boundaryField
{
    sides
    {
        type            zeroGradient;
    }
    empty
    {
        type            empty;
    }
}


// ************************************************************************* //
