/*--------------------------------*- C++ -*----------------------------------*\
  =========                 |
  \\      /  F ield         | OpenFOAM: The Open Source CFD Toolbox
   \\    /   O peration     | Website:  https://openfoam.org
    \\  /    A nd           | Version:  9
     \\/     M anipulation  |
\*---------------------------------------------------------------------------*/
FoamFile
{
    format      ascii;
    class       volScalarField;
    location    "0.009";
    object      rho;
}
// * * * * * * * * * * * * * * * * * * * * * * * * * * * * * * * * * * * * * //

dimensions      [1 -3 0 0 0 0 0];

internalField   nonuniform List<scalar> 
10000
(
0.999645
0.999645
0.999645
0.999645
0.999645
0.999645
0.999645
0.999645
0.999645
0.999645
0.999645
0.999645
0.999645
0.999645
0.999645
0.999645
0.999645
0.999645
0.999645
0.999645
0.999645
0.999645
0.999645
0.999645
0.999645
0.999645
0.999645
0.999645
0.999645
0.999645
0.999645
0.999645
0.999645
0.999645
0.999645
0.999645
0.999645
0.999645
0.999645
0.999645
0.999645
0.999645
0.999645
0.999645
0.999645
0.999645
0.999645
0.999645
0.999645
0.999645
0.999645
0.999645
0.999645
0.999645
0.999645
0.999645
0.999645
0.999645
0.999645
0.999645
0.999645
0.999645
0.999645
0.999645
0.999645
0.999645
0.999645
0.999645
0.999645
0.999645
0.999645
0.999645
0.999645
0.999645
0.999645
0.999645
0.999645
0.999645
0.999645
0.999645
0.999645
0.999645
0.999645
0.999645
0.999645
0.999645
0.999645
0.999645
0.999645
0.999645
0.999645
0.999645
0.999645
0.999645
0.999645
0.999645
0.999645
0.999645
0.999645
0.999645
0.999645
0.999645
0.999645
0.999645
0.999645
0.999645
0.999645
0.999645
0.999645
0.999645
0.999645
0.999645
0.999645
0.999645
0.999645
0.999645
0.999645
0.999645
0.999645
0.999645
0.999645
0.999645
0.999645
0.999645
0.999645
0.999645
0.999645
0.999645
0.999645
0.999645
0.999645
0.999645
0.999645
0.999645
0.999645
0.999645
0.999645
0.999645
0.999645
0.999645
0.999645
0.999645
0.999645
0.999645
0.999645
0.999645
0.999645
0.999645
0.999645
0.999645
0.999645
0.999645
0.999645
0.999645
0.999645
0.999645
0.999645
0.999645
0.999645
0.999645
0.999645
0.999645
0.999645
0.999645
0.999645
0.999645
0.999645
0.999645
0.999645
0.999645
0.999645
0.999645
0.999645
0.999645
0.999645
0.999645
0.999645
0.999645
0.999645
0.999645
0.999645
0.999645
0.999645
0.999645
0.999645
0.999645
0.999645
0.999645
0.999645
0.999645
0.999645
0.999645
0.999645
0.999645
0.999645
0.999645
0.999645
0.999645
0.999645
0.999645
0.999645
0.999645
0.999645
0.999645
0.999645
0.999645
0.999645
0.999645
0.999645
0.999645
0.999645
0.999645
0.999645
0.999645
0.999645
0.999645
0.999645
0.999645
0.999645
0.999645
0.999645
0.999645
0.999645
0.999645
0.999645
0.999645
0.999645
0.999645
0.999645
0.999645
0.999645
0.999645
0.999645
0.999645
0.999645
0.999645
0.999645
0.999645
0.999645
0.999645
0.999645
0.999645
0.999645
0.999645
0.999645
0.999645
0.999645
0.999645
0.999645
0.999645
0.999645
0.999645
0.999645
0.999645
0.999645
0.999645
0.999645
0.999645
0.999645
0.999645
0.999645
0.999645
0.999645
0.999645
0.999645
0.999645
0.999645
0.999645
0.999645
0.999645
0.999645
0.999645
0.999645
0.999645
0.999645
0.999645
0.999645
0.999645
0.999645
0.999645
0.999645
0.999645
0.999645
0.999645
0.999645
0.999645
0.999645
0.999645
0.999645
0.999645
0.999645
0.999645
0.999645
0.999645
0.999645
0.999645
0.999645
0.999645
0.999645
0.999645
0.999645
0.999645
0.999645
0.999645
0.999645
0.999645
0.999645
0.999645
0.999645
0.999645
0.999645
0.999645
0.999645
0.999645
0.999645
0.999645
0.999645
0.999645
0.999645
0.999645
0.999645
0.999645
0.999645
0.999645
0.999645
0.999645
0.999645
0.999645
0.999645
0.999645
0.999645
0.999645
0.999645
0.999645
0.999645
0.999645
0.999645
0.999645
0.999645
0.999645
0.999645
0.999645
0.999645
0.999645
0.999645
0.999645
0.999645
0.999645
0.999645
0.999645
0.999645
0.999645
0.999645
0.999645
0.999645
0.999645
0.999645
0.999645
0.999645
0.999645
0.999645
0.999645
0.999645
0.999645
0.999645
0.999645
0.999645
0.999645
0.999645
0.999645
0.999645
0.999645
0.999645
0.999645
0.999645
0.999645
0.999645
0.999645
0.999645
0.999645
0.999645
0.999645
0.999645
0.999645
0.999645
0.999645
0.999645
0.999645
0.999645
0.999645
0.999645
0.999645
0.999645
0.999645
0.999645
0.999645
0.999645
0.999645
0.999645
0.999645
0.999645
0.999645
0.999645
0.999645
0.999645
0.999645
0.999645
0.999645
0.999645
0.999645
0.999645
0.999645
0.999645
0.999645
0.999645
0.999645
0.999645
0.999645
0.999645
0.999645
0.999645
0.999645
0.999645
0.999645
0.999645
0.999645
0.999645
0.999645
0.999645
0.999645
0.999645
0.999645
0.999645
0.999645
0.999645
0.999645
0.999645
0.999645
0.999645
0.999645
0.999645
0.999645
0.999645
0.999645
0.999645
0.999645
0.999645
0.999645
0.999645
0.999645
0.999645
0.999645
0.999645
0.999645
0.999645
0.999645
0.999645
0.999645
0.999645
0.999645
0.999645
0.999645
0.999645
0.999645
0.999645
0.999645
0.999645
0.999645
0.999645
0.999645
0.999645
0.999645
0.999645
0.999645
0.999645
0.999645
0.999645
0.999645
0.999645
0.999645
0.999645
0.999645
0.999645
0.999645
0.999645
0.999645
0.999645
0.999645
0.999645
0.999645
0.999645
0.999645
0.999645
0.999645
0.999645
0.999645
0.999645
0.999645
0.999645
0.999645
0.999645
0.999645
0.999645
0.999645
0.999645
0.999645
0.999645
0.999645
0.999645
0.999645
0.999645
0.999645
0.999645
0.999645
0.999645
0.999645
0.999645
0.999645
0.999645
0.999645
0.999645
0.999645
0.999645
0.999645
0.999645
0.999645
0.999645
0.999645
0.999645
0.999645
0.999645
0.999645
0.999645
0.999645
0.999645
0.999645
0.999645
0.999645
0.999645
0.999645
0.999645
0.999645
0.999645
0.999645
0.999645
0.999645
0.999645
0.999645
0.999645
0.999645
0.999645
0.999645
0.999645
0.999645
0.999645
0.999645
0.999645
0.999645
0.999645
0.999645
0.999645
0.999645
0.999645
0.999645
0.999645
0.999645
0.999645
0.999645
0.999645
0.999645
0.999645
0.999645
0.999645
0.999645
0.999645
0.999645
0.999645
0.999645
0.999645
0.999645
0.999645
0.999645
0.999645
0.999645
0.999645
0.999645
0.999645
0.999645
0.999645
0.999645
0.999645
0.999645
0.999645
0.999645
0.999645
0.999645
0.999645
0.999645
0.999645
0.999645
0.999645
0.999645
0.999645
0.999645
0.999645
0.999645
0.999645
0.999645
0.999645
0.999645
0.999645
0.999645
0.999645
0.999645
0.999645
0.999645
0.999645
0.999645
0.999645
0.999645
0.999645
0.999645
0.999645
0.999645
0.999645
0.999645
0.999645
0.999645
0.999645
0.999645
0.999645
0.999645
0.999645
0.999645
0.999645
0.999645
0.999645
0.999645
0.999645
0.999645
0.999645
0.999645
0.999645
0.999645
0.999645
0.999645
0.999645
0.999645
0.999645
0.999645
0.999645
0.999645
0.999645
0.999645
0.999645
0.999645
0.999645
0.999645
0.999645
0.999645
0.999645
0.999645
0.999645
0.999645
0.999645
0.999645
0.999645
0.999645
0.999645
0.999645
0.999645
0.999645
0.999645
0.999645
0.999645
0.999645
0.999645
0.999645
0.999645
0.999645
0.999645
0.999645
0.999645
0.999645
0.999645
0.999645
0.999645
0.999645
0.999645
0.999645
0.999645
0.999645
0.999645
0.999645
0.999645
0.999645
0.999645
0.999645
0.999645
0.999645
0.999645
0.999645
0.999645
0.999645
0.999645
0.999645
0.999645
0.999645
0.999645
0.999645
0.999645
0.999645
0.999645
0.999645
0.999645
0.999645
0.999645
0.999645
0.999645
0.999645
0.999645
0.999645
0.999645
0.999645
0.999645
0.999645
0.999645
0.999645
0.999645
0.999645
0.999645
0.999645
0.999645
0.999645
0.999645
0.999645
0.999645
0.999645
0.999645
0.999645
0.999645
0.999645
0.999645
0.999645
0.999645
0.999645
0.999645
0.999645
0.999645
0.999645
0.999645
0.999645
0.999645
0.999645
0.999645
0.999645
0.999645
0.999645
0.999645
0.999645
0.999645
0.999645
0.999645
0.999645
0.999645
0.999645
0.999645
0.999645
0.999645
0.999645
0.999645
0.999645
0.999645
0.999645
0.999645
0.999645
0.999645
0.999645
0.999645
0.999645
0.999645
0.999645
0.999645
0.999645
0.999645
0.999645
0.999645
0.999645
0.999645
0.999645
0.999645
0.999645
0.999645
0.999645
0.999645
0.999645
0.999645
0.999645
0.999645
0.999645
0.999645
0.999645
0.999645
0.999645
0.999645
0.999645
0.999645
0.999645
0.999645
0.999645
0.999645
0.999645
0.999645
0.999645
0.999645
0.999645
0.999645
0.999645
0.999645
0.999645
0.999645
0.999645
0.999645
0.999645
0.999645
0.999645
0.999645
0.999645
0.999645
0.999645
0.999645
0.999645
0.999645
0.999645
0.999645
0.999645
0.999645
0.999645
0.999645
0.999645
0.999645
0.999645
0.999645
0.999645
0.999645
0.999645
0.999645
0.999645
0.999645
0.999645
0.999645
0.999645
0.999645
0.999645
0.999645
0.999645
0.999645
0.999645
0.999645
0.999645
0.999645
0.999645
0.999645
0.999645
0.999645
0.999645
0.999645
0.999645
0.999645
0.999645
0.999645
0.999645
0.999645
0.999645
0.999645
0.999645
0.999645
0.999645
0.999645
0.999645
0.999645
0.999645
0.999645
0.999645
0.999645
0.999645
0.999645
0.999645
0.999645
0.999645
0.999645
0.999645
0.999645
0.999645
0.999645
0.999645
0.999645
0.999645
0.999645
0.999645
0.999645
0.999645
0.999645
0.999645
0.999645
0.999645
0.999645
0.999645
0.999645
0.999645
0.999645
0.999645
0.999645
0.999645
0.999645
0.999645
0.999645
0.999645
0.999645
0.999645
0.999645
0.999645
0.999645
0.999645
0.999645
0.999645
0.999645
0.999645
0.999645
0.999645
0.999645
0.999645
0.999645
0.999645
0.999645
0.999645
0.999645
0.999645
0.999645
0.999645
0.999645
0.999645
0.999645
0.999645
0.999645
0.999645
0.999645
0.999645
0.999645
0.999645
0.999645
0.999645
0.999645
0.999645
0.999645
0.999645
0.999645
0.999645
0.999645
0.999645
0.999645
0.999645
0.999645
0.999645
0.999645
0.999645
0.999645
0.999645
0.999645
0.999645
0.999645
0.999645
0.999645
0.999645
0.999645
0.999645
0.999645
0.999645
0.999645
0.999645
0.999645
0.999645
0.999645
0.999645
0.999645
0.999645
0.999645
0.999645
0.999645
0.999645
0.999645
0.999645
0.999645
0.999645
0.999645
0.999645
0.999645
0.999645
0.999645
0.999645
0.999645
0.999645
0.999645
0.999645
0.999645
0.999645
0.999645
0.999645
0.999645
0.999645
0.999645
0.999645
0.999645
0.999645
0.999645
0.999645
0.999645
0.999645
0.999645
0.999645
0.999645
0.999645
0.999645
0.999645
0.999645
0.999645
0.999645
0.999645
0.999645
0.999645
0.999645
0.999645
0.999645
0.999645
0.999645
0.999645
0.999645
0.999645
0.999645
0.999645
0.999645
0.999645
0.999645
0.999645
0.999645
0.999645
0.999645
0.999645
0.999645
0.999645
0.999645
0.999645
0.999645
0.999645
0.999645
0.999645
0.999645
0.999645
0.999645
0.999645
0.999645
0.999645
0.999645
0.999645
0.999645
0.999645
0.999645
0.999645
0.999645
0.999645
0.999645
0.999645
0.999645
0.999645
0.999645
0.999645
0.999645
0.999645
0.999645
0.999645
0.999645
0.999645
0.999645
0.999645
0.999645
0.999645
0.999645
0.999645
0.999645
0.999645
0.999645
0.999645
0.999645
0.999645
0.999645
0.999645
0.999645
0.999645
0.999645
0.999645
0.999645
0.999645
0.999645
0.999645
0.999645
0.999645
0.999645
0.999645
0.999645
0.999645
0.999645
0.999645
0.999645
0.999645
0.999645
0.999645
0.999645
0.999645
0.999645
0.999645
0.999645
0.999645
0.999645
0.999645
0.999645
0.999645
0.999645
0.999645
0.999645
0.999645
0.999645
0.999645
0.999645
0.999645
0.999645
0.999645
0.999645
0.999645
0.999645
0.999645
0.999645
0.999645
0.999645
0.999645
0.999645
0.999645
0.999645
0.999645
0.999645
0.999645
0.999645
0.999645
0.999645
0.999645
0.999645
0.999645
0.999645
0.999645
0.999645
0.999645
0.999645
0.999645
0.999645
0.999645
0.999645
0.999645
0.999645
0.999645
0.999645
0.999645
0.999645
0.999645
0.999645
0.999645
0.999645
0.999645
0.999645
0.999645
0.999645
0.999645
0.999645
0.999645
0.999645
0.999645
0.999645
0.999645
0.999645
0.999645
0.999645
0.999645
0.999645
0.999645
0.999645
0.999645
0.999645
0.999645
0.999645
0.999645
0.999645
0.999645
0.999645
0.999645
0.999645
0.999645
0.999645
0.999645
0.999645
0.999645
0.999645
0.999645
0.999645
0.999645
0.999645
0.999645
0.999645
0.999645
0.999645
0.999645
0.999645
0.999645
0.999645
0.999645
0.999645
0.999645
0.999645
0.999645
0.999645
0.999645
0.999645
0.999645
0.999645
0.999645
0.999645
0.999645
0.999645
0.999645
0.999645
0.999645
0.999645
0.999645
0.999645
0.999645
0.999645
0.999645
0.999645
0.999645
0.999645
0.999645
0.999645
0.999645
0.999645
0.999645
0.999645
0.999645
0.999645
0.999645
0.999645
0.999645
0.999645
0.999645
0.999645
0.999645
0.999645
0.999645
0.999645
0.999645
0.999645
0.999645
0.999645
0.999645
0.999645
0.999645
0.999645
0.999645
0.999645
0.999645
0.999645
0.999645
0.999645
0.999645
0.999645
0.999645
0.999645
0.999645
0.999645
0.999645
0.999645
0.999645
0.999645
0.999645
0.999645
0.999645
0.999645
0.999645
0.999645
0.999645
0.999645
0.999645
0.999645
0.999645
0.999645
0.999645
0.999645
0.999645
0.999645
0.999645
0.999645
0.999645
0.999645
0.999645
0.999645
0.999645
0.999645
0.999645
0.999645
0.999645
0.999645
0.999645
0.999645
0.999645
0.999645
0.999645
0.999645
0.999645
0.999645
0.999645
0.999645
0.999645
0.999645
0.999645
0.999645
0.999645
0.999645
0.999645
0.999645
0.999645
0.999645
0.999645
0.999645
0.999645
0.999645
0.999645
0.999645
0.999645
0.999645
0.999645
0.999645
0.999645
0.999645
0.999645
0.999645
0.999645
0.999645
0.999645
0.999645
0.999645
0.999645
0.999645
0.999645
0.999645
0.999645
0.999645
0.999645
0.999645
0.999645
0.999645
0.999645
0.999645
0.999645
0.999645
0.999645
0.999645
0.999645
0.999645
0.999645
0.999645
0.999645
0.999645
0.999645
0.999645
0.999645
0.999645
0.999645
0.999645
0.999645
0.999645
0.999645
0.999645
0.999645
0.999645
0.999645
0.999645
0.999645
0.999645
0.999645
0.999645
0.999645
0.999645
0.999645
0.999645
0.999645
0.999645
0.999645
0.999645
0.999645
0.999645
0.999645
0.999645
0.999645
0.999645
0.999645
0.999645
0.999645
0.999645
0.999645
0.999645
0.999645
0.999645
0.999645
0.999645
0.999645
0.999645
0.999645
0.999645
0.999645
0.999645
0.999645
0.999645
0.999645
0.999645
0.999645
0.999645
0.999645
0.999645
0.999645
0.999645
0.999645
0.999645
0.999645
0.999645
0.999645
0.999645
0.999645
0.999645
0.999645
0.999645
0.999645
0.999645
0.999645
0.999645
0.999645
0.999645
0.999645
0.999645
0.999645
0.999645
0.999645
0.999645
0.999645
0.999645
0.999645
0.999645
0.999645
0.999645
0.999645
0.999645
0.999645
0.999645
0.999645
0.999645
0.999645
0.999645
0.999645
0.999645
0.999645
0.999645
0.999645
0.999645
0.999645
0.999645
0.999645
0.999645
0.999645
0.999645
0.999645
0.999645
0.999645
0.999645
0.999645
0.999645
0.999645
0.999645
0.999645
0.999645
0.999645
0.999645
0.999645
0.999645
0.999645
0.999645
0.999645
0.999645
0.999645
0.999645
0.999645
0.999645
0.999645
0.999645
0.999645
0.999645
0.999645
0.999645
0.999645
0.999645
0.999645
0.999645
0.999645
0.999645
0.999645
0.999645
0.999645
0.999645
0.999645
0.999645
0.999645
0.999645
0.999645
0.999645
0.999645
0.999645
0.999645
0.999645
0.999645
0.999645
0.999645
0.999645
0.999645
0.999645
0.999645
0.999645
0.999645
0.999645
0.999645
0.999645
0.999645
0.999645
0.999645
0.999645
0.999645
0.999645
0.999645
0.999645
0.999645
0.999645
0.999645
0.999645
0.999645
0.999645
0.999645
0.999645
0.999645
0.999645
0.999645
0.999645
0.999645
0.999645
0.999645
0.999645
0.999645
0.999645
0.999645
0.999645
0.999645
0.999645
0.999645
0.999645
0.999645
0.999645
0.999645
0.999645
0.999645
0.999645
0.999645
0.999645
0.999645
0.999645
0.999645
0.999645
0.999645
0.999645
0.999645
0.999645
0.999645
0.999645
0.999645
0.999645
0.999645
0.999645
0.999645
0.999645
0.999645
0.999645
0.999645
0.999645
0.999645
0.999645
0.999645
0.999645
0.999645
0.999645
0.999645
0.999645
0.999645
0.999645
0.999645
0.999645
0.999645
0.999645
0.999645
0.999645
0.999645
0.999645
0.999645
0.999645
0.999645
0.999645
0.999645
0.999645
0.999645
0.999645
0.999645
0.999645
0.999645
0.999645
0.999645
0.999645
0.999645
0.999645
0.999645
0.999645
0.999645
0.999645
0.999645
0.999645
0.999645
0.999645
0.999645
0.999645
0.999645
0.999645
0.999645
0.999645
0.999645
0.999645
0.999645
0.999645
0.999645
0.999645
0.999645
0.999645
0.999645
0.999645
0.999645
0.999645
0.999645
0.999645
0.999645
0.999645
0.999645
0.999645
0.999645
0.999645
0.999645
0.999645
0.999645
0.999645
0.999645
0.999645
0.999645
0.999645
0.999645
0.999645
0.999645
0.999645
0.999645
0.999645
0.999645
0.999645
0.999645
0.999645
0.999645
0.999645
0.999645
0.999645
0.999645
0.999645
0.999645
0.999645
0.999645
0.999645
0.999645
0.999645
0.999645
0.999645
0.999645
0.999645
0.999645
0.999643
0.999638
0.99962
0.999563
0.999379
0.998782
0.996818
0.99132
0.985399
0.982123
0.980426
0.979526
0.979037
0.978764
0.978606
0.978508
0.97844
0.978385
0.97833
0.978255
0.978122
0.977816
0.976982
0.974459
0.969195
0.964894
0.962477
0.961077
0.960201
0.959612
0.959192
0.958881
0.958649
0.958475
0.958348
0.958255
0.958188
0.958141
0.958108
0.958084
0.958069
0.958058
0.95805
0.958045
0.958042
0.958039
0.958038
0.958037
0.958036
0.958036
0.958036
0.958035
0.958035
0.958035
0.958035
0.958035
0.958035
0.958035
0.958035
0.958035
0.958035
0.958035
0.958035
0.958035
0.958035
0.958035
0.958035
0.958035
0.958035
0.958035
0.958035
0.958035
0.958035
0.958035
0.958035
0.958035
0.958035
0.958035
0.958035
0.958035
0.958035
0.958035
0.958035
0.958035
0.958035
0.958035
0.958035
0.958035
0.958035
0.958035
0.958035
0.958035
0.958035
0.958035
0.958035
0.958035
0.958035
0.958035
0.958035
0.958035
0.958035
0.958035
0.958035
0.958035
0.958035
0.958035
0.958035
0.958035
0.958034
0.958031
0.958022
0.957991
0.95789
0.957564
0.956487
0.953472
0.950203
0.948481
0.947432
0.947106
0.946824
0.946585
0.946466
0.946477
0.946379
0.946209
0.946078
0.946071
0.946039
0.945888
0.94575
0.945698
0.945704
0.945597
0.94546
0.945368
0.94538
0.945329
0.945204
0.945103
0.945089
0.945084
0.944987
0.944892
0.944848
0.944864
0.944809
0.944727
0.944673
0.944686
0.944668
0.944608
0.944561
0.944562
0.944566
0.944534
0.944504
0.944501
0.944513
0.944506
0.944492
0.944482
0.944466
0.944408
0.944212
0.943567
0.942019
0.940691
0.939944
0.93968
0.939427
0.939304
0.939293
0.939264
0.939179
0.939109
0.939096
0.939104
0.939052
0.938999
0.938976
0.938994
0.938975
0.938943
0.938924
0.938936
0.938937
0.938922
0.938911
0.938902
0.938876
0.93878
0.938464
0.93745
0.93505
0.932933
0.931852
0.931164
0.930938
0.93079
0.93062
0.930513
0.930518
0.930487
0.930378
0.930286
0.930261
0.930272
0.930205
0.930131
0.930095
0.930121
0.930101
0.930065
0.930056
0.930064
0.930058
0.930019
0.929912
0.92962
0.928763
0.927611
0.926867
0.926556
0.926329
0.926222
0.926199
0.926159
0.926104
0.926064
0.926065
0.92606
0.926024
0.925997
0.926001
0.92601
0.925994
0.925956
0.925877
0.925671
0.925009
0.923604
0.922512
0.921904
0.921726
0.921528
0.921398
0.921355
0.921376
0.92132
0.921253
0.921226
0.921256
0.92125
0.92121
0.921133
0.920957
0.920417
0.919457
0.918768
0.918426
0.918343
0.91822
0.918144
0.918142
0.918153
0.918124
0.918088
0.91805
0.917969
0.917707
0.916924
0.915908
0.915349
0.915002
0.914849
0.914784
0.914698
0.914637
0.914612
0.914617
0.91458
0.914539
0.914521
0.914524
0.914493
0.914371
0.914006
0.913104
0.912198
0.911762
0.911401
0.91126
0.911259
0.911186
0.911082
0.911012
0.911034
0.911029
0.910978
0.910941
0.910936
0.910937
0.910884
0.910704
0.910172
0.908897
0.907717
0.907089
0.906666
0.906532
0.906486
0.906361
0.906253
0.906203
0.906223
0.906162
0.906071
0.906009
0.906021
0.906017
0.905961
0.905914
0.905907
0.905928
0.905915
0.905888
0.905873
0.905866
0.905825
0.905669
0.905162
0.903763
0.902153
0.901315
0.900715
0.900503
0.900462
0.900328
0.900208
0.900152
0.900188
0.900149
0.900076
0.900034
0.900061
0.900076
0.900045
0.899987
0.899884
0.899618
0.898847
0.89789
0.897241
0.897007
0.896864
0.896717
0.896629
0.896634
0.896614
0.896537
0.896478
0.89647
0.896492
0.896474
0.896438
0.896403
0.896344
0.896163
0.895549
0.894211
0.893072
0.892581
0.892197
0.891992
0.89195
0.891922
0.891819
0.891731
0.891704
0.891741
0.891721
0.891668
0.891616
0.891547
0.891351
0.890706
0.88966
0.888913
0.888652
0.888442
0.888265
0.888167
0.888187
0.888146
0.88805
0.887983
0.887992
0.888015
0.88798
0.88792
0.887838
0.887648
0.887056
0.885956
0.8851
0.884678
0.884541
0.884367
0.884249
0.884203
0.884221
0.884168
0.884095
0.884051
0.884074
0.884078
0.884037
0.883958
0.883793
0.883334
0.882299
0.881404
0.880822
0.88064
0.880545
0.880397
0.880289
0.880281
0.880302
0.880258
0.880195
0.880156
0.880123
0.879997
0.879552
0.878734
0.878125
0.877926
0.877735
0.877586
0.877514
0.877554
0.877527
0.877453
0.877359
0.877211
0.876817
0.876087
0.875483
0.875146
0.875069
0.874991
0.874874
0.874794
0.874805
0.87482
0.874762
0.874642
0.874397
0.873797
0.873011
0.872476
0.872127
0.872015
0.871974
0.871864
0.871775
0.871744
0.87177
0.871733
0.871665
0.87157
0.871371
0.870804
0.869966
0.869325
0.869041
0.868951
0.868805
0.868688
0.868628
0.868661
0.868631
0.868561
0.868504
0.868453
0.868308
0.867807
0.866936
0.866268
0.866003
0.865895
0.865723
0.865597
0.865538
0.865583
0.865555
0.86548
0.865416
0.865348
0.865185
0.86468
0.863871
0.863251
0.862959
0.862909
0.862818
0.862681
0.862588
0.862585
0.862623
0.862559
0.862394
0.862004
0.861327
0.860857
0.860641
0.860378
0.860224
0.860198
0.860234
0.860179
0.860088
0.860014
0.859943
0.859733
0.859085
0.858225
0.857653
0.857449
0.85729
0.857152
0.857072
0.857021
0.856952
0.856899
0.856903
0.856912
0.85685
0.856708
0.856399
0.855696
0.854904
0.854471
0.854079
0.85388
0.853858
0.853833
0.853707
0.853592
0.853541
0.853592
0.853581
0.853507
0.853404
0.853245
0.852851
0.852024
0.85131
0.850801
0.850611
0.850591
0.850464
0.850314
0.850211
0.850239
0.850258
0.850205
0.850121
0.850067
0.850022
0.849855
0.849269
0.848353
0.847695
0.847467
0.847356
0.847163
0.847015
0.846947
0.847
0.846968
0.846883
0.84682
0.846795
0.846787
0.846668
0.846232
0.84534
0.84458
0.844263
0.844109
0.84389
0.843736
0.843666
0.84371
0.84367
0.843584
0.843529
0.843518
0.843508
0.843427
0.843189
0.842573
0.84166
0.8411
0.840665
0.840448
0.840413
0.840398
0.840282
0.840157
0.84009
0.840128
0.840145
0.840068
0.839892
0.83948
0.838911
0.838618
0.83834
0.838171
0.838081
0.837994
0.837741
0.83723
0.836706
0.836424
0.836358
0.836222
0.836047
0.83592
0.835918
0.835946
0.83589
0.835794
0.835722
0.835651
0.835447
0.834813
0.833909
0.833257
0.833012
0.832896
0.832693
0.83253
0.832445
0.832491
0.832442
0.832335
0.832261
0.83225
0.832268
0.832189
0.83194
0.831301
0.830454
0.829981
0.829685
0.829412
0.829255
0.829258
0.82924
0.829139
0.829043
0.829014
0.829041
0.829009
0.828888
0.828592
0.827964
0.82733
0.82703
0.82673
0.826538
0.826459
0.8265
0.826451
0.826344
0.826227
0.826092
0.825861
0.825503
0.825089
0.824723
0.824438
0.824211
0.82395
0.823627
0.823325
0.823116
0.823009
0.822896
0.822729
0.822572
0.822439
0.822351
0.822275
0.822114
0.821828
0.821478
0.82113
0.820845
0.820669
0.820506
0.820215
0.819881
0.819605
0.819442
0.819423
0.819279
0.818996
0.818722
0.818499
0.81843
0.818384
0.818142
0.81782
0.817521
0.81731
0.817169
0.816965
0.8167
0.816443
0.816232
0.816039
0.815818
0.815591
0.815403
0.815268
0.815093
0.81483
0.814554
0.814318
0.814195
0.814098
0.813853
0.813544
0.813263
0.813075
0.812965
0.812762
0.812482
0.812223
0.812052
0.811948
0.811732
0.811432
0.811166
0.811024
0.811013
0.810772
0.81041
0.810098
0.809893
0.809934
0.809796
0.809439
0.809071
0.808788
0.808737
0.808741
0.808453
0.808066
0.807752
0.807576
0.807636
0.807464
0.807103
0.806748
0.806484
0.806465
0.806471
0.806184
0.805787
0.805462
0.805245
0.805299
0.805315
0.805014
0.804584
0.80416
0.803867
0.803781
0.803916
0.803902
0.803585
0.803157
0.802763
0.802487
0.80241
0.802505
0.802352
0.801996
0.801608
0.801316
0.801196
0.801273
0.801112
0.800748
0.800327
0.799991
0.799731
0.799715
0.799846
0.799769
0.799437
0.799033
0.798661
0.798369
0.798198
0.798267
0.798204
0.797886
0.797514
0.797223
0.797104
0.797128
0.796884
0.796509
0.79618
0.795943
0.795966
0.795929
0.79562
0.795251
0.794955
0.79483
0.794823
0.794562
0.794208
0.793916
0.793796
0.793828
0.793595
0.79323
0.792918
0.792702
0.792739
0.792609
0.792274
0.791934
0.791671
0.791646
0.791608
0.791306
0.790944
0.790653
0.790525
0.790595
0.790409
0.790045
0.789645
0.789353
0.789222
0.789323
0.789234
0.7889
0.788474
0.788139
0.787903
0.787922
0.787977
0.787719
0.787323
0.78691
0.786625
0.786532
0.786677
0.786733
0.786459
0.78605
0.785522
0.785116
0.784825
0.784619
0.78472
0.785021
0.785119
0.784864
0.784459
0.78387
0.783353
0.783032
0.782787
0.782819
0.783061
0.783137
0.782868
0.782456
0.78192
0.781522
0.781246
0.781168
0.781337
0.781463
0.78124
0.780858
0.780345
0.779912
0.779617
0.779407
0.779478
0.779674
0.779609
0.779294
0.77889
0.778502
0.778194
0.777944
0.777902
0.777995
0.777841
0.777504
0.777112
0.77677
0.776496
0.77636
0.776486
0.776645
0.776466
0.776101
0.775578
0.775082
0.774776
0.774555
0.774634
0.774893
0.774909
0.774611
0.774185
0.773628
0.773226
0.772949
0.772825
0.77296
0.773093
0.772885
0.772517
0.772058
0.771721
0.771471
0.771464
0.771619
0.771534
0.771217
0.770818
0.77044
0.770125
0.769843
0.769624
0.769592
0.769705
0.769687
0.7694
0.769023
0.768644
0.768367
0.768216
0.768276
0.768123
0.767793
0.767474
0.767226
0.767216
0.767137
0.766833
0.766482
0.766204
0.766079
0.766118
0.765908
0.765565
0.765259
0.765031
0.765048
0.764934
0.764619
0.764275
0.764007
0.76392
0.763942
0.763701
0.76335
0.763045
0.762824
0.762857
0.762805
0.762504
0.762115
0.761792
0.761554
0.761551
0.761598
0.761356
0.760995
0.760656
0.760403
0.760366
0.760453
0.760249
0.759888
0.759439
0.759124
0.758901
0.758937
0.759075
0.758904
0.758555
0.758099
0.757756
0.75751
0.75751
0.757699
0.757633
0.757316
0.756851
0.756335
0.756022
0.755798
0.75586
0.756111
0.756097
0.755799
0.755371
0.754855
0.754522
0.754277
0.754275
0.754474
0.754453
0.754158
0.753748
0.753309
0.75302
0.752822
0.752879
0.752955
0.752723
0.752358
0.751936
0.751645
0.751446
0.751504
0.751563
0.751318
0.750944
0.750519
0.750235
0.75007
0.750182
0.750325
0.750127
0.749765
0.749241
0.748797
0.748523
0.748386
0.748537
0.748749
0.748599
0.74826
0.747759
0.747259
0.746965
0.746758
0.746842
0.747103
0.74707
0.74677
0.746332
0.745778
0.745422
0.74517
0.745142
0.745375
0.74551
0.745287
0.744916
0.744364
0.743884
0.743603
0.743417
0.743524
0.743785
0.743727
0.743424
0.742986
0.742474
0.742154
0.741917
0.741926
0.742145
0.742137
0.74185
0.741436
0.740924
0.740595
0.740354
0.740355
0.740585
0.740625
0.740356
0.739962
0.739426
0.739045
0.738787
0.738695
0.738855
0.73896
0.738735
0.738376
0.737914
0.737582
0.737341
0.737326
0.737527
0.737512
0.737225
0.736807
0.736272
0.735921
0.735674
0.735633
0.735846
0.735959
0.735734
0.735373
0.734873
0.734478
0.734217
0.734095
0.734233
0.734358
0.73415
0.733802
0.733323
0.732934
0.732674
0.732546
0.732684
0.732853
0.732691
0.732372
0.731944
0.731517
0.731204
0.730927
0.730691
0.73064
0.730811
0.730884
0.730651
0.730303
0.729887
0.729572
0.729331
0.729267
0.729335
0.72915
0.728831
0.728504
0.728253
0.728162
0.728215
0.728016
0.727685
0.7273
0.727021
0.726815
0.726851
0.726976
0.726821
0.726517
0.726167
0.725854
0.725567
0.725287
0.725044
0.724897
0.724977
0.725068
0.724863
0.72453
0.724123
0.723817
0.723584
0.723554
0.723655
0.723485
0.723166
0.722768
0.722467
0.72224
0.722229
0.72233
0.722147
0.721817
0.721374
0.72103
0.720787
0.720738
0.720971
0.721163
0.720997
0.720678
0.72023
0.719719
0.719369
0.719082
0.718803
0.718561
0.718405
0.718529
0.71885
0.718883
0.718625
0.718255
0.71769
0.717214
0.716931
0.716716
0.716752
0.717024
0.717091
0.716848
0.716488
0.715953
0.715513
0.715245
0.715046
0.715107
0.71534
0.715295
0.715019
0.714642
0.714236
0.713954
0.713735
0.713729
0.713723
0.713474
0.713146
0.712856
0.712634
0.712632
0.712753
0.712589
0.712271
0.711825
0.711439
0.711187
0.711054
0.711186
0.711319
0.711125
0.710794
0.710313
0.709888
0.709627
0.709449
0.709547
0.709794
0.709725
0.709442
0.709037
0.708557
0.708239
0.708004
0.707935
0.708091
0.708084
0.70782
0.707453
0.70702
0.706731
0.706511
0.706512
0.7067
0.706636
0.706356
0.705963
0.70552
0.705228
0.705002
0.704969
0.705128
0.705059
0.704784
0.704421
0.704078
0.70383
0.703682
0.703749
0.703641
0.703357
0.703005
0.702723
0.702507
0.702506
0.702637
0.702492
0.70219
0.701764
0.701335
0.701045
0.700815
0.700744
0.700911
0.700989
0.700769
0.700444
0.700039
0.699728
0.699492
0.699395
0.699494
0.699392
0.699111
0.698753
0.698441
0.698207
0.698115
0.698167
0.697993
0.6977
0.697417
0.697193
0.697164
0.697294
0.69716
0.696859
0.696408
0.695901
0.695594
0.695366
0.69532
0.695552
0.69573
0.695555
0.69524
0.694753
0.694199
0.693876
0.693647
0.693577
0.693831
0.694191
0.694135
0.693861
0.693461
0.692795
0.692233
0.691931
0.691705
0.691649
0.691923
0.692311
0.692275
0.692009
0.691631
0.691024
0.690518
0.690231
0.690007
0.689974
0.690222
0.690407
0.690238
0.689931
0.689468
0.688947
0.688634
0.688406
0.688336
0.688545
0.688747
0.688592
0.688291
0.687838
0.687307
0.686987
0.686757
0.68667
0.686869
0.687101
0.686968
0.686676
0.686244
0.685692
0.685347
0.685112
0.684981
0.685138
0.685443
0.685393
0.68513
0.684761
0.684222
0.683819
0.68356
0.683348
0.683332
0.68351
0.683464
0.683209
0.682873
0.682533
0.682287
0.682109
0.682154
0.682119
0.681869
0.681533
0.681187
0.680942
0.680774
0.680842
0.68094
0.680756
0.680461
0.680099
0.679809
0.679581
0.679493
0.67945
0.679218
0.678928
0.678666
0.678457
0.678443
0.678564
0.678422
0.678139
0.677759
0.677418
0.677178
0.677009
0.677063
0.677006
0.67675
0.676402
0.676041
0.675797
0.675631
0.675724
0.675942
0.675842
0.67557
0.67518
0.674716
0.674416
0.674193
0.674108
0.674267
0.674317
0.674091
0.673763
0.673253
0.672816
0.672557
0.672357
0.672386
0.672716
0.672898
0.672727
0.672431
0.671983
0.671401
0.671046
0.670807
0.670625
0.670685
0.670947
0.670941
0.670698
0.670371
0.669933
0.669607
0.669372
0.6692
0.66925
0.669309
0.66911
0.668816
0.668477
0.668224
0.668028
0.668041
0.668171
0.668028
0.667745
0.667333
0.666857
0.666555
0.666331
0.666194
0.666316
0.666522
0.666404
0.666136
0.665769
0.665377
0.665111
0.6649
0.664841
0.664987
0.664936
0.664686
0.664352
0.663977
0.663713
0.6635
0.663441
0.663519
0.663367
0.663093
0.662759
0.662491
0.66228
0.662237
0.662373
0.662278
0.662016
0.661649
0.661237
0.660964
0.660751
0.660685
0.660842
0.660838
0.660604
0.660289
0.659909
0.659633
0.659419
0.659336
0.659453
0.659382
0.659131
0.658785
0.658401
0.658141
0.657934
0.657896
0.658068
0.658034
0.657793
0.65747
0.657083
0.656804
0.656586
0.656475
0.656561
0.656481
0.656232
0.655912
0.655609
0.655382
0.655232
0.655302
0.655295
0.655067
0.654762
0.654414
0.654161
0.653957
0.653917
0.654022
0.653893
0.653632
0.653297
0.652997
0.652774
0.652624
0.652668
0.65256
0.652307
0.651991
0.651714
0.651501
0.651405
0.651529
0.651495
0.651258
0.65094
0.650566
0.650301
0.650093
0.650024
0.650145
0.650064
0.649813
0.649462
0.649044
0.648769
0.648561
0.648497
0.648712
0.648893
0.648741
0.648469
0.64807
0.647531
0.647186
0.64695
0.646752
0.646726
0.646915
0.646916
0.646694
0.646404
0.646079
0.645835
0.645637
0.645603
0.645659
0.645481
0.645206
0.644836
0.644527
0.644307
0.64416
0.644243
0.644345
0.644171
0.643897
0.643509
0.64315
0.642912
0.64272
0.642712
0.642888
0.642822
0.64258
0.64225
0.641823
0.641526
0.641308
0.641158
0.64124
0.641381
0.641236
0.640976
0.640623
0.640277
0.640035
0.639834
0.639782
0.639868
0.639731
0.639477
0.639158
0.638886
0.638679
0.638592
0.638754
0.638825
0.638628
0.638337
0.63787
0.637262
0.636915
0.636678
0.636479
0.63642
0.636673
0.637066
0.637041
0.636813
0.636505
0.635995
0.635429
0.635121
0.634901
0.634727
0.634776
0.635105
0.635228
0.635049
0.634775
0.634361
0.633827
0.633504
0.63328
0.633098
0.633114
0.633359
0.633378
0.633162
0.632872
0.63243
0.632042
0.631799
0.6316
0.631549
0.631763
0.631902
0.631736
0.631471
0.631082
0.630601
0.630303
0.630086
0.629914
0.629955
0.630217
0.630232
0.630018
0.629737
0.629305
0.628824
0.62853
0.628297
0.628077
0.627888
0.627836
0.628068
0.628344
0.62825
0.62801
0.627683
0.627151
0.626683
0.626418
0.626212
0.626076
0.626192
0.626503
0.626488
0.626269
0.625977
0.625517
0.625075
0.624813
0.624605
0.624461
0.624547
0.624757
0.624668
0.624435
0.624127
0.623757
0.623492
0.623284
0.623136
0.623172
0.623078
0.622843
0.622523
0.622163
0.621919
0.621724
0.621674
0.621898
0.622061
0.621909
0.621655
0.621288
0.62078
0.620452
0.620225
0.620033
0.619974
0.620145
0.620186
0.619989
0.619723
0.619352
0.619038
0.618817
0.618633
0.618618
0.618832
0.618855
0.618652
0.618385
0.617992
0.617576
0.617308
0.617083
0.616863
0.616663
0.616518
0.616585
0.6168
0.61673
0.616505
0.616208
0.615797
0.615489
0.615272
0.615092
0.61508
0.615272
0.61524
0.615022
0.614733
0.6143
0.613943
0.613711
0.61352
0.613446
0.613614
0.61371
0.61354
0.613287
0.61293
0.612552
0.612305
0.612102
0.611951
0.612001
0.612062
0.611891
0.611645
0.611342
0.611089
0.610887
0.610747
0.610792
0.610718
0.610497
0.610212
0.609904
0.609675
0.609487
0.60942
0.60953
0.609452
0.609229
0.608937
0.608597
0.608351
0.608153
0.608021
0.608094
0.608097
0.607898
0.607641
0.607319
0.607066
0.606864
0.60671
0.606744
0.606715
0.606511
0.606257
0.605995
0.605786
0.605615
0.605608
0.605528
0.60531
0.605035
0.604749
0.604532
0.604351
0.604316
0.60444
0.604344
0.60412
0.603823
0.603464
0.603211
0.60301
0.602849
0.602876
0.602931
0.602764
0.602525
0.602231
0.601981
0.60178
0.601629
0.601653
0.601589
0.601377
0.601113
0.600836
0.60062
0.600436
0.600378
0.600422
0.600271
0.600042
0.599789
0.599572
0.599382
0.599299
0.599224
0.599024
0.59879
0.598552
0.598349
0.598182
0.598184
0.598191
0.598005
0.597764
0.597448
0.597169
0.596951
0.59675
0.59658
0.596558
0.596684
0.59659
0.596371
0.596093
0.59577
0.595534
0.595337
0.595191
0.595238
0.595268
0.595088
0.594845
0.594507
0.594206
0.593991
0.593808
0.593734
0.593866
0.593849
0.59365
0.593398
0.593069
0.592807
0.592601
0.592424
0.592383
0.592378
0.592198
0.591965
0.591716
0.59151
0.591337
0.591313
0.591365
0.591208
0.590972
0.59064
0.590291
0.590061
0.589872
0.589763
0.589881
0.590002
0.589856
0.589626
0.589302
0.588869
0.588589
0.588384
0.588207
0.588165
0.588365
0.588434
0.588263
0.588026
0.587692
0.587296
0.587043
0.586837
0.586659
0.586583
0.586685
0.586627
0.586424
0.586179
0.585926
0.585721
0.585544
0.585501
0.585467
0.585275
0.585034
0.58473
0.584491
0.5843
0.584161
0.58422
0.58432
0.584176
0.583949
0.583633
0.583242
0.582989
0.582794
0.582632
0.582642
0.582835
0.582788
0.582585
0.582325
0.581922
0.581552
0.581324
0.581136
0.580999
0.581069
0.581279
0.581206
0.581
0.580732
0.580318
0.579947
0.57972
0.57953
0.57938
0.579419
0.579634
0.579588
0.579389
0.579139
0.578766
0.57842
0.578197
0.578005
0.577844
0.577834
0.577968
0.577881
0.577677
0.57743
0.577177
0.57697
0.576779
0.576631
0.57651
0.576324
0.57612
0.575912
0.575715
0.575543
0.575471
0.575571
0.575502
0.5753
0.575042
0.574696
0.574436
0.57424
0.574075
0.574053
0.574247
0.574242
0.574053
0.573809
0.573423
0.572892
0.572585
0.572376
0.572193
0.57206
0.57214
0.572518
0.572638
0.572486
0.572264
0.571957
0.57143
0.570982
0.570743
0.57055
0.570382
0.57034
0.570575
0.57078
0.570666
0.570456
0.570181
0.569723
0.569278
0.569035
0.568841
0.568671
0.568613
0.568812
0.568981
0.568856
0.568646
0.568372
0.567947
0.567596
0.567378
0.567188
0.567025
0.566987
0.567195
0.567298
0.567152
0.566941
0.566678
0.566327
0.566061
0.565856
0.56566
0.565463
0.565268
0.565075
0.564896
0.564758
0.564799
0.564959
0.564868
0.564668
0.564414
0.564028
0.56369
0.563476
0.563294
0.563147
0.563174
0.563371
0.563319
0.563128
0.562888
0.562524
0.562159
0.561936
0.561748
0.561585
0.561547
0.561712
0.561701
0.561519
0.561294
0.560972
0.560647
0.560432
0.560245
0.560086
0.560054
0.560164
0.560074
0.559878
0.559635
0.559331
0.559099
0.558908
0.558739
0.55866
0.558729
0.558637
0.558442
0.558205
0.557935
0.557726
0.557542
0.557386
0.557363
0.557346
0.557175
0.55697
0.556764
0.556577
0.556409
0.556315
0.556191
0.556003
0.555798
0.555577
0.555381
0.555204
0.55507
0.555107
0.555145
0.554991
0.55479
0.55456
0.554345
0.554152
0.553961
0.553768
0.553567
0.553335
0.553094
0.552897
0.552718
0.55257
0.552579
0.552825
0.552863
0.552698
0.552484
0.552183
0.551741
0.551444
0.551244
0.551066
0.550917
0.550917
0.55109
0.551041
0.550858
0.550635
0.550315
0.550006
0.5498
0.549619
0.549461
0.54942
0.549528
0.549448
0.549259
0.549031
0.548728
0.548484
0.548294
0.548122
0.548
0.548044
0.548013
0.547837
0.547627
0.547364
0.547144
0.546959
0.546796
0.546723
0.546763
0.546642
0.546447
0.546203
0.545916
0.545707
0.545527
0.545374
0.54535
0.545458
0.545364
0.545174
0.544938
0.544589
0.544293
0.544094
0.543918
0.543771
0.543763
0.543917
0.543856
0.543675
0.543458
0.543161
0.542891
0.542697
0.54252
0.542366
0.54233
0.542337
0.542184
0.541989
0.541757
0.541547
0.541366
0.541206
0.541143
0.541192
0.541075
0.540882
0.54064
0.540312
0.540068
0.539882
0.539716
0.539605
0.539683
0.539755
0.539615
0.53942
0.539171
0.538844
0.53861
0.538425
0.538257
0.538128
0.538159
0.538167
0.538008
0.537811
0.537557
0.537305
0.537114
0.536942
0.536797
0.536787
0.536803
0.536652
0.536457
0.536209
0.535949
0.535756
0.535583
0.535435
0.53541
0.535467
0.535342
0.535152
0.534921
0.534638
0.534427
0.534247
0.534084
0.533973
0.534017
0.533965
0.533793
0.533597
0.533385
0.5332
0.533024
0.532862
0.532729
0.532569
0.532391
0.532211
0.532033
0.531861
0.53171
0.531667
0.53173
0.531619
0.531434
0.531211
0.530899
0.530644
0.530459
0.530289
0.530146
0.530132
0.530258
0.530183
0.530007
0.529805
0.529545
0.52931
0.529125
0.528948
0.528772
0.528599
0.528433
0.528279
0.52813
0.527993
0.527895
0.527924
0.527869
0.527701
0.527515
0.527316
0.527135
0.52696
0.526794
0.526635
0.526463
0.526288
0.526109
0.525934
0.525763
0.525614
0.525562
0.525637
0.525548
0.525371
0.525161
0.524864
0.524595
0.524408
0.524238
0.52409
0.524043
0.524141
0.524068
0.523894
0.523691
0.52341
0.523146
0.52296
0.52279
0.522641
0.52259
0.522676
0.522594
0.52242
0.522214
0.521923
0.521643
0.521453
0.521283
0.521132
0.521065
0.521226
0.521379
0.521271
0.521095
0.52089
0.520598
0.52014
0.519826
0.519632
0.519457
0.519285
0.519113
0.518941
0.518774
0.518626
0.518557
0.518717
0.518907
0.518815
0.518642
0.518439
0.518145
0.517745
0.517498
0.517319
0.517152
0.517005
0.516949
0.517076
0.517065
0.516907
0.51672
0.516473
0.516153
0.515933
0.515759
0.515598
0.515465
0.515468
0.515556
0.515448
0.515273
0.515067
0.514769
0.51449
0.514304
0.514135
0.513984
0.513899
0.513989
0.513984
0.51383
0.513646
0.513407
0.513095
0.512877
0.512704
0.512542
0.512407
0.512393
0.512502
0.512419
0.51225
0.51206
0.511818
0.511603
0.511429
0.511263
0.511106
0.510967
0.510809
0.510641
0.510467
0.510286
0.510114
0.50995
0.509803
0.509729
0.509851
0.509894
0.509754
0.509575
0.509352
0.508989
0.508646
0.508448
0.50828
0.508125
0.508013
0.508069
0.508229
0.508149
0.507983
0.507792
0.507523
0.50718
0.506964
0.506793
0.506634
0.506498
0.506476
0.506564
0.506471
0.506303
0.506107
0.505818
0.505483
0.505279
0.505112
0.504958
0.504848
0.504914
0.505168
0.505149
0.504995
0.504815
0.504575
0.504158
0.50375
0.503538
0.50337
0.503212
0.503078
0.503056
0.503254
0.503291
0.503151
0.502978
0.502769
0.502448
0.502142
0.501953
0.501788
0.501633
0.501506
0.501508
0.501609
0.501516
0.501352
0.501168
0.500921
0.500665
0.500484
0.500321
0.500168
0.500047
0.500051
0.500012
0.499859
0.499687
0.499477
0.499259
0.499087
0.498927
0.498782
0.498705
0.498749
0.498661
0.498498
0.498312
0.498049
0.497689
0.497462
0.497294
0.497136
0.496995
0.496928
0.497064
0.497144
0.497022
0.496856
0.496669
0.496408
0.496088
0.495882
0.495715
0.495554
0.495394
0.495236
0.495092
0.494996
0.49506
0.495076
0.494939
0.494774
0.494588
0.494365
0.494179
0.494016
0.493858
0.493705
0.493577
0.493463
0.493314
0.493156
0.492998
0.492844
0.492705
0.49263
0.49258
0.492439
0.492279
0.492115
0.491954
0.491796
0.491641
0.491504
0.491389
0.491244
0.491086
0.490927
0.490769
0.490611
0.490458
0.490324
0.490264
0.490199
0.490053
0.489893
0.489724
0.489555
0.489396
0.489241
0.489097
0.489
0.488937
0.4888
0.488643
0.488485
0.488329
0.488176
0.48804
0.487901
0.487746
0.487588
0.487425
0.48725
0.487085
0.486928
0.486777
0.486647
0.48661
0.48663
0.486511
0.486352
0.48618
0.485989
0.485823
0.485668
0.485521
0.485409
0.485348
0.485219
0.485062
0.484891
0.484668
0.484398
0.484213
0.484056
0.483909
0.483792
0.483808
0.483961
0.483901
0.48375
0.483583
0.483371
0.483031
0.482736
0.482559
0.482403
0.482256
0.482132
0.482121
0.482242
0.482178
0.482028
0.481863
0.481658
0.481363
0.481131
0.480966
0.480813
0.48067
0.480561
0.480588
0.480608
0.48048
0.480323
0.480146
0.4799
0.479643
0.47947
0.479316
0.479168
0.479042
0.479013
0.479062
0.478958
0.478804
0.478636
0.478422
0.478158
0.477973
0.477818
0.477668
0.477531
0.47745
0.477487
0.477414
0.477265
0.477106
0.476922
0.47671
0.476541
0.476388
0.476238
0.476099
0.476005
0.47597
0.475853
0.475702
0.475551
0.475399
0.475249
0.475103
0.474955
0.474805
0.474653
0.474501
0.474351
0.474201
0.474062
0.473956
0.473982
0.474024
0.473906
0.473753
0.473581
0.473343
0.472917
0.472557
0.47237
0.472216
0.47207
0.47194
0.471884
0.472055
0.472268
0.472197
0.472051
0.471894
0.471706
0.471411
0.471049
0.470846
0.47069
0.470541
0.470401
0.470287
0.470291
0.470337
0.470227
0.470077
0.469917
0.469721
0.469481
0.469305
0.469153
0.469007
0.46887
0.468776
0.46877
0.468676
0.46853
0.468377
0.468207
0.468024
0.467868
0.46772
0.467577
0.46745
0.467379
0.467285
0.467143
0.466995
0.466845
0.466694
0.466547
0.466402
0.466264
0.466159
0.466059
0.46592
0.465773
0.465624
0.465469
0.465317
0.465171
0.465026
0.464895
0.464812
0.464805
0.464703
0.464559
0.464412
0.464264
0.464114
0.463956
0.463771
0.463538
0.463353
0.463201
0.463055
0.462909
0.462764
0.462621
0.462491
0.462405
0.462458
0.462452
0.462323
0.462176
0.462017
0.461815
0.461552
0.461366
0.461216
0.461073
0.460937
0.460835
0.460844
0.460811
0.460678
0.460532
0.460375
0.460178
0.459975
0.45982
0.459675
0.459536
0.459413
0.459364
0.459317
0.459186
0.459041
0.458888
0.458702
0.458509
0.458356
0.458212
0.458074
0.457956
0.457925
0.457899
0.457772
0.457628
0.457473
0.457281
0.457042
0.45687
0.456724
0.456583
0.456452
0.456363
0.456379
0.456312
0.456175
0.456029
0.45587
0.455663
0.45545
0.455295
0.455152
0.455013
0.454888
0.454823
0.454801
0.454685
0.454543
0.454397
0.454232
0.454041
0.453884
0.453741
0.453601
0.453471
0.453379
0.453325
0.453205
0.453065
0.452922
0.452771
0.452614
0.45247
0.452329
0.452192
0.45207
0.451995
0.4519
0.451764
0.451624
0.451481
0.451336
0.451194
0.451054
0.450918
0.450795
0.450726
0.450653
0.450523
0.450382
0.450238
0.450079
0.449869
0.449644
0.449486
0.449343
0.449203
0.449064
0.448925
0.44879
0.448671
0.448616
0.448667
0.448596
0.448462
0.448322
0.448173
0.447992
0.447763
0.447593
0.447451
0.447313
0.447179
0.447064
0.447012
0.446936
0.446805
0.446666
0.446524
0.446367
0.446207
0.446065
0.445927
0.445794
0.445677
0.445629
0.445587
0.445465
0.445327
0.445187
0.445035
0.444843
0.444625
0.444466
0.444326
0.444188
0.44405
0.443914
0.443779
0.443656
0.443574
0.443583
0.443507
0.443375
0.443237
0.443094
0.442927
0.442722
0.442561
0.442422
0.442286
0.442156
0.442051
0.442026
0.441961
0.441833
0.441696
0.441552
0.441382
0.441156
0.440978
0.440837
0.440702
0.440571
0.44046
0.440428
0.440411
0.440295
0.44016
0.440022
0.43987
0.439673
0.439479
0.439333
0.439197
0.439064
0.438938
0.438845
0.438825
0.438743
0.438614
0.438479
0.438343
0.438202
0.438043
0.437867
0.43772
0.437583
0.437448
0.437314
0.437179
0.437045
0.436914
0.436789
0.436695
0.436628
0.43651
0.436378
0.436244
0.436108
0.435964
0.43582
0.435684
0.435551
0.435419
0.435294
0.435193
0.43509
0.434961
0.434828
0.434695
0.434561
0.434427
0.434294
0.434162
0.434036
0.433931
0.433867
0.433759
0.433629
0.433496
0.433362
0.433219
0.433051
0.432871
0.432728
0.432594
0.432462
0.43233
0.432201
0.432082
0.432002
0.431943
0.431827
0.431696
0.431564
0.431429
0.431284
0.431131
0.430994
0.430862
0.430732
0.430605
0.430495
0.430406
0.430288
0.430158
0.430027
0.429895
0.429764
0.429633
0.429503
0.429377
0.429265
0.429187
0.429081
0.428954
0.428823
0.42869
0.428548
0.42837
0.42817
0.428023
0.427892
0.427763
0.427636
0.427518
0.427436
0.427416
0.427328
0.427205
0.427079
0.426952
0.426822
0.42668
0.426548
0.426432
0.426323
0.42622
0.426129
0.42606
0.425991
0.425921
0.425858
0.425804
0.425754
0.425716
0.425687
0.425668
0.425664
0.425692
0.425711
0.425718
0.425731
0.425755
0.425786
0.425819
0.425844
0.425846
0.42586
0.425898
0.425945
0.425997
0.426054
0.426115
0.426182
0.426271
0.426374
0.426431
0.426469
0.426496
0.426513
0.426513
0.426485
0.426469
0.426459
0.426439
0.426408
0.426374
0.426347
0.426328
0.426297
0.426264
0.426233
0.426206
0.426179
0.426143
0.426083
0.426046
0.426032
0.426024
0.42602
0.426019
0.426022
0.426033
0.426062
0.426084
0.426102
0.426123
0.426149
0.426176
0.426201
0.42623
0.426261
0.426289
0.426315
0.42634
0.426362
0.426372
0.426377
0.426377
0.42637
0.42635
0.426309
0.426275
0.42625
0.426226
0.426204
0.426184
0.426167
0.42616
0.426168
0.426164
0.426153
0.426143
0.426135
0.426129
0.426121
0.426107
0.426083
0.426077
0.426079
0.426085
0.426093
0.426104
0.426119
0.426138
0.426166
0.426221
0.426293
0.426328
0.426352
0.426371
0.426387
0.426398
0.426402
0.42639
0.426335
0.426273
0.426253
0.426237
0.426219
0.4262
0.426188
0.4262
0.426241
0.426243
0.42623
0.426216
0.426202
0.426184
0.426149
0.426118
0.426108
0.426103
0.426101
0.426103
0.426119
0.426149
0.42616
0.426166
0.426174
0.426182
0.426189
0.426185
0.426166
0.426171
0.426189
0.426209
0.426228
0.426247
0.426267
0.426299
0.426338
0.426351
0.426355
0.426354
0.426349
0.426336
0.426311
0.426262
0.426227
0.426207
0.42619
0.426174
0.426163
0.42616
0.426179
0.426187
0.426182
0.426175
0.426169
0.426162
0.426148
0.426125
0.426118
0.426118
0.42612
0.426125
0.426136
0.426163
0.426199
0.426217
0.426232
0.426248
0.426265
0.42628
0.426293
0.426299
0.426283
0.426269
0.426273
0.426277
0.426279
0.426279
0.426277
0.426273
0.426271
0.426282
0.426281
0.426268
0.426253
0.42624
0.426227
0.426213
0.426196
0.426186
0.426179
0.426173
0.426169
0.426168
0.426174
0.426179
0.426179
0.42618
0.426182
0.426185
0.42619
0.426195
0.426202
0.426205
0.426198
0.426194
0.426204
0.426217
0.42623
0.426242
0.426252
0.426262
0.426271
0.426284
0.426294
0.426296
0.426294
0.426288
0.426279
0.42627
0.426264
0.426263
0.426254
0.426243
0.426233
0.426223
0.426211
0.426186
0.426129
0.426097
0.426088
0.426085
0.426084
0.426085
0.426097
0.426138
0.426174
0.426183
0.426188
0.426194
0.4262
0.426201
0.426193
0.426196
0.426206
0.426218
0.426229
0.426243
0.426264
0.42628
0.426286
0.426289
0.42629
0.426288
0.426281
0.426267
0.426257
0.426247
0.426236
0.426226
0.426216
0.426207
0.426197
0.426188
0.426181
0.426176
0.426172
0.426169
0.426171
0.426181
0.426185
0.426185
0.426185
0.426186
0.426184
0.426174
0.426157
0.426158
0.426164
0.426172
0.426181
0.426195
0.426221
0.426266
0.426287
0.426297
0.426303
0.426308
0.42631
0.42631
0.426305
0.426285
0.426234
0.426205
0.426194
0.426184
0.426176
0.426167
0.426161
0.426157
0.426161
0.426192
0.426311
0.42645
0.426479
0.426482
0.42648
0.426478
0.42647
0.426441
0.426332
0.426051
0.425915
0.425894
0.425894
0.4259
0.425907
0.42592
0.425954
0.426062
0.426261
0.426331
0.426348
0.426355
0.426359
0.42636
0.426352
0.426314
0.426248
0.426227
0.426219
0.426213
0.426206
0.426201
0.426203
0.426221
0.426226
0.426223
0.426218
0.426214
0.42621
0.426206
0.426203
0.426201
0.4262
0.4262
0.426201
0.426207
0.426214
0.426216
0.426219
0.426222
0.426226
0.42623
0.426233
0.426231
0.426229
0.426234
0.42624
0.426246
0.426251
0.426255
0.426259
0.426264
0.426277
0.426286
0.426285
0.426282
0.426277
0.426271
0.426266
0.42626
0.426256
0.426252
0.426248
0.426244
0.42624
0.426236
0.426231
0.426218
0.426176
0.426108
0.426089
0.426085
0.426085
0.426087
0.426091
0.426103
0.426145
0.426213
0.426235
0.426243
0.426248
0.426254
0.426258
0.426259
0.426249
0.426244
0.426246
0.426248
0.426249
0.42625
0.42625
0.426248
0.426244
0.426239
0.426229
0.426206
0.426187
0.426179
0.426174
0.42617
0.426167
0.426165
0.426164
0.426162
0.42616
0.426158
0.426154
0.426141
0.426128
0.426126
0.426127
0.426128
0.426132
0.426143
0.42618
0.426255
0.426282
0.42629
0.426295
0.426299
0.4263
0.426291
0.426248
0.426211
0.426205
0.426206
0.426206
0.426207
0.426212
0.42623
0.426251
0.426252
0.426249
0.426245
0.42624
0.426233
0.426218
0.426207
0.426203
0.426201
0.426199
0.426198
0.4262
0.426211
0.426218
0.426219
0.42622
0.42622
0.426222
0.426223
0.426225
0.426227
0.42623
0.426233
0.426236
0.426238
0.42624
0.426238
0.426239
0.426242
0.426245
0.426247
0.426249
0.426252
0.426257
0.426258
0.426256
0.426253
0.426249
0.426245
0.426239
0.426231
0.426226
0.426223
0.42622
0.426218
0.426216
0.426214
0.426212
0.426208
0.426199
0.426191
0.42619
0.42619
0.42619
0.426192
0.426195
0.426207
0.426232
0.426244
0.426248
0.426251
0.426254
0.426256
0.426254
0.426236
0.426187
0.426164
0.426162
0.426163
0.426163
0.426164
0.426165
0.426173
0.426205
0.426259
0.426273
0.426274
0.426271
0.426269
0.426266
0.426264
0.426262
0.42626
0.426256
0.426248
0.426219
0.426148
0.426113
0.426106
0.426105
0.426106
0.426106
0.426109
0.426115
0.426137
0.426198
0.426235
0.426244
0.426248
0.42625
0.426253
0.426255
0.426254
0.426244
0.42623
0.426227
0.426227
0.426227
0.426226
0.426225
0.426223
0.42622
0.426218
0.426215
0.426213
0.426211
0.42621
0.426212
0.42622
0.426235
0.426239
0.426238
0.426238
0.426237
0.426235
0.426232
0.426222
0.426198
0.42619
0.426189
0.42619
0.426191
0.426194
0.426199
0.426214
0.426246
0.426261
0.426265
0.426268
0.426269
0.42627
0.426264
0.42624
0.426175
0.426144
0.426138
0.426136
0.426135
0.426134
0.426138
0.426158
0.426218
0.426251
0.426255
0.426254
0.426253
0.426252
0.426249
0.426238
0.42622
0.426214
0.426212
0.426212
0.426212
0.426212
0.426215
0.426217
0.426218
0.426219
0.42622
0.42622
0.426212
0.426201
0.426199
0.426201
0.426202
0.426204
0.426206
0.42621
0.426218
0.426221
0.426222
0.426222
0.426221
0.42622
0.426218
0.426216
0.426214
0.426212
0.426211
0.426212
0.426218
0.426222
0.426222
0.426222
0.426222
0.426221
0.426221
0.426221
0.426221
0.426221
0.426222
0.426225
0.426227
0.426228
0.426229
0.42623
0.426231
0.426231
0.426227
0.426225
0.426225
0.426227
0.426228
0.426229
0.426231
0.426234
0.426238
0.426238
0.426238
0.426237
0.426236
0.426235
0.426231
0.426221
0.42621
0.426206
0.426204
0.426203
0.426202
0.426201
0.426201
0.426201
0.426203
0.42621
0.426234
0.426263
0.42627
0.426271
0.426271
0.426271
0.426271
0.426268
0.426258
0.426241
0.426237
0.426237
0.426239
0.426241
0.426243
0.426246
0.426249
0.42625
0.42625
0.426249
0.426246
0.426237
0.426209
0.426193
0.426189
0.426188
0.426187
0.426187
0.42619
0.426204
0.426232
0.426239
0.42624
0.426239
0.426239
0.426237
0.426232
0.426214
0.426199
0.426197
0.426197
0.426197
0.426197
0.426198
0.426202
0.426214
0.426221
0.426223
0.426224
0.426226
0.426227
0.426229
0.42623
0.426231
0.426231
0.42623
0.426225
0.42621
0.426197
0.426194
0.426192
0.426191
0.426191
0.42619
0.426189
0.426188
0.426189
0.426192
0.426205
0.426215
0.426216
0.426216
0.426216
0.426216
0.426216
0.426217
0.426217
0.426218
0.426218
0.426218
0.426219
0.426219
0.426217
0.426211
0.426201
0.426199
0.4262
0.426201
0.426202
0.426203
0.426205
0.426207
0.426207
0.426207
0.426206
0.426205
0.4262
0.426185
0.426171
0.426168
0.426167
0.426167
0.426167
0.426169
0.426178
0.426209
0.426229
0.426232
0.426232
0.426232
0.426231
0.426229
0.426222
0.42621
0.426207
0.426207
0.426208
0.426209
0.42621
0.426216
0.426224
0.426227
0.426228
0.426228
0.426229
0.426229
0.426226
0.426222
0.426222
0.426222
0.426222
0.426222
0.426222
0.426224
0.426224
0.426223
0.426223
0.426222
0.426221
0.426221
0.42622
0.42622
0.426219
0.426219
0.42622
0.426221
0.426221
0.42622
0.42622
0.42622
0.42622
0.426217
0.426214
0.426213
0.426214
0.426214
0.426214
0.426215
0.426216
0.426217
0.426218
0.426219
0.42622
0.426221
0.426221
0.426221
0.426221
0.426221
0.426221
0.426221
0.42622
0.426221
0.426223
0.426223
0.426222
0.426221
0.426221
0.42622
0.42622
0.426217
0.426212
0.42621
0.42621
0.42621
0.42621
0.42621
0.426211
0.426217
0.426227
0.426229
0.42623
0.42623
0.426231
0.426231
0.426231
0.426227
0.426216
0.426212
0.426212
0.426213
0.426213
0.426213
0.426214
0.426215
0.426223
0.426244
0.426257
0.426259
0.42626
0.426259
0.426259
0.426259
0.426257
0.426249
0.426225
0.426208
0.426205
0.426204
0.426204
0.426203
0.426203
0.426205
0.426211
0.426222
0.426225
0.426226
0.426226
0.426226
0.426226
0.426226
0.426225
0.426219
0.426214
0.426213
0.426214
0.426214
0.426215
0.426215
0.426215
0.426215
0.426215
0.426215
0.426214
0.426214
0.426215
0.426216
0.426218
0.426218
0.426218
0.426218
0.426217
0.426216
0.426216
0.426216
0.426216
0.42622
0.426223
0.426224
0.426224
0.426224
0.426224
0.426223
0.42622
0.426212
0.426207
0.426205
0.426205
0.426205
0.426206
0.426208
0.426214
0.42623
0.426242
0.426244
0.426245
0.426245
0.426244
0.426242
0.426235
0.426214
0.42619
0.426185
0.426185
0.426185
0.426186
0.426188
0.426191
0.4262
0.426219
0.426226
0.426226
0.426226
0.426225
0.426224
0.426223
0.426224
0.426224
0.426226
0.426227
0.426231
0.426238
0.426241
0.426242
0.426242
0.426241
0.42624
0.426236
0.426229
0.426208
0.426182
0.426176
0.426176
0.426177
0.426178
0.42618
0.426182
0.426182
0.426182
0.426182
0.426182
0.426184
0.426195
0.426237
0.426289
0.426301
0.426303
0.426304
0.426305
0.426306
0.426306
0.426306
0.4263
0.426278
0.426203
0.426126
0.426109
0.426104
0.426103
0.426104
0.426105
0.42611
0.426124
0.42617
0.426232
0.426249
0.426252
0.426252
0.426252
0.426251
0.426249
0.426243
0.426227
0.426211
0.426208
0.426208
0.426208
0.426209
0.426211
0.426211
0.426211
0.426209
0.426207
0.426203
0.426201
0.4262
0.4262
0.426201
0.426208
0.426233
0.426268
0.426279
0.426281
0.426282
0.426282
0.426281
0.426277
0.426265
0.426228
0.426149
0.426118
0.426113
0.426113
0.426114
0.426115
0.42612
0.426131
0.426166
0.426241
0.426271
0.426276
0.426276
0.426275
0.426274
0.426271
0.426263
0.426239
0.426211
0.426205
0.426204
0.426204
0.426204
0.426205
0.426208
0.426218
0.426241
0.426251
0.426252
0.426252
0.426252
0.426252
0.426251
0.426249
0.426247
0.426248
0.426248
0.426249
0.42625
0.426253
0.426258
0.426259
0.426259
0.426259
0.426258
0.426256
0.42625
0.426235
0.426189
0.426154
0.426147
0.426146
0.426146
0.426146
0.426147
0.42615
0.426162
0.426202
0.426249
0.42626
0.426262
0.426262
0.426262
0.426262
0.42626
0.426252
0.426224
0.426195
0.426189
0.426187
0.426186
0.426186
0.426187
0.426188
0.426195
0.42621
0.42622
0.426222
0.426223
0.426223
0.426223
0.426222
0.426218
0.426208
0.426197
0.426194
0.426194
0.426194
0.426195
0.426197
0.4262
0.426208
0.426228
0.42624
0.426242
0.426241
0.426241
0.426239
0.426238
0.426234
0.426226
0.426216
0.426215
0.426215
0.426216
0.426216
0.426217
0.42622
0.426226
0.426232
0.426234
0.426234
0.426234
0.426234
0.426234
0.426232
0.426225
0.426221
0.426221
0.42622
0.42622
0.426218
0.426217
0.426218
0.426224
0.426226
0.426226
0.426227
0.426228
0.42623
0.42623
0.426227
0.426226
0.426225
0.426225
0.426224
0.426223
0.426221
0.426219
0.426218
0.426215
0.426212
0.426211
0.426212
0.426213
0.426216
0.426219
0.426227
0.426233
0.426235
0.426235
0.426233
0.426231
0.426227
0.426223
0.426219
0.426217
0.426217
0.426218
0.426225
0.426237
0.426241
0.426245
0.426249
0.426252
0.426253
0.426251
0.426242
0.426225
0.426219
0.426214
0.426208
0.426205
0.426204
0.426204
0.426209
0.426217
0.426221
0.426225
0.426231
0.426234
0.426235
0.426235
0.426234
0.426232
0.42623
0.426226
0.426221
0.426211
0.426189
0.426169
0.426166
0.426166
0.426168
0.426172
0.426176
0.426179
0.426183
0.426191
0.426211
0.426257
0.426275
0.426277
0.426276
0.426276
0.426276
0.426274
0.42627
0.426258
0.426231
0.426221
0.426219
0.426219
0.426219
0.426219
0.426219
0.426225
0.426236
0.426239
0.42624
0.42624
0.426239
0.426238
0.426232
0.426216
0.426209
0.426208
0.426208
0.426209
0.42621
0.426214
0.426226
0.426236
0.426237
0.426236
0.426235
0.426233
0.426229
0.426222
0.42622
0.42622
0.426221
0.426225
0.426228
0.426228
0.426224
0.426205
0.426189
0.426182
0.426175
0.42617
0.426168
0.426168
0.426172
0.42619
0.426229
0.426252
0.426266
0.426273
0.426275
0.426275
0.426273
0.426267
0.426248
0.426207
0.426174
0.426162
0.426158
0.426157
0.426158
0.426162
0.42617
0.426189
0.426224
0.426246
0.426251
0.426253
0.426252
0.426249
0.426243
0.42623
0.426211
0.426201
0.426198
0.426197
0.426199
0.426205
0.426215
0.426225
0.42623
0.426232
0.426232
0.426227
0.426215
0.426209
0.426206
0.426203
0.426201
0.426204
0.426224
0.426238
0.426243
0.426247
0.42625
0.426252
0.426249
0.426227
0.426203
0.426196
0.42619
0.426183
0.42618
0.426179
0.426185
0.42621
0.426235
0.426246
0.426257
0.426265
0.426268
0.426268
0.426262
0.42624
0.426221
0.426211
0.4262
0.426192
0.426188
0.426188
0.426191
0.426197
0.426203
0.426209
0.426218
0.426229
0.42625
0.426281
0.42629
0.426291
0.426289
0.426286
0.426279
0.426271
0.42626
0.426239
0.426193
0.426161
0.426156
0.426156
0.426158
0.426162
0.426168
0.42618
0.426207
0.426247
0.426258
0.42626
0.42626
0.426259
0.426255
0.426242
0.426218
0.42621
0.426209
0.426209
0.426209
0.426212
0.426222
0.426229
0.42623
0.42623
0.42623
0.426227
0.426214
0.426196
0.426193
0.426192
0.426192
0.426193
0.426198
0.426219
0.426249
0.426256
0.426257
0.426257
0.426256
0.426253
0.426249
0.426251
0.426254
0.426257
0.426263
0.426277
0.426282
0.426281
0.426277
0.42627
0.426257
0.426224
0.426156
0.426128
0.426127
0.42613
0.426135
0.426141
0.42615
0.42617
0.426222
0.426268
0.426274
0.426271
0.426267
0.426264
0.426259
0.426247
0.426219
0.426189
0.426186
0.42619
0.426195
0.426199
0.426208
0.426229
0.426254
0.426257
0.426254
0.426248
0.426239
0.426224
0.426193
0.426158
0.426151
0.426151
0.426156
0.426167
0.426184
0.426217
0.426275
0.426303
0.426307
0.426306
0.426302
0.426293
0.426277
0.426249
0.426193
0.426152
0.426144
0.426144
0.426147
0.426153
0.426163
0.426177
0.426195
0.426234
0.426316
0.426368
0.426376
0.426376
0.426372
0.426362
0.42635
0.426335
0.426309
0.42625
0.426117
0.426044
0.426034
0.426035
0.426041
0.42605
0.42606
0.426072
0.426096
0.426153
0.426279
0.426335
0.426339
0.426335
0.426329
0.426323
0.426317
0.426308
0.426288
0.426236
0.426156
0.426139
0.42614
0.426144
0.426147
0.42615
0.426157
0.426169
0.426201
0.426264
0.426287
0.42629
0.426291
0.42629
0.426289
0.426285
0.426272
0.426233
0.426183
0.426169
0.426166
0.426164
0.426162
0.426162
0.426165
0.426184
0.426248
0.426329
0.426355
0.42636
0.42636
0.426358
0.426353
0.426344
0.426331
0.426301
0.42622
0.426124
0.426106
0.426107
0.426112
0.426118
0.426124
0.426131
0.426145
0.42618
0.426253
0.426278
0.426279
0.426277
0.426276
0.426275
0.42627
0.426256
0.426217
0.426188
0.426185
0.426186
0.426187
0.426188
0.426194
0.426211
0.426249
0.426261
0.426262
0.426261
0.42626
0.426257
0.426245
0.42621
0.426167
0.426158
0.426157
0.426157
0.426158
0.426159
0.426161
0.426165
0.426171
0.426181
0.426203
0.426261
0.426317
0.426326
0.426325
0.42632
0.426313
0.426306
0.4263
0.42629
0.426268
0.426216
0.426189
0.42619
0.426195
0.426199
0.426202
0.426208
0.426217
0.42624
0.426285
0.426297
0.426297
0.426295
0.426293
0.42629
0.426286
0.426276
0.42624
0.426192
0.42618
0.426179
0.42618
0.426179
0.426176
0.426174
0.426177
0.426208
0.426263
0.426278
0.426284
0.426291
0.4263
0.426305
0.426307
0.4263
0.426263
0.426195
0.426173
0.426161
0.426149
0.42614
0.426135
0.426134
0.426145
0.426189
0.426228
0.426239
0.426247
0.426256
0.426262
0.426267
0.426261
0.42622
0.426181
0.426172
0.426166
0.42616
0.426154
0.426149
0.426158
0.426207
0.426245
0.426253
0.426256
0.426261
0.426265
0.426269
0.426257
0.426221
0.426206
0.426202
0.426201
0.4262
0.4262
0.426211
0.426247
0.426263
0.426266
0.426265
0.426265
0.426262
0.426251
0.426213
0.426194
0.426192
0.426193
0.426193
0.426197
0.42621
0.426248
0.426271
0.426272
0.426271
0.426269
0.426265
0.426251
0.426215
0.426198
0.426199
0.426201
0.426203
0.42621
0.426231
0.426253
0.426254
0.426249
0.426244
0.426235
0.426212
0.426172
0.426162
0.426165
0.426172
0.426183
0.426201
0.426243
0.426276
0.426279
0.426276
0.426267
0.426251
0.42622
0.426182
0.426174
0.426173
0.426179
0.426196
0.426232
0.426282
0.426304
0.426311
0.426312
0.426302
0.426267
0.426216
0.426188
0.42617
0.42616
0.426155
0.426161
0.426206
0.426248
0.426262
0.426273
0.426282
0.426289
0.426282
0.426228
0.426188
0.42618
0.426176
0.426172
0.426167
0.426175
0.426221
0.426247
0.426252
0.426253
0.426254
0.426254
0.426233
0.426196
0.426189
0.426189
0.426191
0.426194
0.426209
0.42626
0.426328
0.426334
0.426329
0.426324
0.42632
0.426307
0.426266
0.426199
0.426188
0.426195
0.426206
0.426218
0.42624
0.426295
0.426341
0.426345
0.42634
0.426326
0.426302
0.426255
0.426175
0.426144
0.426138
0.42614
0.426152
0.426184
0.426244
0.426294
0.426318
0.42633
0.426336
0.426326
0.426264
0.426187
0.426168
0.426158
0.426149
0.426141
0.426143
0.426195
0.426268
0.426285
0.426288
0.426288
0.426288
0.426283
0.426234
0.426147
0.426131
0.426131
0.426134
0.426139
0.426152
0.426194
0.426281
0.426303
0.426295
0.426283
0.426271
0.426251
0.426195
0.426113
0.426094
0.426097
0.426111
0.426133
0.426171
0.426257
0.426333
0.426348
0.426348
0.426339
0.426314
0.426258
0.426152
0.426077
0.426052
0.426042
0.426039
0.426051
0.426104
0.426244
0.42633
0.426361
0.426384
0.426397
0.426406
0.426409
0.426394
0.426307
0.426142
0.426087
0.426076
0.42607
0.426062
0.426049
0.426039
0.426031
0.42603
0.42604
0.426059
0.426101
0.426229
0.426373
0.426421
0.426457
0.426491
0.426505
0.426509
0.426506
0.426481
0.426392
0.426218
0.42612
0.426065
0.42604
0.426031
0.426029
0.426038
0.426073
0.426173
0.426312
0.426392
0.426427
0.426438
0.426441
0.426434
0.426407
0.426327
0.42619
0.426103
0.426062
0.426047
0.426041
0.426045
0.426069
0.426142
0.426285
0.42638
0.426426
0.426443
0.426449
0.426448
0.426433
0.426384
0.426245
0.42609
0.426021
0.425993
0.425983
0.42598
0.425987
0.426011
0.426081
0.42624
0.426342
0.426372
0.426381
0.426384
0.42638
0.426359
0.426291
0.426203
0.426172
0.426162
0.426158
0.42616
0.426182
0.426256
0.426312
0.42632
0.42632
0.426316
0.426304
0.426258
0.426161
0.426131
0.426132
0.42614
0.426153
0.426176
0.426239
0.426336
0.42636
0.426355
0.426341
0.426319
0.426287
0.426216
0.426103
0.42607
0.426074
0.426088
0.426112
0.426144
0.426207
0.426333
0.4264
0.426407
0.426402
0.426383
0.42635
0.426294
0.426176
0.426065
0.426042
0.426042
0.426051
0.426072
0.426114
0.426203
0.42634
0.426398
0.426412
0.426415
0.426407
0.42638
0.426311
0.426169
0.426077
0.426046
0.426036
0.426032
0.426039
0.42607
0.426177
0.426333
0.426391
0.426414
0.426424
0.426429
0.426423
0.426388
0.426272
0.426183
0.426164
0.426159
0.426158
0.42616
0.42618
0.42626
0.426354
0.426372
0.426374
0.426372
0.426365
0.426342
0.426276
0.426108
0.426023
0.426018
0.426027
0.426036
0.426046
0.426064
0.426101
0.426212
0.426358
0.426387
0.426393
0.426396
0.426396
0.426396
0.426396
0.426396
0.426373
0.426251
0.42612
0.42609
0.426081
0.426073
0.426056
0.426034
0.426019
0.426018
0.426071
0.426259
0.426377
0.426405
0.426425
0.426456
0.426482
0.426496
0.426499
0.426465
0.42631
0.426126
0.426072
0.426037
0.425999
0.425978
0.425968
0.425968
0.426004
0.426147
0.426282
0.42632
0.42635
0.426381
0.426401
0.426413
0.426404
0.426326
0.426193
0.426156
0.426143
0.426131
0.426116
0.426103
0.426103
0.426186
0.426346
0.426398
0.426413
0.426422
0.426432
0.426441
0.426446
0.426399
0.426212
0.426087
0.426056
0.426047
0.426042
0.426034
0.426022
0.426016
0.426069
0.426242
0.426324
0.426346
0.426352
0.426352
0.426353
0.426354
0.426337
0.426229
0.426123
0.426108
0.426107
0.426109
0.42611
0.426121
0.426161
0.42629
0.42639
0.426398
0.426389
0.426378
0.426364
0.426334
0.426251
0.42612
0.42608
0.426074
0.426073
0.426078
0.426101
0.426166
0.426306
0.426398
0.426427
0.426437
0.426439
0.426429
0.426385
0.426264
0.426174
0.42613
0.426101
0.426083
0.426073
0.426086
0.426178
0.426298
0.426335
0.42636
0.42638
0.426392
0.426393
0.42634
0.426212
0.426171
0.426162
0.426153
0.426142
0.426134
0.42617
0.426279
0.426318
0.426329
0.426334
0.426337
0.426328
0.426269
0.426205
0.426197
0.426201
0.426207
0.426219
0.426261
0.426325
0.426328
0.426315
0.426302
0.426284
0.426233
0.426115
0.426054
0.426052
0.426062
0.426082
0.426116
0.4262
0.426367
0.426446
0.42645
0.42644
0.42642
0.426389
0.426324
0.426176
0.426065
0.426049
0.42605
0.426063
0.426088
0.426139
0.426265
0.42644
0.426486
0.426487
0.426477
0.426454
0.426416
0.426338
0.426162
0.426034
0.426013
0.426011
0.426017
0.426036
0.42608
0.426186
0.426375
0.426446
0.426455
0.426452
0.42644
0.426415
0.426359
0.426214
0.42606
0.426027
0.426022
0.426021
0.426027
0.42605
0.426118
0.426288
0.426385
0.426398
0.426395
0.426388
0.426376
0.42635
0.426279
0.426136
0.426093
0.426092
0.426093
0.426092
0.426095
0.426114
0.426187
0.426366
0.426447
0.426464
0.426464
0.42646
0.426458
0.426459
0.426448
0.426368
0.426148
0.42605
0.426026
0.426017
0.426014
0.426013
0.426012
0.426014
0.426044
0.426181
0.426362
0.426408
0.42642
0.426428
0.426438
0.426449
0.426455
0.426456
0.426453
0.426445
0.426423
0.426351
0.426164
0.426057
0.426021
0.425996
0.425984
0.425979
0.42598
0.425987
0.426004
0.426057
0.426214
0.426346
0.42638
0.426393
0.426401
0.426408
0.426406
0.426384
0.426302
0.426203
0.426176
0.42617
0.42617
0.426172
0.42618
0.426216
0.426302
0.426331
0.426335
0.426339
0.426344
0.426342
0.426311
0.426218
0.426174
0.426166
0.426166
0.426172
0.426183
0.426211
0.426287
0.426336
0.42634
0.426337
0.426337
0.426335
0.42632
0.426253
0.426182
0.426164
0.426159
0.426158
0.426163
0.42618
0.426231
0.426308
0.426325
0.426323
0.42632
0.426318
0.426315
0.42629
0.426229
0.426208
0.426203
0.4262
0.4262
0.426208
0.426235
0.426263
0.426269
0.426266
0.426258
0.426248
0.426231
0.426197
0.426185
0.426187
0.426187
0.426186
0.426186
0.426202
0.426223
0.426232
0.426238
0.426242
0.426241
0.426232
0.426225
0.426223
0.426226
0.426235
0.426253
0.426285
0.426295
0.426291
0.426285
0.426282
0.426279
0.42626
0.426231
0.426224
0.426218
0.426211
0.426209
0.426219
0.426261
0.426309
0.426321
0.426322
0.426318
0.426312
0.426303
0.426273
0.426223
0.426213
0.426213
0.42621
0.426204
0.426203
0.426222
0.426286
0.426327
0.426337
0.426338
0.426334
0.426325
0.426312
0.426276
0.426211
0.426194
0.426194
0.426192
0.426187
0.426183
0.426193
0.426241
0.426299
0.426315
0.426319
0.426317
0.426311
0.426301
0.426283
0.426237
0.426216
0.426216
0.426216
0.426211
0.426205
0.426208
0.426238
0.426286
0.426303
0.426307
0.426306
0.426299
0.426289
0.426272
0.426241
0.426232
0.426237
0.426241
0.426239
0.426235
0.426238
0.426264
0.426284
0.426294
0.4263
0.426299
0.426292
0.426276
0.426246
0.426227
0.42623
0.426239
0.426244
0.426244
0.426242
0.426254
0.426272
0.426277
0.426283
0.42629
0.426291
0.426282
0.426258
0.426235
0.42623
0.426236
0.426247
0.426256
0.426262
0.426268
0.426265
0.426261
0.426261
0.426266
0.426272
0.426265
0.426243
0.426226
0.426214
0.426209
0.426211
0.426222
0.426242
0.426278
0.426292
0.426287
0.426281
0.426281
0.426287
0.426298
0.426295
0.426285
0.426279
0.426269
0.426263
0.426264
0.426275
0.426298
0.426312
0.426311
0.426298
0.426284
0.426277
0.426276
0.426277
0.426279
0.426282
0.42628
0.426272
0.426267
0.42627
0.42628
0.426295
0.426305
0.426306
0.426296
0.426274
0.426253
0.426249
0.426256
0.426268
0.426274
0.426275
0.426273
0.426284
0.426291
0.426295
0.426307
0.426319
0.426323
0.426317
0.426294
0.426272
0.426266
0.426271
0.426286
0.426296
0.426299
0.426292
0.426277
0.426267
0.426266
0.426273
0.426275
0.426268
0.426265
0.426253
0.426237
0.426231
0.426235
0.426259
0.426283
0.426288
0.426282
0.426263
0.426247
0.426242
0.426244
0.426254
0.426267
0.426271
0.426268
0.426257
0.426255
0.426267
0.426303
0.426328
0.426336
0.426335
0.426317
0.426298
0.42629
0.426293
0.426313
0.426333
0.426339
0.426332
0.42631
0.426294
0.426287
0.426284
0.426295
0.426306
0.426309
0.426299
0.426279
0.42627
0.426273
0.426289
0.42631
0.426318
0.426307
0.426277
0.426256
0.426248
0.426253
0.426276
0.426296
0.426315
0.426321
0.426302
0.426285
0.426283
0.426292
0.426313
0.426323
0.426318
0.426304
0.42628
0.426268
0.426271
0.426298
0.426326
0.426341
0.426338
0.426317
0.426293
0.426282
0.426273
0.426275
0.426291
0.426297
0.426289
0.426264
0.426245
0.42625
0.426293
0.426391
0.426442
0.42645
0.426432
0.426404
0.426389
0.426391
0.42641
0.426432
0.42642
0.426333
0.426222
0.42618
0.426169
0.426179
0.426209
0.426233
0.42624
0.42623
0.426204
0.426204
0.426271
0.426362
0.426408
0.426428
0.42643
0.426407
0.426376
0.42636
0.426357
0.426366
0.426362
0.426366
0.42636
0.426326
0.426299
0.426294
0.426306
0.426339
0.426367
0.426373
0.426354
0.426311
0.426263
0.426225
0.426241
0.426277
0.426297
0.426295
0.426267
0.426234
0.426234
0.426297
0.426423
0.426479
0.426494
0.426482
0.426443
0.426412
0.426406
0.426424
0.426464
0.426475
0.426411
0.426319
0.426265
0.426242
0.426241
0.426269
0.426311
0.426332
0.426336
0.426331
0.426365
0.426386
0.426399
0.426444
0.426485
0.426498
0.426483
0.426433
0.426388
0.426348
0.426348
0.42639
0.426417
0.426421
0.426395
0.426356
0.42635
0.42636
0.426397
0.426448
0.426474
0.426467
0.426421
0.426365
0.426335
0.426345
0.426399
0.426447
0.426463
0.426452
0.426424
0.426444
0.426461
0.426488
0.426546
0.426582
0.426581
0.426538
0.42648
0.426442
0.42641
0.426397
0.42643
0.426448
0.426436
0.426385
0.426344
0.426333
0.426369
0.426493
0.426588
0.426609
0.426586
0.426531
0.426493
0.42649
0.426534
0.426609
0.426639
0.426632
0.426584
0.426539
0.426517
0.426553
0.426668
0.426753
0.426781
0.42676
0.426706
0.426656
0.426634
0.426649
0.42671
0.426707
0.426671
0.426615
0.426563
0.426498
0.426465
0.426523
0.426611
0.426638
0.426642
0.426716
0.426695
0.426614
0.426593
0.42666
0.42667
0.426543
0.426295
0.425851
0.425056
0.423676
0.421365
0.417236
0.409803
0.396997
0.376094
0.345439
0.307278
0.274488
0.264566
0.262134
0.262283
0.261795
0.259222
0.255497
0.254837
0.254774
0.254958
0.255674
0.257881
0.260589
0.261543
0.262042
0.26201
0.260338
0.259827
0.260159
0.26062
0.261817
0.265654
0.268405
0.269035
0.269198
0.26794
0.265336
0.264863
0.264959
0.265284
0.266722
0.270135
0.271186
0.271241
0.270837
0.268518
0.265896
0.265117
0.264761
0.264555
0.265383
0.267172
0.267299
0.267027
0.266199
0.263172
0.260802
0.260385
0.260321
0.260967
0.263499
0.264788
0.26504
0.265187
0.264987
0.263214
0.262502
0.262706
0.263112
0.264579
0.267955
0.269249
0.269506
0.269407
0.26793
0.265532
0.265034
0.264917
0.264874
0.265767
0.267484
0.267589
0.267338
0.26669
0.264258
0.261949
0.261529
0.261459
0.261936
0.264046
0.26548
0.265818
0.266007
0.265951
0.264471
0.263508
0.263583
0.263853
0.264896
0.267586
0.268652
0.26877
0.26861
0.267381
0.265088
0.264285
0.263984
0.263812
0.264306
0.266023
0.266418
0.26634
0.265989
0.264404
0.262601
0.2624
0.262502
0.262993
0.264747
0.266642
0.267154
0.267357
0.267215
0.265813
0.264625
0.264519
0.264589
0.265055
0.266742
0.267476
0.267414
0.267186
0.266323
0.264143
0.263217
0.263057
0.26309
0.263819
0.265488
0.266
0.266134
0.266202
0.265698
0.26433
0.2641
0.264176
0.264475
0.265728
0.267239
0.267452
0.267407
0.267078
0.265763
0.264403
0.264075
0.263955
0.264069
0.26509
0.266004
0.266102
0.26608
0.265807
0.264641
0.264122
0.264148
0.264289
0.26488
0.266318
0.266837
0.266888
0.266801
0.266155
0.264908
0.264521
0.264409
0.264388
0.264867
0.265917
0.266119
0.266114
0.265987
0.265275
0.264492
0.264431
0.264494
0.264753
0.26569
0.266431
0.266528
0.266506
0.266235
0.265276
0.264703
0.264574
0.264525
0.264695
0.265538
0.265928
0.265959
0.265938
0.265677
0.264917
0.264729
0.264756
0.264868
0.265354
0.266118
0.266259
0.266247
0.26611
0.265525
0.264825
0.264658
0.264605
0.264672
0.265233
0.265825
0.265916
0.265936
0.26589
0.265418
0.265016
0.264996
0.26504
0.265244
0.265857
0.266115
0.266115
0.26605
0.265756
0.265047
0.264758
0.2647
0.264705
0.264953
0.265577
0.265768
0.265809
0.265826
0.265665
0.265203
0.265112
0.265128
0.265212
0.265581
0.265976
0.266011
0.26598
0.265849
0.265377
0.264939
0.264854
0.264837
0.264925
0.265367
0.265707
0.265773
0.265801
0.265774
0.265448
0.265207
0.265194
0.26522
0.265361
0.265713
0.265805
0.265791
0.265731
0.26548
0.265038
0.264919
0.264899
0.264932
0.265184
0.265619
0.265732
0.265763
0.265773
0.265632
0.265303
0.265241
0.265245
0.265292
0.265516
0.265756
0.265775
0.265755
0.265676
0.265389
0.265151
0.265114
0.265116
0.265191
0.265457
0.265604
0.265638
0.265654
0.265596
0.26533
0.265226
0.265222
0.26524
0.26535
0.265586
0.26563
0.26562
0.26558
0.265407
0.265169
0.265126
0.265127
0.26517
0.265379
0.265684
0.265764
0.265785
0.265784
0.265669
0.265443
0.265396
0.26539
0.265393
0.265476
0.265564
0.265564
0.265548
0.265475
0.265261
0.265168
0.265165
0.265181
0.26526
0.265483
0.265594
0.265617
0.265621
0.26557
0.265409
0.265356
0.265348
0.265347
0.265406
0.265546
0.265571
0.265565
0.265537
0.265414
0.265272
0.265255
0.265261
0.265294
0.265428
0.265594
0.26563
0.265637
0.265623
0.26552
0.265399
0.265375
0.265367
0.265369
0.26543
0.265476
0.265477
0.265467
0.265415
0.265294
0.265267
0.265271
0.265288
0.265358
0.265504
0.265546
0.26555
0.265542
0.265484
0.26538
0.26535
0.265341
0.265343
0.265409
0.265558
0.265594
0.265598
0.265597
0.265567
0.265458
0.265422
0.265422
0.265429
0.265457
0.265481
0.265481
0.265471
0.265428
0.265324
0.26528
0.265271
0.265271
0.265304
0.265436
0.265514
0.265527
0.265532
0.26553
0.265483
0.265444
0.265441
0.265446
0.26547
0.265534
0.265554
0.265552
0.265543
0.265506
0.265418
0.265386
0.265382
0.265384
0.265409
0.265442
0.26545
0.265453
0.265448
0.265397
0.265356
0.265352
0.265355
0.26537
0.265442
0.265507
0.265514
0.265512
0.265502
0.265461
0.265419
0.265413
0.265414
0.265426
0.265466
0.265491
0.265497
0.265499
0.265485
0.265431
0.265409
0.265407
0.265408
0.265421
0.265469
0.265487
0.265487
0.265483
0.265464
0.265416
0.2654
0.2654
0.265403
0.265418
0.265438
0.265443
0.265445
0.265435
0.265399
0.265385
0.265383
0.265383
0.265396
0.265461
0.265508
0.265514
0.265513
0.265507
0.265481
0.265451
0.265448
0.265449
0.265456
0.26548
0.265499
0.265501
0.2655
0.265489
0.265451
0.265415
0.265406
0.265403
0.265402
0.265404
0.265403
0.265401
0.265391
0.265369
0.265365
0.265367
0.265373
0.265394
0.26547
0.265532
0.265541
0.265541
0.265537
0.265523
0.265477
0.26544
0.265432
0.265429
0.265429
0.265429
0.265429
0.265426
0.26541
0.265396
0.265396
0.265398
0.265405
0.265431
0.265477
0.265488
0.265488
0.265486
0.265477
0.265445
0.265422
0.265419
0.265419
0.265422
0.265432
0.26544
0.265443
0.265444
0.265441
0.265436
0.265435
0.265435
0.26544
0.265464
0.265476
0.265476
0.265475
0.265471
0.265453
0.265439
0.265439
0.265442
0.265448
0.265464
0.265474
0.265476
0.265475
0.265468
0.265441
0.265414
0.265405
0.265401
0.265398
0.265399
0.265403
0.265403
0.265403
0.2654
0.265401
0.265403
0.265408
0.265423
0.265468
0.265497
0.265501
0.265502
0.265499
0.265487
0.265465
0.265457
0.265455
0.265454
0.265458
0.26547
0.265473
0.265474
0.265473
0.265466
0.265436
0.265416
0.265413
0.265412
0.265411
0.265409
0.265401
0.265383
0.265373
0.265371
0.26537
0.265373
0.265387
0.265444
0.265504
0.26552
0.265525
0.265527
0.265527
0.265519
0.265486
0.265459
0.265451
0.265446
0.265441
0.265436
0.265422
0.265403
0.265399
0.265399
0.265401
0.265407
0.265425
0.265456
0.265466
0.265469
0.265469
0.265467
0.265453
0.265432
0.265427
0.265425
0.265424
0.265424
0.26543
0.265433
0.265433
0.265432
0.26543
0.265431
0.265433
0.265438
0.265454
0.265469
0.265471
0.265471
0.265469
0.265459
0.265447
0.265443
0.265441
0.265441
0.265448
0.26546
0.265462
0.265463
0.265462
0.265455
0.265429
0.265419
0.265417
0.265417
0.265418
0.265423
0.265425
0.265424
0.265421
0.265417
0.265415
0.265415
0.265421
0.26545
0.265472
0.265476
0.265477
0.265478
0.265476
0.265463
0.265455
0.265454
0.265455
0.265457
0.265466
0.265472
0.265471
0.26547
0.265467
0.265456
0.265426
0.265411
0.265408
0.265408
0.265409
0.265405
0.265396
0.265393
0.265393
0.265393
0.265394
0.265402
0.265446
0.265486
0.265492
0.265493
0.265492
0.26549
0.265479
0.265456
0.265451
0.265452
0.265455
0.265461
0.26547
0.265472
0.265472
0.265469
0.265458
0.265434
0.265421
0.265417
0.265415
0.265414
0.265412
0.265407
0.265397
0.265392
0.265393
0.265394
0.2654
0.26542
0.265474
0.2655
0.265503
0.265502
0.2655
0.265493
0.265474
0.265446
0.265436
0.265434
0.265435
0.265435
0.265436
0.265436
0.26543
0.265426
0.265428
0.26543
0.265435
0.265452
0.265467
0.265468
0.265466
0.265461
0.265449
0.265419
0.265402
0.265399
0.265398
0.265401
0.265413
0.265429
0.265436
0.26544
0.265443
0.265446
0.265447
0.265448
0.265453
0.265469
0.265475
0.265474
0.265471
0.265464
0.265445
0.265434
0.265432
0.265432
0.265438
0.265457
0.265472
0.265477
0.26548
0.265482
0.265473
0.265437
0.265422
0.265419
0.265416
0.265412
0.265409
0.265405
0.265401
0.265391
0.265386
0.265385
0.265387
0.265398
0.265434
0.265466
0.265476
0.26548
0.265482
0.265482
0.265474
0.265471
0.265472
0.265475
0.265488
0.26551
0.265515
0.265516
0.265513
0.265504
0.265472
0.265438
0.265421
0.26541
0.265402
0.265396
0.265387
0.265365
0.265347
0.265345
0.265345
0.26535
0.265365
0.26541
0.26548
0.265514
0.265535
0.265543
0.265547
0.265549
0.265547
0.265534
0.265479
0.265417
0.265403
0.265398
0.265391
0.265384
0.265379
0.265377
0.265378
0.265401
0.265454
0.265471
0.265474
0.265474
0.265473
0.265469
0.265447
0.26541
0.265405
0.265408
0.265411
0.265419
0.265439
0.265448
0.265449
0.265446
0.265443
0.265441
0.26544
0.265441
0.265462
0.265489
0.265491
0.265489
0.265486
0.265473
0.265434
0.265415
0.265414
0.265416
0.265421
0.265438
0.265458
0.265463
0.265464
0.265462
0.265447
0.26542
0.265412
0.265408
0.265407
0.265406
0.265406
0.265405
0.265401
0.265398
0.265399
0.265402
0.265412
0.265446
0.2655
0.265511
0.26551
0.265508
0.265501
0.26548
0.265451
0.265444
0.265444
0.265445
0.265453
0.265467
0.265474
0.265477
0.265477
0.265465
0.265432
0.265419
0.265413
0.265408
0.265404
0.265401
0.265399
0.265392
0.265382
0.265382
0.265384
0.26539
0.265405
0.265452
0.26553
0.265549
0.265551
0.26555
0.265545
0.265538
0.265527
0.265501
0.265428
0.265368
0.265359
0.265359
0.265362
0.265368
0.265376
0.265386
0.265405
0.265456
0.26549
0.265494
0.265494
0.265491
0.265482
0.265459
0.265421
0.265406
0.265402
0.265401
0.265406
0.265424
0.265435
0.265439
0.265442
0.265443
0.265439
0.265438
0.26544
0.265445
0.265468
0.265486
0.265486
0.265484
0.265476
0.265454
0.265424
0.265416
0.265414
0.265417
0.26543
0.265445
0.265451
0.265455
0.265456
0.265442
0.265419
0.265416
0.265416
0.265417
0.265429
0.265449
0.26545
0.265447
0.265443
0.265429
0.26539
0.265374
0.265374
0.265378
0.265387
0.265407
0.265418
0.265422
0.265421
0.265414
0.265411
0.265411
0.265412
0.265431
0.265512
0.265555
0.26556
0.26556
0.265558
0.265552
0.265534
0.265464
0.265349
0.265326
0.265326
0.26533
0.265334
0.265343
0.265363
0.26542
0.265514
0.265537
0.265539
0.265537
0.265532
0.265519
0.26548
0.265411
0.265389
0.265385
0.265385
0.26539
0.26541
0.265447
0.265463
0.265468
0.265469
0.265462
0.265435
0.26542
0.265416
0.265413
0.265412
0.265424
0.26543
0.265428
0.265423
0.26541
0.265405
0.265408
0.265414
0.265429
0.265476
0.265511
0.265516
0.265516
0.265507
0.265477
0.265418
0.265387
0.265374
0.265367
0.265365
0.265383
0.265409
0.265413
0.265414
0.265413
0.265412
0.265418
0.265425
0.26544
0.265478
0.265496
0.2655
0.265498
0.265479
0.265437
0.265417
0.265409
0.265404
0.265405
0.265435
0.265458
0.26546
0.265459
0.265451
0.265427
0.26542
0.265425
0.265433
0.265454
0.265495
0.265509
0.265511
0.265506
0.265483
0.265453
0.26544
0.265433
0.265429
0.265446
0.265505
0.265524
0.265525
0.265523
0.265515
0.26548
0.265415
0.265404
0.265406
0.265411
0.265422
0.265427
0.265428
0.26542
0.265405
0.265404
0.265406
0.265415
0.265456
0.265572
0.265615
0.26562
0.265618
0.265613
0.265597
0.265541
0.265366
0.26525
0.265227
0.265221
0.265221
0.265225
0.265241
0.265289
0.265438
0.265562
0.265599
0.265612
0.265618
0.265619
0.265609
0.265555
0.265452
0.265424
0.265416
0.265411
0.265407
0.26541
0.265428
0.265429
0.265425
0.265418
0.265389
0.265358
0.265352
0.265352
0.265362
0.2654
0.265433
0.265445
0.265451
0.265456
0.265447
0.265421
0.265419
0.265424
0.265433
0.265466
0.265515
0.265526
0.265528
0.265523
0.265499
0.265455
0.265436
0.265428
0.265422
0.265424
0.265472
0.265558
0.265574
0.265574
0.265572
0.265565
0.26554
0.265431
0.265254
0.265218
0.265217
0.265222
0.265229
0.26524
0.265265
0.265338
0.265543
0.265659
0.265676
0.265677
0.265674
0.265667
0.265654
0.265626
0.265555
0.265358
0.265237
0.265216
0.265212
0.265213
0.265219
0.265233
0.265266
0.26537
0.26553
0.265572
0.26558
0.265581
0.265578
0.265565
0.265525
0.265422
0.265365
0.265351
0.265347
0.265348
0.265361
0.265411
0.265465
0.265486
0.265496
0.265502
0.265499
0.265465
0.265439
0.265436
0.265435
0.265434
0.265447
0.265452
0.265447
0.265441
0.265423
0.265387
0.26538
0.265382
0.265392
0.265423
0.265488
0.265522
0.265532
0.265536
0.265528
0.265481
0.265411
0.265389
0.265377
0.265368
0.265362
0.26538
0.265419
0.265426
0.265427
0.265428
0.265432
0.265442
0.26546
0.265506
0.265538
0.265547
0.265549
0.265535
0.265472
0.26543
0.265423
0.265419
0.265416
0.265429
0.265464
0.265466
0.265459
0.26545
0.265416
0.265368
0.265358
0.265356
0.265366
0.265403
0.265429
0.265438
0.265445
0.265447
0.265421
0.265393
0.265394
0.2654
0.265412
0.265457
0.265581
0.265635
0.265641
0.26564
0.265634
0.26561
0.265535
0.265343
0.265239
0.265211
0.265202
0.265198
0.265198
0.265207
0.265249
0.265426
0.265616
0.265652
0.265663
0.265669
0.265673
0.265676
0.265669
0.26561
0.265388
0.265266
0.265248
0.265247
0.26525
0.265255
0.265266
0.265308
0.265468
0.265589
0.265609
0.265612
0.265611
0.265606
0.265585
0.265509
0.265395
0.265353
0.265337
0.265328
0.265326
0.26534
0.265412
0.265461
0.265473
0.265482
0.265489
0.26549
0.265452
0.265422
0.26542
0.265424
0.265431
0.265463
0.265503
0.265506
0.2655
0.265486
0.265449
0.265404
0.265389
0.265382
0.265384
0.265412
0.265431
0.265431
0.26543
0.265418
0.265367
0.265348
0.265355
0.265365
0.265386
0.265453
0.265518
0.265532
0.265537
0.265531
0.265497
0.265465
0.26546
0.265459
0.26546
0.265484
0.265497
0.265492
0.265483
0.265457
0.265388
0.265355
0.265347
0.265347
0.265366
0.265449
0.265523
0.265537
0.265542
0.265547
0.265542
0.265461
0.265286
0.265248
0.265248
0.265256
0.265265
0.265291
0.265386
0.265614
0.265689
0.265694
0.265686
0.265672
0.265645
0.265574
0.265399
0.265297
0.265276
0.265269
0.265271
0.265291
0.265363
0.265451
0.265484
0.2655
0.26551
0.265511
0.265471
0.265422
0.265416
0.265418
0.265427
0.265469
0.265508
0.265507
0.265497
0.265478
0.265419
0.265354
0.265339
0.265337
0.265349
0.265404
0.265465
0.26549
0.265503
0.265512
0.265498
0.265419
0.265388
0.265386
0.265389
0.265405
0.265465
0.265497
0.26549
0.265476
0.265447
0.265386
0.265362
0.265356
0.265365
0.265405
0.265434
0.265448
0.265459
0.26546
0.265412
0.265389
0.265395
0.265405
0.265439
0.265537
0.265582
0.265586
0.265581
0.265551
0.265469
0.265419
0.265402
0.265393
0.265394
0.265431
0.265456
0.265453
0.265443
0.265403
0.265326
0.265305
0.265301
0.265308
0.265355
0.265503
0.265581
0.265604
0.265615
0.265622
0.265607
0.265469
0.265177
0.265102
0.265092
0.265092
0.265095
0.265104
0.265141
0.265307
0.265746
0.265903
0.265922
0.26592
0.265915
0.265907
0.265892
0.265853
0.26574
0.265384
0.265134
0.265084
0.26507
0.265065
0.265064
0.265072
0.265116
0.265303
0.265517
0.265568
0.265593
0.265609
0.265622
0.265625
0.265573
0.265403
0.265343
0.265335
0.265337
0.26534
0.265357
0.265436
0.265652
0.26572
0.26572
0.26571
0.265697
0.265669
0.265581
0.265312
0.265116
0.26508
0.265074
0.265074
0.265085
0.265123
0.265253
0.26553
0.265645
0.265682
0.265697
0.265707
0.265706
0.265662
0.26548
0.265368
0.265352
0.265351
0.265353
0.265366
0.265435
0.265538
0.265549
0.26554
0.265528
0.2655
0.265408
0.265321
0.265304
0.265299
0.265307
0.26535
0.265424
0.265449
0.265461
0.265471
0.265469
0.265418
0.265392
0.265395
0.265402
0.265423
0.265512
0.26566
0.265691
0.26569
0.265681
0.265654
0.26557
0.265341
0.265176
0.265136
0.265124
0.26512
0.265133
0.265198
0.265429
0.265598
0.265643
0.265665
0.265679
0.265688
0.265663
0.265505
0.265367
0.265346
0.265345
0.265347
0.265357
0.265421
0.265528
0.265541
0.265533
0.265522
0.265495
0.2654
0.265318
0.26531
0.265315
0.265333
0.265385
0.265495
0.265548
0.265563
0.265567
0.265545
0.265463
0.26541
0.265387
0.265372
0.265362
0.265402
0.265525
0.265557
0.265558
0.265555
0.265541
0.265471
0.265247
0.265163
0.265166
0.265179
0.265194
0.265229
0.265345
0.265642
0.265775
0.265791
0.26579
0.265779
0.265745
0.265647
0.265407
0.265274
0.265239
0.265225
0.26522
0.265235
0.265329
0.265459
0.265483
0.265485
0.265483
0.265467
0.265381
0.265311
0.265312
0.265323
0.265342
0.265402
0.26553
0.265576
0.265585
0.265583
0.265554
0.265475
0.265439
0.265426
0.265416
0.265417
0.265492
0.265581
0.26559
0.265586
0.265576
0.265531
0.265348
0.265142
0.265114
0.26512
0.265133
0.265159
0.265233
0.265468
0.265723
0.265773
0.265779
0.265775
0.265755
0.265697
0.265513
0.265277
0.265209
0.26519
0.265184
0.265191
0.265239
0.265417
0.265568
0.265616
0.265639
0.265653
0.265653
0.265591
0.265403
0.265337
0.265327
0.265322
0.265317
0.265339
0.265433
0.265458
0.265452
0.265442
0.265412
0.26536
0.265352
0.265355
0.265377
0.265442
0.265507
0.265534
0.26555
0.265549
0.265471
0.265345
0.265323
0.265324
0.265331
0.265362
0.265488
0.265591
0.2656
0.265592
0.265575
0.26553
0.265485
0.265469
0.265462
0.26546
0.265457
0.265449
0.26541
0.265292
0.265244
0.265244
0.265252
0.265281
0.265381
0.265592
0.26568
0.265702
0.265711
0.265708
0.265662
0.265451
0.2652
0.265147
0.265128
0.265116
0.265106
0.265107
0.265186
0.265537
0.26577
0.26581
0.265818
0.265819
0.26582
0.265817
0.26578
0.265551
0.265157
0.265072
0.265062
0.265062
0.265065
0.265069
0.265085
0.265157
0.265462
0.265724
0.265759
0.265758
0.265752
0.265747
0.265731
0.265671
0.265439
0.265207
0.265179
0.265187
0.265199
0.265212
0.265248
0.265363
0.265654
0.26577
0.265777
0.265766
0.265747
0.265714
0.265626
0.265362
0.265091
0.265039
0.265032
0.265034
0.265052
0.265103
0.265261
0.265588
0.265718
0.265753
0.265766
0.26577
0.265756
0.265672
0.265425
0.265321
0.265306
0.265303
0.265301
0.265315
0.265419
0.265536
0.265553
0.265551
0.265543
0.265514
0.265418
0.265359
0.265351
0.265351
0.265361
0.265414
0.265479
0.265489
0.265489
0.265482
0.265448
0.265361
0.265336
0.265337
0.265344
0.26537
0.265459
0.265612
0.265659
0.26567
0.265672
0.265653
0.265565
0.26534
0.265231
0.265192
0.265173
0.26516
0.265165
0.265253
0.265515
0.265615
0.265629
0.26563
0.26563
0.26562
0.265532
0.265319
0.265268
0.265269
0.265278
0.26529
0.265332
0.265476
0.265593
0.265614
0.265617
0.265613
0.265586
0.265493
0.265433
0.265418
0.265411
0.265406
0.26542
0.265472
0.265481
0.265474
0.265464
0.265427
0.265339
0.265305
0.265299
0.265302
0.265331
0.265431
0.265513
0.26554
0.265554
0.265563
0.265548
0.265417
0.26525
0.265223
0.265223
0.265227
0.265244
0.265312
0.265559
0.265731
0.265756
0.265758
0.265754
0.265737
0.265667
0.265451
0.26531
0.26527
0.265254
0.265245
0.265248
0.265303
0.265445
0.265488
0.265492
0.265491
0.265483
0.26544
0.265337
0.265316
0.265324
0.265335
0.265359
0.265441
0.265538
0.26556
0.265566
0.265562
0.26553
0.265467
0.265452
0.265449
0.265449
0.265466
0.265554
0.265598
0.265596
0.265586
0.265568
0.265503
0.265299
0.265146
0.265118
0.265112
0.265115
0.265139
0.265228
0.265477
0.265609
0.265648
0.265665
0.265676
0.265675
0.265618
0.265416
0.265329
0.265319
0.265322
0.265329
0.265358
0.265477
0.265619
0.265642
0.26564
0.265632
0.265607
0.265528
0.265382
0.265324
0.265306
0.265296
0.265298
0.265337
0.26541
0.265425
0.265426
0.265421
0.265396
0.265345
0.26534
0.265348
0.265363
0.265412
0.26554
0.265614
0.265632
0.265638
0.26563
0.265577
0.26539
0.26528
0.265264
0.265262
0.265261
0.265272
0.265367
0.26561
0.265677
0.265677
0.265668
0.265658
0.265625
0.2655
0.265255
0.26519
0.265184
0.265189
0.265204
0.265249
0.265387
0.265575
0.265626
0.265639
0.265643
0.265634
0.265582
0.265426
0.265353
0.265336
0.265328
0.265323
0.26534
0.265435
0.265484
0.265488
0.265485
0.265473
0.265427
0.265399
0.2654
0.265408
0.26543
0.265505
0.265589
0.265606
0.265608
0.265599
0.265554
0.265396
0.265234
0.265189
0.265174
0.265168
0.265176
0.265243
0.265483
0.265633
0.265671
0.265689
0.265701
0.265704
0.265665
0.265458
0.265286
0.265257
0.265251
0.265247
0.265243
0.265264
0.265423
0.265628
0.265664
0.265667
0.265665
0.265661
0.265641
0.265551
0.265237
0.265074
0.265057
0.265062
0.26507
0.265079
0.265104
0.26518
0.265452
0.265821
0.265895
0.265902
0.265899
0.26589
0.265875
0.265838
0.265734
0.265399
0.265095
0.265037
0.265027
0.265026
0.265032
0.265051
0.265107
0.265303
0.265616
0.265711
0.26574
0.265751
0.265756
0.265751
0.265708
0.265514
0.265304
0.265263
0.265252
0.265245
0.26524
0.265247
0.265332
0.265574
0.265655
0.265666
0.265665
0.265662
0.26565
0.265594
0.265363
0.265179
0.265154
0.265155
0.26516
0.265169
0.265204
0.265328
0.265605
0.26569
0.2657
0.265698
0.265693
0.265675
0.265612
0.265413
0.265292
0.265272
0.265269
0.26527
0.265283
0.265338
0.265473
0.265528
0.26554
0.265543
0.265542
0.265521
0.265443
0.2654
0.265392
0.265389
0.265388
0.265406
0.265454
0.265467
0.265468
0.265466
0.265453
0.265419
0.26541
0.265411
0.265415
0.265434
0.265497
0.265545
0.265551
0.26555
0.265543
0.265513
0.2654
0.265276
0.265251
0.265246
0.265246
0.265256
0.265302
0.265472
0.265605
0.26563
0.265636
0.265638
0.265633
0.265597
0.265454
0.265344
0.265324
0.265319
0.265317
0.265321
0.265357
0.26546
0.265497
0.265502
0.265504
0.265504
0.265492
0.265434
0.265402
0.265399
0.265399
0.265403
0.265421
0.265461
0.265471
0.265471
0.265469
0.265459
0.265439
0.265433
0.265432
0.265435
0.265453
0.265496
0.265514
0.265519
0.26552
0.265513
0.265472
0.265347
0.265294
0.265286
0.265284
0.265283
0.265293
0.265357
0.265525
0.26558
0.265587
0.265589
0.265589
0.26558
0.265526
0.265387
0.265343
0.265337
0.265336
0.265337
0.265346
0.265399
0.265485
0.265502
0.265503
0.265502
0.2655
0.265486
0.265426
0.265396
0.265394
0.265395
0.265397
0.265408
0.265443
0.265465
0.265467
0.265466
0.265463
0.265455
0.265449
0.265447
0.265448
0.265457
0.265484
0.265494
0.265495
0.265495
0.265492
0.265463
0.265353
0.265289
0.265281
0.26528
0.265281
0.265288
0.265321
0.265466
0.265602
0.265625
0.265628
0.265627
0.265623
0.265607
0.265536
0.265328
0.265241
0.265229
0.265228
0.265229
0.265234
0.265254
0.265347
0.265545
0.265601
0.265609
0.265609
0.265608
0.265602
0.265578
0.265473
0.265355
0.265334
0.265331
0.265332
0.265335
0.265347
0.265399
0.265502
0.265528
0.265532
0.265533
0.265532
0.265524
0.265487
0.265414
0.265395
0.265392
0.265392
0.265393
0.2654
0.265428
0.265451
0.265456
0.265456
0.265455
0.265452
0.265438
0.265425
0.265422
0.265421
0.265421
0.265423
0.26543
0.265433
0.265433
0.265433
0.265433
0.265431
0.265425
0.265397
0.265122
0.262112
0.232489
0.147449
0.12665
0.125073
0.124963
0.124956
0.124956
0.124955
0.124955
0.124955
0.124955
0.124955
0.124955
)
;

boundaryField
{
    sides
    {
        type            calculated;
        value           nonuniform List<scalar> 2(0.124955 0.999645);
    }
    empty
    {
        type            empty;
    }
}


// ************************************************************************* //
