/*--------------------------------*- C++ -*----------------------------------*\
  =========                 |
  \\      /  F ield         | OpenFOAM: The Open Source CFD Toolbox
   \\    /   O peration     | Website:  https://openfoam.org
    \\  /    A nd           | Version:  9
     \\/     M anipulation  |
\*---------------------------------------------------------------------------*/
FoamFile
{
    format      ascii;
    class       volScalarField;
    location    "0.012";
    object      mag(U);
}
// * * * * * * * * * * * * * * * * * * * * * * * * * * * * * * * * * * * * * //

dimensions      [0 1 -1 0 0 0 0];

internalField   nonuniform List<scalar> 
10000
(
2.76262e-12
2.61229e-12
2.68375e-12
2.70107e-12
2.63081e-12
2.68243e-12
2.66589e-12
2.71796e-12
2.82448e-12
2.69468e-12
2.60149e-12
2.65643e-12
2.60671e-12
2.62205e-12
2.69119e-12
2.73764e-12
2.71149e-12
2.74526e-12
2.73735e-12
2.65933e-12
2.55614e-12
2.46875e-12
2.36472e-12
2.31071e-12
2.37611e-12
2.40069e-12
2.36665e-12
2.34802e-12
2.27544e-12
2.17367e-12
2.06173e-12
2.12943e-12
2.07548e-12
2.01963e-12
2.10916e-12
2.17115e-12
2.18806e-12
2.23256e-12
2.0582e-12
1.96001e-12
2.09801e-12
2.12886e-12
2.07788e-12
2.13231e-12
2.13386e-12
2.22998e-12
2.33145e-12
2.30506e-12
2.30469e-12
2.22137e-12
2.12702e-12
2.23914e-12
2.28541e-12
2.23462e-12
2.15461e-12
2.27068e-12
2.21677e-12
2.28414e-12
2.30338e-12
2.22844e-12
2.22811e-12
2.16636e-12
2.15451e-12
2.15721e-12
2.12431e-12
2.08276e-12
2.09997e-12
2.08044e-12
2.0986e-12
2.20334e-12
2.17276e-12
2.14581e-12
2.12163e-12
2.09191e-12
2.04673e-12
1.8997e-12
1.79019e-12
1.80297e-12
1.8567e-12
1.88247e-12
2.00398e-12
2.08488e-12
2.015e-12
1.93602e-12
2.04543e-12
1.8958e-12
1.78343e-12
1.75949e-12
1.72297e-12
1.76895e-12
1.80367e-12
1.76636e-12
1.88423e-12
1.80631e-12
1.64573e-12
1.71241e-12
1.808e-12
1.88141e-12
1.99923e-12
2.05778e-12
1.98605e-12
1.8787e-12
1.76658e-12
1.68333e-12
1.58223e-12
1.38543e-12
1.43766e-12
1.44749e-12
1.44656e-12
1.5948e-12
1.75266e-12
1.8456e-12
2.04359e-12
2.25074e-12
2.33567e-12
2.44659e-12
2.49649e-12
2.46384e-12
2.48269e-12
2.51274e-12
2.58015e-12
2.5213e-12
2.41942e-12
2.36923e-12
2.33515e-12
2.45522e-12
2.39821e-12
2.33571e-12
2.33523e-12
2.26519e-12
2.25536e-12
2.27116e-12
2.24797e-12
2.2478e-12
2.14079e-12
2.01284e-12
1.89208e-12
1.79061e-12
1.78458e-12
1.76213e-12
1.8472e-12
1.91784e-12
1.9459e-12
1.91433e-12
1.95549e-12
2.03431e-12
2.07251e-12
2.09542e-12
2.19511e-12
2.32159e-12
2.41475e-12
2.47063e-12
2.53567e-12
2.41679e-12
2.36393e-12
2.23137e-12
2.17833e-12
2.08033e-12
1.98674e-12
1.80504e-12
1.65282e-12
1.54921e-12
1.62575e-12
1.71531e-12
1.72288e-12
1.80995e-12
1.74334e-12
1.6446e-12
1.61553e-12
1.6292e-12
1.68996e-12
1.73141e-12
1.80609e-12
1.89038e-12
1.92357e-12
1.99555e-12
2.04745e-12
2.08228e-12
2.22371e-12
2.28464e-12
2.2281e-12
2.26989e-12
2.28037e-12
2.18832e-12
2.12287e-12
2.2143e-12
2.2782e-12
2.33672e-12
2.2168e-12
2.21649e-12
2.21999e-12
2.19122e-12
2.14672e-12
2.09525e-12
2.01027e-12
1.81547e-12
1.68086e-12
1.71529e-12
1.67762e-12
1.60763e-12
1.61387e-12
1.66851e-12
1.68054e-12
1.66071e-12
1.63901e-12
1.59483e-12
1.70067e-12
1.80444e-12
1.77136e-12
1.76341e-12
1.74278e-12
1.69795e-12
1.71364e-12
1.75015e-12
1.772e-12
1.76744e-12
1.68186e-12
1.71129e-12
1.75886e-12
1.67882e-12
1.62159e-12
1.60873e-12
1.51324e-12
1.51111e-12
1.49525e-12
1.41166e-12
1.44248e-12
1.37713e-12
1.29547e-12
1.35929e-12
1.31238e-12
1.18327e-12
1.24863e-12
1.24934e-12
1.26807e-12
1.33391e-12
1.33889e-12
1.37048e-12
1.43976e-12
1.5288e-12
1.46511e-12
1.39058e-12
1.42232e-12
1.40779e-12
1.47954e-12
1.55381e-12
1.5158e-12
1.35879e-12
1.20314e-12
1.23197e-12
1.16649e-12
1.02658e-12
1.04675e-12
9.48224e-13
7.97678e-13
7.99205e-13
7.40223e-13
6.42633e-13
6.64694e-13
6.39179e-13
6.63622e-13
7.73546e-13
7.89439e-13
7.26546e-13
8.04643e-13
8.29324e-13
9.0228e-13
1.04532e-12
1.16927e-12
1.13042e-12
1.06346e-12
1.06339e-12
9.96595e-13
9.78489e-13
9.8114e-13
9.48518e-13
9.28666e-13
1.07002e-12
1.05813e-12
1.13931e-12
1.11752e-12
1.09442e-12
1.15589e-12
1.25829e-12
1.32368e-12
1.41771e-12
1.51179e-12
1.66467e-12
1.67324e-12
1.7165e-12
1.74447e-12
1.68414e-12
1.63608e-12
1.659e-12
1.57466e-12
1.53727e-12
1.45378e-12
1.43383e-12
1.42555e-12
1.50383e-12
1.58712e-12
1.52184e-12
1.45921e-12
1.49842e-12
1.49863e-12
1.50604e-12
1.55135e-12
1.53198e-12
1.52807e-12
1.49917e-12
1.52053e-12
1.55736e-12
1.43984e-12
1.48362e-12
1.55933e-12
1.47903e-12
1.45381e-12
1.34867e-12
1.28825e-12
1.32376e-12
1.3341e-12
1.32218e-12
1.40183e-12
1.3571e-12
1.34366e-12
1.36741e-12
1.34142e-12
1.32532e-12
1.40132e-12
1.47862e-12
1.47739e-12
1.40657e-12
1.41068e-12
1.37832e-12
1.34079e-12
1.3248e-12
1.42609e-12
1.48222e-12
1.56925e-12
1.6464e-12
1.67587e-12
1.7604e-12
1.76858e-12
1.85154e-12
1.93998e-12
1.9948e-12
2.04707e-12
2.06259e-12
1.98132e-12
2.01549e-12
2.08377e-12
2.07154e-12
2.05265e-12
2.03741e-12
2.16233e-12
2.21196e-12
2.28518e-12
2.22736e-12
2.14555e-12
2.12605e-12
2.15634e-12
2.12265e-12
2.21357e-12
2.22514e-12
2.21041e-12
2.27072e-12
2.32384e-12
2.28774e-12
2.25347e-12
2.32651e-12
2.3946e-12
2.43177e-12
2.48982e-12
2.48679e-12
2.49204e-12
2.41234e-12
2.37195e-12
2.32634e-12
2.40761e-12
2.46869e-12
2.48971e-12
2.50967e-12
2.49271e-12
2.51366e-12
2.48608e-12
2.4101e-12
2.36643e-12
2.28403e-12
2.32186e-12
2.3568e-12
2.2898e-12
2.31881e-12
2.33957e-12
2.30712e-12
2.31806e-12
2.16532e-12
2.1102e-12
2.1897e-12
2.19302e-12
2.17834e-12
2.14375e-12
1.9983e-12
1.89e-12
1.76969e-12
1.79068e-12
1.89289e-12
1.84849e-12
1.90124e-12
1.90541e-12
1.90898e-12
1.84553e-12
1.70792e-12
1.61249e-12
1.56225e-12
1.64537e-12
1.73896e-12
1.71711e-12
1.71176e-12
1.79865e-12
1.81762e-12
1.80816e-12
2.05535e-12
2.25269e-12
2.43155e-12
2.59454e-12
2.54059e-12
2.36033e-12
2.23892e-12
2.08922e-12
2.07377e-12
2.06796e-12
1.80163e-12
1.77473e-12
1.70818e-12
1.72698e-12
1.75466e-12
1.8448e-12
1.91369e-12
1.91914e-12
1.82358e-12
1.73272e-12
1.73389e-12
1.81461e-12
2.01705e-12
2.09446e-12
1.92144e-12
1.77274e-12
1.74286e-12
1.58604e-12
1.62605e-12
1.57592e-12
1.48254e-12
1.49165e-12
1.59468e-12
1.50552e-12
1.5344e-12
1.68674e-12
1.78047e-12
1.76913e-12
1.64491e-12
1.61631e-12
1.54417e-12
1.41578e-12
1.35532e-12
1.30996e-12
1.35978e-12
1.38495e-12
1.48048e-12
1.56701e-12
1.63318e-12
1.71283e-12
1.79393e-12
1.64495e-12
1.67894e-12
1.64902e-12
1.57378e-12
1.61725e-12
1.65479e-12
1.49834e-12
1.59623e-12
1.63593e-12
1.73132e-12
1.77995e-12
1.70479e-12
1.66931e-12
1.63724e-12
1.67974e-12
1.80443e-12
1.89636e-12
1.93744e-12
2.01512e-12
1.97988e-12
1.86015e-12
1.8195e-12
1.8588e-12
2.0329e-12
2.12819e-12
2.21724e-12
2.2317e-12
2.21939e-12
2.15344e-12
2.01131e-12
1.9844e-12
1.81723e-12
1.70255e-12
1.76386e-12
1.68585e-12
1.51826e-12
1.47217e-12
1.59469e-12
1.61321e-12
1.59726e-12
1.562e-12
1.47269e-12
1.49371e-12
1.48648e-12
1.53816e-12
1.64098e-12
1.59094e-12
1.53412e-12
1.62828e-12
1.68436e-12
1.67598e-12
1.64259e-12
1.67155e-12
1.54003e-12
1.59145e-12
1.63158e-12
1.55816e-12
1.50458e-12
1.59226e-12
1.54815e-12
1.62318e-12
1.67412e-12
1.76731e-12
1.88497e-12
1.95662e-12
1.99262e-12
1.84043e-12
1.84983e-12
1.92079e-12
1.88459e-12
1.95467e-12
2.09726e-12
2.21753e-12
2.29308e-12
2.46883e-12
2.49809e-12
2.52771e-12
2.5471e-12
2.45699e-12
2.35222e-12
2.33872e-12
2.3706e-12
2.33276e-12
2.27847e-12
2.31258e-12
2.42966e-12
2.45463e-12
2.39563e-12
2.32275e-12
2.35044e-12
2.36065e-12
2.38055e-12
2.48848e-12
2.44158e-12
2.46357e-12
2.45226e-12
2.40078e-12
2.41596e-12
2.36638e-12
2.4447e-12
2.51007e-12
2.5857e-12
2.75595e-12
2.87633e-12
2.94375e-12
2.97298e-12
2.94928e-12
2.53095e-12
1.37171e-12
2.53291e-12
1.62421e-11
5.99273e-11
2.04202e-10
6.76711e-10
2.22746e-09
7.31547e-09
2.40027e-08
7.87207e-08
2.58136e-07
8.46361e-07
2.77464e-06
9.09466e-06
2.98042e-05
9.76466e-05
0.000319817
0.00104708
0.00342662
0.0112083
0.0366432
0.119765
0.391074
1.29638
3.42882
5.23311
6.20603
6.61611
6.95404
7.07759
7.11145
7.20148
7.27388
7.2958
7.29874
7.36013
7.42748
7.46132
7.45713
7.49936
7.56155
7.60114
7.59607
7.61972
7.6723
7.7114
7.70941
7.7185
7.75862
7.79188
7.79379
7.79354
7.82041
7.8446
7.84839
7.84397
7.85852
7.87318
7.87524
7.8704
7.87535
7.8815
7.88203
7.88065
7.88495
7.89976
7.94009
8.06021
8.4414
9.67485
11.8991
13.4505
14.2891
14.6572
14.9541
15.0753
15.1061
15.181
15.2467
15.2767
15.2769
15.3183
15.3807
15.4238
15.4234
15.4426
15.4978
15.5441
15.5506
15.5523
15.5952
15.6376
15.6534
15.6475
15.6726
15.708
15.7284
15.7229
15.7333
15.7597
15.7791
15.7774
15.7785
15.7957
15.8107
15.8125
15.8096
15.8189
15.8288
15.8319
15.8288
15.8326
15.8384
15.841
15.8391
15.84
15.8429
15.8446
15.8437
15.8435
15.8447
15.8455
15.8452
15.8449
15.8452
15.8456
15.8455
15.8453
15.8454
15.8455
15.8455
15.8454
15.8454
15.8455
15.8455
15.8455
15.8455
15.8455
15.8455
15.8455
15.8455
15.8455
15.8455
15.8455
15.8455
15.8455
15.8455
15.8455
15.8455
15.8454
15.8455
15.8455
15.8454
15.8454
15.8455
15.8455
15.8455
15.8455
15.8455
15.8455
15.8455
15.8454
15.8454
15.8454
15.8454
15.8454
15.8454
15.8453
15.8453
15.8453
15.8453
15.8454
15.8454
15.8454
15.8454
15.8455
15.8458
15.847
15.8506
15.8623
15.9006
16.0246
16.4327
17.5406
18.693
19.2973
19.6685
19.7871
19.8862
19.9736
20.0147
20.0139
20.0466
20.1079
20.1559
20.1625
20.1737
20.2294
20.2843
20.3063
20.306
20.3442
20.3999
20.4377
20.4384
20.4551
20.5068
20.553
20.5644
20.5658
20.6057
20.6522
20.6773
20.6746
20.6959
20.7393
20.7729
20.7755
20.7805
20.816
20.8506
20.8622
20.8592
20.8815
20.9126
20.9313
20.9281
20.937
20.962
20.9818
20.9827
20.9824
20.9991
21.0152
21.0197
21.0159
21.0238
21.0344
21.0387
21.0348
21.0367
21.0412
21.043
21.0429
21.0458
21.0586
21.0976
21.2169
21.5937
22.2124
22.6191
22.839
22.9302
23.0044
23.0446
23.059
23.0767
23.0988
23.116
23.1247
23.1356
23.152
23.1665
23.1746
23.182
23.1933
23.204
23.2107
23.2156
23.2228
23.2299
23.2342
23.2365
23.2402
23.2436
23.2451
23.245
23.2465
23.2481
23.2487
23.249
23.2511
23.258
23.2783
23.3419
23.5471
24.1865
25.1257
25.7026
26.0307
26.1516
26.2577
26.3253
26.3464
26.3531
26.3895
26.4306
26.4537
26.4536
26.4719
26.5107
26.5415
26.5445
26.5459
26.5747
26.6036
26.6141
26.6088
26.6222
26.6442
26.6571
26.6523
26.654
26.6654
26.6733
26.67
26.6675
26.6726
26.6855
26.7135
26.793
27.0491
27.5151
27.8546
28.0006
28.1127
28.1609
28.1711
28.1934
28.2203
28.2375
28.2375
28.2434
28.2646
28.2827
28.2846
28.2812
28.292
28.3035
28.3063
28.3008
28.3015
28.3067
28.3117
28.3165
28.3313
28.3823
28.5489
28.9952
29.4643
29.6981
29.866
29.9217
29.9379
29.9797
30.0153
30.0261
30.0209
30.0398
30.0656
30.0777
30.0691
30.0715
30.0831
30.0909
30.0952
30.1105
30.1717
30.3725
30.7293
30.9704
31.068
31.1609
31.1992
31.1977
31.2102
31.2387
31.2583
31.2545
31.2524
31.2644
31.2755
31.2752
31.2723
31.2803
31.3074
31.3797
31.596
32.0141
32.3223
32.5191
32.586
32.6271
32.6756
32.7046
32.7051
32.7094
32.7361
32.7603
32.7646
32.7585
32.7694
32.784
32.7889
32.7828
32.7835
32.7915
32.8062
32.8359
32.9242
33.1997
33.6139
33.8914
34.0061
34.0929
34.1475
34.1669
34.1759
34.2012
34.2256
34.2371
34.2353
34.2436
34.2623
34.2762
34.2754
34.2731
34.2807
34.2891
34.2887
34.2856
34.2886
34.2994
34.3266
34.4031
34.6465
35.2004
35.6824
35.944
36.0869
36.1384
36.1865
36.2243
36.2415
36.2425
36.254
36.2816
36.3051
36.3094
36.3075
36.3233
36.3458
36.3596
36.3576
36.3584
36.3734
36.3878
36.3917
36.3869
36.3907
36.3991
36.4037
36.4008
36.3986
36.4019
36.4076
36.4164
36.4372
36.5027
36.7151
37.2756
37.8695
38.1871
38.3872
38.4704
38.5078
38.5549
38.5844
38.5916
38.5934
38.6153
38.6416
38.6549
38.6511
38.6568
38.6741
38.6868
38.6844
38.6807
38.6861
38.6939
38.7014
38.7162
38.7668
38.9367
39.328
39.6731
39.8295
39.9512
40.0082
40.0198
40.0374
40.0708
40.0978
40.1022
40.1009
40.1211
40.1443
40.1532
40.1465
40.1505
40.163
40.1703
40.1656
40.1621
40.1674
40.1809
40.209
40.2844
40.5227
41.04
41.4637
41.7117
41.7906
41.8601
41.9156
41.9385
41.933
41.9456
41.9761
41.9976
41.9953
41.9905
42.0028
42.0173
42.0192
42.0142
42.0175
42.0304
42.0595
42.1296
42.338
42.7498
43.0733
43.2708
43.3448
43.3948
43.4477
43.4773
43.4808
43.4871
43.5152
43.5415
43.5475
43.5419
43.5523
43.5673
43.5729
43.5674
43.5672
43.5741
43.5868
43.6099
43.6751
43.8823
44.3186
44.683
44.8533
44.9753
45.0305
45.0456
45.0701
45.1015
45.1233
45.1252
45.1276
45.1495
45.1704
45.1749
45.167
45.1719
45.1829
45.1882
45.1907
45.2005
45.2406
45.367
45.7072
46.0981
46.3003
46.4469
46.514
46.5266
46.545
46.5793
46.6042
46.6022
46.597
46.6069
46.6212
46.6313
46.6437
46.6873
46.8333
47.1176
47.3406
47.4245
47.4946
47.5472
47.5674
47.5635
47.5767
47.6037
47.6197
47.6122
47.608
47.6202
47.65
47.7102
47.8731
48.1913
48.4409
48.6154
48.6781
48.6948
48.7369
48.7772
48.7933
48.7861
48.7944
48.8179
48.8333
48.8275
48.8216
48.8314
48.8564
48.9069
49.0385
49.3521
49.6634
49.874
49.968
50.0016
50.0496
50.0878
50.1029
50.1004
50.1119
50.1377
50.1555
50.1521
50.1471
50.156
50.1703
50.1877
50.2218
50.3315
50.6309
50.9723
51.1835
51.2621
51.3227
51.3781
51.4049
51.4064
51.4124
51.4395
51.4644
51.4686
51.4587
51.4619
51.475
51.4901
51.5074
51.5573
51.7209
52.0583
52.3438
52.512
52.5632
52.5913
52.643
52.686
52.6943
52.6831
52.688
52.712
52.7323
52.7333
52.7283
52.742
52.7964
52.955
53.2586
53.4881
53.5851
53.6796
53.7321
53.7431
53.7412
53.7661
53.7967
53.8086
53.799
53.7994
53.8171
53.8532
53.924
54.1168
54.4211
54.6359
54.7816
54.8302
54.8424
54.8818
54.9232
54.9413
54.9363
54.9434
54.969
54.9889
54.9864
54.9783
54.986
55.003
55.0313
55.09
55.2649
55.6353
55.9554
56.1537
56.223
56.2644
56.319
56.3569
56.3628
56.361
56.3854
56.4165
56.4307
56.4231
56.4232
56.4355
56.4457
56.4504
56.4566
56.4844
56.574
56.8301
57.2211
57.4772
57.6123
57.7155
57.7574
57.7654
57.7864
57.8209
57.8467
57.849
57.8469
57.8649
57.886
57.8926
57.884
57.8836
57.8948
57.916
57.9505
58.0376
58.2886
58.6701
58.9397
59.0868
59.1378
59.1812
59.229
59.2597
59.2635
59.2624
59.285
59.3133
59.3262
59.3187
59.3164
59.3265
59.3401
59.3508
59.3631
59.4038
59.5393
59.8751
60.2168
60.4029
60.4858
60.5662
60.618
60.6342
60.6337
60.6526
60.6849
60.7056
60.7035
60.7
60.7115
60.7257
60.7299
60.7296
60.7391
60.7739
60.8685
61.1245
61.4988
61.7382
61.9033
61.9737
61.9957
62.0331
62.0727
62.0953
62.0965
62.1012
62.129
62.1565
62.1635
62.1546
62.1581
62.1728
62.1831
62.1848
62.1841
62.1981
62.248
62.3888
62.7489
63.1717
63.4123
63.582
63.6694
63.6917
63.7041
63.7455
63.7866
63.8008
63.796
63.8032
63.8311
63.8556
63.8588
63.8484
63.853
63.8655
63.8718
63.8752
63.8818
63.9112
64.0027
64.2628
64.6822
64.9777
65.1253
65.2427
65.3015
65.3144
65.3196
65.3512
65.3867
65.4023
65.3993
65.4032
65.4261
65.448
65.4521
65.4422
65.4429
65.4541
65.467
65.4807
65.5117
65.6149
65.9109
66.3101
66.5806
66.6992
66.7687
66.8397
66.8786
66.8828
66.8819
66.906
66.9366
66.9507
66.9458
66.9467
66.9602
66.972
66.975
66.9779
66.9957
67.0537
67.2185
67.5563
67.8483
68.0297
68.1329
68.1693
68.1972
68.2353
68.2643
68.2684
68.2646
68.2797
68.3035
68.3155
68.3125
68.3107
68.3258
68.3728
68.49
68.7588
69.0355
69.2006
69.3223
69.3766
69.3968
69.4288
69.4613
69.4791
69.4822
69.4908
69.5138
69.5327
69.532
69.5295
69.5379
69.5498
69.5609
69.5784
69.6331
69.8045
70.1992
70.5823
70.7917
70.8909
70.9822
71.0361
71.0529
71.0592
71.0901
71.1302
71.1526
71.1509
71.1469
71.1657
71.1919
71.2037
71.1962
71.1925
71.2023
71.222
71.252
71.3216
71.5273
71.9034
72.2064
72.3914
72.4638
72.5031
72.5583
72.5992
72.6117
72.6127
72.6312
72.6648
72.6881
72.6876
72.6824
72.6945
72.7107
72.7151
72.7122
72.7169
72.7355
72.7826
72.9017
73.2024
73.5864
73.8373
73.9987
74.065
74.0962
74.1435
74.183
74.1988
74.1993
74.2102
74.2374
74.2581
74.2558
74.2491
74.2572
74.2745
74.297
74.3325
74.4398
74.673
74.8809
75.0219
75.0697
75.0804
75.1134
75.1517
75.1864
75.2409
75.3837
75.6006
75.7937
75.9064
75.9421
75.9603
76.0118
76.0649
76.0853
76.0811
76.0888
76.12
76.146
76.1478
76.1407
76.1557
76.2097
76.352
76.6352
76.8708
76.9874
77.0968
77.1531
77.1585
77.1584
77.1892
77.2559
77.3682
77.507
77.5917
77.6729
77.748
77.7861
77.7868
77.7907
77.8226
77.8568
77.8808
77.914
78.0228
78.2246
78.4174
78.5229
78.5525
78.5695
78.6213
78.6704
78.6796
78.6714
78.6864
78.7395
78.868
79.0937
79.2739
79.3558
79.4469
79.5271
79.5652
79.566
79.5694
79.6064
79.649
79.6679
79.6764
79.7241
79.8761
80.0807
80.2268
80.2741
80.2829
80.3274
80.3833
80.4115
80.4199
80.458
80.5653
80.7302
80.8741
80.9488
80.9911
81.0503
81.1409
81.2251
81.2738
81.31
81.3658
81.4582
81.5521
81.6118
81.6532
81.7082
81.7987
81.8932
81.9577
82.0015
82.0558
82.1359
82.2192
82.2824
82.3343
82.3993
82.4835
82.5642
82.6242
82.6776
82.748
82.833
82.9066
82.9563
82.9993
83.081
83.1976
83.2926
83.3216
83.3407
83.3865
83.5097
83.6391
83.6943
83.7111
83.7385
83.8481
83.9834
84.064
84.0776
84.089
84.1416
84.2764
84.4133
84.4862
84.5037
84.5252
84.5848
84.675
84.7485
84.7918
84.8728
85.003
85.1164
85.1473
85.1534
85.1714
85.2559
85.3918
85.4993
85.5285
85.5435
85.6078
85.7362
85.8513
85.8839
85.897
85.9314
86.0498
86.1832
86.2538
86.2704
86.2881
86.3728
86.5074
86.61
86.6343
86.6472
86.699
86.8268
86.9549
87.0039
87.0176
87.0397
87.1394
87.2752
87.367
87.3867
87.3998
87.4595
87.5895
87.7125
87.7521
87.7622
87.7832
87.8773
88.0278
88.1534
88.1955
88.2077
88.2292
88.2953
88.3959
88.4749
88.5118
88.5804
88.7068
88.8214
88.8562
88.8712
88.9129
89.0283
89.1503
89.1944
89.2092
89.2338
89.3374
89.4841
89.5969
89.6252
89.6352
89.6621
89.7662
89.8932
89.9626
89.9831
90.0112
90.1194
90.2546
90.3354
90.3507
90.3633
90.4169
90.5498
90.6849
90.745
90.7578
90.7734
90.8471
90.986
91.1093
91.1472
91.1563
91.177
91.2702
91.4159
91.5336
91.5623
91.5566
91.5655
91.6368
91.7928
91.9632
92.0687
92.0874
92.0664
92.067
92.1071
92.236
92.4024
92.5272
92.5625
92.5546
92.5575
92.599
92.7296
92.8943
93.0164
93.0499
93.0476
93.0583
93.1108
93.246
93.3863
93.4595
93.4698
93.4781
93.5217
93.6542
93.8127
93.9231
93.9468
93.9361
93.9447
93.9869
94.1139
94.266
94.3743
94.4071
94.4299
94.5055
94.6089
94.671
94.691
94.7088
94.7711
94.9167
95.0803
95.1877
95.2152
95.2197
95.2352
95.2642
95.2984
95.3724
95.5172
95.6806
95.795
95.8244
95.8059
95.7885
95.8078
95.9048
96.0864
96.3096
96.442
96.4853
96.4675
96.4065
96.4004
96.4265
96.5315
96.7158
96.9183
97.0394
97.0747
97.0694
97.0641
97.0877
97.1227
97.1732
97.2431
97.352
97.499
97.6435
97.7435
97.7668
97.755
97.7562
97.7888
97.9052
98.0947
98.2543
98.3374
98.3468
98.3169
98.3043
98.3276
98.3747
98.5053
98.6991
98.8482
98.9185
98.9267
98.9256
98.9474
99.0299
99.1684
99.2826
99.3153
99.3305
99.3611
99.4675
99.6026
99.6848
99.7099
99.7429
99.8497
99.9742
100.031
100.047
100.066
100.135
100.262
100.371
100.407
100.434
100.534
100.678
100.785
100.811
100.806
100.812
100.839
100.887
101.018
101.207
101.354
101.422
101.43
101.424
101.443
101.501
101.638
101.782
101.863
101.885
101.905
101.964
102.072
102.164
102.199
102.224
102.3
102.436
102.551
102.586
102.604
102.647
102.759
102.88
102.926
102.946
102.974
103.077
103.217
103.314
103.343
103.364
103.427
103.539
103.632
103.664
103.687
103.749
103.881
104.008
104.054
104.072
104.097
104.191
104.323
104.409
104.433
104.454
104.521
104.649
104.76
104.792
104.811
104.847
104.961
105.096
105.169
105.193
105.217
105.307
105.442
105.537
105.563
105.581
105.638
105.761
105.877
105.912
105.918
105.936
106.015
106.178
106.348
106.447
106.466
106.441
106.429
106.453
106.515
106.653
106.804
106.903
106.946
107.031
107.161
107.26
107.277
107.235
107.203
107.222
107.318
107.504
107.771
107.925
107.989
107.983
107.898
107.835
107.848
107.911
108.061
108.31
108.493
108.582
108.592
108.53
108.451
108.457
108.507
108.646
108.896
109.152
109.28
109.319
109.292
109.173
109.105
109.119
109.181
109.33
109.598
109.838
109.958
109.991
109.959
109.852
109.814
109.835
109.916
110.083
110.345
110.514
110.593
110.599
110.54
110.492
110.508
110.574
110.725
110.959
111.116
111.187
111.19
111.139
111.119
111.144
111.231
111.401
111.589
111.701
111.73
111.715
111.704
111.729
111.807
111.966
112.129
112.225
112.25
112.265
112.296
112.39
112.51
112.576
112.6
112.624
112.684
112.803
112.911
112.95
112.975
113.046
113.2
113.361
113.45
113.46
113.408
113.373
113.393
113.481
113.657
113.912
114.064
114.125
114.119
114.024
113.936
113.944
113.992
114.128
114.377
114.727
114.899
114.978
114.986
114.909
114.74
114.684
114.704
114.756
114.895
115.141
115.406
115.539
115.584
115.569
115.485
115.451
115.473
115.554
115.721
115.986
116.155
116.232
116.238
116.167
116.079
116.084
116.124
116.251
116.477
116.788
116.947
117.017
117.023
116.949
116.817
116.789
116.816
116.851
116.956
117.146
117.45
117.636
117.724
117.739
117.683
117.567
117.547
117.573
117.658
117.83
118.111
118.296
118.383
118.399
118.351
118.285
118.295
118.335
118.454
118.655
118.83
118.92
118.938
118.913
118.906
118.935
119.027
119.2
119.372
119.468
119.49
119.481
119.491
119.527
119.632
119.781
119.891
119.924
119.943
119.976
120.085
120.246
120.372
120.411
120.389
120.325
120.329
120.373
120.503
120.736
120.972
121.092
121.128
121.106
121.03
121.02
121.05
121.149
121.335
121.548
121.668
121.704
121.68
121.6
121.59
121.62
121.722
121.914
122.173
122.32
122.377
122.377
122.315
122.287
122.311
122.382
122.535
122.741
122.877
122.925
122.922
122.894
122.91
122.962
123.096
123.295
123.441
123.5
123.501
123.452
123.442
123.47
123.553
123.719
123.935
124.069
124.117
124.118
124.094
124.112
124.151
124.261
124.422
124.551
124.599
124.622
124.652
124.719
124.825
124.905
124.94
124.971
125.026
125.154
125.291
125.354
125.38
125.407
125.48
125.625
125.765
125.827
125.84
125.825
125.836
125.871
125.909
126.007
126.186
126.406
126.536
126.585
126.594
126.584
126.605
126.641
126.679
126.719
126.759
126.797
126.89
127.066
127.316
127.468
127.53
127.533
127.461
127.402
127.419
127.473
127.61
127.85
128.055
128.156
128.182
128.144
128.054
128.046
128.077
128.172
128.355
128.616
128.769
128.83
128.836
128.779
128.745
128.77
128.83
128.971
129.173
129.313
129.366
129.37
129.348
129.366
129.423
129.561
129.761
129.9
129.951
129.946
129.884
129.875
129.906
130.007
130.198
130.438
130.572
130.618
130.607
130.514
130.466
130.488
130.554
130.706
130.988
131.246
131.368
131.407
131.389
131.271
131.181
131.195
131.234
131.348
131.557
131.837
131.987
132.047
132.052
131.987
131.929
131.948
131.992
132.111
132.316
132.502
132.596
132.622
132.602
132.585
132.611
132.673
132.814
132.994
133.113
133.151
133.15
133.145
133.173
133.241
133.386
133.55
133.646
133.674
133.679
133.703
133.751
133.876
134.027
134.122
134.15
134.16
134.187
134.249
134.391
134.557
134.657
134.687
134.681
134.674
134.702
134.739
134.807
134.954
135.165
135.31
135.367
135.373
135.321
135.301
135.329
135.402
135.558
135.811
135.98
136.058
136.075
136.032
135.974
135.989
136.025
136.111
136.276
136.455
136.558
136.592
136.61
136.64
136.715
136.841
136.941
136.973
136.984
137.009
137.075
137.225
137.423
137.549
137.592
137.579
137.507
137.495
137.526
137.613
137.785
138.028
138.174
138.232
138.239
138.194
138.186
138.217
138.299
138.464
138.66
138.774
138.81
138.791
138.731
138.738
138.779
138.896
139.115
139.43
139.593
139.663
139.675
139.601
139.41
139.333
139.353
139.39
139.48
139.657
139.984
140.238
140.353
140.392
140.38
140.279
140.213
140.235
140.278
140.397
140.613
140.868
140.999
141.046
141.042
140.955
140.897
140.919
140.968
141.096
141.331
141.578
141.7
141.743
141.732
141.638
141.585
141.609
141.66
141.791
142.032
142.294
142.423
142.469
142.466
142.376
142.3
142.317
142.355
142.453
142.638
142.884
143.024
143.08
143.091
143.064
143.073
143.109
143.181
143.328
143.478
143.555
143.579
143.585
143.613
143.668
143.797
143.95
144.04
144.067
144.069
144.093
144.144
144.274
144.466
144.606
144.661
144.667
144.629
144.634
144.67
144.76
144.933
145.111
145.205
145.233
145.21
145.175
145.199
145.251
145.381
145.61
145.808
145.905
145.936
145.918
145.864
145.873
145.91
145.973
146.111
146.286
146.4
146.443
146.473
146.511
146.61
146.754
146.853
146.883
146.863
146.836
146.862
146.92
147.056
147.285
147.458
147.539
147.566
147.565
147.585
147.625
147.722
147.858
147.941
147.964
147.922
147.867
147.888
147.941
148.074
148.326
148.621
148.76
148.814
148.82
148.737
148.629
148.632
148.668
148.749
148.914
149.19
149.372
149.455
149.479
149.443
149.367
149.373
149.41
149.497
149.67
149.914
150.057
150.113
150.122
150.059
150.013
150.04
150.09
150.217
150.447
150.678
150.791
150.83
150.819
150.731
150.695
150.725
150.779
150.91
151.146
151.362
151.467
151.503
151.487
151.407
151.391
151.425
151.492
151.638
151.895
152.089
152.178
152.208
152.182
152.091
152.074
152.109
152.157
152.275
152.478
152.658
152.747
152.78
152.791
152.818
152.862
152.969
153.121
153.229
153.266
153.268
153.271
153.306
153.381
153.535
153.708
153.803
153.833
153.807
153.751
153.768
153.812
153.925
154.139
154.421
154.565
154.622
154.634
154.56
154.458
154.463
154.5
154.581
154.746
155.028
155.217
155.303
155.331
155.298
155.193
155.172
155.206
155.265
155.401
155.654
155.896
156.01
156.053
156.051
155.975
155.937
155.967
156.011
156.116
156.303
156.474
156.559
156.587
156.567
156.546
156.577
156.636
156.771
157.01
157.204
157.294
157.325
157.298
157.205
157.19
157.225
157.286
157.423
157.669
157.875
157.973
158.009
157.998
157.939
157.941
157.979
158.04
158.176
158.377
158.518
158.576
158.596
158.587
158.609
158.651
158.736
158.885
159.019
159.075
159.095
159.102
159.136
159.201
159.343
159.536
159.659
159.706
159.707
159.652
159.648
159.685
159.755
159.905
160.143
160.305
160.375
160.399
160.374
160.353
160.386
160.432
160.537
160.705
160.844
160.901
160.919
160.904
160.927
160.973
161.083
161.285
161.483
161.581
161.616
161.596
161.504
161.484
161.52
161.583
161.724
161.991
162.239
162.353
162.397
162.394
162.296
162.202
162.217
162.257
162.338
162.5
162.785
162.982
163.071
163.104
163.084
162.993
162.972
163.008
163.059
163.181
163.401
163.619
163.725
163.766
163.764
163.7
163.689
163.726
163.78
163.905
164.13
164.34
164.443
164.485
164.498
164.493
164.522
164.566
164.611
164.653
164.686
164.704
164.735
164.778
164.849
164.998
165.272
165.49
165.59
165.63
165.622
165.533
165.488
165.518
165.562
165.652
165.826
166.047
166.171
166.221
166.235
166.219
166.241
166.284
166.371
166.536
166.704
166.791
166.822
166.804
166.768
166.794
166.841
166.949
167.153
167.382
167.498
167.543
167.545
167.466
167.413
167.441
167.485
167.584
167.772
168.072
168.245
168.321
168.352
168.329
168.216
168.167
168.195
168.24
168.285
168.361
168.511
168.79
169.024
169.131
169.174
169.177
169.097
169.031
169.055
169.097
169.176
169.333
169.595
169.768
169.846
169.876
169.852
169.775
169.775
169.816
169.871
169.996
170.217
170.412
170.505
170.544
170.545
170.52
170.545
170.588
170.654
170.785
170.928
170.997
171.03
171.053
171.092
171.166
171.318
171.544
171.684
171.742
171.759
171.693
171.572
171.565
171.605
171.653
171.76
171.964
172.306
172.502
172.588
172.623
172.605
172.465
172.339
172.348
172.39
172.454
172.593
172.865
173.181
173.323
173.382
173.404
173.347
173.199
173.166
173.201
173.25
173.36
173.572
173.926
174.124
174.209
174.245
174.226
174.078
173.937
173.942
173.984
174.045
174.178
174.44
174.784
174.943
175.011
175.039
175.001
174.849
174.78
174.808
174.852
174.933
175.095
175.404
175.65
175.757
175.803
175.809
175.722
175.611
175.617
175.66
175.712
175.826
176.039
176.303
176.436
176.492
176.517
176.49
176.471
176.505
176.551
176.621
176.753
176.886
176.946
176.977
176.993
177.032
177.092
177.223
177.441
177.603
177.674
177.702
177.665
177.57
177.569
177.61
177.673
177.809
178.075
178.35
178.474
178.526
178.542
178.474
178.343
178.333
178.374
178.423
178.529
178.729
179.004
179.149
179.21
179.238
179.204
179.137
179.152
179.197
179.254
179.378
179.593
179.768
179.85
179.887
179.883
179.856
179.883
179.929
179.998
180.14
180.319
180.425
180.471
180.484
180.478
180.512
180.559
180.652
180.825
181.002
181.091
181.13
181.128
181.093
181.114
181.159
181.223
181.355
181.546
181.676
181.731
181.757
181.757
181.787
181.832
181.911
182.065
182.253
182.357
182.404
182.417
182.375
182.365
182.403
182.451
182.5
182.555
182.667
182.875
183.154
183.296
183.357
183.385
183.344
183.203
183.158
183.193
183.24
183.327
183.497
183.819
184.05
184.151
184.196
184.203
184.117
184.014
184.026
184.071
184.125
184.242
184.461
184.725
184.853
184.909
184.934
184.892
184.824
184.841
184.887
184.942
185.056
185.26
185.453
185.545
185.588
185.596
185.569
185.589
185.636
185.691
185.804
185.974
186.101
186.157
186.186
186.193
186.228
186.276
186.357
186.506
186.655
186.726
186.762
186.767
186.789
186.834
186.903
187.044
187.239
187.357
187.409
187.424
187.362
187.293
187.317
187.364
187.426
187.557
187.815
188.162
188.321
188.391
188.428
188.413
188.278
188.147
188.154
188.197
188.246
188.297
188.35
188.452
188.642
189.003
189.251
189.357
189.406
189.423
189.354
189.158
189.09
189.12
189.168
189.22
189.324
189.521
189.871
190.085
190.177
190.222
190.233
190.159
190.071
190.087
190.134
190.184
190.272
190.442
190.678
190.812
190.872
190.904
190.897
190.902
190.944
190.994
191.074
191.214
191.345
191.406
191.438
191.444
191.475
191.523
191.6
191.753
191.952
192.066
192.117
192.137
192.104
192.1
192.142
192.193
192.284
192.457
192.65
192.749
192.796
192.813
192.793
192.813
192.86
192.914
193.02
193.182
193.305
193.36
193.388
193.393
193.427
193.476
193.558
193.718
193.919
194.028
194.079
194.095
194.039
193.997
194.031
194.079
194.153
194.298
194.546
194.717
194.793
194.834
194.831
194.773
194.778
194.823
194.874
194.965
195.14
195.375
195.504
195.563
195.597
195.587
195.567
195.601
195.65
195.702
195.753
195.805
195.857
195.913
196.014
196.201
196.472
196.62
196.687
196.726
196.719
196.601
196.484
196.497
196.544
196.595
196.683
196.852
197.186
197.446
197.555
197.607
197.633
197.587
197.471
197.462
197.505
197.556
197.62
197.747
197.972
198.153
198.238
198.283
198.297
198.274
198.296
198.345
198.398
198.493
198.655
198.798
198.865
198.903
198.91
198.927
198.975
199.028
199.129
199.299
199.444
199.511
199.549
199.547
199.544
199.586
199.637
199.716
199.866
200.052
200.155
200.205
200.231
200.236
200.273
200.323
200.393
200.526
200.68
200.761
200.803
200.801
200.73
200.724
200.768
200.822
200.922
201.118
201.425
201.592
201.665
201.707
201.706
201.617
201.572
201.607
201.658
201.716
201.829
202.035
202.236
202.332
202.381
202.401
202.369
202.369
202.413
202.465
202.545
202.7
202.919
203.047
203.106
203.141
203.129
203.102
203.135
203.186
203.24
203.332
203.487
203.624
203.689
203.731
203.759
203.802
203.853
203.93
204.059
204.171
204.226
204.255
204.239
204.249
204.296
204.353
204.467
204.686
204.949
205.073
205.131
205.163
205.131
205.011
204.989
205.03
205.082
205.147
205.276
205.515
205.728
205.825
205.876
205.9
205.872
205.867
205.911
205.963
206.037
206.181
206.402
206.543
206.607
206.646
206.632
206.529
206.496
206.534
206.587
206.641
206.737
206.917
207.223
207.403
207.483
207.53
207.545
207.478
207.411
207.438
207.488
207.541
207.621
207.773
208.031
208.204
208.282
208.33
208.349
208.312
208.305
208.348
208.401
208.454
208.507
208.562
208.618
208.71
208.877
209.058
209.151
209.201
209.228
209.227
209.26
209.312
209.371
209.486
209.678
209.83
209.899
209.941
209.937
209.865
209.862
209.908
209.961
210.046
210.208
210.477
210.642
210.716
210.761
210.768
210.689
210.647
210.684
210.737
210.796
210.906
211.115
211.344
211.452
211.508
211.541
211.521
211.49
211.524
211.577
211.633
211.734
211.911
212.076
212.156
212.203
212.218
212.193
212.217
212.269
212.327
212.434
212.641
212.877
212.989
213.044
213.076
213.037
212.881
212.831
212.867
212.92
212.979
213.086
213.292
213.642
213.831
213.914
213.963
213.983
213.918
213.788
213.785
213.832
213.886
213.948
214.064
214.287
214.545
214.664
214.724
214.764
214.759
214.704
214.717
214.766
214.821
214.881
214.988
215.163
215.305
215.373
215.419
215.442
215.469
215.519
215.573
215.647
215.775
215.905
215.971
216.017
216.049
216.094
216.148
216.214
216.334
216.482
216.562
216.611
216.628
216.597
216.612
216.662
216.717
216.804
216.969
217.224
217.371
217.439
217.486
217.502
217.474
217.493
217.543
217.598
217.654
217.718
217.789
217.851
217.908
217.965
218.023
218.109
218.259
218.41
218.487
218.539
218.586
218.64
218.698
218.774
218.857
218.918
218.97
219.01
219.044
219.095
219.149
219.23
219.383
219.588
219.701
219.759
219.796
219.781
219.711
219.722
219.772
219.827
219.887
219.992
220.185
220.393
220.492
220.547
220.584
220.577
220.57
220.613
220.668
220.727
220.828
221.004
221.167
221.245
221.296
221.321
221.309
221.335
221.387
221.443
221.521
221.663
221.823
221.907
221.958
221.984
221.963
221.976
222.026
222.081
222.16
222.309
222.54
222.681
222.747
222.794
222.802
222.742
222.733
222.779
222.835
222.895
223.001
223.194
223.389
223.481
223.536
223.572
223.566
223.57
223.617
223.672
223.732
223.833
223.996
224.128
224.193
224.24
224.256
224.252
224.292
224.347
224.404
224.493
224.654
224.828
224.915
224.97
225.006
225.004
225.014
225.062
225.118
225.174
225.231
225.289
225.364
225.501
225.725
225.877
225.948
225.999
226.027
226.002
225.997
226.042
226.098
226.154
226.21
226.266
226.323
226.38
226.439
226.53
226.698
226.962
227.114
227.185
227.236
227.261
227.206
227.116
227.133
227.185
227.242
227.309
227.43
227.66
227.878
227.976
228.032
228.072
228.059
227.99
228.003
228.054
228.11
228.175
228.292
228.503
228.684
228.769
228.823
228.856
228.835
228.81
228.85
228.906
228.963
229.047
229.2
229.406
229.519
229.579
229.624
229.632
229.599
229.624
229.677
229.734
229.795
229.894
230.056
230.19
230.257
230.309
230.352
230.403
230.46
230.523
230.624
230.748
230.822
230.875
230.906
230.898
230.924
230.977
231.035
231.121
231.282
231.559
231.729
231.806
231.859
231.889
231.846
231.71
231.691
231.735
231.791
231.849
231.907
231.968
232.06
232.23
232.52
232.694
232.774
232.828
232.864
232.841
232.773
232.793
232.846
232.904
232.967
233.074
233.272
233.468
233.56
233.617
233.658
233.652
233.608
233.635
233.689
233.747
233.812
233.922
234.113
234.272
234.348
234.402
234.439
234.444
234.473
234.527
234.585
234.648
234.748
234.885
234.97
235.027
235.071
235.095
235.137
235.194
235.252
235.333
235.476
235.636
235.72
235.776
235.817
235.839
235.883
235.94
236
236.087
236.247
236.428
236.519
236.576
236.618
236.609
236.519
236.508
236.554
236.611
236.669
236.728
236.787
236.85
236.951
237.142
237.44
237.596
237.67
237.724
237.759
237.729
237.62
237.617
237.666
237.724
237.785
237.873
238.036
238.282
238.42
238.488
238.541
238.57
238.536
238.509
238.551
238.608
238.667
238.741
238.872
239.087
239.233
239.304
239.359
239.394
239.382
239.384
239.433
239.491
239.55
239.62
239.74
239.891
239.978
240.035
240.083
240.119
240.17
240.228
240.289
240.38
240.542
240.712
240.799
240.856
240.9
240.902
240.849
240.864
240.916
240.975
241.034
241.093
241.152
241.212
241.286
241.412
241.645
241.835
241.922
241.979
242.024
242.024
241.936
241.916
241.962
242.02
242.08
242.159
242.3
242.548
242.716
242.795
242.851
242.894
242.888
242.85
242.882
242.938
242.997
243.061
243.161
243.335
243.492
243.569
243.626
243.668
243.672
243.687
243.738
243.797
243.859
243.949
244.113
244.318
244.424
244.485
244.537
244.56
244.508
244.469
244.508
244.565
244.624
244.683
244.743
244.803
244.864
244.94
245.072
245.315
245.505
245.592
245.651
245.7
245.718
245.701
245.735
245.791
245.851
245.915
245.993
246.077
246.141
246.201
246.255
246.294
246.336
246.393
246.453
246.52
246.632
246.837
247.018
247.104
247.162
247.209
247.214
247.159
247.173
247.227
247.287
247.349
247.435
247.591
247.786
247.887
247.949
248.002
248.029
248.017
248.047
248.103
248.164
248.226
248.315
248.463
248.603
248.675
248.733
248.779
248.806
248.852
248.911
248.972
249.044
249.165
249.322
249.412
249.472
249.521
249.532
249.472
249.471
249.522
249.582
249.644
249.721
249.855
250.091
250.254
250.332
250.391
250.439
250.45
250.428
250.463
250.52
250.581
250.644
250.73
250.877
251.028
251.107
251.166
251.215
251.232
251.236
251.283
251.342
251.403
251.468
251.562
251.716
251.848
251.919
251.978
252.034
252.088
252.147
252.208
252.268
252.329
252.388
252.446
252.504
252.565
252.626
252.689
252.766
252.895
253.038
253.115
253.175
253.224
253.24
253.242
253.289
253.349
253.411
253.482
253.603
253.788
253.91
253.977
254.035
254.077
254.078
254.09
254.143
254.203
254.265
254.334
254.444
254.597
254.693
254.756
254.813
254.859
254.909
254.969
255.031
255.099
255.194
255.31
255.385
255.446
255.5
255.534
255.558
255.611
255.671
255.734
255.811
255.941
256.094
256.178
256.239
256.292
256.318
256.315
256.356
256.415
256.476
256.542
256.638
256.81
256.995
257.087
257.149
257.206
257.244
257.23
257.217
257.262
257.322
257.383
257.444
257.506
257.568
257.63
257.697
257.792
257.961
258.132
258.218
258.28
258.336
258.374
258.379
258.413
258.471
258.533
258.595
258.665
258.766
258.89
258.968
259.03
259.091
259.152
259.213
259.276
259.342
259.418
259.489
259.552
259.614
259.675
259.736
259.798
259.861
259.928
260.019
260.143
260.229
260.292
260.351
260.4
260.435
260.488
260.549
260.612
260.681
260.79
260.958
261.073
261.14
261.201
261.254
261.282
261.277
261.315
261.373
261.434
261.496
261.558
261.62
261.682
261.744
261.807
261.871
261.947
262.07
262.247
262.357
262.422
262.483
262.533
262.556
262.586
262.643
262.705
262.769
262.845
262.968
263.123
263.211
263.274
263.331
263.367
263.341
263.322
263.369
263.43
263.492
263.559
263.655
263.831
264.075
264.196
264.265
264.326
264.379
264.402
264.346
264.319
264.365
264.425
264.487
264.55
264.614
264.679
264.764
264.909
265.102
265.207
265.272
265.333
265.386
265.409
265.422
265.474
265.535
265.598
265.664
265.749
265.883
266
266.069
266.131
266.188
266.231
266.278
266.339
266.402
266.466
266.537
266.626
266.705
266.771
266.834
266.897
266.96
267.023
267.087
267.157
267.251
267.359
267.433
267.497
267.559
267.614
267.662
267.72
267.783
267.847
267.918
268.023
268.158
268.241
268.305
268.365
268.414
268.427
268.437
268.49
268.552
268.615
268.679
268.746
268.837
268.988
269.131
269.207
269.271
269.332
269.385
269.428
269.484
269.546
269.61
269.674
269.742
269.819
269.892
269.957
270.021
270.085
270.15
270.219
270.303
270.395
270.465
270.529
270.592
270.653
270.706
270.764
270.827
270.89
270.956
271.033
271.149
271.27
271.343
271.407
271.47
271.528
271.579
271.638
271.7
271.764
271.828
271.891
271.955
272.019
272.082
272.146
272.211
272.276
272.35
272.458
272.579
272.655
272.719
272.781
272.838
272.88
272.93
272.993
273.057
273.122
273.194
273.296
273.414
273.491
273.556
273.62
273.684
273.747
273.809
273.863
273.901
273.947
274.007
274.071
274.135
274.199
274.263
274.328
274.396
274.482
274.621
274.767
274.847
274.912
274.975
275.034
275.075
275.09
275.134
275.195
275.258
275.323
275.387
275.451
275.517
275.586
275.677
275.819
275.936
276.006
276.071
276.134
276.192
276.243
276.303
276.366
276.431
276.495
276.559
276.623
276.687
276.747
276.794
276.817
276.861
276.923
276.987
277.054
277.129
277.246
277.441
277.577
277.651
277.715
277.776
277.822
277.821
277.809
277.857
277.919
277.984
278.051
278.129
278.252
278.423
278.524
278.592
278.656
278.721
278.785
278.85
278.915
278.981
279.049
279.115
279.18
279.244
279.303
279.344
279.326
279.285
279.325
279.386
279.451
279.518
279.601
279.737
280
280.196
280.285
280.352
280.415
280.471
280.494
280.439
280.425
280.477
280.54
280.606
280.674
280.759
280.9
281.058
281.144
281.21
281.275
281.334
281.373
281.395
281.449
281.513
281.578
281.645
281.723
281.829
281.924
281.992
282.058
282.122
282.181
282.235
282.298
282.364
282.43
282.502
282.597
282.703
282.777
282.843
282.907
282.966
283.007
283.042
283.101
283.166
283.232
283.301
283.389
283.518
283.619
283.689
283.754
283.819
283.878
283.934
283.998
284.063
284.129
284.2
284.282
284.359
284.426
284.492
284.555
284.611
284.645
284.685
284.746
284.811
284.878
284.948
285.039
285.177
285.284
285.355
285.421
285.485
285.543
285.584
285.631
285.694
285.76
285.827
285.897
285.983
286.088
286.166
286.233
286.299
286.364
286.428
286.493
286.558
286.625
286.692
286.765
286.856
286.944
287.013
287.08
287.146
287.212
287.277
287.342
287.401
287.445
287.45
287.483
287.543
287.609
287.675
287.742
287.813
287.905
288.061
288.219
288.303
288.37
288.436
288.498
288.547
288.557
288.578
288.637
288.702
288.769
288.838
288.919
289.048
289.233
289.341
289.413
289.479
289.545
289.61
289.667
289.7
289.66
289.635
289.682
289.745
289.811
289.877
289.944
290.01
290.078
290.149
290.237
290.383
290.56
290.654
290.724
290.79
290.856
290.916
290.958
290.985
291.04
291.105
291.171
291.238
291.307
291.387
291.48
291.555
291.623
291.689
291.756
291.822
291.889
291.958
292.034
292.117
292.188
292.255
292.321
292.386
292.447
292.496
292.552
292.616
292.682
292.748
292.818
292.903
293.005
293.078
293.141
293.2
293.257
293.305
293.34
293.383
293.428
293.471
293.512
293.555
293.61
293.653
293.679
293.698
293.713
293.721
293.719
293.716
293.715
293.71
293.699
293.686
293.678
293.658
293.625
293.587
293.544
293.497
293.446
293.392
293.333
293.272
293.229
293.198
293.172
293.15
293.134
293.128
293.126
293.129
293.139
293.159
293.194
293.236
293.264
293.287
293.309
293.328
293.336
293.338
293.349
293.362
293.374
293.387
293.407
293.454
293.496
293.505
293.506
293.504
293.497
293.477
293.424
293.338
293.294
293.266
293.243
293.22
293.2
293.186
293.189
293.239
293.302
293.313
293.314
293.315
293.317
293.316
293.291
293.192
293.13
293.132
293.144
293.157
293.172
293.192
293.233
293.348
293.496
293.538
293.549
293.555
293.557
293.556
293.54
293.481
293.338
293.27
293.251
293.239
293.227
293.214
293.2
293.184
293.171
293.168
293.198
293.289
293.323
293.324
293.321
293.319
293.319
293.317
293.307
293.258
293.209
293.209
293.22
293.233
293.245
293.257
293.27
293.287
293.322
293.368
293.385
293.392
293.397
293.4
293.4
293.393
293.385
293.383
293.382
293.379
293.378
293.387
293.411
293.411
293.4
293.386
293.371
293.352
293.316
293.231
293.152
293.13
293.123
293.12
293.12
293.123
293.135
293.168
293.256
293.329
293.353
293.366
293.376
293.386
293.391
293.383
293.348
293.334
293.336
293.34
293.345
293.349
293.354
293.367
293.377
293.378
293.377
293.375
293.37
293.364
293.357
293.351
293.346
293.338
293.326
293.315
293.304
293.292
293.275
293.255
293.246
293.243
293.242
293.244
293.25
293.265
293.286
293.298
293.307
293.317
293.325
293.329
293.32
293.299
293.297
293.302
293.306
293.311
293.316
293.324
293.346
293.392
293.409
293.411
293.411
293.408
293.403
293.394
293.374
293.326
293.285
293.268
293.257
293.248
293.239
293.232
293.228
293.234
293.261
293.277
293.279
293.281
293.283
293.288
293.293
293.297
293.303
293.311
293.318
293.326
293.335
293.345
293.351
293.356
293.359
293.361
293.358
293.339
293.314
293.308
293.308
293.307
293.307
293.307
293.313
293.343
293.39
293.397
293.391
293.384
293.376
293.365
293.347
293.302
293.23
293.205
293.199
293.197
293.197
293.2
293.209
293.236
293.309
293.363
293.379
293.387
293.393
293.398
293.399
293.384
293.321
293.26
293.25
293.25
293.252
293.255
293.258
293.27
293.31
293.374
293.39
293.391
293.388
293.383
293.376
293.362
293.328
293.298
293.287
293.28
293.275
293.271
293.271
293.284
293.305
293.31
293.312
293.313
293.316
293.318
293.315
293.298
293.289
293.292
293.297
293.302
293.306
293.312
293.321
293.336
293.343
293.346
293.347
293.348
293.349
293.348
293.343
293.338
293.336
293.333
293.329
293.325
293.321
293.316
293.312
293.31
293.317
293.346
293.361
293.361
293.359
293.358
293.357
293.355
293.351
293.332
293.264
293.177
293.161
293.162
293.166
293.171
293.177
293.192
293.235
293.33
293.372
293.381
293.383
293.385
293.384
293.38
293.36
293.332
293.325
293.323
293.321
293.319
293.319
293.326
293.33
293.327
293.322
293.317
293.311
293.3
293.282
293.275
293.272
293.271
293.272
293.275
293.287
293.309
293.319
293.325
293.329
293.332
293.336
293.338
293.34
293.343
293.346
293.348
293.352
293.36
293.371
293.374
293.374
293.375
293.374
293.372
293.366
293.346
293.294
293.259
293.25
293.245
293.241
293.237
293.234
293.232
293.235
293.256
293.305
293.323
293.326
293.326
293.326
293.327
293.327
293.319
293.302
293.3
293.302
293.305
293.309
293.313
293.321
293.335
293.341
293.344
293.345
293.346
293.346
293.344
293.342
293.342
293.341
293.34
293.34
293.338
293.336
293.334
293.33
293.321
293.3
293.276
293.268
293.264
293.262
293.26
293.262
293.274
293.316
293.351
293.358
293.361
293.364
293.366
293.365
293.356
293.315
293.259
293.246
293.246
293.247
293.249
293.251
293.255
293.263
293.291
293.366
293.41
293.418
293.419
293.418
293.417
293.415
293.412
293.405
293.387
293.329
293.242
293.216
293.209
293.206
293.204
293.202
293.201
293.204
293.216
293.258
293.32
293.337
293.342
293.345
293.347
293.349
293.349
293.344
293.325
293.315
293.315
293.316
293.317
293.318
293.319
293.323
293.33
293.333
293.334
293.334
293.333
293.332
293.331
293.329
293.326
293.32
293.312
293.308
293.305
293.302
293.3
293.298
293.296
293.296
293.299
293.306
293.31
293.311
293.313
293.315
293.317
293.318
293.318
293.32
293.321
293.323
293.325
293.327
293.332
293.334
293.335
293.336
293.336
293.336
293.332
293.32
293.309
293.306
293.305
293.304
293.303
293.302
293.302
293.306
293.321
293.328
293.328
293.326
293.324
293.323
293.322
293.321
293.321
293.321
293.321
293.322
293.322
293.319
293.305
293.28
293.273
293.273
293.275
293.276
293.277
293.28
293.289
293.312
293.329
293.333
293.333
293.334
293.334
293.333
293.331
293.326
293.324
293.323
293.322
293.32
293.319
293.318
293.316
293.315
293.313
293.311
293.308
293.307
293.306
293.306
293.306
293.308
293.314
293.331
293.342
293.345
293.347
293.348
293.349
293.348
293.342
293.319
293.284
293.276
293.275
293.275
293.275
293.276
293.278
293.283
293.298
293.31
293.312
293.312
293.311
293.31
293.309
293.307
293.306
293.305
293.305
293.308
293.313
293.314
293.313
293.313
293.312
293.312
293.31
293.304
293.3
293.3
293.301
293.302
293.304
293.307
293.312
293.323
293.328
293.329
293.329
293.33
293.33
293.328
293.322
293.317
293.316
293.316
293.316
293.316
293.317
293.323
293.335
293.339
293.338
293.337
293.336
293.334
293.329
293.317
293.287
293.272
293.269
293.268
293.268
293.269
293.271
293.275
293.29
293.314
293.322
293.325
293.326
293.327
293.328
293.329
293.329
293.33
293.329
293.328
293.322
293.313
293.311
293.311
293.311
293.311
293.31
293.31
293.311
293.317
293.334
293.346
293.347
293.346
293.345
293.344
293.342
293.336
293.316
293.28
293.269
293.267
293.267
293.267
293.268
293.271
293.279
293.305
293.332
293.338
293.34
293.341
293.342
293.342
293.342
293.34
293.331
293.316
293.312
293.311
293.311
293.31
293.31
293.31
293.31
293.311
293.312
293.313
293.313
293.312
293.311
293.31
293.309
293.308
293.306
293.305
293.305
293.305
293.306
293.306
293.307
293.31
293.315
293.318
293.319
293.32
293.321
293.322
293.324
293.328
293.339
293.346
293.348
293.348
293.349
293.348
293.347
293.344
293.331
293.291
293.261
293.255
293.254
293.253
293.253
293.253
293.257
293.273
293.325
293.371
293.379
293.381
293.381
293.38
293.38
293.379
293.373
293.351
293.288
293.248
293.242
293.241
293.241
293.242
293.242
293.244
293.249
293.265
293.309
293.341
293.347
293.348
293.348
293.348
293.347
293.345
293.337
293.322
293.316
293.315
293.314
293.314
293.313
293.313
293.313
293.312
293.312
293.311
293.31
293.309
293.304
293.301
293.301
293.301
293.302
293.302
293.303
293.303
293.304
293.306
293.309
293.315
293.329
293.354
293.369
293.373
293.374
293.375
293.375
293.375
293.375
293.374
293.371
293.361
293.327
293.275
293.261
293.258
293.257
293.257
293.257
293.259
293.266
293.292
293.318
293.323
293.323
293.323
293.323
293.324
293.323
293.322
293.316
293.312
293.312
293.312
293.313
293.313
293.313
293.313
293.313
293.313
293.312
293.311
293.311
293.312
293.312
293.313
293.313
293.313
293.313
293.313
293.313
293.312
293.311
293.311
293.31
293.31
293.31
293.31
293.311
293.312
293.312
293.311
293.311
293.311
293.311
293.31
293.309
293.309
293.309
293.309
293.31
293.311
293.314
293.322
293.333
293.335
293.336
293.336
293.337
293.336
293.334
293.328
293.312
293.304
293.302
293.302
293.301
293.301
293.303
293.309
293.33
293.345
293.347
293.348
293.348
293.347
293.344
293.335
293.303
293.249
293.233
293.23
293.23
293.23
293.231
293.235
293.249
293.292
293.334
293.343
293.345
293.346
293.346
293.345
293.344
293.337
293.32
293.313
293.312
293.311
293.311
293.312
293.312
293.315
293.319
293.321
293.322
293.322
293.321
293.32
293.319
293.316
293.314
293.313
293.312
293.312
293.312
293.312
293.312
293.313
293.313
293.315
293.319
293.324
293.327
293.327
293.327
293.327
293.327
293.327
293.325
293.318
293.308
293.305
293.304
293.304
293.304
293.304
293.304
293.307
293.309
293.309
293.309
293.309
293.308
293.307
293.304
293.301
293.301
293.301
293.301
293.302
293.305
293.315
293.322
293.323
293.324
293.324
293.324
293.323
293.322
293.321
293.322
293.323
293.324
293.326
293.33
293.335
293.337
293.337
293.336
293.336
293.333
293.327
293.309
293.298
293.295
293.294
293.294
293.294
293.294
293.297
293.306
293.319
293.323
293.323
293.323
293.323
293.323
293.322
293.318
293.312
293.31
293.31
293.31
293.311
293.311
293.313
293.317
293.318
293.318
293.319
293.319
293.319
293.316
293.312
293.311
293.31
293.31
293.31
293.311
293.314
293.319
293.321
293.322
293.322
293.322
293.321
293.321
293.32
293.32
293.32
293.322
293.328
293.332
293.333
293.334
293.334
293.334
293.333
293.329
293.316
293.291
293.281
293.278
293.278
293.278
293.279
293.279
293.282
293.289
293.307
293.319
293.322
293.322
293.323
293.323
293.323
293.324
293.327
293.334
293.338
293.338
293.338
293.338
293.337
293.335
293.329
293.31
293.28
293.271
293.27
293.27
293.27
293.27
293.273
293.281
293.308
293.345
293.354
293.356
293.356
293.356
293.356
293.353
293.344
293.314
293.285
293.279
293.278
293.278
293.278
293.278
293.279
293.285
293.303
293.317
293.319
293.32
293.321
293.32
293.32
293.319
293.316
293.313
293.312
293.312
293.312
293.312
293.312
293.314
293.316
293.316
293.316
293.316
293.315
293.313
293.309
293.307
293.307
293.307
293.308
293.309
293.312
293.321
293.354
293.393
293.402
293.404
293.404
293.404
293.403
293.4
293.391
293.361
293.272
293.211
293.199
293.196
293.195
293.195
293.196
293.199
293.211
293.254
293.323
293.342
293.347
293.349
293.349
293.349
293.348
293.346
293.337
293.319
293.31
293.307
293.307
293.307
293.307
293.308
293.309
293.313
293.32
293.323
293.324
293.323
293.323
293.323
293.322
293.321
293.316
293.306
293.302
293.301
293.301
293.301
293.301
293.303
293.306
293.307
293.307
293.307
293.306
293.305
293.303
293.304
293.304
293.305
293.308
293.318
293.341
293.359
293.363
293.364
293.364
293.363
293.362
293.36
293.352
293.327
293.277
293.258
293.253
293.251
293.252
293.253
293.254
293.257
293.267
293.297
293.325
293.332
293.333
293.333
293.332
293.331
293.33
293.325
293.314
293.307
293.307
293.307
293.308
293.309
293.312
293.32
293.332
293.336
293.336
293.335
293.334
293.333
293.328
293.315
293.287
293.276
293.275
293.274
293.274
293.275
293.275
293.277
293.28
293.291
293.324
293.35
293.355
293.357
293.358
293.358
293.358
293.356
293.35
293.333
293.311
293.304
293.302
293.302
293.301
293.302
293.304
293.31
293.326
293.334
293.335
293.336
293.336
293.335
293.333
293.329
293.327
293.326
293.326
293.327
293.332
293.342
293.348
293.35
293.35
293.35
293.349
293.344
293.337
293.335
293.333
293.332
293.333
293.336
293.345
293.354
293.355
293.357
293.357
293.356
293.353
293.342
293.309
293.276
293.269
293.267
293.266
293.265
293.266
293.27
293.281
293.307
293.32
293.323
293.324
293.325
293.325
293.322
293.313
293.29
293.276
293.273
293.271
293.27
293.27
293.273
293.281
293.306
293.328
293.333
293.334
293.335
293.336
293.334
293.328
293.309
293.284
293.277
293.274
293.273
293.273
293.274
293.277
293.291
293.323
293.343
293.348
293.35
293.35
293.35
293.349
293.345
293.331
293.297
293.278
293.274
293.273
293.273
293.273
293.275
293.278
293.29
293.316
293.328
293.33
293.331
293.33
293.329
293.327
293.322
293.32
293.32
293.321
293.322
293.328
293.334
293.335
293.335
293.335
293.333
293.325
293.299
293.268
293.259
293.256
293.255
293.256
293.257
293.259
293.266
293.287
293.341
293.374
293.38
293.381
293.381
293.38
293.38
293.377
293.37
293.35
293.296
293.263
293.258
293.256
293.256
293.255
293.256
293.26
293.268
293.293
293.328
293.337
293.339
293.341
293.341
293.341
293.339
293.332
293.315
293.304
293.301
293.3
293.299
293.299
293.301
293.308
293.323
293.33
293.332
293.333
293.333
293.332
293.328
293.318
293.312
293.31
293.309
293.309
293.311
293.316
293.321
293.322
293.324
293.324
293.321
293.314
293.31
293.309
293.308
293.308
293.312
293.318
293.319
293.319
293.319
293.317
293.31
293.3
293.298
293.299
293.3
293.302
293.309
293.328
293.339
293.34
293.339
293.338
293.336
293.332
293.326
293.325
293.325
293.326
293.327
293.327
293.326
293.324
293.317
293.314
293.313
293.313
293.315
293.324
293.344
293.354
293.356
293.357
293.357
293.355
293.346
293.314
293.257
293.239
293.235
293.233
293.232
293.234
293.237
293.245
293.276
293.334
293.356
293.364
293.366
293.366
293.365
293.364
293.358
293.34
293.306
293.294
293.292
293.291
293.291
293.291
293.294
293.305
293.323
293.328
293.328
293.329
293.329
293.325
293.316
293.302
293.298
293.297
293.296
293.296
293.301
293.315
293.323
293.324
293.325
293.325
293.323
293.315
293.31
293.311
293.312
293.314
293.318
293.328
293.335
293.334
293.331
293.327
293.317
293.3
293.29
293.287
293.29
293.293
293.299
293.321
293.36
293.38
293.389
293.389
293.387
293.385
293.38
293.368
293.329
293.258
293.225
293.218
293.219
293.219
293.221
293.223
293.229
293.246
293.294
293.342
293.351
293.353
293.353
293.352
293.35
293.345
293.332
293.301
293.285
293.283
293.282
293.282
293.283
293.289
293.304
293.337
293.352
293.354
293.355
293.356
293.355
293.349
293.331
293.298
293.286
293.284
293.282
293.282
293.284
293.291
293.309
293.346
293.36
293.363
293.365
293.366
293.364
293.357
293.341
293.302
293.283
293.279
293.276
293.276
293.278
293.285
293.304
293.339
293.351
293.355
293.357
293.357
293.352
293.339
293.304
293.28
293.274
293.27
293.268
293.271
293.282
293.313
293.334
293.339
293.343
293.345
293.341
293.325
293.295
293.285
293.282
293.279
293.28
293.29
293.32
293.341
293.345
293.347
293.348
293.342
293.321
293.293
293.287
293.286
293.285
293.289
293.303
293.347
293.399
293.41
293.413
293.414
293.414
293.409
293.392
293.344
293.244
293.205
293.197
293.192
293.19
293.19
293.193
293.2
293.22
293.276
293.354
293.379
293.385
293.387
293.388
293.388
293.384
293.376
293.352
293.29
293.254
293.246
293.241
293.237
293.237
293.242
293.245
293.252
293.267
293.311
293.37
293.403
293.414
293.412
293.409
293.407
293.404
293.4
293.391
293.366
293.295
293.226
293.212
293.211
293.211
293.212
293.214
293.219
293.231
293.265
293.344
293.381
293.387
293.39
293.391
293.389
293.378
293.347
293.3
293.287
293.284
293.282
293.283
293.293
293.322
293.341
293.343
293.344
293.342
293.333
293.302
293.271
293.267
293.268
293.271
293.279
293.304
293.351
293.367
293.366
293.365
293.359
293.345
293.307
293.272
293.267
293.27
293.273
293.283
293.307
293.364
293.402
293.405
293.401
293.397
293.387
293.364
293.303
293.225
293.203
293.205
293.208
293.213
293.222
293.241
293.289
293.375
293.411
293.413
293.409
293.406
293.399
293.388
293.361
293.293
293.22
293.205
293.208
293.21
293.215
293.221
293.233
293.265
293.349
293.429
293.443
293.444
293.442
293.439
293.435
293.429
293.412
293.364
293.253
293.199
293.191
293.188
293.188
293.189
293.194
293.207
293.243
293.336
293.404
293.417
293.422
293.427
293.427
293.42
293.402
293.352
293.253
293.214
293.205
293.197
293.193
293.196
293.207
293.236
293.32
293.416
293.44
293.45
293.458
293.461
293.457
293.447
293.426
293.366
293.242
293.186
293.168
293.159
293.155
293.156
293.16
293.172
293.202
293.284
293.392
293.43
293.444
293.45
293.451
293.45
293.445
293.427
293.373
293.263
293.211
293.195
293.187
293.184
293.183
293.186
293.196
293.226
293.315
293.423
293.453
293.464
293.47
293.472
293.472
293.466
293.449
293.398
293.275
293.201
293.179
293.17
293.169
293.17
293.173
293.185
293.226
293.336
293.436
293.463
293.469
293.47
293.469
293.462
293.439
293.361
293.272
293.249
293.244
293.243
293.245
293.256
293.298
293.383
293.418
293.426
293.427
293.425
293.416
293.376
293.263
293.192
293.177
293.174
293.175
293.179
293.198
293.269
293.367
293.394
293.398
293.398
293.396
293.384
293.337
293.277
293.263
293.261
293.262
293.267
293.29
293.334
293.347
293.348
293.349
293.344
293.323
293.263
293.232
293.229
293.229
293.23
293.242
293.283
293.371
293.405
293.409
293.41
293.408
293.398
293.363
293.265
293.184
293.169
293.166
293.165
293.167
293.181
293.222
293.339
293.45
293.472
293.477
293.48
293.48
293.471
293.446
293.378
293.233
293.171
293.159
293.153
293.149
293.152
293.168
293.21
293.322
293.402
293.419
293.426
293.431
293.429
293.414
293.366
293.272
293.237
293.228
293.221
293.219
293.229
293.266
293.35
293.389
293.398
293.405
293.406
293.396
293.356
293.262
293.216
293.205
293.198
293.197
293.206
293.243
293.343
293.405
293.421
293.429
293.432
293.427
293.401
293.314
293.228
293.204
293.194
293.191
293.193
293.21
293.273
293.375
293.413
293.426
293.43
293.429
293.417
293.371
293.27
293.223
293.205
293.199
293.199
293.206
293.244
293.352
293.429
293.453
293.463
293.465
293.461
293.44
293.359
293.221
293.167
293.147
293.141
293.141
293.147
293.176
293.275
293.415
293.465
293.484
293.49
293.491
293.485
293.456
293.353
293.23
293.189
293.172
293.166
293.166
293.174
293.211
293.333
293.451
293.488
293.503
293.508
293.507
293.497
293.459
293.329
293.171
293.122
293.104
293.097
293.097
293.1
293.112
293.148
293.253
293.429
293.499
293.518
293.522
293.522
293.521
293.516
293.505
293.487
293.45
293.353
293.171
293.097
293.076
293.069
293.072
293.077
293.083
293.102
293.164
293.343
293.464
293.486
293.49
293.493
293.493
293.483
293.453
293.353
293.21
293.169
293.154
293.148
293.147
293.153
293.18
293.268
293.409
293.459
293.475
293.479
293.478
293.472
293.443
293.34
293.197
293.155
293.145
293.144
293.145
293.152
293.185
293.3
293.435
293.469
293.477
293.476
293.472
293.463
293.434
293.342
293.188
293.138
293.134
293.137
293.141
293.151
293.176
293.251
293.421
293.505
293.515
293.515
293.512
293.503
293.486
293.434
293.287
293.131
293.1
293.097
293.097
293.101
293.11
293.135
293.207
293.407
293.6
293.639
293.645
293.648
293.648
293.642
293.623
293.57
293.417
293.123
293.019
293.001
292.993
292.987
292.988
292.999
293.027
293.095
293.292
293.476
293.514
293.528
293.54
293.543
293.534
293.509
293.446
293.283
293.171
293.145
293.13
293.121
293.122
293.142
293.2
293.349
293.443
293.466
293.482
293.49
293.486
293.457
293.359
293.24
293.208
293.192
293.18
293.181
293.207
293.297
293.428
293.464
293.478
293.49
293.49
293.462
293.371
293.203
293.147
293.135
293.126
293.123
293.142
293.208
293.382
293.518
293.542
293.549
293.553
293.549
293.529
293.511
293.495
293.478
293.447
293.365
293.181
293.068
293.029
293.016
293.014
293.017
293.026
293.042
293.066
293.102
293.191
293.412
293.546
293.577
293.597
293.611
293.594
293.568
293.514
293.356
293.22
293.182
293.16
293.162
293.186
293.223
293.306
293.361
293.37
293.37
293.355
293.295
293.205
293.164
293.146
293.144
293.171
293.286
293.397
293.425
293.445
293.454
293.426
293.309
293.125
293.075
293.065
293.059
293.068
293.127
293.311
293.571
293.633
293.642
293.643
293.634
293.594
293.47
293.174
293.007
292.984
292.981
292.983
292.997
293.051
293.207
293.511
293.625
293.641
293.647
293.649
293.63
293.563
293.366
293.084
293.01
292.993
292.98
292.977
293.003
293.083
293.318
293.592
293.655
293.678
293.699
293.702
293.673
293.587
293.336
293.05
292.987
292.965
292.946
292.94
292.966
293.052
293.295
293.583
293.649
293.662
293.67
293.669
293.648
293.629
293.612
293.575
293.486
293.232
293.006
292.962
292.947
292.936
292.939
292.97
292.994
293.009
293.031
293.076
293.201
293.526
293.714
293.75
293.773
293.79
293.792
293.772
293.719
293.589
293.225
292.912
292.849
292.825
292.804
292.799
292.814
292.852
292.932
293.149
293.572
293.732
293.772
293.801
293.814
293.809
293.789
293.761
293.709
293.582
293.238
292.908
292.816
292.795
292.789
292.785
292.785
292.809
292.847
292.937
293.208
293.607
293.746
293.823
293.849
293.831
293.814
293.788
293.719
293.52
293.109
292.877
292.84
292.855
292.868
292.893
292.944
293.068
293.292
293.386
293.372
293.356
293.35
293.355
293.381
293.473
293.644
293.739
293.78
293.79
293.776
293.687
293.349
292.941
292.834
292.783
292.748
292.738
292.77
292.88
293.214
293.685
293.818
293.868
293.91
293.928
293.908
293.833
293.623
293.098
292.791
292.722
292.675
292.643
292.644
292.692
292.816
293.172
293.699
293.851
293.9
293.943
293.962
293.936
293.831
293.522
293.003
292.841
292.801
292.767
292.751
292.785
292.927
293.328
293.715
293.791
293.811
293.822
293.81
293.717
293.417
292.938
292.81
292.803
292.813
292.85
292.944
293.186
293.636
293.829
293.814
293.772
293.711
293.582
293.286
292.97
292.828
292.826
292.889
292.968
293.148
293.542
293.721
293.758
293.762
293.726
293.612
293.268
292.993
292.911
292.881
292.883
292.961
293.291
293.654
293.733
293.772
293.799
293.76
293.546
293.031
292.805
292.776
292.771
292.786
292.87
293.144
293.727
293.983
293.999
293.983
293.945
293.848
293.592
292.972
292.515
292.447
292.479
292.517
292.584
292.74
293.135
293.873
294.246
294.294
294.249
294.203
294.126
293.945
293.482
292.806
292.475
292.412
292.471
292.53
292.616
292.817
293.359
293.893
294.111
294.202
294.16
294.087
293.984
293.708
292.993
292.582
292.483
292.429
292.435
292.499
292.621
292.995
293.795
294.136
294.203
294.228
294.228
294.181
294.04
293.535
292.703
292.415
292.351
292.337
292.337
292.369
292.488
292.927
293.839
294.239
294.321
294.345
294.356
294.331
294.256
294.004
293.19
292.477
292.333
292.282
292.238
292.242
292.295
292.377
292.618
293.337
293.971
294.215
294.345
294.32
294.266
294.198
294.032
293.564
292.92
292.597
292.503
292.56
292.623
292.723
292.977
293.485
293.808
293.962
293.953
293.87
293.764
293.499
292.992
292.795
292.725
292.717
292.785
292.925
293.312
293.776
293.893
293.908
293.898
293.829
293.519
292.905
292.651
292.554
292.515
292.525
292.647
293.144
293.876
294.078
294.156
294.219
294.221
294.08
293.575
292.73
292.483
292.421
292.371
292.364
292.479
292.867
293.738
294.137
294.204
294.238
294.252
294.17
293.851
293.034
292.538
292.459
292.439
292.436
292.508
292.79
293.529
294.037
294.114
294.126
294.118
294.038
293.73
292.988
292.609
292.565
292.565
292.594
292.711
293.099
293.822
294.058
294.063
294.043
293.976
293.783
293.236
292.603
292.491
292.532
292.587
292.703
292.994
293.654
294.156
294.209
294.132
294.041
293.853
293.378
292.711
292.361
292.316
292.418
292.535
292.779
293.437
294.065
294.319
294.413
294.332
294.202
293.925
293.106
292.375
292.186
292.082
292.09
292.207
292.425
293.103
294.228
294.559
294.66
294.718
294.667
294.521
294.134
292.965
292.03
291.844
291.779
291.737
291.789
291.947
292.361
293.587
294.682
294.919
294.987
295.03
295.006
294.869
294.504
293.358
292.076
291.716
291.638
291.613
291.619
291.707
291.994
292.954
294.264
294.747
294.915
294.951
294.947
294.882
294.548
293.397
292.37
292.075
291.923
291.854
291.862
292.04
292.763
293.968
294.327
294.458
294.576
294.61
294.427
293.725
292.632
292.345
292.287
292.257
292.287
292.545
293.387
294.222
294.33
294.274
294.179
293.953
293.441
292.643
292.263
292.358
292.535
292.774
293.332
294.012
294.193
294.239
294.161
293.916
293.165
292.455
292.207
292.099
292.092
292.333
293.338
294.447
294.678
294.783
294.861
294.781
294.237
292.662
291.56
291.414
291.418
291.479
291.662
292.142
293.317
294.998
295.498
295.424
295.295
295.1
294.683
293.594
292.083
291.3
291.015
291.147
291.34
291.604
292.257
293.97
295.127
295.493
295.721
295.675
295.454
295.1
294.038
291.775
290.904
290.703
290.58
290.518
290.687
290.974
291.697
293.774
295.383
295.708
295.819
295.883
295.961
295.816
295.614
295.421
295.166
294.65
293.209
291.443
290.729
290.222
290.129
290.271
290.385
290.516
290.733
291.238
292.487
294.774
296.265
296.629
296.508
296.376
296.206
295.885
295.074
293.093
291.065
290.382
290.425
290.596
290.783
291.112
291.905
293.709
295.254
295.92
295.974
295.753
295.515
295.047
293.647
291.752
291.162
290.89
290.863
291.065
291.39
292.256
294.398
295.619
295.843
295.895
295.86
295.681
294.981
292.732
290.904
290.387
290.213
290.183
290.217
290.462
291.461
294.195
295.886
296.388
296.622
296.694
296.67
296.424
295.36
292.387
290.669
290.238
290.01
289.905
289.917
290.149
290.947
293.308
295.662
296.258
296.551
296.729
296.773
296.605
295.878
293.481
291.022
290.455
290.23
290.046
289.993
290.215
290.925
292.998
295.647
296.3
296.494
296.668
296.735
296.519
295.686
293.129
290.432
289.88
289.768
289.7
289.708
289.907
290.539
292.173
295.496
296.883
297.086
297.118
297.1
296.97
296.5
295.165
291.831
289.736
289.428
289.432
289.483
289.622
289.893
290.525
292.122
295.483
297.047
297.254
297.216
297.143
296.971
296.564
295.442
292.386
289.9
289.478
289.478
289.518
289.634
289.862
290.46
292.074
295.465
296.893
297.084
297.097
297.058
296.933
296.491
295.142
291.824
290.051
289.792
289.751
289.765
289.871
290.234
291.248
293.924
296.29
296.708
296.76
296.75
296.648
296.268
295.078
292.134
290.356
290.13
290.137
290.228
290.461
291.011
292.391
295.107
296.339
296.394
296.249
296.046
295.62
294.591
292.418
290.843
290.479
290.697
290.95
291.337
292.298
294.264
295.29
295.707
295.747
295.474
295.041
293.895
291.94
291.28
291.184
291.195
291.344
292.09
293.991
294.949
295.294
295.509
295.541
295.057
293.189
291.545
291.256
291.162
291.126
291.347
292.326
294.569
295.651
295.701
295.566
295.305
294.616
292.89
291.352
290.796
290.803
291.072
291.46
292.448
294.588
295.558
295.703
295.698
295.575
294.929
292.914
291.61
291.24
291.025
290.965
291.348
292.965
294.903
295.322
295.474
295.582
295.415
294.381
291.808
290.596
290.472
290.498
290.653
291.113
292.38
295.146
296.702
296.79
296.606
296.327
295.658
293.917
290.907
289.348
289.117
289.406
289.715
290.249
291.626
294.631
296.681
297.523
297.566
297.232
296.812
295.758
292.737
290.408
289.663
289.322
289.497
289.883
290.597
292.776
295.776
296.609
296.936
296.981
296.685
296.071
294.112
291.175
290.414
290.249
290.233
290.452
291.154
293.328
295.541
296.137
296.231
296.201
295.919
294.575
291.757
290.595
290.179
290.013
290.056
290.599
292.753
295.643
296.44
296.803
297.067
296.984
296.072
292.926
289.841
289.219
288.986
288.808
288.901
289.642
291.854
296.049
297.572
297.834
297.986
298.023
297.564
295.777
291.385
289.152
288.845
288.805
288.861
289.181
290.231
293.053
296.836
297.705
297.757
297.703
297.452
296.613
294.098
290.122
289.018
288.99
289.107
289.358
290.008
291.805
295.625
297.328
297.545
297.478
297.326
296.79
294.95
290.738
289.015
288.781
288.76
288.809
289.116
290.196
293.481
297.121
297.868
298.038
298.177
298.145
297.501
295.314
290.26
288.105
287.728
287.524
287.409
287.535
288.084
289.395
292.992
298.007
299.324
299.63
299.891
300.046
299.95
299.398
297.841
293.041
288.127
287.124
286.893
286.719
286.664
286.803
287.211
288.062
290.05
295.078
298.627
299.292
299.493
299.665
299.705
299.372
298.177
294.394
289.718
288.682
288.509
288.43
288.455
288.811
289.933
292.992
296.807
297.688
297.743
297.687
297.486
296.887
295.134
291.405
289.682
289.451
289.612
289.823
290.286
291.588
294.536
296.288
296.816
296.799
296.545
296.123
294.836
291.887
290.678
290.459
290.424
290.555
291.004
292.645
295.193
295.993
296.146
296.146
295.985
295.139
292.398
290.488
290.033
289.868
289.844
290.074
291.098
294.163
296.252
296.723
296.963
297.079
296.872
295.804
292.435
290.028
289.552
289.349
289.221
289.381
290.143
292.541
296.061
297.011
297.251
297.459
297.485
297.008
295.227
291.088
289.319
288.998
288.833
288.751
288.971
289.788
292.188
296.309
297.611
297.862
298.035
298.111
297.808
296.607
292.715
288.781
287.982
287.802
287.674
287.663
287.93
288.692
290.737
295.719
298.564
299.094
299.29
299.464
299.469
299.097
297.848
293.702
288.677
287.539
287.303
287.167
287.08
287.132
287.405
288.07
289.827
294.584
298.394
299.22
299.48
299.615
299.655
299.597
299.301
298.229
294.527
289.401
288.041
287.687
287.555
287.506
287.527
287.683
288.187
289.655
293.791
297.594
298.541
298.816
298.886
298.903
298.871
298.613
297.53
293.72
289.452
288.454
288.236
288.208
288.217
288.248
288.422
289.101
291.388
296.015
297.902
298.293
298.37
298.371
298.325
298.189
297.653
295.579
290.951
289.146
288.822
288.733
288.706
288.737
288.861
289.31
290.84
294.777
297.003
297.446
297.541
297.539
297.511
297.426
297.061
295.637
291.985
290.178
289.821
289.766
289.802
289.869
290.036
290.569
292.381
295.46
296.414
296.599
296.64
296.638
296.58
296.336
295.468
292.703
290.296
289.825
289.768
289.779
289.788
289.829
290.013
290.687
292.951
296.009
296.811
296.958
296.965
296.946
296.906
296.796
296.419
295.011
291.723
290.342
290.088
290.033
290.012
290.018
290.094
290.338
291.108
293.498
295.72
296.164
296.252
296.279
296.305
296.303
296.182
295.676
293.878
291.446
290.861
290.773
290.774
290.784
290.806
290.916
291.378
293.01
295.051
295.563
295.671
295.694
295.69
295.646
295.501
294.995
293.313
291.771
291.467
291.409
291.381
291.357
291.387
291.602
292.408
294.15
294.847
294.962
294.965
294.951
294.933
294.862
294.536
293.377
292.343
292.136
292.084
292.058
292.056
292.122
292.393
293.287
294.17
294.325
294.323
294.307
294.303
294.279
294.104
293.414
292.759
292.62
292.587
292.584
292.612
292.706
292.991
293.644
293.91
293.916
293.893
293.881
293.867
293.782
293.412
292.987
292.884
292.854
292.85
292.876
292.964
293.21
293.602
293.7
293.684
293.655
293.637
293.613
293.503
293.234
293.13
293.099
293.074
293.065
293.096
293.226
293.45
293.522
293.521
293.489
293.446
293.401
293.303
293.202
293.202
293.208
293.198
293.179
293.197
293.302
293.389
293.437
293.457
293.454
293.418
293.34
293.252
293.237
293.262
293.296
293.318
293.337
293.344
293.325
293.318
293.333
293.36
293.354
293.313
293.276
293.233
293.209
293.214
293.27
293.376
293.422
293.421
293.39
293.348
293.312
293.25
293.216
293.233
293.239
293.22
293.188
293.202
293.304
293.379
293.432
293.459
293.459
293.421
293.326
293.196
293.168
293.196
293.23
293.248
293.257
293.305
293.41
293.436
293.467
293.514
293.545
293.538
293.455
293.289
293.218
293.207
293.226
293.26
293.289
293.335
293.358
293.33
293.319
293.342
293.399
293.434
293.405
293.357
293.303
293.274
293.275
293.311
293.374
293.407
293.39
293.326
293.264
293.231
293.207
293.199
293.239
293.268
293.27
293.243
293.246
293.33
293.422
293.485
293.51
293.495
293.418
293.301
293.179
293.091
293.105
293.135
293.151
293.144
293.148
293.256
293.383
293.445
293.479
293.515
293.552
293.555
293.474
293.323
293.258
293.24
293.243
293.268
293.292
293.266
293.184
293.17
293.191
293.223
293.273
293.323
293.325
293.201
293.05
293.001
293.071
293.24
293.533
293.85
295.43
294.233
288.606
289.661
291.623
294.362
298.324
299.122
298.509
293.676
289.187
288.579
288.439
288.817
291.231
295.336
296.374
295.749
294.399
291.608
290
289.351
288.9
289.135
292.105
298.511
300.321
300.111
299.092
295.462
291.668
290.899
290.745
291.239
293.959
296.523
296.774
296.523
294.572
289.926
288.35
288.076
288.411
289.291
292.343
296.126
297.103
297.448
296.923
293.537
290.543
290.231
290.634
292.149
295.854
297.025
297.095
296.817
294.811
290.579
289.399
289.047
289.255
291.675
295.931
296.902
296.613
295.792
293.135
290.532
290.12
290.169
290.934
294.345
296.756
297.191
297.311
296.246
292.285
289.975
289.884
290.378
291.644
294.52
295.557
295.652
295.312
293.143
290.518
290.019
289.872
290.422
293.332
296.766
297.339
297.011
296.197
293.463
290.999
290.657
290.719
291.471
294.216
295.555
295.851
295.817
294.361
291.003
290.032
290.186
290.712
292.546
295.54
296.156
296.178
295.869
293.957
291.366
290.777
290.585
291.037
293.504
295.712
295.96
295.725
294.757
292.054
290.989
290.843
291.027
291.93
294.551
295.707
295.971
295.844
294.331
291.408
290.806
290.812
291.174
292.892
295.041
295.555
295.442
294.984
293.372
291.499
291.135
291.138
291.762
294.167
295.381
295.532
295.472
294.603
292.087
291.015
291.006
291.304
292.263
294.521
295.252
295.296
295.132
293.978
292.039
291.586
291.463
291.723
293.281
294.973
295.204
295.087
294.534
292.577
291.438
291.263
291.359
291.845
293.686
294.974
295.194
295.168
294.588
292.702
291.991
291.916
292.007
292.728
294.364
294.868
294.827
294.576
293.57
291.982
291.685
291.685
291.899
293.095
294.527
294.801
294.857
294.617
293.392
292.336
292.219
292.268
292.632
293.774
294.273
294.322
294.187
293.611
292.149
291.686
291.649
291.753
292.453
294.095
294.564
294.643
294.594
294.085
292.946
292.664
292.66
292.785
293.43
294.263
294.428
294.398
294.218
293.422
292.574
292.454
292.462
292.621
293.157
293.37
293.408
293.315
292.764
292.101
292.011
292.031
292.212
293.11
294.694
295.083
295.125
295.054
294.757
293.736
293.207
293.138
293.141
293.204
293.313
293.345
293.271
292.817
292.035
291.887
291.876
291.951
292.377
293.706
294.321
294.404
294.372
294.231
293.666
293.22
293.151
293.164
293.256
293.537
293.666
293.681
293.599
293.146
292.658
292.585
292.577
292.668
293.132
293.787
293.913
293.905
293.835
293.524
293.161
293.096
293.104
293.178
293.501
293.773
293.815
293.803
293.66
293.148
292.904
292.869
292.87
292.98
293.277
293.376
293.366
293.307
293.075
292.879
292.85
292.865
292.964
293.437
293.932
294.016
294.025
293.98
293.713
293.235
293.13
293.113
293.123
293.22
293.292
293.286
293.245
293.069
292.873
292.842
292.848
292.909
293.224
293.705
293.803
293.814
293.793
293.646
293.304
293.208
293.192
293.199
293.289
293.397
293.409
293.394
293.316
293.107
293.028
293.022
293.048
293.157
293.499
293.65
293.664
293.657
293.595
293.351
293.208
293.181
293.177
293.224
293.344
293.372
293.37
293.34
293.208
293.103
293.089
293.106
293.164
293.387
293.574
293.599
293.597
293.566
293.404
293.231
293.198
293.191
293.213
293.313
293.37
293.373
293.362
293.29
293.188
293.167
293.173
293.201
293.328
293.505
293.535
293.535
293.516
293.409
293.257
293.227
293.222
293.237
293.317
293.396
293.407
293.404
293.377
293.272
293.215
293.208
293.214
293.245
293.31
293.322
293.319
293.302
293.22
293.146
293.133
293.135
293.164
293.306
293.489
293.525
293.534
293.531
293.488
293.347
293.287
293.281
293.282
293.293
293.306
293.302
293.288
293.236
293.161
293.148
293.148
293.164
293.253
293.483
293.565
293.579
293.58
293.566
293.483
293.318
293.278
293.272
293.27
293.272
293.266
293.252
293.196
293.129
293.117
293.116
293.127
293.184
293.399
293.542
293.564
293.566
293.561
293.526
293.381
293.265
293.245
293.24
293.235
293.23
293.217
293.167
293.102
293.083
293.082
293.091
293.127
293.292
293.508
293.55
293.555
293.555
293.544
293.481
293.311
293.248
293.235
293.229
293.223
293.209
293.156
293.088
293.072
293.072
293.08
293.103
293.197
293.519
293.712
293.75
293.764
293.765
293.761
293.753
293.728
293.623
293.241
292.972
292.914
292.894
292.891
292.896
292.901
292.91
292.938
293.047
293.329
293.451
293.475
293.474
293.466
293.453
293.436
293.431
293.432
293.442
293.496
293.673
293.768
293.786
293.79
293.79
293.779
293.723
293.47
292.934
292.774
292.745
292.736
292.731
292.729
292.732
292.75
292.826
293.123
293.425
293.485
293.498
293.501
293.502
293.492
293.444
293.389
293.38
293.378
293.378
293.378
293.377
293.371
293.342
293.284
293.269
293.268
293.271
293.281
293.315
293.351
293.36
293.356
293.349
293.334
293.322
293.318
293.319
293.326
293.342
293.351
293.355
293.349
293.312
293.276
293.272
293.271
293.276
293.301
293.355
293.374
293.37
293.362
293.346
293.314
293.302
293.3
293.303
293.31
293.317
293.321
293.317
293.287
293.251
293.246
293.247
293.253
293.288
293.368
293.395
293.399
293.398
293.391
293.361
293.321
293.311
293.31
293.312
293.313
293.313
293.308
293.286
293.254
293.245
293.241
293.244
293.267
293.338
293.369
293.376
293.38
293.378
293.352
293.284
293.259
293.256
293.255
293.259
293.263
293.258
293.248
293.225
293.208
293.206
293.208
293.225
293.293
293.34
293.351
293.356
293.353
293.327
293.298
293.293
293.293
293.298
293.33
293.393
293.41
293.408
293.402
293.385
293.334
293.293
293.276
293.275
293.28
293.285
293.285
293.277
293.25
293.238
293.233
293.233
293.253
293.338
293.461
293.485
293.486
293.485
293.476
293.444
293.348
293.273
293.257
293.256
293.253
293.243
293.209
293.18
293.173
293.169
293.171
293.191
293.273
293.476
293.551
293.562
293.566
293.567
293.562
293.54
293.462
293.229
293.106
293.087
293.083
293.08
293.08
293.082
293.09
293.107
293.16
293.351
293.521
293.552
293.56
293.565
293.566
293.562
293.546
293.487
293.285
293.143
293.118
293.11
293.105
293.103
293.105
293.111
293.127
293.175
293.341
293.474
293.502
293.511
293.513
293.513
293.512
293.503
293.471
293.352
293.227
293.199
293.188
293.185
293.184
293.183
293.182
293.184
293.195
293.231
293.355
293.44
293.455
293.457
293.456
293.45
293.412
293.308
293.264
293.253
293.25
293.257
293.263
293.263
293.261
293.253
293.238
293.24
293.249
293.274
293.356
293.412
293.42
293.421
293.416
293.386
293.301
293.266
293.257
293.255
293.265
293.301
293.314
293.317
293.316
293.297
293.261
293.254
293.259
293.27
293.3
293.328
293.337
293.331
293.315
293.28
293.25
293.242
293.243
293.266
293.35
293.392
293.401
293.408
293.404
293.354
293.28
293.272
293.283
293.299
293.327
293.337
293.336
293.328
293.291
293.259
293.249
293.242
293.256
293.34
293.451
293.469
293.461
293.445
293.402
293.305
293.269
293.261
293.263
293.275
293.296
293.311
293.32
293.3
293.244
293.234
293.243
293.262
293.329
293.431
293.459
293.465
293.455
293.425
293.319
293.235
293.213
293.205
293.217
293.282
293.32
293.322
293.316
293.289
293.264
293.263
293.276
293.309
293.403
293.459
293.472
293.473
293.444
293.319
293.236
293.227
293.225
293.239
293.307
293.38
293.389
293.376
293.353
293.288
293.233
293.225
293.227
293.254
293.313
293.333
293.341
293.332
293.265
293.203
293.2
293.212
293.245
293.356
293.449
293.468
293.467
293.452
293.393
293.259
293.213
293.204
293.207
293.241
293.279
293.286
293.287
293.263
293.214
293.206
293.216
293.241
293.335
293.437
293.454
293.455
293.443
293.388
293.289
293.264
293.259
293.268
293.324
293.41
293.429
293.434
293.428
293.375
293.268
293.242
293.241
293.246
293.277
293.319
293.327
293.321
293.303
293.257
293.241
293.242
293.251
293.302
293.385
293.401
293.402
293.393
293.341
293.25
293.231
293.229
293.234
293.262
293.331
293.357
293.363
293.36
293.332
293.284
293.269
293.259
293.257
293.301
293.356
293.358
293.352
293.335
293.289
293.236
293.225
293.243
293.276
293.368
293.48
293.501
293.502
293.495
293.445
293.28
293.193
293.171
293.162
293.176
293.183
293.182
293.176
293.162
293.157
293.171
293.212
293.367
293.585
293.633
293.639
293.636
293.611
293.491
293.34
293.302
293.289
293.292
293.34
293.398
293.409
293.414
293.401
293.319
293.075
292.944
292.934
292.938
292.949
292.979
293.06
293.183
293.237
293.243
293.259
293.325
293.545
293.699
293.723
293.731
293.732
293.695
293.539
293.256
293.178
293.18
293.196
293.232
293.264
293.274
293.264
293.233
293.158
293.111
293.096
293.104
293.186
293.509
293.727
293.759
293.769
293.77
293.73
293.57
293.029
292.646
292.59
292.584
292.584
292.595
292.638
292.776
293.268
293.811
293.908
293.919
293.92
293.913
293.872
293.724
293.358
293.211
293.198
293.206
293.225
293.283
293.383
293.425
293.408
293.373
293.282
293.08
293.011
293.003
293.008
293.047
293.21
293.33
293.366
293.383
293.352
293.273
293.259
293.262
293.283
293.374
293.636
293.82
293.85
293.827
293.794
293.713
293.41
292.983
292.882
292.84
292.809
292.808
292.831
292.864
292.946
293.252
293.637
293.717
293.744
293.751
293.733
293.679
293.472
293.145
293.054
293.028
293.023
293.056
293.22
293.366
293.391
293.402
293.387
293.266
293.124
293.114
293.143
293.198
293.377
293.782
293.918
293.939
293.938
293.912
293.789
293.248
292.655
292.538
292.508
292.495
292.497
292.546
292.805
293.527
293.79
293.83
293.868
293.924
293.967
293.891
293.447
293.13
292.767
291.904
290.02
287.913
286.666
285.99
285.623
285.421
285.279
285.126
284.745
284.544
284.516
284.522
284.58
284.796
285.347
285.588
285.624
285.632
285.632
285.569
285.299
284.488
284.062
283.993
284.007
284.038
284.105
284.323
284.989
285.372
285.44
285.459
285.449
285.41
285.249
284.777
284.552
284.501
284.482
284.489
284.584
285.033
285.647
285.767
285.79
285.802
285.79
285.684
285.275
284.291
283.924
283.872
283.881
283.905
283.974
284.206
284.917
285.436
285.573
285.597
285.572
285.533
285.446
285.122
284.572
284.437
284.409
284.41
284.441
284.563
285.066
285.618
285.742
285.77
285.773
285.758
285.671
285.261
284.352
284.063
284.004
283.985
283.987
284.035
284.265
285.048
285.519
285.599
285.625
285.638
285.613
285.469
284.958
284.628
284.577
284.561
284.56
284.637
284.942
285.246
285.289
285.288
285.264
285.157
284.825
284.615
284.585
284.607
284.656
284.831
285.051
285.114
285.121
285.089
284.997
284.821
284.769
284.766
284.795
284.948
285.086
285.122
285.144
285.107
284.891
284.722
284.721
284.753
284.844
285.078
285.244
285.286
285.258
285.185
284.982
284.756
284.698
284.688
284.743
284.969
285.088
285.102
285.091
284.99
284.741
284.63
284.633
284.675
284.778
285.033
285.157
285.184
285.174
285.049
284.776
284.709
284.696
284.71
284.836
285.293
285.661
285.727
285.706
285.659
285.518
284.959
284.02
283.78
283.74
283.733
283.737
283.787
284.047
285.08
285.98
286.147
286.19
286.212
286.229
286.221
286.132
285.769
284.578
283.859
283.75
283.737
283.736
283.746
283.8
283.987
284.651
285.635
285.874
285.905
285.885
285.854
285.784
285.552
284.914
284.57
284.481
284.484
284.527
284.617
284.914
285.232
285.296
285.301
285.281
285.157
284.797
284.649
284.609
284.585
284.627
284.881
285.202
285.254
285.234
285.183
285.025
284.849
284.797
284.802
284.849
284.973
285.148
285.207
285.229
285.177
284.91
284.677
284.651
284.667
284.737
284.965
285.151
285.202
285.182
285.126
284.978
284.817
284.769
284.761
284.847
285.122
285.217
285.219
285.192
285.055
284.683
284.487
284.462
284.503
284.581
284.818
285.136
285.212
285.222
285.192
285.027
284.909
284.887
284.882
284.964
285.311
285.68
285.734
285.694
285.621
285.406
284.645
284
283.874
283.836
283.852
283.923
284.197
285.143
285.802
285.937
285.969
285.965
285.906
285.614
284.778
284.438
284.376
284.345
284.349
284.489
285.023
285.401
285.44
285.44
285.415
285.27
284.826
284.507
284.476
284.526
284.603
284.838
285.419
285.663
285.723
285.71
285.639
285.394
284.549
283.974
283.854
283.825
283.826
283.9
284.319
285.459
285.897
285.991
286.042
286.073
285.99
285.543
284.545
284.236
284.202
284.21
284.255
284.442
285.058
285.552
285.683
285.709
285.558
)
;

boundaryField
{
    sides
    {
        type            calculated;
        value           nonuniform List<scalar> 2(285.558 2.76262e-12);
    }
    empty
    {
        type            empty;
    }
}


// ************************************************************************* //
