/*--------------------------------*- C++ -*----------------------------------*\
  =========                 |
  \\      /  F ield         | OpenFOAM: The Open Source CFD Toolbox
   \\    /   O peration     | Website:  https://openfoam.org
    \\  /    A nd           | Version:  9
     \\/     M anipulation  |
\*---------------------------------------------------------------------------*/
FoamFile
{
    format      ascii;
    class       volScalarField;
    location    "0.012";
    object      T;
}
// * * * * * * * * * * * * * * * * * * * * * * * * * * * * * * * * * * * * * //

dimensions      [0 0 0 1 0 0 0];

internalField   nonuniform List<scalar> 
10000
(
348.432
348.432
348.432
348.432
348.432
348.432
348.432
348.432
348.432
348.432
348.432
348.432
348.432
348.432
348.432
348.432
348.432
348.432
348.432
348.432
348.432
348.432
348.432
348.432
348.432
348.432
348.432
348.432
348.432
348.432
348.432
348.432
348.432
348.432
348.432
348.432
348.432
348.432
348.432
348.432
348.432
348.432
348.432
348.432
348.432
348.432
348.432
348.432
348.432
348.432
348.432
348.432
348.432
348.432
348.432
348.432
348.432
348.432
348.432
348.432
348.432
348.432
348.432
348.432
348.432
348.432
348.432
348.432
348.432
348.432
348.432
348.432
348.432
348.432
348.432
348.432
348.432
348.432
348.432
348.432
348.432
348.432
348.432
348.432
348.432
348.432
348.432
348.432
348.432
348.432
348.432
348.432
348.432
348.432
348.432
348.432
348.432
348.432
348.432
348.432
348.432
348.432
348.432
348.432
348.432
348.432
348.432
348.432
348.432
348.432
348.432
348.432
348.432
348.432
348.432
348.432
348.432
348.432
348.432
348.432
348.432
348.432
348.432
348.432
348.432
348.432
348.432
348.432
348.432
348.432
348.432
348.432
348.432
348.432
348.432
348.432
348.432
348.432
348.432
348.432
348.432
348.432
348.432
348.432
348.432
348.432
348.432
348.432
348.432
348.432
348.432
348.432
348.432
348.432
348.432
348.432
348.432
348.432
348.432
348.432
348.432
348.432
348.432
348.432
348.432
348.432
348.432
348.432
348.432
348.432
348.432
348.432
348.432
348.432
348.432
348.432
348.432
348.432
348.432
348.432
348.432
348.432
348.432
348.432
348.432
348.432
348.432
348.432
348.432
348.432
348.432
348.432
348.432
348.432
348.432
348.432
348.432
348.432
348.432
348.432
348.432
348.432
348.432
348.432
348.432
348.432
348.432
348.432
348.432
348.432
348.432
348.432
348.432
348.432
348.432
348.432
348.432
348.432
348.432
348.432
348.432
348.432
348.432
348.432
348.432
348.432
348.432
348.432
348.432
348.432
348.432
348.432
348.432
348.432
348.432
348.432
348.432
348.432
348.432
348.432
348.432
348.432
348.432
348.432
348.432
348.432
348.432
348.432
348.432
348.432
348.432
348.432
348.432
348.432
348.432
348.432
348.432
348.432
348.432
348.432
348.432
348.432
348.432
348.432
348.432
348.432
348.432
348.432
348.432
348.432
348.432
348.432
348.432
348.432
348.432
348.432
348.432
348.432
348.432
348.432
348.432
348.432
348.432
348.432
348.432
348.432
348.432
348.432
348.432
348.432
348.432
348.432
348.432
348.432
348.432
348.432
348.432
348.432
348.432
348.432
348.432
348.432
348.432
348.432
348.432
348.432
348.432
348.432
348.432
348.432
348.432
348.432
348.432
348.432
348.432
348.432
348.432
348.432
348.432
348.432
348.432
348.432
348.432
348.432
348.432
348.432
348.432
348.432
348.432
348.432
348.432
348.432
348.432
348.432
348.432
348.432
348.432
348.432
348.432
348.432
348.432
348.432
348.432
348.432
348.432
348.432
348.432
348.432
348.432
348.432
348.432
348.432
348.432
348.432
348.432
348.432
348.432
348.432
348.432
348.432
348.432
348.432
348.432
348.432
348.432
348.432
348.432
348.432
348.432
348.432
348.432
348.432
348.432
348.432
348.432
348.432
348.432
348.432
348.432
348.432
348.432
348.432
348.432
348.432
348.432
348.432
348.432
348.432
348.432
348.432
348.432
348.432
348.432
348.432
348.432
348.432
348.432
348.432
348.432
348.432
348.432
348.432
348.432
348.432
348.432
348.432
348.432
348.432
348.432
348.432
348.432
348.432
348.432
348.432
348.432
348.432
348.432
348.432
348.432
348.432
348.432
348.432
348.432
348.432
348.432
348.432
348.432
348.432
348.432
348.432
348.432
348.432
348.432
348.432
348.432
348.432
348.432
348.432
348.432
348.432
348.432
348.432
348.432
348.432
348.432
348.432
348.432
348.432
348.432
348.432
348.432
348.432
348.432
348.432
348.432
348.432
348.432
348.432
348.432
348.432
348.432
348.432
348.432
348.432
348.432
348.432
348.432
348.432
348.432
348.432
348.432
348.432
348.432
348.432
348.432
348.432
348.432
348.432
348.432
348.432
348.432
348.432
348.432
348.432
348.432
348.432
348.432
348.432
348.432
348.432
348.432
348.432
348.432
348.432
348.432
348.432
348.432
348.432
348.432
348.432
348.432
348.432
348.432
348.432
348.432
348.432
348.432
348.432
348.432
348.432
348.432
348.432
348.432
348.432
348.432
348.432
348.432
348.432
348.432
348.432
348.432
348.432
348.432
348.432
348.432
348.432
348.432
348.432
348.432
348.432
348.432
348.432
348.432
348.432
348.432
348.432
348.432
348.432
348.432
348.432
348.432
348.432
348.432
348.432
348.432
348.432
348.432
348.432
348.432
348.432
348.432
348.432
348.432
348.432
348.432
348.432
348.432
348.432
348.432
348.432
348.432
348.432
348.432
348.432
348.432
348.432
348.432
348.432
348.432
348.432
348.432
348.432
348.432
348.432
348.432
348.432
348.432
348.432
348.432
348.432
348.432
348.432
348.432
348.432
348.432
348.432
348.432
348.432
348.432
348.432
348.432
348.432
348.432
348.432
348.432
348.432
348.432
348.432
348.431
348.428
348.418
348.387
348.286
347.949
347.156
346.481
346.141
345.938
345.872
345.806
345.764
345.753
345.749
345.723
345.698
345.687
345.688
345.668
345.644
345.63
345.632
345.62
345.599
345.584
345.585
345.579
345.562
345.548
345.548
345.547
345.534
345.524
345.523
345.524
345.516
345.509
345.508
345.51
345.506
345.502
345.502
345.504
345.503
345.501
345.499
345.495
345.481
345.436
345.293
344.835
344.013
343.436
343.143
342.965
342.901
342.847
342.808
342.793
342.791
342.772
342.749
342.735
342.736
342.724
342.702
342.685
342.685
342.681
342.662
342.646
342.642
342.643
342.63
342.616
342.609
342.611
342.605
342.593
342.586
342.587
342.585
342.577
342.571
342.571
342.571
342.567
342.562
342.561
342.562
342.56
342.557
342.556
342.557
342.556
342.555
342.554
342.554
342.554
342.553
342.553
342.553
342.553
342.553
342.553
342.553
342.553
342.553
342.553
342.553
342.553
342.553
342.553
342.553
342.553
342.553
342.553
342.553
342.553
342.553
342.553
342.553
342.553
342.553
342.553
342.553
342.553
342.553
342.553
342.553
342.553
342.553
342.553
342.553
342.553
342.553
342.553
342.553
342.553
342.553
342.553
342.553
342.553
342.553
342.553
342.553
342.553
342.553
342.553
342.553
342.553
342.553
342.553
342.553
342.553
342.553
342.553
342.553
342.552
342.551
342.547
342.533
342.487
342.336
341.927
341.505
341.265
341.168
341.084
341.049
341.045
341.026
341.003
340.988
340.988
340.979
340.957
340.938
340.933
340.932
340.914
340.894
340.882
340.883
340.872
340.852
340.837
340.835
340.832
340.814
340.798
340.79
340.791
340.78
340.763
340.752
340.753
340.747
340.733
340.72
340.717
340.717
340.706
340.695
340.688
340.69
340.684
340.674
340.667
340.667
340.666
340.658
340.651
340.65
340.651
340.646
340.642
340.64
340.641
340.64
340.637
340.636
340.637
340.637
340.636
340.633
340.629
340.616
340.573
340.433
340.204
340.054
339.98
339.934
339.915
339.903
339.891
339.883
339.88
339.875
339.868
339.862
339.859
339.856
339.851
339.846
339.843
339.841
339.838
339.835
339.833
339.831
339.829
339.827
339.826
339.826
339.825
339.824
339.824
339.824
339.824
339.823
339.822
339.82
339.813
339.789
339.714
339.478
339.134
338.916
338.815
338.743
338.715
338.705
338.686
338.671
338.664
338.664
338.653
338.638
338.628
338.628
338.624
338.612
338.601
338.598
338.599
338.591
338.582
338.577
338.579
338.577
338.57
338.566
338.568
338.568
338.566
338.564
338.563
338.561
338.552
338.521
338.425
338.253
338.138
338.067
338.042
338.024
338.009
338.001
338.002
337.997
337.988
337.981
337.981
337.98
337.974
337.969
337.968
337.97
337.968
337.965
337.965
337.966
337.965
337.962
337.955
337.936
337.876
337.714
337.544
337.442
337.407
337.374
337.355
337.35
337.349
337.339
337.328
337.322
337.326
337.322
337.315
337.312
337.314
337.315
337.31
337.301
337.278
337.207
337.08
336.992
336.939
336.926
336.913
336.9
336.891
336.893
336.891
336.884
336.878
336.879
336.881
336.879
336.875
336.872
336.865
336.841
336.761
336.605
336.485
336.435
336.392
336.371
336.369
336.363
336.351
336.341
336.341
336.341
336.334
336.327
336.325
336.328
336.326
336.323
336.321
336.321
336.318
336.307
336.272
336.169
336.018
335.928
335.868
335.844
335.833
335.818
335.808
335.803
335.803
335.797
335.789
335.784
335.785
335.784
335.779
335.775
335.774
335.776
335.776
335.773
335.771
335.769
335.761
335.733
335.643
335.438
335.263
335.169
335.123
335.089
335.076
335.073
335.065
335.054
335.047
335.047
335.045
335.036
335.028
335.024
335.026
335.023
335.016
335.01
335.01
335.011
335.008
335.003
335.002
335.003
335.003
335.001
335
335
335
334.997
334.989
334.963
334.885
334.682
334.469
334.341
334.285
334.246
334.223
334.217
334.213
334.202
334.193
334.189
334.19
334.184
334.176
334.171
334.172
334.172
334.168
334.165
334.165
334.166
334.164
334.156
334.135
334.074
333.934
333.814
333.738
333.71
333.693
333.676
333.665
333.665
333.662
333.651
333.643
333.639
333.642
333.637
333.631
333.627
333.63
333.63
333.628
333.626
333.625
333.623
333.614
333.585
333.496
333.306
333.151
333.079
333.023
333.002
333.001
332.99
332.977
332.968
332.971
332.969
332.962
332.955
332.954
332.957
332.956
332.952
332.949
332.947
332.94
332.915
332.836
332.682
332.564
332.508
332.464
332.442
332.438
332.43
332.417
332.408
332.406
332.406
332.399
332.392
332.389
332.392
332.39
332.387
332.385
332.385
332.383
332.375
332.349
332.272
332.113
331.989
331.912
331.881
331.861
331.845
331.836
331.835
331.83
331.82
331.812
331.811
331.813
331.808
331.802
331.8
331.803
331.803
331.799
331.792
331.776
331.733
331.613
331.474
331.382
331.347
331.327
331.307
331.295
331.296
331.294
331.286
331.279
331.28
331.282
331.279
331.27
331.249
331.197
331.099
331.028
330.975
330.955
330.952
330.941
330.929
330.921
330.925
330.924
330.918
330.914
330.911
330.906
330.888
330.825
330.704
330.607
330.568
330.534
330.513
330.505
330.506
330.497
330.486
330.479
330.482
330.483
330.478
330.474
330.471
330.467
330.453
330.403
330.284
330.165
330.107
330.067
330.04
330.031
330.029
330.02
330.009
330.002
330.004
330.003
329.997
329.992
329.992
329.993
329.988
329.972
329.928
329.818
329.7
329.634
329.586
329.564
329.56
329.551
329.539
329.529
329.528
329.53
329.524
329.518
329.516
329.517
329.516
329.509
329.486
329.422
329.301
329.204
329.156
329.116
329.096
329.094
329.094
329.084
329.072
329.065
329.067
329.071
329.068
329.06
329.051
329.034
328.983
328.879
328.793
328.737
328.72
328.713
328.698
328.686
328.68
328.684
328.68
328.672
328.668
328.666
328.66
328.636
328.561
328.444
328.366
328.335
328.304
328.285
328.278
328.28
328.271
328.259
328.251
328.253
328.254
328.249
328.243
328.241
328.241
328.235
328.212
328.143
328.006
327.893
327.839
327.793
327.771
327.768
327.763
327.75
327.739
327.734
327.737
327.732
327.724
327.719
327.721
327.723
327.719
327.713
327.7
327.67
327.582
327.444
327.343
327.288
327.269
327.25
327.235
327.225
327.226
327.222
327.212
327.204
327.201
327.204
327.201
327.196
327.194
327.193
327.191
327.179
327.144
327.049
326.91
326.821
326.774
326.738
326.721
326.72
326.714
326.701
326.691
326.687
326.69
326.687
326.679
326.674
326.675
326.678
326.674
326.665
326.646
326.597
326.481
326.365
326.292
326.247
326.231
326.225
326.211
326.198
326.191
326.193
326.19
326.182
326.175
326.175
326.178
326.176
326.171
326.165
326.154
326.124
326.033
325.896
325.799
325.758
325.728
325.706
325.697
325.697
325.689
325.677
325.667
325.666
325.668
325.662
325.654
325.65
325.652
325.654
325.651
325.645
325.638
325.623
325.578
325.45
325.295
325.192
325.15
325.127
325.102
325.086
325.083
325.084
325.074
325.062
325.054
325.055
325.056
325.051
325.043
325.041
325.044
325.045
325.041
325.034
325.022
324.991
324.903
324.754
324.644
324.578
324.554
324.539
324.52
324.507
324.503
324.505
324.498
324.487
324.48
324.48
324.482
324.478
324.472
324.47
324.471
324.471
324.465
324.45
324.409
324.303
324.164
324.078
324.018
323.987
323.981
323.972
323.958
323.947
323.943
323.946
323.941
323.933
323.928
323.929
323.93
323.927
323.922
323.914
323.895
323.839
323.719
323.608
323.548
323.517
323.491
323.477
323.476
323.472
323.461
323.453
323.448
323.452
323.452
323.446
323.441
323.435
323.423
323.386
323.288
323.181
323.115
323.089
323.067
323.05
323.042
323.04
323.032
323.022
323.014
323.014
323.013
323.007
323.003
323.002
323.004
323
322.99
322.967
322.906
322.769
322.639
322.556
322.506
322.487
322.478
322.462
322.449
322.443
322.445
322.438
322.426
322.416
322.413
322.417
322.415
322.41
322.407
322.405
322.403
322.394
322.366
322.288
322.151
322.049
321.996
321.952
321.929
321.923
321.919
321.907
321.896
321.888
321.89
321.886
321.877
321.87
321.867
321.87
321.869
321.866
321.862
321.857
321.845
321.805
321.694
321.55
321.458
321.415
321.38
321.36
321.354
321.352
321.342
321.33
321.322
321.323
321.322
321.315
321.31
321.309
321.31
321.306
321.291
321.247
321.158
321.085
321.054
321.025
321.008
321.003
321.004
320.993
320.964
320.902
320.82
320.77
320.741
320.709
320.688
320.682
320.683
320.671
320.656
320.646
320.648
320.65
320.645
320.636
320.627
320.612
320.569
320.472
320.379
320.322
320.304
320.293
320.277
320.265
320.258
320.248
320.215
320.157
320.107
320.082
320.079
320.066
320.048
320.036
320.036
320.04
320.03
320.007
319.957
319.883
319.836
319.807
319.775
319.754
319.751
319.753
319.745
319.731
319.718
319.705
319.674
319.602
319.527
319.473
319.449
319.447
319.432
319.412
319.397
319.396
319.402
319.395
319.378
319.35
319.294
319.236
319.204
319.167
319.143
319.133
319.138
319.131
319.114
319.087
319.047
319.005
318.973
318.933
318.897
318.869
318.858
318.844
318.816
318.785
318.758
318.743
318.729
318.699
318.665
318.635
318.618
318.604
318.577
318.545
318.517
318.497
318.479
318.453
318.424
318.398
318.38
318.36
318.332
318.303
318.278
318.26
318.237
318.205
318.174
318.151
318.147
318.128
318.088
318.048
318.015
318.008
318.006
317.972
317.929
317.893
317.877
317.881
317.854
317.81
317.769
317.738
317.734
317.739
317.711
317.669
317.63
317.601
317.586
317.562
317.532
317.509
317.511
317.5
317.461
317.414
317.377
317.353
317.358
317.343
317.303
317.264
317.235
317.235
317.223
317.184
317.141
317.108
317.096
317.099
317.07
317.026
316.989
316.964
316.969
316.951
316.909
316.869
316.837
316.834
316.831
316.796
316.753
316.717
316.698
316.704
316.682
316.64
316.6
316.57
316.57
316.563
316.526
316.481
316.445
316.423
316.432
316.427
316.39
316.345
316.307
316.278
316.268
316.244
316.212
316.184
316.183
316.172
316.133
316.092
316.059
316.051
316.044
316.008
315.965
315.929
315.911
315.92
315.906
315.867
315.822
315.787
315.771
315.77
315.741
315.7
315.665
315.65
315.654
315.627
315.584
315.543
315.512
315.509
315.51
315.478
315.433
315.395
315.367
315.371
315.363
315.325
315.279
315.243
315.221
315.229
315.218
315.178
315.126
315.086
315.058
315.062
315.081
315.062
315.02
314.963
314.917
314.884
314.875
314.891
314.883
314.844
314.793
314.747
314.714
314.706
314.722
314.712
314.673
314.623
314.582
314.551
314.547
314.553
314.523
314.478
314.434
314.402
314.394
314.408
314.393
314.351
314.298
314.254
314.222
314.213
314.224
314.209
314.17
314.133
314.107
314.097
314.066
314.025
313.986
313.957
313.957
313.972
313.956
313.916
313.868
313.825
313.787
313.754
313.728
313.728
313.743
313.73
313.69
313.635
313.58
313.544
313.522
313.538
313.572
313.569
313.532
313.477
313.407
313.356
313.322
313.303
313.32
313.348
313.339
313.3
313.249
313.198
313.158
313.122
313.091
313.068
313.056
313.058
313.066
313.047
313.006
312.953
312.905
312.872
312.859
312.876
312.89
312.863
312.819
312.758
312.706
312.668
312.636
312.63
312.65
312.658
312.628
312.583
312.533
312.498
312.473
312.478
312.465
312.427
312.384
312.35
312.334
312.337
312.313
312.273
312.239
312.226
312.222
312.189
312.146
312.108
312.08
312.08
312.066
312.029
311.995
311.975
311.983
311.966
311.926
311.874
311.828
311.791
311.76
311.753
311.772
311.779
311.749
311.703
311.652
311.613
311.584
311.581
311.588
311.562
311.521
311.482
311.452
311.443
311.424
311.387
311.352
311.325
311.328
311.316
311.279
311.238
311.205
311.196
311.189
311.154
311.112
311.078
311.06
311.066
311.047
311.007
310.969
310.94
310.934
310.914
310.876
310.839
310.81
310.809
310.804
310.769
310.726
310.691
310.67
310.673
310.649
310.609
310.572
310.543
310.543
310.529
310.491
310.45
310.417
310.404
310.407
310.379
310.338
310.304
310.281
310.285
310.264
310.224
310.186
310.155
310.152
310.141
310.103
310.056
310.019
309.993
310
310.018
309.998
309.956
309.898
309.845
309.809
309.781
309.778
309.787
309.768
309.739
309.716
309.719
309.698
309.655
309.592
309.532
309.497
309.474
309.492
309.539
309.548
309.515
309.465
309.386
309.316
309.276
309.247
309.25
309.288
309.31
309.286
309.241
309.17
309.094
309.051
309.02
309.016
309.055
309.103
309.096
309.058
309.001
308.909
308.838
308.799
308.769
308.771
308.815
308.858
308.847
308.808
308.749
308.662
308.601
308.566
308.54
308.551
308.593
308.61
308.582
308.537
308.467
308.402
308.364
308.335
308.339
308.372
308.384
308.354
308.307
308.241
308.186
308.151
308.128
308.138
308.162
308.147
308.108
308.054
308.002
307.967
307.942
307.948
307.963
307.942
307.902
307.859
307.826
307.807
307.803
307.773
307.733
307.697
307.667
307.663
307.649
307.613
307.578
307.551
307.554
307.569
307.544
307.5
307.433
307.372
307.337
307.313
307.326
307.369
307.376
307.343
307.293
307.211
307.132
307.089
307.059
307.053
307.094
307.166
307.184
307.156
307.11
307.036
306.927
306.86
306.822
306.792
306.787
306.825
306.875
306.87
306.834
306.782
306.703
306.643
306.608
306.582
306.593
306.636
306.653
306.625
306.579
306.505
306.426
306.382
306.35
306.34
306.372
306.433
306.444
306.414
306.368
306.294
306.199
306.142
306.103
306.072
306.053
306.073
306.13
306.153
306.128
306.085
306.018
305.928
305.873
305.84
305.815
305.828
305.876
305.899
305.874
305.831
305.766
305.695
305.652
305.621
305.609
305.63
305.65
305.626
305.584
305.527
305.477
305.444
305.422
305.433
305.452
305.43
305.39
305.338
305.295
305.263
305.246
305.255
305.24
305.203
305.162
305.13
305.113
305.127
305.119
305.082
305.027
304.956
304.911
304.88
304.872
304.905
304.946
304.935
304.897
304.842
304.767
304.716
304.683
304.663
304.68
304.712
304.701
304.663
304.607
304.531
304.48
304.447
304.428
304.447
304.492
304.496
304.463
304.415
304.345
304.287
304.252
304.225
304.228
304.256
304.253
304.219
304.17
304.112
304.072
304.043
304.037
304.061
304.065
304.032
303.986
303.919
303.868
303.835
303.81
303.819
303.851
303.847
303.812
303.765
303.708
303.668
303.637
303.621
303.634
303.628
303.595
303.554
303.519
303.492
303.483
303.46
303.424
303.389
303.359
303.355
303.356
303.326
303.286
303.252
303.226
303.229
303.231
303.2
303.157
303.102
303.059
303.023
302.993
302.973
302.987
303.019
303.014
302.98
302.936
302.883
302.843
302.807
302.772
302.738
302.704
302.673
302.652
302.665
302.706
302.712
302.68
302.634
302.56
302.492
302.453
302.424
302.42
302.454
302.484
302.465
302.425
302.365
302.284
302.234
302.202
302.181
302.197
302.242
302.248
302.217
302.171
302.103
302.044
302.008
301.979
301.977
302.003
302.003
301.97
301.924
301.868
301.83
301.801
301.798
301.823
301.822
301.788
301.74
301.67
301.619
301.587
301.568
301.586
301.627
301.622
301.587
301.537
301.456
301.392
301.356
301.328
301.331
301.38
301.428
301.418
301.381
301.328
301.238
301.16
301.118
301.087
301.073
301.098
301.15
301.155
301.123
301.078
301.007
300.939
300.899
300.869
300.858
300.881
300.903
300.882
300.843
300.788
300.734
300.699
300.671
300.669
300.689
300.678
300.642
300.594
300.544
300.51
300.483
300.483
300.498
300.477
300.439
300.393
300.355
300.326
300.317
300.326
300.306
300.268
300.223
300.188
300.16
300.159
300.174
300.155
300.117
300.067
300.016
299.979
299.947
299.92
299.921
299.95
299.952
299.92
299.875
299.808
299.754
299.72
299.694
299.699
299.738
299.753
299.727
299.685
299.622
299.554
299.512
299.481
299.459
299.467
299.486
299.469
299.433
299.391
299.357
299.332
299.332
299.313
299.277
299.232
299.197
299.17
299.171
299.197
299.189
299.154
299.103
299.029
298.978
298.946
298.922
298.934
298.973
298.976
298.944
298.9
298.835
298.785
298.753
298.729
298.737
298.763
298.749
298.713
298.659
298.59
298.546
298.516
298.503
298.532
298.594
298.605
298.576
298.532
298.46
298.345
298.271
298.231
298.201
298.179
298.192
298.256
298.302
298.289
298.253
298.202
298.119
298.049
298.01
297.98
297.968
297.995
298.04
298.034
298
297.952
297.874
297.806
297.768
297.739
297.731
297.764
297.807
297.798
297.762
297.712
297.631
297.565
297.528
297.5
297.492
297.528
297.576
297.569
297.535
297.486
297.407
297.333
297.293
297.262
297.243
297.259
297.3
297.299
297.267
297.224
297.167
297.123
297.091
297.066
297.068
297.075
297.049
297.01
296.964
296.929
296.901
296.894
296.904
296.882
296.844
296.797
296.759
296.731
296.723
296.746
296.745
296.713
296.668
296.607
296.562
296.53
296.51
296.521
296.539
296.519
296.481
296.425
296.365
296.328
296.299
296.293
296.323
296.349
296.33
296.292
296.239
296.172
296.128
296.096
296.069
296.066
296.084
296.071
296.038
296.001
295.97
295.952
295.958
295.939
295.902
295.847
295.79
295.755
295.727
295.723
295.754
295.77
295.746
295.708
295.66
295.619
295.589
295.572
295.574
295.55
295.51
295.448
295.382
295.344
295.315
295.309
295.348
295.406
295.405
295.373
295.328
295.252
295.166
295.121
295.09
295.066
295.075
295.122
295.141
295.117
295.077
295.018
294.944
294.899
294.868
294.846
294.858
294.897
294.898
294.866
294.823
294.753
294.69
294.653
294.625
294.617
294.648
294.685
294.672
294.637
294.586
294.508
294.448
294.413
294.386
294.379
294.412
294.445
294.428
294.392
294.34
294.264
294.212
294.179
294.153
294.154
294.194
294.218
294.196
294.159
294.103
294.023
293.971
293.937
293.909
293.897
293.92
293.938
293.917
293.881
293.837
293.8
293.771
293.755
293.765
293.75
293.715
293.668
293.622
293.59
293.566
293.57
293.587
293.566
293.529
293.473
293.407
293.366
293.337
293.323
293.35
293.402
293.403
293.372
293.329
293.257
293.174
293.129
293.098
293.075
293.084
293.133
293.154
293.131
293.093
293.035
292.951
292.897
292.864
292.837
292.833
292.872
292.913
292.9
292.866
292.819
292.745
292.685
292.649
292.62
292.604
292.621
292.636
292.613
292.575
292.521
292.467
292.433
292.405
292.401
292.436
292.46
292.438
292.401
292.345
292.265
292.213
292.181
292.154
292.151
292.187
292.215
292.197
292.161
292.11
292.042
291.996
291.964
291.938
291.934
291.959
291.959
291.928
291.889
291.838
291.799
291.769
291.747
291.754
291.751
291.72
291.68
291.635
291.602
291.576
291.575
291.598
291.589
291.556
291.51
291.444
291.395
291.364
291.339
291.341
291.377
291.386
291.359
291.32
291.264
291.21
291.175
291.146
291.13
291.144
291.143
291.112
291.072
291.019
290.981
290.952
290.938
290.96
290.985
290.966
290.93
290.877
290.797
290.744
290.712
290.685
290.683
290.727
290.769
290.757
290.723
290.675
290.594
290.515
290.474
290.444
290.42
290.428
290.478
290.502
290.48
290.444
290.391
290.311
290.258
290.224
290.197
290.187
290.214
290.246
290.231
290.197
290.149
290.08
290.029
289.996
289.969
289.961
289.99
290.019
290.003
289.969
289.927
289.878
289.841
289.808
289.776
289.743
289.708
289.666
289.63
289.6
289.575
289.578
289.623
289.655
289.637
289.603
289.554
289.476
289.413
289.378
289.349
289.328
289.34
289.372
289.364
289.332
289.29
289.238
289.199
289.17
289.149
289.157
289.171
289.149
289.113
289.06
289
288.963
288.935
288.92
288.942
288.978
288.966
288.933
288.887
288.813
288.748
288.711
288.683
288.665
288.682
288.738
288.752
288.727
288.69
288.636
288.549
288.486
288.449
288.418
288.389
288.365
288.368
288.415
288.453
288.438
288.404
288.359
288.284
288.215
288.177
288.148
288.124
288.13
288.173
288.187
288.162
288.126
288.071
287.997
287.951
287.919
287.893
287.885
287.913
287.936
287.916
287.882
287.836
287.78
287.742
287.712
287.687
287.685
287.687
287.66
287.625
287.585
287.555
287.531
287.534
287.567
287.566
287.536
287.495
287.426
287.338
287.289
287.257
287.229
287.214
287.237
287.306
287.329
287.306
287.271
287.219
287.124
287.034
286.991
286.961
286.935
286.932
286.978
287.041
287.041
287.012
286.972
286.907
286.809
286.751
286.718
286.69
286.676
286.702
286.775
286.798
286.776
286.74
286.688
286.59
286.496
286.452
286.421
286.395
286.39
286.432
286.504
286.511
286.484
286.446
286.387
286.288
286.219
286.182
286.153
286.131
286.138
286.195
286.236
286.221
286.189
286.145
286.068
285.984
285.94
285.908
285.882
285.869
285.894
285.941
285.937
285.907
285.869
285.813
285.759
285.725
285.696
285.672
285.671
285.668
285.639
285.603
285.561
285.53
285.504
285.498
285.527
285.536
285.51
285.473
285.414
285.334
285.288
285.257
285.232
285.228
285.271
285.321
285.313
285.282
285.241
285.172
285.08
285.031
284.999
284.972
284.956
284.977
285.027
285.027
284.999
284.962
284.904
284.834
284.793
284.763
284.737
284.729
284.755
284.77
284.747
284.713
284.665
284.609
284.572
284.543
284.519
284.518
284.536
284.521
284.489
284.447
284.398
284.364
284.336
284.317
284.329
284.345
284.324
284.291
284.244
284.185
284.146
284.117
284.091
284.086
284.108
284.103
284.073
284.036
283.988
283.952
283.924
283.901
283.906
283.926
283.911
283.879
283.837
283.776
283.726
283.693
283.663
283.633
283.607
283.594
283.618
283.668
283.668
283.64
283.603
283.543
283.448
283.387
283.353
283.325
283.304
283.315
283.376
283.411
283.395
283.362
283.318
283.243
283.161
283.12
283.089
283.063
283.051
283.079
283.125
283.119
283.089
283.051
282.991
282.921
282.881
282.851
282.825
282.813
282.836
282.857
282.838
282.805
282.762
282.706
282.667
282.637
282.61
282.598
282.613
282.606
282.577
282.54
282.496
282.462
282.434
282.413
282.417
282.421
282.396
282.361
282.316
282.278
282.248
282.224
282.223
282.246
282.236
282.205
282.165
282.097
282.027
281.99
281.96
281.935
281.929
281.97
282.042
282.049
282.023
281.989
281.938
281.846
281.755
281.712
281.68
281.65
281.621
281.595
281.579
281.597
281.67
281.711
281.697
281.666
281.625
281.556
281.443
281.374
281.338
281.309
281.282
281.267
281.287
281.358
281.386
281.367
281.335
281.293
281.221
281.145
281.105
281.074
281.047
281.028
281.037
281.074
281.07
281.042
281.007
280.957
280.913
280.881
280.854
280.832
280.835
280.831
280.803
280.768
280.723
280.687
280.659
280.637
280.64
280.665
280.653
280.623
280.584
280.526
280.478
280.447
280.42
280.401
280.412
280.434
280.417
280.386
280.346
280.292
280.253
280.223
280.197
280.183
280.194
280.186
280.157
280.121
280.076
280.041
280.014
279.992
279.999
280.023
280.01
279.98
279.939
279.874
279.814
279.779
279.751
279.728
279.729
279.767
279.779
279.755
279.722
279.676
279.609
279.565
279.535
279.508
279.489
279.5
279.536
279.531
279.503
279.468
279.418
279.365
279.331
279.301
279.272
279.243
279.214
279.185
279.16
279.144
279.16
279.207
279.209
279.183
279.15
279.102
279.016
278.93
278.889
278.859
278.832
278.812
278.823
278.887
278.931
278.918
278.888
278.851
278.79
278.704
278.655
278.624
278.596
278.572
278.565
278.595
278.612
278.59
278.559
278.518
278.463
278.425
278.396
278.369
278.352
278.362
278.363
278.337
278.304
278.259
278.219
278.189
278.163
278.148
278.161
278.162
278.136
278.103
278.056
278.009
277.977
277.95
277.928
277.931
277.951
277.935
277.905
277.868
277.823
277.79
277.762
277.739
277.736
277.743
277.721
277.689
277.642
277.572
277.524
277.494
277.468
277.451
277.47
277.529
277.538
277.514
277.482
277.436
277.359
277.298
277.264
277.236
277.211
277.199
277.222
277.246
277.229
277.198
277.159
277.102
277.056
277.026
276.999
276.977
276.981
277.012
277.006
276.978
276.944
276.894
276.839
276.804
276.775
276.75
276.731
276.739
276.737
276.711
276.679
276.642
276.611
276.584
276.562
276.561
276.55
276.521
276.485
276.433
276.391
276.361
276.336
276.324
276.351
276.396
276.389
276.361
276.325
276.269
276.183
276.129
276.098
276.07
276.047
276.041
276.074
276.102
276.085
276.056
276.018
275.962
275.915
275.884
275.857
275.835
275.835
275.865
275.865
275.838
275.805
275.755
275.674
275.617
275.585
275.556
275.531
275.513
275.527
275.584
275.599
275.577
275.546
275.506
275.437
275.369
275.332
275.303
275.277
275.256
275.259
275.3
275.313
275.29
275.26
275.22
275.162
275.114
275.082
275.054
275.026
274.998
274.97
274.945
274.927
274.936
274.953
274.935
274.905
274.868
274.822
274.787
274.759
274.735
274.724
274.744
274.748
274.723
274.691
274.644
274.574
274.527
274.497
274.471
274.451
274.458
274.503
274.512
274.489
274.457
274.414
274.342
274.282
274.249
274.221
274.197
274.184
274.208
274.241
274.228
274.2
274.165
274.112
274.056
274.022
273.994
273.969
273.954
273.968
273.978
273.955
273.925
273.884
273.83
273.793
273.764
273.74
273.727
273.749
273.784
273.773
273.745
273.709
273.651
273.553
273.491
273.458
273.43
273.405
273.392
273.415
273.485
273.503
273.482
273.452
273.413
273.346
273.257
273.211
273.181
273.154
273.13
273.12
273.147
273.19
273.181
273.154
273.121
273.075
273.01
272.969
272.94
272.913
272.888
272.875
272.89
272.89
272.865
272.835
272.796
272.759
272.731
272.704
272.682
272.68
272.676
272.65
272.62
272.585
272.554
272.528
272.504
272.497
272.501
272.48
272.45
272.41
272.354
272.313
272.284
272.259
272.24
272.248
272.289
272.29
272.266
272.235
272.195
272.14
272.101
272.072
272.044
272.017
271.992
271.97
271.945
271.918
271.891
271.866
271.848
271.852
271.857
271.834
271.806
271.776
271.748
271.722
271.701
271.682
271.656
271.628
271.596
271.561
271.532
271.507
271.486
271.49
271.515
271.504
271.476
271.443
271.393
271.324
271.282
271.253
271.226
271.202
271.188
271.207
271.232
271.216
271.188
271.155
271.107
271.059
271.028
271.001
270.977
270.961
270.975
270.984
270.962
270.933
270.896
270.846
270.809
270.781
270.756
270.735
270.736
270.744
270.724
270.695
270.658
270.605
270.564
270.535
270.51
270.489
270.491
270.524
270.523
270.498
270.468
270.425
270.36
270.312
270.282
270.255
270.231
270.217
270.236
270.256
270.239
270.211
270.177
270.129
270.085
270.056
270.029
270.005
269.99
270
269.997
269.971
269.941
269.901
269.854
269.822
269.795
269.77
269.752
269.759
269.772
269.753
269.725
269.692
269.646
269.604
269.574
269.547
269.52
269.493
269.468
269.447
269.445
269.475
269.478
269.455
269.426
269.39
269.336
269.289
269.259
269.232
269.205
269.178
269.151
269.124
269.097
269.073
269.055
269.064
269.108
269.111
269.088
269.059
269.021
268.958
268.883
268.844
268.816
268.79
268.767
268.759
268.789
268.817
268.802
268.774
268.742
268.692
268.624
268.583
268.555
268.529
268.506
268.496
268.521
268.536
268.516
268.488
268.454
268.402
268.348
268.316
268.289
268.264
268.245
268.249
268.274
268.263
268.237
268.206
268.163
268.107
268.07
268.042
268.016
267.992
267.977
267.987
267.984
267.96
267.931
267.9
267.871
267.845
267.821
267.809
267.804
267.781
267.753
267.718
267.67
267.633
267.606
267.581
267.562
267.569
267.616
267.626
267.604
267.576
267.541
267.482
267.391
267.34
267.31
267.283
267.256
267.23
267.206
267.189
267.199
267.25
267.262
267.241
267.213
267.179
267.127
267.059
267.021
266.993
266.967
266.944
266.931
266.951
266.972
266.954
266.927
266.895
266.848
266.788
266.752
266.725
266.699
266.676
266.665
266.683
266.69
266.668
266.641
266.608
266.563
266.528
266.501
266.475
266.451
266.438
266.438
266.419
266.392
266.361
266.323
266.292
266.266
266.241
266.221
266.223
266.231
266.211
266.184
266.152
266.114
266.083
266.057
266.033
266.015
266.022
266.037
266.019
265.992
265.961
265.913
265.838
265.79
265.76
265.733
265.707
265.681
265.655
265.632
265.618
265.635
265.688
265.694
265.671
265.643
265.61
265.555
265.474
265.428
265.399
265.373
265.349
265.331
265.338
265.376
265.374
265.35
265.322
265.287
265.23
265.176
265.145
265.119
265.094
265.073
265.069
265.096
265.097
265.074
265.047
265.013
264.964
264.92
264.891
264.865
264.84
264.818
264.811
264.816
264.797
264.771
264.741
264.708
264.679
264.654
264.63
264.613
264.62
264.632
264.613
264.586
264.556
264.511
264.449
264.409
264.381
264.355
264.329
264.303
264.278
264.253
264.232
264.227
264.258
264.276
264.257
264.231
264.2
264.155
264.081
264.03
264
263.974
263.95
263.929
263.929
263.966
263.976
263.955
263.928
263.897
263.85
263.792
263.758
263.732
263.706
263.683
263.669
263.682
263.687
263.666
263.639
263.608
263.564
263.524
263.496
263.471
263.447
263.43
263.438
263.461
263.449
263.423
263.395
263.358
263.296
263.238
263.206
263.179
263.154
263.128
263.103
263.077
263.053
263.032
263.029
263.064
263.081
263.063
263.037
263.008
262.969
262.918
262.884
262.858
262.832
262.808
262.788
262.771
262.746
262.721
262.693
262.661
262.63
262.604
262.579
262.556
262.546
262.568
262.583
262.564
262.538
262.508
262.465
262.402
262.362
262.334
262.309
262.285
262.267
262.273
262.293
262.279
262.254
262.226
262.19
262.141
262.106
262.079
262.054
262.031
262.013
262.018
262.017
261.995
261.969
261.939
261.902
261.873
261.847
261.823
261.801
261.795
261.802
261.785
261.759
261.73
261.689
261.624
261.58
261.552
261.526
261.502
261.482
261.479
261.512
261.52
261.499
261.473
261.444
261.403
261.351
261.318
261.292
261.267
261.243
261.225
261.229
261.232
261.212
261.186
261.157
261.118
261.074
261.045
261.019
260.994
260.972
260.956
260.962
260.959
260.937
260.911
260.884
260.857
260.831
260.806
260.781
260.756
260.73
260.704
260.678
260.653
260.628
260.604
260.584
260.581
260.583
260.562
260.536
260.507
260.468
260.424
260.394
260.369
260.345
260.324
260.316
260.333
260.327
260.303
260.277
260.246
260.201
260.161
260.133
260.108
260.083
260.062
260.052
260.057
260.042
260.017
259.991
259.961
259.933
259.908
259.883
259.86
259.846
259.839
259.818
259.793
259.765
259.732
259.695
259.667
259.642
259.619
259.599
259.596
259.601
259.582
259.557
259.529
259.493
259.447
259.416
259.39
259.366
259.343
259.328
259.339
259.355
259.339
259.314
259.287
259.255
259.206
259.157
259.127
259.102
259.077
259.052
259.027
259.003
258.978
258.956
258.941
258.951
258.962
258.944
258.919
258.893
258.86
258.817
258.784
258.758
258.733
258.709
258.687
258.675
258.67
258.65
258.625
258.6
258.575
258.551
258.526
258.503
258.483
258.461
258.437
258.412
258.387
258.362
258.337
258.313
258.291
258.275
258.271
258.253
258.229
258.203
258.174
258.141
258.113
258.089
258.065
258.043
258.032
258.043
258.034
258.011
257.986
257.958
257.923
257.877
257.844
257.819
257.794
257.769
257.745
257.72
257.695
257.671
257.647
257.623
257.603
257.597
257.611
257.601
257.577
257.552
257.523
257.486
257.451
257.425
257.401
257.377
257.357
257.352
257.358
257.341
257.316
257.29
257.257
257.204
257.154
257.125
257.1
257.076
257.053
257.038
257.05
257.085
257.079
257.056
257.031
257.003
256.966
256.904
256.851
256.822
256.796
256.772
256.748
256.724
256.701
256.683
256.685
256.704
256.691
256.668
256.643
256.615
256.578
256.538
256.51
256.486
256.462
256.439
256.421
256.421
256.413
256.39
256.365
256.339
256.309
256.28
256.255
256.23
256.207
256.185
256.169
256.15
256.126
256.102
256.078
256.054
256.03
256.006
255.984
255.97
255.96
255.939
255.915
255.89
255.864
255.835
255.809
255.785
255.762
255.74
255.729
255.728
255.71
255.686
255.661
255.632
255.592
255.551
255.523
255.499
255.475
255.451
255.429
255.413
255.417
255.418
255.398
255.374
255.349
255.322
255.291
255.265
255.241
255.217
255.193
255.17
255.151
255.129
255.106
255.082
255.058
255.035
255.013
254.995
254.98
254.958
254.934
254.91
254.885
254.858
254.832
254.808
254.784
254.761
254.742
254.735
254.729
254.707
254.684
254.659
254.634
254.606
254.58
254.556
254.532
254.508
254.484
254.46
254.436
254.412
254.388
254.365
254.342
254.321
254.311
254.305
254.285
254.261
254.237
254.211
254.18
254.152
254.128
254.104
254.081
254.06
254.048
254.041
254.021
253.998
253.974
253.95
253.926
253.901
253.874
253.842
253.813
253.788
253.764
253.74
253.717
253.693
253.67
253.648
253.63
253.631
253.633
253.614
253.59
253.566
253.541
253.51
253.47
253.44
253.415
253.392
253.368
253.344
253.321
253.297
253.276
253.26
253.262
253.254
253.232
253.209
253.185
253.159
253.131
253.106
253.082
253.058
253.035
253.011
252.987
252.963
252.938
252.909
252.872
252.843
252.818
252.795
252.772
252.752
252.744
252.763
252.762
252.741
252.717
252.692
252.663
252.619
252.571
252.542
252.518
252.494
252.472
252.453
252.448
252.458
252.445
252.423
252.399
252.376
252.352
252.329
252.305
252.282
252.26
252.237
252.213
252.189
252.164
252.133
252.084
252.027
251.995
251.971
251.948
251.925
251.907
251.906
251.946
251.964
251.948
251.925
251.901
251.874
251.838
251.776
251.728
251.701
251.677
251.654
251.632
251.615
251.615
251.622
251.604
251.581
251.558
251.532
251.501
251.464
251.437
251.414
251.39
251.368
251.348
251.338
251.324
251.302
251.279
251.255
251.23
251.203
251.179
251.156
251.133
251.112
251.098
251.088
251.067
251.044
251.02
250.995
250.964
250.931
250.906
250.883
250.86
250.838
250.822
250.819
250.807
250.785
250.761
250.738
250.713
250.687
250.663
250.64
250.617
250.595
250.577
250.558
250.535
250.512
250.488
250.462
250.428
250.397
250.373
250.35
250.327
250.306
250.29
250.29
250.28
250.258
250.235
250.212
250.186
250.155
250.127
250.103
250.08
250.057
250.035
250.018
250.008
249.989
249.966
249.943
249.92
249.896
249.873
249.849
249.827
249.804
249.783
249.768
249.752
249.73
249.707
249.684
249.661
249.638
249.615
249.59
249.56
249.518
249.484
249.459
249.436
249.413
249.391
249.37
249.355
249.36
249.366
249.349
249.326
249.303
249.279
249.251
249.21
249.173
249.148
249.125
249.102
249.08
249.062
249.058
249.074
249.063
249.042
249.019
248.996
248.973
248.947
248.914
248.858
248.806
248.777
248.753
248.73
248.708
248.685
248.662
248.64
248.619
248.602
248.605
248.617
248.603
248.581
248.558
248.535
248.51
248.48
248.445
248.418
248.395
248.373
248.35
248.328
248.31
248.296
248.276
248.253
248.231
248.208
248.186
248.163
248.142
248.122
248.105
248.084
248.061
248.039
248.016
247.992
247.964
247.938
247.916
247.893
247.871
247.851
247.836
247.826
247.808
247.788
247.767
247.747
247.726
247.703
247.683
247.667
247.652
247.639
247.629
247.625
247.62
247.613
247.606
247.6
247.596
247.59
247.587
247.587
247.588
247.592
247.6
247.614
247.628
247.64
247.653
247.667
247.681
247.695
247.709
247.719
247.726
247.735
247.744
247.75
247.754
247.756
247.758
247.758
247.758
247.756
247.753
247.752
247.75
247.743
247.735
247.728
247.72
247.71
247.7
247.693
247.688
247.685
247.682
247.683
247.694
247.704
247.706
247.706
247.706
247.707
247.706
247.697
247.681
247.68
247.686
247.693
247.701
247.708
247.715
247.726
247.749
247.774
247.781
247.782
247.782
247.78
247.775
247.76
247.72
247.691
247.682
247.677
247.672
247.668
247.667
247.673
247.703
247.744
247.752
247.752
247.751
247.749
247.747
247.742
247.723
247.68
247.661
247.659
247.661
247.664
247.668
247.673
247.679
247.685
247.694
247.712
247.748
247.766
247.771
247.773
247.773
247.773
247.771
247.764
247.743
247.72
247.712
247.707
247.703
247.699
247.695
247.693
247.692
247.697
247.707
247.708
247.706
247.705
247.703
247.701
247.698
247.695
247.694
247.695
247.696
247.699
247.707
247.72
247.727
247.732
247.736
247.74
247.743
247.74
247.721
247.702
247.7
247.701
247.702
247.702
247.702
247.703
247.709
247.731
247.747
247.748
247.745
247.741
247.737
247.733
247.725
247.709
247.7
247.697
247.695
247.694
247.693
247.693
247.695
247.698
247.698
247.699
247.7
247.701
247.703
247.706
247.709
247.715
247.719
247.723
247.727
247.731
247.733
247.733
247.731
247.731
247.732
247.733
247.733
247.733
247.734
247.736
247.734
247.731
247.728
247.725
247.721
247.713
247.701
247.696
247.694
247.692
247.691
247.69
247.691
247.696
247.71
247.715
247.715
247.716
247.717
247.717
247.718
247.716
247.705
247.698
247.699
247.702
247.705
247.708
247.711
247.714
247.719
247.73
247.736
247.738
247.738
247.737
247.735
247.733
247.729
247.726
247.724
247.721
247.719
247.718
247.717
247.715
247.714
247.712
247.71
247.707
247.7
247.691
247.689
247.688
247.688
247.689
247.69
247.694
247.707
247.725
247.731
247.734
247.737
247.74
247.741
247.74
247.73
247.711
247.706
247.706
247.706
247.706
247.707
247.708
247.713
247.733
247.746
247.746
247.745
247.743
247.74
247.737
247.729
247.707
247.685
247.68
247.678
247.677
247.677
247.677
247.68
247.693
247.714
247.72
247.721
247.723
247.724
247.725
247.724
247.717
247.712
247.713
247.715
247.717
247.719
247.721
247.727
247.735
247.737
247.737
247.737
247.736
247.734
247.729
247.72
247.714
247.712
247.71
247.708
247.707
247.706
247.707
247.71
247.71
247.71
247.709
247.709
247.709
247.708
247.707
247.706
247.707
247.707
247.708
247.71
247.711
247.713
247.715
247.718
247.723
247.736
247.743
247.745
247.746
247.747
247.747
247.747
247.745
247.738
247.714
247.684
247.676
247.673
247.672
247.67
247.67
247.672
247.683
247.711
247.723
247.724
247.724
247.723
247.723
247.721
247.715
247.706
247.704
247.704
247.705
247.706
247.708
247.713
247.717
247.718
247.72
247.721
247.722
247.721
247.717
247.717
247.717
247.718
247.718
247.719
247.721
247.726
247.728
247.727
247.726
247.724
247.723
247.721
247.72
247.719
247.718
247.718
247.718
247.719
247.722
247.722
247.722
247.722
247.722
247.721
247.72
247.715
247.7
247.69
247.689
247.69
247.691
247.692
247.694
247.696
247.699
247.707
247.724
247.731
247.732
247.733
247.732
247.732
247.73
247.726
247.719
247.716
247.715
247.714
247.713
247.712
247.713
247.716
247.717
247.716
247.716
247.716
247.715
247.714
247.714
247.714
247.714
247.714
247.715
247.715
247.716
247.716
247.717
247.716
247.711
247.706
247.705
247.706
247.707
247.708
247.709
247.714
247.727
247.738
247.74
247.74
247.739
247.738
247.736
247.731
247.717
247.697
247.692
247.69
247.69
247.689
247.689
247.689
247.691
247.699
247.722
247.736
247.738
247.739
247.739
247.74
247.74
247.74
247.739
247.735
247.718
247.693
247.686
247.686
247.686
247.687
247.688
247.688
247.69
247.694
247.707
247.726
247.73
247.731
247.73
247.729
247.728
247.727
247.724
247.717
247.713
247.711
247.711
247.71
247.71
247.71
247.71
247.712
247.713
247.714
247.714
247.714
247.714
247.714
247.715
247.715
247.714
247.713
247.713
247.714
247.715
247.716
247.716
247.717
247.718
247.719
247.722
247.723
247.723
247.722
247.722
247.721
247.72
247.718
247.718
247.717
247.716
247.716
247.716
247.716
247.716
247.716
247.716
247.716
247.715
247.714
247.71
247.707
247.706
247.706
247.707
247.707
247.707
247.708
247.711
247.717
247.72
247.721
247.722
247.723
247.723
247.724
247.724
247.724
247.724
247.724
247.723
247.722
247.72
247.715
247.706
247.703
247.702
247.701
247.701
247.701
247.701
247.703
247.71
247.715
247.716
247.716
247.716
247.715
247.715
247.715
247.714
247.714
247.714
247.714
247.715
247.715
247.716
247.716
247.717
247.717
247.718
247.718
247.718
247.718
247.718
247.718
247.719
247.72
247.725
247.727
247.727
247.727
247.726
247.726
247.725
247.722
247.714
247.703
247.7
247.699
247.699
247.699
247.699
247.699
247.7
247.705
247.709
247.71
247.711
247.711
247.711
247.712
247.712
247.713
247.713
247.714
247.716
247.718
247.719
247.719
247.719
247.719
247.719
247.718
247.716
247.714
247.713
247.713
247.712
247.712
247.712
247.713
247.716
247.717
247.717
247.717
247.717
247.716
247.716
247.714
247.712
247.712
247.712
247.712
247.712
247.713
247.715
247.719
247.721
247.722
247.722
247.722
247.723
247.722
247.719
247.71
247.705
247.705
247.705
247.705
247.705
247.705
247.706
247.709
247.716
247.718
247.718
247.718
247.718
247.718
247.717
247.717
247.717
247.717
247.716
247.714
247.711
247.71
247.71
247.71
247.71
247.71
247.711
247.711
247.714
247.72
247.724
247.725
247.726
247.726
247.726
247.726
247.724
247.718
247.707
247.704
247.703
247.703
247.703
247.703
247.703
247.705
247.713
247.72
247.722
247.722
247.722
247.721
247.721
247.721
247.72
247.717
247.713
247.711
247.711
247.711
247.711
247.711
247.711
247.711
247.711
247.712
247.713
247.713
247.714
247.714
247.714
247.715
247.715
247.715
247.715
247.715
247.716
247.715
247.715
247.715
247.715
247.716
247.717
247.716
247.716
247.716
247.716
247.716
247.718
247.721
247.723
247.723
247.723
247.723
247.723
247.722
247.721
247.717
247.705
247.696
247.694
247.694
247.694
247.695
247.696
247.698
247.703
247.72
247.734
247.737
247.738
247.738
247.738
247.738
247.737
247.735
247.728
247.708
247.695
247.693
247.692
247.692
247.692
247.692
247.692
247.693
247.697
247.711
247.721
247.723
247.723
247.723
247.723
247.723
247.723
247.721
247.716
247.714
247.714
247.714
247.714
247.714
247.714
247.715
247.715
247.715
247.716
247.716
247.715
247.714
247.713
247.713
247.713
247.712
247.712
247.712
247.712
247.712
247.712
247.713
247.715
247.719
247.727
247.731
247.732
247.732
247.732
247.732
247.732
247.731
247.731
247.731
247.728
247.717
247.701
247.697
247.697
247.697
247.697
247.697
247.698
247.701
247.709
247.718
247.719
247.72
247.72
247.72
247.72
247.719
247.719
247.716
247.715
247.714
247.714
247.714
247.714
247.714
247.714
247.713
247.713
247.713
247.712
247.712
247.712
247.712
247.712
247.712
247.713
247.713
247.713
247.713
247.713
247.713
247.713
247.713
247.713
247.713
247.713
247.714
247.714
247.715
247.715
247.715
247.715
247.715
247.715
247.715
247.715
247.714
247.714
247.714
247.713
247.714
247.716
247.719
247.72
247.72
247.72
247.721
247.721
247.721
247.719
247.714
247.711
247.71
247.71
247.709
247.709
247.709
247.712
247.719
247.724
247.726
247.726
247.727
247.727
247.726
247.723
247.713
247.696
247.69
247.689
247.688
247.688
247.689
247.69
247.695
247.708
247.721
247.724
247.724
247.724
247.724
247.723
247.722
247.719
247.714
247.712
247.711
247.711
247.712
247.712
247.713
247.714
247.716
247.716
247.716
247.716
247.715
247.715
247.714
247.714
247.713
247.713
247.713
247.714
247.714
247.715
247.715
247.716
247.716
247.716
247.717
247.718
247.718
247.717
247.717
247.716
247.716
247.717
247.716
247.715
247.713
247.712
247.712
247.712
247.712
247.712
247.712
247.712
247.712
247.712
247.712
247.712
247.712
247.712
247.712
247.712
247.713
247.713
247.713
247.713
247.714
247.716
247.718
247.718
247.718
247.718
247.718
247.718
247.718
247.718
247.718
247.718
247.718
247.718
247.719
247.72
247.72
247.719
247.719
247.718
247.718
247.716
247.712
247.709
247.709
247.709
247.71
247.71
247.71
247.711
247.713
247.717
247.718
247.719
247.719
247.718
247.718
247.718
247.717
247.715
247.715
247.715
247.715
247.715
247.715
247.716
247.717
247.717
247.717
247.717
247.716
247.715
247.714
247.712
247.712
247.712
247.712
247.712
247.713
247.715
247.717
247.718
247.718
247.718
247.717
247.717
247.716
247.715
247.715
247.715
247.716
247.718
247.72
247.721
247.722
247.723
247.723
247.723
247.721
247.716
247.707
247.703
247.702
247.701
247.701
247.701
247.702
247.703
247.706
247.713
247.717
247.717
247.718
247.718
247.717
247.717
247.716
247.717
247.719
247.72
247.72
247.721
247.721
247.722
247.722
247.721
247.715
247.705
247.702
247.702
247.701
247.7
247.7
247.701
247.703
247.712
247.723
247.727
247.728
247.728
247.728
247.728
247.727
247.724
247.714
247.704
247.702
247.702
247.702
247.702
247.702
247.703
247.706
247.711
247.715
247.716
247.716
247.716
247.715
247.715
247.715
247.714
247.714
247.714
247.714
247.715
247.715
247.715
247.715
247.715
247.715
247.714
247.714
247.714
247.713
247.713
247.712
247.713
247.713
247.713
247.713
247.714
247.716
247.725
247.737
247.74
247.741
247.741
247.742
247.743
247.742
247.74
247.73
247.701
247.681
247.676
247.675
247.675
247.676
247.676
247.679
247.684
247.698
247.72
247.726
247.727
247.726
247.725
247.724
247.723
247.722
247.719
247.714
247.713
247.713
247.713
247.714
247.714
247.714
247.714
247.713
247.714
247.715
247.714
247.714
247.715
247.716
247.717
247.718
247.717
247.714
247.713
247.712
247.711
247.71
247.708
247.708
247.708
247.708
247.709
247.709
247.71
247.711
247.712
247.714
247.715
247.715
247.716
247.718
247.724
247.729
247.729
247.729
247.727
247.727
247.726
247.725
247.723
247.715
247.7
247.695
247.695
247.695
247.697
247.698
247.699
247.699
247.702
247.71
247.716
247.718
247.717
247.716
247.716
247.716
247.717
247.717
247.716
247.715
247.716
247.716
247.716
247.716
247.715
247.715
247.717
247.718
247.717
247.716
247.717
247.717
247.718
247.716
247.708
247.705
247.705
247.705
247.704
247.702
247.701
247.7
247.7
247.703
247.714
247.724
247.727
247.729
247.73
247.731
247.731
247.73
247.727
247.72
247.712
247.708
247.707
247.707
247.707
247.708
247.71
247.714
247.72
247.723
247.724
247.724
247.723
247.722
247.719
247.716
247.715
247.714
247.714
247.715
247.717
247.722
247.726
247.728
247.729
247.729
247.729
247.726
247.722
247.72
247.717
247.716
247.715
247.716
247.72
247.724
247.726
247.729
247.731
247.732
247.732
247.729
247.717
247.705
247.7
247.698
247.696
247.694
247.694
247.695
247.698
247.708
247.715
247.718
247.72
247.721
247.722
247.722
247.719
247.71
247.703
247.7
247.697
247.696
247.695
247.696
247.699
247.708
247.718
247.721
247.724
247.725
247.726
247.725
247.723
247.715
247.704
247.7
247.698
247.697
247.697
247.697
247.699
247.705
247.718
247.726
247.729
247.729
247.729
247.729
247.727
247.724
247.717
247.705
247.699
247.698
247.698
247.698
247.7
247.702
247.705
247.709
247.717
247.72
247.72
247.72
247.718
247.717
247.715
247.714
247.714
247.715
247.716
247.718
247.72
247.722
247.722
247.722
247.72
247.718
247.715
247.707
247.698
247.696
247.696
247.697
247.699
247.7
247.7
247.701
247.705
247.72
247.729
247.73
247.73
247.73
247.731
247.733
247.734
247.734
247.73
247.713
247.703
247.7
247.699
247.696
247.694
247.693
247.692
247.694
247.703
247.715
247.72
247.722
247.724
247.726
247.726
247.726
247.723
247.716
247.711
247.708
247.706
247.705
247.705
247.706
247.709
247.716
247.72
247.723
247.724
247.724
247.723
247.721
247.716
247.711
247.709
247.708
247.708
247.708
247.711
247.715
247.717
247.72
247.721
247.721
247.719
247.716
247.714
247.712
247.71
247.709
247.71
247.711
247.712
247.713
247.715
247.715
247.713
247.713
247.713
247.713
247.713
247.713
247.716
247.718
247.717
247.717
247.717
247.718
247.719
247.719
247.72
247.721
247.722
247.722
247.721
247.718
247.715
247.711
247.71
247.71
247.71
247.713
247.718
247.727
247.731
247.731
247.731
247.73
247.728
247.722
247.709
247.692
247.686
247.685
247.686
247.687
247.69
247.693
247.697
247.706
247.722
247.728
247.729
247.728
247.726
247.725
247.724
247.724
247.72
247.71
247.707
247.707
247.706
247.705
247.703
247.703
247.705
247.711
247.714
247.716
247.719
247.723
247.724
247.723
247.719
247.717
247.715
247.711
247.708
247.707
247.708
247.711
247.711
247.712
247.715
247.718
247.719
247.719
247.721
247.721
247.72
247.719
247.719
247.717
247.713
247.71
247.708
247.706
247.703
247.703
247.706
247.711
247.715
247.718
247.724
247.733
247.736
247.736
247.732
247.728
247.725
247.724
247.722
247.715
247.697
247.691
247.691
247.693
247.694
247.693
247.69
247.687
247.687
247.697
247.712
247.715
247.716
247.718
247.722
247.727
247.73
247.729
247.721
247.715
247.713
247.709
247.704
247.699
247.698
247.699
247.709
247.716
247.719
247.723
247.729
247.733
247.734
247.731
247.72
247.713
247.709
247.704
247.698
247.694
247.694
247.698
247.712
247.72
247.726
247.732
247.738
247.74
247.74
247.735
247.719
247.707
247.701
247.694
247.689
247.688
247.689
247.695
247.711
247.721
247.728
247.734
247.737
247.737
247.734
247.72
247.708
247.701
247.694
247.691
247.69
247.692
247.704
247.716
247.722
247.729
247.733
247.734
247.73
247.718
247.711
247.705
247.699
247.695
247.695
247.703
247.713
247.717
247.722
247.728
247.731
247.728
247.72
247.716
247.713
247.708
247.703
247.703
247.712
247.73
247.735
247.738
247.744
247.75
247.752
247.75
247.735
247.7
247.682
247.674
247.668
247.664
247.663
247.664
247.668
247.681
247.707
247.737
247.747
247.749
247.749
247.747
247.742
247.732
247.721
247.708
247.689
247.68
247.679
247.682
247.688
247.697
247.705
247.709
247.712
247.715
247.724
247.736
247.738
247.735
247.728
247.725
247.725
247.726
247.73
247.735
247.735
247.722
247.702
247.698
247.697
247.694
247.689
247.681
247.675
247.674
247.679
247.704
247.719
247.724
247.731
247.739
247.745
247.747
247.741
247.726
247.719
247.714
247.707
247.7
247.697
247.701
247.707
247.708
247.711
247.716
247.72
247.718
247.712
247.712
247.712
247.71
247.707
247.708
247.716
247.717
247.714
247.715
247.717
247.719
247.716
247.711
247.714
247.718
247.718
247.716
247.715
247.723
247.727
247.722
247.716
247.715
247.716
247.717
247.711
247.697
247.698
247.705
247.709
247.709
247.707
247.704
247.706
247.719
247.722
247.716
247.712
247.712
247.713
247.718
247.721
247.715
247.703
247.704
247.709
247.71
247.709
247.704
247.697
247.694
247.706
247.724
247.726
247.725
247.726
247.731
247.74
247.751
247.757
247.753
247.722
247.703
247.698
247.693
247.683
247.67
247.66
247.657
247.662
247.691
247.719
247.729
247.741
247.756
247.766
247.77
247.769
247.755
247.716
247.694
247.68
247.663
247.652
247.648
247.648
247.656
247.689
247.732
247.754
247.771
247.785
247.791
247.793
247.791
247.781
247.751
247.696
247.662
247.644
247.633
247.628
247.627
247.629
247.637
247.657
247.698
247.748
247.771
247.782
247.788
247.789
247.789
247.785
247.773
247.744
247.697
247.671
247.658
247.65
247.646
247.645
247.645
247.65
247.665
247.703
247.747
247.766
247.778
247.786
247.789
247.79
247.788
247.777
247.75
247.698
247.663
247.648
247.641
247.639
247.64
247.644
247.658
247.686
247.735
247.773
247.785
247.787
247.787
247.782
247.771
247.75
247.712
247.678
247.668
247.666
247.667
247.673
247.685
247.711
247.747
247.764
247.768
247.769
247.767
247.759
247.737
247.693
247.665
247.657
247.656
247.656
247.659
247.67
247.699
247.734
247.745
247.747
247.747
247.746
247.74
247.722
247.7
247.694
247.692
247.691
247.692
247.699
247.713
247.717
247.719
247.721
247.722
247.72
247.706
247.697
247.696
247.694
247.688
247.682
247.685
247.706
247.716
247.719
247.725
247.736
247.745
247.746
247.725
247.698
247.692
247.685
247.674
247.659
247.652
247.654
247.685
247.724
247.737
247.746
247.761
247.777
247.785
247.785
247.769
247.719
247.69
247.676
247.661
247.646
247.638
247.638
247.647
247.687
247.724
247.741
247.756
247.769
247.774
247.773
247.759
247.72
247.698
247.684
247.671
247.663
247.662
247.672
247.705
247.729
247.742
247.754
247.761
247.762
247.75
247.713
247.687
247.673
247.661
247.655
247.656
247.667
247.708
247.741
247.757
247.769
247.774
247.773
247.763
247.725
247.682
247.662
247.65
247.646
247.646
247.654
247.685
247.734
247.759
247.772
247.777
247.777
247.771
247.746
247.697
247.667
247.652
247.646
247.645
247.65
247.672
247.725
247.767
247.787
247.796
247.798
247.796
247.782
247.74
247.674
247.641
247.625
247.619
247.618
247.622
247.642
247.694
247.76
247.791
247.806
247.811
247.811
247.806
247.784
247.73
247.669
247.64
247.626
247.62
247.62
247.625
247.648
247.708
247.767
247.795
247.809
247.815
247.817
247.812
247.791
247.732
247.661
247.629
247.614
247.607
247.606
247.607
247.617
247.643
247.696
247.765
247.794
247.804
247.805
247.805
247.801
247.79
247.773
247.756
247.737
247.706
247.652
247.632
247.629
247.631
247.636
247.64
247.643
247.647
247.661
247.715
247.755
247.764
247.77
247.778
247.784
247.785
247.777
247.739
247.68
247.654
247.639
247.632
247.63
247.632
247.648
247.691
247.751
247.778
247.789
247.792
247.792
247.787
247.768
247.723
247.668
247.65
247.645
247.644
247.645
247.651
247.667
247.706
247.746
247.754
247.754
247.749
247.745
247.743
247.741
247.727
247.694
247.688
247.694
247.696
247.694
247.684
247.672
247.673
247.708
247.726
247.726
247.726
247.732
247.746
247.763
247.767
247.744
247.702
247.694
247.692
247.687
247.673
247.654
247.64
247.641
247.688
247.75
247.765
247.772
247.784
247.805
247.828
247.84
247.839
247.802
247.703
247.66
247.644
247.624
247.597
247.576
247.567
247.567
247.584
247.654
247.731
247.762
247.788
247.814
247.829
247.833
247.83
247.808
247.741
247.682
247.652
247.626
247.609
247.603
247.605
247.625
247.688
247.742
247.77
247.795
247.81
247.815
247.809
247.772
247.713
247.682
247.654
247.63
247.619
247.62
247.646
247.704
247.734
247.761
247.792
247.811
247.815
247.797
247.737
247.706
247.686
247.656
247.625
247.611
247.615
247.663
247.715
247.733
247.75
247.778
247.809
247.824
247.828
247.828
247.824
247.805
247.756
247.665
247.6
247.573
247.562
247.56
247.563
247.577
247.606
247.646
247.689
247.739
247.809
247.844
247.846
247.839
247.816
247.775
247.735
247.697
247.645
247.612
247.61
247.62
247.652
247.699
247.744
247.789
247.808
247.81
247.802
247.777
247.721
247.652
247.608
247.582
247.572
247.576
247.618
247.681
247.719
247.762
247.798
247.812
247.797
247.74
247.714
247.695
247.664
247.631
247.619
247.643
247.714
247.734
247.742
247.758
247.786
247.804
247.799
247.729
247.679
247.669
247.659
247.639
247.614
247.604
247.624
247.713
247.756
247.772
247.793
247.825
247.845
247.846
247.8
247.698
247.655
247.625
247.583
247.547
247.535
247.542
247.614
247.728
247.779
247.827
247.885
247.922
247.934
247.925
247.847
247.73
247.68
247.633
247.567
247.513
247.489
247.491
247.554
247.659
247.694
247.717
247.755
247.81
247.866
247.907
247.928
247.933
247.917
247.832
247.738
247.702
247.666
247.613
247.56
247.527
247.507
247.495
247.493
247.501
247.545
247.669
247.761
247.808
247.862
247.916
247.95
247.963
247.961
247.927
247.798
247.667
247.614
247.564
247.508
247.473
247.459
247.459
247.478
247.558
247.724
247.817
247.872
247.922
247.947
247.954
247.951
247.936
247.895
247.808
247.651
247.524
247.485
247.478
247.479
247.489
247.518
247.567
247.616
247.667
247.75
247.854
247.875
247.872
247.846
247.807
247.785
247.774
247.766
247.741
247.663
247.632
247.65
247.677
247.68
247.671
247.651
247.64
247.652
247.643
247.605
247.59
247.59
247.604
247.65
247.745
247.871
247.954
247.997
248.013
248.013
247.975
247.827
247.625
247.525
247.446
247.392
247.367
247.365
247.397
247.532
247.746
247.856
247.941
248.018
248.061
248.074
248.064
247.99
247.777
247.612
247.525
247.435
247.364
247.33
247.323
247.347
247.476
247.701
247.813
247.899
247.993
248.058
248.086
248.082
247.996
247.794
247.694
247.624
247.532
247.448
247.401
247.396
247.485
247.623
247.668
247.708
247.776
247.856
247.902
247.887
247.786
247.766
247.769
247.761
247.734
247.701
247.697
247.752
247.752
247.685
247.632
247.599
247.571
247.515
247.471
247.483
247.564
247.678
247.772
247.876
248.002
248.05
248.051
248.024
247.954
247.834
247.641
247.49
247.419
247.382
247.369
247.386
247.508
247.678
247.758
247.837
247.917
247.96
247.949
247.82
247.744
247.723
247.693
247.641
247.598
247.603
247.713
247.755
247.733
247.721
247.73
247.75
247.749
247.646
247.574
247.605
247.662
247.686
247.688
247.687
247.728
247.863
247.899
247.844
247.765
247.723
247.701
247.678
247.599
247.477
247.458
247.522
247.635
247.706
247.76
247.821
247.959
248.072
248.083
248.041
247.924
247.807
247.707
247.58
247.363
247.253
247.244
247.264
247.339
247.46
247.599
247.804
248.081
248.192
248.207
248.201
248.161
248.069
247.921
247.659
247.348
247.234
247.209
247.209
247.231
247.297
247.427
247.671
248.01
248.153
248.18
248.179
248.159
248.093
247.987
247.82
247.529
247.318
247.285
247.291
247.324
247.403
247.5
247.581
247.676
247.871
248.012
248.026
247.993
247.891
247.805
247.75
247.701
247.602
247.483
247.465
247.526
247.654
247.742
247.805
247.874
247.98
248.013
247.986
247.866
247.715
247.595
247.466
247.324
247.287
247.299
247.371
247.515
247.692
247.926
248.118
248.173
248.177
248.158
248.08
247.87
247.546
247.355
247.246
247.187
247.171
247.202
247.399
247.739
247.911
248.047
248.167
248.229
248.231
248.097
247.774
247.621
247.515
247.385
247.279
247.242
247.291
247.558
247.73
247.802
247.898
248.016
248.084
248.076
247.877
247.704
247.654
247.597
247.503
247.424
247.416
247.563
247.714
247.747
247.782
247.856
247.933
247.939
247.797
247.704
247.691
247.669
247.607
247.541
247.545
247.675
247.702
247.683
247.692
247.735
247.781
247.746
247.656
247.692
247.763
247.785
247.777
247.773
247.848
247.884
247.787
247.658
247.586
247.535
247.453
247.355
247.355
247.478
247.665
247.794
247.912
248.088
248.211
248.214
248.129
247.931
247.737
247.544
247.271
247.085
247.068
247.106
247.246
247.465
247.698
248.015
248.354
248.436
248.432
248.371
248.201
247.961
247.651
247.195
246.908
246.863
246.872
246.936
247.109
247.367
247.711
248.224
248.584
248.657
248.658
248.617
248.48
248.233
247.88
247.329
246.852
246.706
246.681
246.69
246.757
246.929
247.237
247.785
248.364
248.625
248.73
248.753
248.741
248.664
248.413
247.834
247.29
247.02
246.836
246.731
246.695
246.732
247.005
247.548
247.84
248.079
248.331
248.5
248.553
248.439
248.077
247.924
247.82
247.65
247.439
247.315
247.357
247.472
247.422
247.351
247.34
247.355
247.35
247.303
247.388
247.692
247.976
248.2
248.436
248.617
248.639
248.585
248.399
248.074
247.547
247.084
246.827
246.668
246.597
246.623
246.949
247.445
247.674
247.916
248.205
248.411
248.451
248.159
247.873
247.855
247.844
247.796
247.707
247.657
247.754
248.028
247.996
247.767
247.603
247.494
247.391
247.156
246.864
246.822
246.96
247.316
247.619
247.854
248.123
248.609
248.88
248.889
248.787
248.48
248.076
247.697
247.206
246.528
246.297
246.288
246.359
246.57
246.96
247.372
247.847
248.553
249.014
249.08
249.051
248.915
248.642
248.234
247.895
247.678
247.523
247.378
247.037
246.665
246.655
246.799
247.106
247.391
247.541
247.622
247.644
247.665
247.815
248.218
248.386
248.275
247.997
247.839
247.764
247.733
247.659
247.32
247.006
247.046
247.355
247.624
247.783
247.892
248.049
248.433
248.67
248.645
248.352
247.943
247.645
247.357
246.909
246.41
246.326
246.378
246.62
247.034
247.466
248.027
248.813
249.213
249.277
249.259
249.139
248.86
248.307
247.274
246.463
246.139
245.999
245.965
245.985
246.152
246.703
247.905
248.772
249.182
249.421
249.519
249.53
249.416
248.896
247.628
246.734
246.318
246.023
245.859
245.804
245.853
246.192
247.21
248.343
248.877
249.274
249.539
249.655
249.655
249.414
248.467
247.352
246.862
246.467
246.113
245.9
245.84
245.95
246.626
247.681
248.128
248.476
248.9
249.235
249.386
249.334
248.642
247.69
247.412
247.233
246.967
246.653
246.427
246.365
246.598
247.534
247.959
248.047
248.124
248.286
248.517
248.658
248.58
247.802
247.265
247.247
247.272
247.249
247.169
247.048
246.996
247.178
247.988
248.32
248.28
248.213
248.228
248.313
248.42
248.379
247.728
247.115
247.088
247.13
247.109
247.015
246.849
246.769
246.957
247.822
248.193
248.247
248.303
248.463
248.733
248.899
248.807
247.977
247.43
247.319
247.221
247.014
246.71
246.5
246.493
247.047
247.737
247.875
247.959
248.136
248.44
248.682
248.689
248.099
247.675
247.674
247.674
247.609
247.453
247.316
247.358
247.834
247.968
247.772
247.582
247.502
247.466
247.362
247.002
246.849
247.06
247.545
247.897
248.175
248.499
248.999
249.165
249.111
248.797
248.254
247.69
246.97
246.206
245.931
245.892
245.928
246.11
246.65
247.675
248.398
248.862
249.217
249.409
249.407
248.906
248.262
248.031
247.789
247.452
247.182
247.134
247.475
247.605
247.444
247.265
247.146
246.992
246.611
246.358
246.411
246.763
247.266
247.736
248.334
249.123
249.468
249.517
249.486
249.326
248.842
247.811
246.993
246.537
246.18
245.978
245.961
246.382
247.164
247.507
247.852
248.322
248.682
248.739
248.26
247.979
247.951
247.894
247.725
247.522
247.49
247.883
248.043
247.794
247.533
247.411
247.331
247.091
246.57
246.478
246.818
247.352
247.687
247.948
248.301
249.007
249.33
249.275
248.828
248.214
247.741
247.236
246.375
245.841
245.813
246.018
246.577
247.208
247.822
248.668
249.505
249.664
249.612
249.303
248.697
247.966
246.933
245.957
245.727
245.731
245.889
246.326
247.091
248.329
249.325
249.654
249.709
249.662
249.38
248.508
247.059
246.214
245.751
245.504
245.439
245.593
246.482
247.91
248.657
249.276
249.772
249.983
249.891
248.913
247.603
247.071
246.566
245.992
245.604
245.502
245.865
247.198
247.853
248.155
248.589
249.137
249.455
249.372
248.294
247.592
247.44
247.287
246.994
246.679
246.583
246.98
247.917
248.044
248.013
248.053
248.207
248.309
248.004
247.095
246.965
247.112
247.198
247.185
247.175
247.433
248.364
248.701
248.642
248.531
248.516
248.514
248.209
247.084
246.622
246.55
246.479
246.299
246.128
246.18
247.009
248.255
248.666
248.982
249.469
249.884
249.976
249.553
247.863
246.899
246.476
245.94
245.338
244.963
244.859
245.025
246.12
247.975
248.715
249.204
249.854
250.447
250.77
250.841
250.563
249.014
247.185
246.596
246.194
245.688
245.222
244.92
244.793
244.821
245.29
246.957
248.297
248.75
249.137
249.643
250.077
250.283
250.222
249.249
247.696
247.281
247.102
246.868
246.569
246.359
246.346
246.931
247.948
248.104
248.056
248.052
248.097
248.127
247.9
247.062
246.806
246.985
247.304
247.521
247.709
248.042
248.802
249.142
249.108
248.797
248.364
247.942
247.339
246.407
246.058
246.038
246.145
246.444
246.954
247.862
248.891
249.268
249.355
249.353
249.238
248.755
247.545
246.607
246.199
245.95
245.834
245.852
246.206
247.423
248.457
248.925
249.289
249.515
249.561
249.306
248.105
247.037
246.613
246.235
245.912
245.779
245.854
246.57
247.917
248.495
248.867
249.275
249.529
249.565
249.157
247.734
246.949
246.626
246.275
245.941
245.784
245.827
246.46
247.904
248.53
248.848
249.219
249.539
249.649
249.484
248.306
246.881
246.453
246.179
245.842
245.571
245.464
245.523
246.077
247.766
248.881
249.275
249.598
249.925
250.108
250.131
249.846
248.472
246.672
246.103
245.808
245.526
245.319
245.232
245.236
245.404
246.035
247.722
249.15
249.614
249.88
250.072
250.171
250.187
250.092
249.643
248.274
246.458
245.868
245.642
245.528
245.463
245.445
245.492
245.724
246.352
247.839
249.187
249.609
249.761
249.793
249.787
249.742
249.571
249.084
247.746
246.331
245.951
245.833
245.806
245.811
245.858
246.005
246.347
247.187
248.701
249.306
249.425
249.442
249.43
249.378
249.262
248.997
248.272
246.8
246.231
246.144
246.142
246.178
246.255
246.359
246.541
247.022
248.237
248.915
249.032
249.036
248.994
248.931
248.857
248.729
248.314
247.221
246.7
246.626
246.635
246.669
246.692
246.731
246.87
247.416
248.362
248.633
248.666
248.656
248.632
248.616
248.571
248.347
247.516
246.775
246.636
246.619
246.618
246.618
246.626
246.673
246.865
247.55
248.485
248.719
248.759
248.77
248.788
248.803
248.794
248.695
248.256
247.218
246.774
246.691
246.678
246.666
246.647
246.643
246.69
246.921
247.682
248.403
248.572
248.624
248.631
248.631
248.629
248.597
248.445
247.88
247.116
246.922
246.872
246.847
246.837
246.844
246.888
247.049
247.578
248.231
248.386
248.409
248.414
248.424
248.425
248.39
248.226
247.682
247.175
247.061
247.041
247.045
247.055
247.077
247.148
247.399
247.938
248.151
248.191
248.204
248.209
248.203
248.168
248.044
247.66
247.323
247.258
247.254
247.26
247.267
247.286
247.364
247.641
247.924
247.991
248.011
248.02
248.016
247.992
247.916
247.684
247.472
247.433
247.431
247.43
247.427
247.438
247.515
247.723
247.824
247.853
247.867
247.87
247.859
247.818
247.692
247.555
247.53
247.531
247.53
247.528
247.534
247.594
247.713
247.752
247.769
247.78
247.783
247.769
247.718
247.618
247.578
247.576
247.581
247.585
247.589
247.612
247.664
247.679
247.685
247.697
247.709
247.707
247.674
247.626
247.609
247.603
247.605
247.616
247.631
247.661
247.672
247.664
247.657
247.654
247.659
247.657
247.642
247.636
247.627
247.616
247.613
247.623
247.644
247.657
247.66
247.655
247.642
247.625
247.608
247.611
247.623
247.632
247.631
247.629
247.636
247.637
247.635
247.642
247.65
247.648
247.621
247.588
247.574
247.571
247.578
247.594
247.617
247.65
247.658
247.647
247.638
247.635
247.636
247.63
247.601
247.588
247.576
247.562
247.558
247.57
247.61
247.662
247.671
247.664
247.648
247.635
247.624
247.605
247.577
247.575
247.573
247.566
247.554
247.554
247.577
247.616
247.634
247.635
247.627
247.606
247.585
247.559
247.546
247.554
247.564
247.56
247.549
247.545
247.545
247.55
247.566
247.578
247.58
247.565
247.533
247.507
247.484
247.48
247.492
247.508
247.522
247.524
247.507
247.491
247.483
247.494
247.507
247.489
247.453
247.431
247.408
247.393
247.399
247.416
247.449
247.463
247.454
247.445
247.436
247.424
247.418
247.414
247.412
247.42
247.43
247.442
247.455
247.471
247.519
247.556
247.593
247.628
247.687
247.79
247.981
248.344
249.036
250.296
252.575
256.717
264.213
277.622
300.903
337.322
374.92
394.574
404.235
408.984
412.169
414.542
415.308
415.441
413.778
411.68
411.115
410.563
409.964
409.912
410.405
409.621
407.755
405.772
403.324
401.502
400.124
398.894
398.072
398.176
399.761
399.779
398.803
397.547
395.491
393.539
392.831
392.451
392.339
393.092
394.013
394.055
393.933
393.295
391.808
391.576
392.02
393.013
394.285
396.471
398.867
400.048
400.923
401.39
400.849
400.167
400.492
401.143
402.086
403.632
404.118
404.119
403.841
402.588
400.183
399.01
398.151
397.463
397.522
398.395
398.16
397.297
396.356
394.928
393.697
393.385
393.323
393.588
395.172
396.631
397.282
397.94
398.226
397.552
397.254
397.928
398.803
399.84
401.263
401.878
402.031
401.979
401.045
399.589
398.994
398.436
398.056
398.423
399.147
398.798
398.001
397.153
395.777
394.667
394.441
394.434
394.796
396.228
397.252
397.841
398.384
398.453
397.756
397.81
398.382
398.998
399.946
401.151
401.391
401.342
400.998
399.789
398.19
397.462
396.892
396.595
397.01
397.548
397.378
397.016
396.512
395.545
395.246
395.372
395.814
396.708
398.28
399.205
399.687
399.972
399.745
398.769
398.608
398.645
398.737
399.191
399.734
399.63
399.097
398.402
397.321
396.288
395.926
395.762
395.846
396.753
397.358
397.558
397.761
397.766
397.176
397.059
397.434
397.909
398.544
399.52
399.854
399.878
399.77
399.13
398.045
397.584
397.258
397.075
397.349
397.813
397.757
397.565
397.282
396.59
396.249
396.308
396.585
397.101
398.125
398.861
399.115
399.239
399.148
398.445
398.113
398.021
397.937
398.014
398.444
398.458
398.207
397.884
397.347
396.691
396.554
396.556
396.691
397.305
398.064
398.328
398.493
398.548
398.224
397.859
397.846
397.882
397.986
398.333
398.427
398.315
398.085
397.689
397.032
396.796
396.752
396.773
397.076
397.835
398.132
398.257
398.338
398.262
397.885
397.809
397.828
397.879
398.077
398.326
398.317
398.196
398
397.602
397.239
397.174
397.174
397.257
397.546
397.716
397.804
397.844
397.719
397.493
397.477
397.494
397.542
397.831
398.385
398.474
398.419
398.306
398.126
397.72
397.526
397.517
397.564
397.665
397.79
397.866
397.894
397.778
397.476
397.411
397.388
397.373
397.462
397.913
398.096
398.076
398.006
397.911
397.696
397.546
397.545
397.603
397.716
397.9
398.002
398.044
398.046
397.89
397.673
397.617
397.579
397.562
397.672
397.882
397.893
397.849
397.79
397.669
397.549
397.545
397.588
397.68
397.869
398.018
398.063
398.08
398.044
397.832
397.704
397.66
397.622
397.616
397.683
397.69
397.651
397.602
397.512
397.45
397.454
397.492
397.583
397.821
398.051
398.111
398.131
398.13
398.031
397.82
397.755
397.724
397.699
397.703
397.703
397.674
397.636
397.564
397.496
397.493
397.513
397.57
397.729
397.941
397.996
398.009
398.009
397.952
397.797
397.737
397.711
397.693
397.703
397.729
397.725
397.712
397.686
397.621
397.607
397.628
397.67
397.742
397.89
397.954
397.962
397.957
397.92
397.798
397.714
397.682
397.661
397.66
397.694
397.702
397.701
397.698
397.665
397.643
397.659
397.693
397.741
397.841
397.919
397.93
397.928
397.908
397.826
397.735
397.703
397.683
397.676
397.699
397.715
397.713
397.707
397.686
397.658
397.661
397.681
397.712
397.777
397.853
397.87
397.872
397.865
397.818
397.746
397.724
397.713
397.708
397.729
397.756
397.758
397.756
397.749
397.717
397.702
397.708
397.721
397.741
397.767
397.772
397.769
397.755
397.71
397.67
397.659
397.654
397.661
397.721
397.806
397.832
397.845
397.854
397.848
397.798
397.774
397.77
397.767
397.762
397.755
397.737
397.715
397.682
397.649
397.643
397.645
397.659
397.711
397.818
397.862
397.875
397.882
397.881
397.85
397.779
397.756
397.745
397.732
397.718
397.704
397.689
397.664
397.641
397.639
397.646
397.664
397.703
397.799
397.862
397.876
397.878
397.877
397.861
397.793
397.733
397.713
397.698
397.687
397.68
397.672
397.657
397.639
397.64
397.653
397.672
397.701
397.775
397.863
397.881
397.882
397.879
397.866
397.828
397.747
397.712
397.699
397.691
397.687
397.683
397.667
397.647
397.647
397.656
397.669
397.685
397.724
397.848
397.92
397.93
397.929
397.921
397.909
397.9
397.887
397.847
397.701
397.602
397.587
397.586
397.594
397.603
397.608
397.612
397.618
397.652
397.753
397.791
397.791
397.78
397.77
397.762
397.757
397.758
397.764
397.779
397.814
397.895
397.94
397.951
397.956
397.957
397.954
397.93
397.824
397.605
397.537
397.521
397.515
397.511
397.51
397.511
397.521
397.558
397.684
397.808
397.834
397.841
397.843
397.843
397.839
397.816
397.788
397.779
397.774
397.771
397.769
397.769
397.769
397.761
397.741
397.738
397.739
397.74
397.742
397.748
397.755
397.75
397.738
397.73
397.722
397.719
397.721
397.728
397.742
397.761
397.774
397.783
397.787
397.778
397.764
397.761
397.759
397.755
397.755
397.765
397.762
397.748
397.737
397.726
397.714
397.711
397.713
397.72
397.731
397.742
397.751
397.755
397.75
397.738
397.738
397.739
397.741
397.751
397.779
397.786
397.784
397.779
397.773
397.761
397.748
397.746
397.748
397.752
397.755
397.756
397.753
397.74
397.72
397.71
397.702
397.699
397.705
397.736
397.756
397.766
397.778
397.786
397.785
397.763
397.754
397.753
397.751
397.746
397.738
397.724
397.709
397.691
397.68
397.678
397.679
397.69
397.726
397.756
397.769
397.779
397.783
397.778
397.766
397.763
397.759
397.753
397.754
397.768
397.766
397.758
397.753
397.748
397.734
397.726
397.729
397.74
397.753
397.762
397.766
397.764
397.751
397.739
397.728
397.715
397.71
397.729
397.772
397.778
397.779
397.782
397.788
397.787
397.763
397.744
397.746
397.753
397.755
397.753
397.736
397.715
397.704
397.691
397.683
397.682
397.706
397.786
397.819
397.827
397.836
397.847
397.855
397.856
397.832
397.738
397.686
397.674
397.666
397.654
397.642
397.635
397.633
397.636
397.658
397.742
397.822
397.846
397.861
397.872
397.878
397.88
397.874
397.846
397.755
397.685
397.663
397.648
397.639
397.635
397.634
397.637
397.65
397.681
397.762
397.828
397.849
397.858
397.862
397.862
397.859
397.849
397.823
397.76
397.697
397.676
397.666
397.663
397.663
397.665
397.672
397.686
397.705
397.736
397.795
397.832
397.839
397.84
397.837
397.827
397.798
397.74
397.706
397.691
397.682
397.682
397.684
397.687
397.692
397.699
397.707
397.725
397.743
397.766
397.804
397.828
397.831
397.83
397.823
397.801
397.755
397.73
397.719
397.713
397.713
397.727
397.738
397.745
397.754
397.757
397.752
397.757
397.764
397.768
397.774
397.776
397.765
397.739
397.708
397.672
397.646
397.634
397.63
397.636
397.675
397.706
397.725
397.75
397.775
397.781
397.777
397.793
397.815
397.833
397.85
397.857
397.857
397.852
397.826
397.795
397.771
397.743
397.723
397.727
397.748
397.739
397.718
397.701
397.679
397.643
397.633
397.636
397.651
397.678
397.714
397.748
397.778
397.791
397.789
397.799
397.815
397.828
397.854
397.888
397.892
397.882
397.856
397.815
397.744
397.686
397.658
397.638
397.629
397.641
397.651
397.649
397.649
397.648
397.651
397.674
397.708
397.751
397.815
397.858
397.879
397.89
397.889
397.846
397.809
397.798
397.787
397.776
397.779
397.785
397.765
397.734
397.705
397.666
397.639
397.633
397.633
397.649
397.69
397.716
397.739
397.756
397.753
397.746
397.759
397.775
397.792
397.832
397.861
397.861
397.844
397.817
397.769
397.699
397.668
397.656
397.651
397.66
397.681
397.691
397.702
397.708
397.705
397.718
397.739
397.759
397.799
397.836
397.84
397.833
397.815
397.776
397.724
397.706
397.698
397.698
397.719
397.763
397.781
397.794
397.803
397.795
397.759
397.751
397.751
397.75
397.753
397.759
397.752
397.737
397.72
397.699
397.692
397.693
397.7
397.729
397.768
397.778
397.78
397.778
397.757
397.72
397.714
397.716
397.725
397.75
397.793
397.816
397.825
397.826
397.813
397.778
397.751
397.718
397.685
397.676
397.679
397.67
397.665
397.665
397.664
397.666
397.696
397.746
397.794
397.853
397.902
397.913
397.912
397.903
397.864
397.766
397.697
397.659
397.63
397.62
397.616
397.615
397.617
397.623
397.643
397.681
397.731
397.821
397.918
397.942
397.945
397.94
397.916
397.841
397.75
397.711
397.687
397.675
397.683
397.712
397.728
397.752
397.779
397.784
397.724
397.691
397.699
397.705
397.7
397.689
397.689
397.701
397.684
397.645
397.624
397.627
397.704
397.777
397.8
397.828
397.866
397.893
397.881
397.806
397.798
397.82
397.838
397.848
397.849
397.835
397.795
397.74
397.666
397.613
397.58
397.564
397.578
397.702
397.805
397.835
397.864
397.898
397.915
397.891
397.703
397.558
397.539
397.532
397.519
397.496
397.484
397.502
397.669
397.874
397.907
397.914
397.924
397.948
397.968
397.954
397.845
397.807
397.816
397.824
397.821
397.818
397.823
397.799
397.737
397.677
397.606
397.517
397.488
397.487
397.499
397.543
397.657
397.761
397.823
397.87
397.882
397.87
397.868
397.865
397.854
397.855
397.913
397.942
397.91
397.849
397.804
397.754
397.639
397.488
397.467
397.479
397.516
397.576
397.643
397.702
397.772
397.907
398.052
398.076
398.072
398.045
397.985
397.902
397.755
397.58
397.506
397.47
397.451
397.451
397.513
397.594
397.629
397.67
397.708
397.712
397.706
397.752
397.811
397.867
397.956
398.117
398.168
398.17
398.154
398.112
398.011
397.739
397.45
397.353
397.295
397.251
397.228
397.232
397.333
397.652
397.803
397.863
397.903
397.928
397.94
397.938
397.829
397.771
397.878
398.242
399.028
399.901
400.577
400.989
401.17
401.217
401.224
401.167
400.943
400.798
400.747
400.729
400.736
400.813
401.037
401.141
401.17
401.197
401.235
401.255
401.207
400.934
400.807
400.819
400.872
400.918
400.967
401.059
401.32
401.464
401.479
401.465
401.422
401.355
401.231
400.991
400.852
400.793
400.753
400.732
400.746
400.915
401.181
401.253
401.29
401.335
401.378
401.39
401.295
400.945
400.831
400.836
400.861
400.88
400.899
400.967
401.213
401.373
401.384
401.339
401.266
401.206
401.136
400.995
400.784
400.738
400.74
400.771
400.831
400.941
401.195
401.452
401.529
401.555
401.561
401.553
401.497
401.286
400.871
400.709
400.648
400.612
400.595
400.602
400.697
401.045
401.281
401.356
401.407
401.449
401.466
401.435
401.231
401.072
401.023
400.98
400.936
400.922
400.996
401.099
401.107
401.106
401.112
401.107
401.022
400.979
401.006
401.054
401.095
401.159
401.221
401.22
401.174
401.095
400.994
400.884
400.842
400.833
400.846
400.939
401.061
401.141
401.223
401.275
401.259
401.239
401.269
401.298
401.325
401.383
401.405
401.368
401.269
401.158
401.001
400.857
400.791
400.753
400.748
400.818
400.869
400.882
400.901
400.903
400.858
400.865
400.941
401.033
401.142
401.29
401.375
401.409
401.425
401.395
401.283
401.243
401.22
401.194
401.194
401.312
401.403
401.375
401.299
401.223
401.123
400.875
400.49
400.387
400.372
400.373
400.387
400.432
400.572
401.028
401.433
401.541
401.595
401.641
401.682
401.708
401.705
401.59
401.123
400.838
400.793
400.777
400.756
400.724
400.702
400.718
400.923
401.27
401.327
401.304
401.262
401.231
401.199
401.122
400.902
400.81
400.821
400.897
400.995
401.103
401.276
401.431
401.475
401.482
401.472
401.394
401.185
401.051
400.963
400.876
400.826
400.854
400.933
400.922
400.887
400.856
400.805
400.762
400.77
400.828
400.919
401.047
401.192
401.282
401.351
401.381
401.329
401.263
401.269
401.287
401.306
401.362
401.393
401.361
401.268
401.16
401.019
400.886
400.812
400.765
400.76
400.84
400.873
400.876
400.879
400.862
400.767
400.746
400.808
400.918
401.034
401.206
401.388
401.459
401.485
401.486
401.417
401.325
401.267
401.2
401.159
401.203
401.273
401.225
401.135
401.055
400.943
400.645
400.408
400.383
400.409
400.494
400.615
400.824
401.275
401.59
401.685
401.725
401.739
401.722
401.581
401.178
400.958
400.851
400.751
400.682
400.676
400.837
400.986
401.015
401.043
401.085
401.102
401.019
400.97
401.037
401.132
401.211
401.322
401.532
401.597
401.577
401.481
401.336
401.107
400.668
400.364
400.265
400.229
400.222
400.255
400.468
401.018
401.297
401.421
401.533
401.629
401.672
401.588
401.238
401.141
401.147
401.164
401.179
401.221
401.411
401.543
401.525
401.416
401.262
)
;

boundaryField
{
    sides
    {
        type            zeroGradient;
    }
    empty
    {
        type            empty;
    }
}


// ************************************************************************* //
