/*--------------------------------*- C++ -*----------------------------------*\
  =========                 |
  \\      /  F ield         | OpenFOAM: The Open Source CFD Toolbox
   \\    /   O peration     | Website:  https://openfoam.org
    \\  /    A nd           | Version:  9
     \\/     M anipulation  |
\*---------------------------------------------------------------------------*/
FoamFile
{
    format      ascii;
    class       volScalarField;
    location    "0.026";
    object      p_0;
}
// * * * * * * * * * * * * * * * * * * * * * * * * * * * * * * * * * * * * * //

dimensions      [1 -1 -2 0 0 0 0];

internalField   nonuniform List<scalar> 
10000
(
24835.8
24835.6
24835.4
24835.2
24835
24834.8
24834.6
24834.5
24834.3
24834.1
24833.9
24833.7
24833.5
24833.3
24833.1
24832.9
24832.7
24832.6
24832.4
24832.2
24832
24831.8
24831.6
24831.4
24831.2
24831
24830.8
24830.6
24830.4
24830.3
24830.1
24829.9
24829.7
24829.5
24829.3
24829.1
24828.9
24828.7
24828.5
24828.3
24828.1
24827.9
24827.8
24827.6
24827.4
24827.2
24827
24826.8
24826.6
24826.4
24826.2
24826
24825.8
24825.6
24825.4
24825.2
24825
24824.9
24824.7
24824.5
24824.3
24824.1
24823.9
24823.7
24823.5
24823.3
24823.1
24822.9
24822.7
24822.5
24822.3
24822.1
24821.9
24821.7
24821.5
24821.3
24821.1
24820.9
24820.8
24820.6
24820.4
24820.2
24820
24819.8
24819.6
24819.4
24819.2
24819
24818.8
24818.6
24818.4
24818.2
24818
24817.8
24817.6
24817.4
24817.2
24817
24816.8
24816.6
24816.4
24816.2
24816
24815.8
24815.6
24815.4
24815.2
24815
24814.8
24814.6
24814.4
24814.2
24814
24813.8
24813.6
24813.4
24813.2
24813
24812.8
24812.6
24812.4
24812.2
24812
24811.8
24811.6
24811.4
24811.2
24811
24810.8
24810.6
24810.4
24810.2
24810
24809.8
24809.6
24809.4
24809.2
24809
24808.8
24808.6
24808.4
24808.2
24808
24807.8
24807.6
24807.4
24807.2
24807
24806.8
24806.6
24806.4
24806.2
24806
24805.8
24805.6
24805.4
24805.2
24805
24804.8
24804.6
24804.4
24804.2
24804
24803.8
24803.6
24803.4
24803.1
24802.9
24802.7
24802.5
24802.3
24802.1
24801.9
24801.7
24801.5
24801.3
24801.1
24800.9
24800.7
24800.5
24800.3
24800.1
24799.9
24799.7
24799.5
24799.3
24799
24798.8
24798.6
24798.4
24798.2
24798
24797.8
24797.6
24797.4
24797.2
24797
24796.8
24796.6
24796.4
24796.2
24795.9
24795.7
24795.5
24795.3
24795.1
24794.9
24794.7
24794.5
24794.3
24794.1
24793.9
24793.7
24793.5
24793.2
24793
24792.8
24792.6
24792.4
24792.2
24792
24791.8
24791.6
24791.4
24791.2
24790.9
24790.7
24790.5
24790.3
24790.1
24789.9
24789.7
24789.5
24789.3
24789.1
24788.8
24788.6
24788.4
24788.2
24788
24787.8
24787.6
24787.4
24787.2
24787
24786.7
24786.5
24786.3
24786.1
24785.9
24785.7
24785.5
24785.3
24785
24784.8
24784.6
24784.4
24784.2
24784
24783.8
24783.6
24783.4
24783.1
24782.9
24782.7
24782.5
24782.3
24782.1
24781.9
24781.6
24781.4
24781.2
24781
24780.8
24780.6
24780.4
24780.2
24779.9
24779.7
24779.5
24779.3
24779.1
24778.9
24778.6
24778.4
24778.2
24778
24777.8
24777.6
24777.4
24777.1
24776.9
24776.7
24776.5
24776.3
24776.1
24775.9
24775.6
24775.4
24775.2
24775
24774.8
24774.6
24774.3
24774.1
24773.9
24773.7
24773.5
24773.3
24773
24772.8
24772.6
24772.4
24772.2
24771.9
24771.7
24771.5
24771.3
24771.1
24770.9
24770.6
24770.4
24770.2
24770
24769.8
24769.6
24769.3
24769.1
24768.9
24768.7
24768.5
24768.2
24768
24767.8
24767.6
24767.4
24767.1
24766.9
24766.7
24766.5
24766.3
24766
24765.8
24765.6
24765.4
24765.2
24764.9
24764.7
24764.5
24764.3
24764.1
24763.8
24763.6
24763.4
24763.2
24763
24762.7
24762.5
24762.3
24762.1
24761.8
24761.6
24761.4
24761.2
24761
24760.7
24760.5
24760.3
24760.1
24759.8
24759.6
24759.4
24759.2
24759
24758.7
24758.5
24758.3
24758.1
24757.8
24757.6
24757.4
24757.2
24756.9
24756.7
24756.5
24756.3
24756
24755.8
24755.6
24755.4
24755.2
24754.9
24754.7
24754.5
24754.3
24754
24753.8
24753.6
24753.4
24753.1
24752.9
24752.7
24752.5
24752.2
24752
24751.8
24751.5
24751.3
24751.1
24750.9
24750.6
24750.4
24750.2
24750
24749.7
24749.5
24749.3
24749.1
24748.8
24748.6
24748.4
24748.1
24747.9
24747.7
24747.5
24747.2
24747
24746.8
24746.6
24746.3
24746.1
24745.9
24745.6
24745.4
24745.2
24745
24744.7
24744.5
24744.3
24744
24743.8
24743.6
24743.4
24743.1
24742.9
24742.7
24742.4
24742.2
24742
24741.7
24741.5
24741.3
24741.1
24740.8
24740.6
24740.4
24740.1
24739.9
24739.7
24739.4
24739.2
24739
24738.7
24738.5
24738.3
24738.1
24737.8
24737.6
24737.4
24737.1
24736.9
24736.7
24736.4
24736.2
24736
24735.7
24735.5
24735.3
24735
24734.8
24734.6
24734.3
24734.1
24733.9
24733.6
24733.4
24733.2
24732.9
24732.7
24732.5
24732.2
24732
24731.8
24731.5
24731.3
24731.1
24730.8
24730.6
24730.4
24730.1
24729.9
24729.7
24729.4
24729.2
24729
24728.7
24728.5
24728.3
24728
24727.8
24727.5
24727.3
24727.1
24726.8
24726.6
24726.4
24726.1
24725.9
24725.7
24725.4
24725.2
24724.9
24724.7
24724.5
24724.2
24724
24723.8
24723.5
24723.3
24723.1
24722.8
24722.6
24722.3
24722.1
24721.9
24721.6
24721.4
24721.2
24720.9
24720.7
24720.4
24720.2
24720
24719.7
24719.5
24719.2
24719
24718.8
24718.5
24718.3
24718
24717.8
24717.6
24717.3
24717.1
24716.8
24716.6
24716.4
24716.1
24715.9
24715.6
24715.4
24715.2
24714.9
24714.7
24714.4
24714.2
24714
24713.7
24713.5
24713.2
24713
24712.8
24712.5
24712.3
24712
24711.8
24711.6
24711.3
24711.1
24710.8
24710.6
24710.3
24710.1
24709.9
24709.6
24709.4
24709.1
24708.9
24708.6
24708.4
24708.2
24707.9
24707.7
24707.4
24707.2
24706.9
24706.7
24706.5
24706.2
24706
24705.7
24705.5
24705.2
24705
24704.7
24704.5
24704.3
24704
24703.8
24703.5
24703.3
24703
24702.8
24702.5
24702.3
24702
24701.8
24701.6
24701.3
24701.1
24700.8
24700.6
24700.3
24700.1
24699.8
24699.6
24699.3
24699.1
24698.8
24698.6
24698.4
24698.1
24697.9
24697.6
24697.4
24697.1
24696.9
24696.6
24696.4
24696.1
24695.9
24695.6
24695.4
24695.1
24694.9
24694.6
24694.4
24694.1
24693.9
24693.6
24693.4
24693.1
24692.9
24692.7
24692.4
24692.2
24691.9
24691.7
24691.4
24691.2
24690.9
24690.7
24690.4
24690.2
24689.9
24689.7
24689.4
24689.2
24688.9
24688.7
24688.4
24688.2
24687.9
24687.7
24687.4
24687.2
24686.9
24686.6
24686.4
24686.1
24685.9
24685.6
24685.4
24685.1
24684.9
24684.6
24684.4
24684.1
24683.9
24683.6
24683.4
24683.1
24682.9
24682.6
24682.4
24682.1
24681.9
24681.6
24681.3
24681.1
24680.8
24680.6
24680.3
24680.1
24679.8
24679.6
24679.3
24679.1
24678.8
24678.6
24678.3
24678
24677.8
24677.5
24677.3
24677
24676.8
24676.5
24676.3
24676
24675.8
24675.5
24675.2
24675
24674.7
24674.5
24674.2
24674
24673.7
24673.5
24673.2
24672.9
24672.7
24672.4
24672.2
24671.9
24671.7
24671.4
24671.1
24670.9
24670.6
24670.4
24670.1
24669.9
24669.6
24669.3
24669.1
24668.8
24668.6
24668.3
24668.1
24667.8
24667.5
24667.3
24667
24666.8
24666.5
24666.2
24666
24665.7
24665.5
24665.2
24664.9
24664.7
24664.4
24664.2
24663.9
24663.7
24663.4
24663.1
24662.9
24662.6
24662.4
24662.1
24661.8
24661.6
24661.3
24661
24660.8
24660.5
24660.3
24660
24659.7
24659.5
24659.2
24659
24658.7
24658.4
24658.2
24657.9
24657.7
24657.4
24657.1
24656.9
24656.6
24656.3
24656.1
24655.8
24655.6
24655.3
24655
24654.8
24654.5
24654.2
24654
24653.7
24653.4
24653.2
24652.9
24652.7
24652.4
24652.1
24651.9
24651.6
24651.3
24651.1
24650.8
24650.5
24650.3
24650
24649.8
24649.5
24649.2
24649
24648.7
24648.4
24648.2
24647.9
24647.6
24647.4
24647.1
24646.8
24646.6
24646.3
24646
24645.8
24645.5
24645.2
24645
24644.7
24644.4
24644.2
24643.9
24643.6
24643.4
24643.1
24642.8
24642.6
24642.3
24642
24641.8
24641.5
24641.2
24641
24640.7
24640.4
24640.2
24639.9
24639.6
24639.4
24639.1
24638.8
24638.5
24638.3
24638
24637.7
24637.5
24637.2
24636.9
24636.7
24636.4
24636.1
24635.9
24635.6
24635.3
24635
24634.8
24634.5
24634.2
24634
24633.7
24633.4
24633.2
24632.9
24632.6
24632.3
24632.1
24631.8
24631.5
24631.3
24631
24630.7
24630.4
24630.2
24629.9
24629.6
24629.4
24629.1
24628.8
24628.5
24628.3
24628
24627.7
24627.4
24627.2
24626.9
24626.6
24626.4
24626.1
24625.8
24625.5
24625.3
24625
24624.7
24624.4
24624.2
24623.9
24623.6
24623.3
24623.1
24622.8
24622.5
24622.3
24622
24621.7
24621.4
24621.2
24620.9
24620.6
24620.3
24620.1
24619.8
24619.5
24619.2
24619
24618.7
24618.4
24618.1
24617.9
24617.6
24617.3
24617
24616.7
24616.5
24616.2
24615.9
24615.6
24615.4
24615.1
24614.8
24614.5
24614.3
24614
24613.7
24613.4
24613.1
24612.9
24612.6
24612.3
24612
24611.8
24611.5
24611.2
24610.9
24610.6
24610.4
24610.1
24609.8
24609.5
24609.3
24609
24608.7
24608.4
24608.1
24607.9
24607.6
24607.3
24607
24606.7
24606.5
24606.2
24605.9
24605.6
24605.3
24605.1
24604.8
24604.5
24604.2
24603.9
24603.7
24603.4
24603.1
24602.8
24602.5
24602.2
24602
24601.7
24601.4
24601.1
24600.8
24600.6
24600.3
24600
24599.7
24599.4
24599.1
24598.9
24598.6
24598.3
24598
24597.7
24597.5
24597.2
24596.9
24596.6
24596.3
24596
24595.8
24595.5
24595.2
24594.9
24594.6
24594.3
24594.1
24593.8
24593.5
24593.2
24592.9
24592.6
24592.3
24592.1
24591.8
24591.5
24591.2
24590.9
24590.6
24590.4
24590.1
24589.8
24589.5
24589.2
24588.9
24588.6
24588.4
24588.1
24587.8
24587.5
24587.2
24586.9
24586.6
24586.3
24586.1
24585.8
24585.5
24585.2
24584.9
24584.6
24584.3
24584.1
24583.8
24583.5
24583.2
24582.9
24582.6
24582.3
24582
24581.8
24581.5
24581.2
24580.9
24580.6
24580.3
24580
24579.7
24579.4
24579.2
24578.9
24578.6
24578.3
24578
24577.7
24577.4
24577.1
24576.8
24576.5
24576.3
24576
24575.7
24575.4
24575.1
24574.8
24574.5
24574.2
24573.9
24573.6
24573.4
24573.1
24572.8
24572.5
24572.2
24571.9
24571.6
24571.3
24571
24570.7
24570.4
24570.1
24569.9
24569.6
24569.3
24569
24568.7
24568.4
24568.1
24567.8
24567.5
24567.2
24566.9
24566.6
24566.3
24566.1
24565.8
24565.5
24565.2
24564.9
24564.6
24564.3
24564
24563.7
24563.4
24563.1
24562.8
24562.5
24562.2
24561.9
24561.6
24561.3
24561.1
24560.8
24560.5
24560.2
24559.9
24559.6
24559.3
24559
24558.7
24558.4
24558.1
24557.8
24557.5
24557.2
24556.9
24556.6
24556.3
24556
24555.7
24555.4
24555.1
24554.8
24554.5
24554.2
24553.9
24553.6
24553.4
24553.1
24552.8
24552.5
24552.2
24551.9
24551.6
24551.3
24551
24550.7
24550.4
24550.1
24549.8
24549.5
24549.2
24548.9
24548.6
24548.3
24548
24547.7
24547.4
24547.1
24546.8
24546.5
24546.2
24545.9
24545.6
24545.3
24545
24544.7
24544.4
24544.1
24543.8
24543.5
24543.2
24542.9
24542.6
24542.3
24542
24541.7
24541.4
24541.1
24540.8
24540.5
24540.2
24539.9
24539.6
24539.3
24539
24538.7
24538.4
24538.1
24537.8
24537.5
24537.2
24536.9
24536.5
24536.2
24535.9
24535.6
24535.3
24535
24534.7
24534.4
24534.1
24533.8
24533.5
24533.2
24532.9
24532.6
24532.3
24532
24531.7
24531.4
24531.1
24530.8
24530.5
24530.2
24529.9
24529.6
24529.3
24528.9
24528.6
24528.3
24528
24527.7
24527.4
24527.1
24526.8
24526.5
24526.2
24525.9
24525.6
24525.3
24525
24524.7
24524.4
24524.1
24523.7
24523.4
24523.1
24522.8
24522.5
24522.2
24521.9
24521.6
24521.3
24521
24520.7
24520.4
24520.1
24519.8
24519.4
24519.1
24518.8
24518.5
24518.2
24517.9
24517.6
24517.3
24517
24516.7
24516.4
24516
24515.7
24515.4
24515.1
24514.8
24514.5
24514.2
24513.9
24513.6
24513.3
24512.9
24512.6
24512.3
24512
24511.7
24511.4
24511.1
24510.8
24510.5
24510.2
24509.8
24509.5
24509.2
24508.9
24508.6
24508.3
24508
24507.7
24507.4
24507
24506.7
24506.4
24506.1
24505.8
24505.5
24505.2
24504.9
24504.5
24504.2
24503.9
24503.6
24503.3
24503
24502.7
24502.3
24502
24501.7
24501.4
24501.1
24500.8
24500.5
24500.2
24499.8
24499.5
24499.2
24498.9
24498.6
24498.3
24498
24497.6
24497.3
24497
24496.7
24496.4
24496.1
24495.7
24495.4
24495.1
24494.8
24494.5
24494.2
24493.8
24493.5
24493.2
24492.9
24492.6
24492.3
24492
24491.6
24491.3
24491
24490.7
24490.4
24490
24489.7
24489.4
24489.1
24488.8
24488.5
24488.1
24487.8
24487.5
24487.2
24486.9
24486.6
24486.2
24485.9
24485.6
24485.3
24485
24484.6
24484.3
24484
24483.7
24483.4
24483
24482.7
24482.4
24482.1
24481.8
24481.4
24481.1
24480.8
24480.5
24480.2
24479.8
24479.5
24479.2
24478.9
24478.6
24478.2
24477.9
24477.6
24477.3
24477
24476.6
24476.3
24476
24475.7
24475.4
24475
24474.7
24474.4
24474.1
24473.7
24473.4
24473.1
24472.8
24472.5
24472.1
24471.8
24471.5
24471.2
24470.8
24470.5
24470.2
24469.9
24469.5
24469.2
24468.9
24468.6
24468.3
24467.9
24467.6
24467.3
24467
24466.6
24466.3
24466
24465.7
24465.3
24465
24464.7
24464.4
24464
24463.7
24463.4
24463.1
24462.7
24462.4
24462.1
24461.8
24461.4
24461.1
24460.8
24460.5
24460.1
24459.8
24459.5
24459.1
24458.8
24458.5
24458.2
24457.8
24457.5
24457.2
24456.9
24456.5
24456.2
24455.9
24455.6
24455.2
24454.9
24454.6
24454.2
24453.9
24453.6
24453.3
24452.9
24452.6
24452.3
24451.9
24451.6
24451.3
24451
24450.6
24450.3
24450
24449.6
24449.3
24449
24448.6
24448.3
24448
24447.7
24447.3
24447
24446.7
24446.3
24446
24445.7
24445.3
24445
24444.7
24444.4
24444
24443.7
24443.4
24443
24442.7
24442.4
24442
24441.7
24441.4
24441
24440.7
24440.4
24440
24439.7
24439.4
24439
24438.7
24438.4
24438.1
24437.7
24437.4
24437.1
24436.7
24436.4
24436.1
24435.7
24435.4
24435.1
24434.7
24434.4
24434
24433.7
24433.4
24433
24432.7
24432.4
24432
24431.7
24431.4
24431
24430.7
24430.4
24430
24429.7
24429.4
24429
24428.7
24428.4
24428
24427.7
24427.4
24427
24426.7
24426.3
24426
24425.7
24425.3
24425
24424.7
24424.3
24424
24423.6
24423.3
24423
24422.6
24422.3
24422
24421.6
24421.3
24420.9
24420.6
24420.3
24419.9
24419.6
24419.3
24418.9
24418.6
24418.2
24417.9
24417.6
24417.2
24416.9
24416.6
24416.2
24415.9
24415.5
24415.2
24414.9
24414.5
24414.2
24413.8
24413.5
24413.2
24412.8
24412.5
24412.1
24411.8
24411.5
24411.1
24410.8
24410.4
24410.1
24409.7
24409.4
24409.1
24408.7
24408.4
24408
24407.7
24407.4
24407
24406.7
24406.3
24406
24405.6
24405.3
24405
24404.6
24404.3
24403.9
24403.6
24403.3
24402.9
24402.6
24402.2
24401.9
24401.5
24401.2
24400.8
24400.5
24400.2
24399.8
24399.5
24399.1
24398.8
24398.4
24398.1
24397.8
24397.4
24397.1
24396.7
24396.4
24396
24395.7
24395.3
24395
24394.6
24394.3
24394
24393.6
24393.3
24392.9
24392.6
24392.2
24391.9
24391.5
24391.2
24390.8
24390.5
24390.2
24389.8
24389.5
24389.1
24388.8
24388.4
24388.1
24387.7
24387.4
24387
24386.7
24386.3
24386
24385.6
24385.3
24384.9
24384.6
24384.2
24383.9
24383.5
24383.2
24382.8
24382.5
24382.2
24381.8
24381.5
24381.1
24380.8
24380.4
24380.1
24379.7
24379.4
24379
24378.7
24378.3
24378
24377.6
24377.3
24376.9
24376.6
24376.2
24375.9
24375.5
24375.2
24374.8
24374.5
24374.1
24373.7
24373.4
24373
24372.7
24372.3
24372
24371.6
24371.3
24370.9
24370.6
24370.2
24369.9
24369.5
24369.2
24368.8
24368.5
24368.1
24367.8
24367.4
24367.1
24366.7
24366.4
24366
24365.6
24365.3
24364.9
24364.6
24364.2
24363.9
24363.5
24363.2
24362.8
24362.5
24362.1
24361.7
24361.4
24361
24360.7
24360.3
24360
24359.6
24359.3
24358.9
24358.6
24358.2
24357.8
24357.5
24357.1
24356.8
24356.4
24356.1
24355.7
24355.3
24355
24354.6
24354.3
24353.9
24353.6
24353.2
24352.9
24352.5
24352.1
24351.8
24351.4
24351.1
24350.7
24350.3
24350
24349.6
24349.3
24348.9
24348.6
24348.2
24347.8
24347.5
24347.1
24346.8
24346.4
24346
24345.7
24345.3
24345
24344.6
24344.3
24343.9
24343.5
24343.2
24342.8
24342.5
24342.1
24341.7
24341.4
24341
24340.7
24340.3
24339.9
24339.6
24339.2
24338.8
24338.5
24338.1
24337.8
24337.4
24337
24336.7
24336.3
24336
24335.6
24335.2
24334.9
24334.5
24334.1
24333.8
24333.4
24333.1
24332.7
24332.3
24332
24331.6
24331.2
24330.9
24330.5
24330.2
24329.8
24329.4
24329.1
24328.7
24328.3
24328
24327.6
24327.2
24326.9
24326.5
24326.2
24325.8
24325.4
24325.1
24324.7
24324.3
24324
24323.6
24323.2
24322.9
24322.5
24322.1
24321.8
24321.4
24321
24320.7
24320.3
24319.9
24319.6
24319.2
24318.8
24318.5
24318.1
24317.7
24317.4
24317
24316.6
24316.3
24315.9
24315.5
24315.2
24314.8
24314.4
24314.1
24313.7
24313.3
24313
24312.6
24312.2
24311.9
24311.5
24311.1
24310.8
24310.4
24310
24309.7
24309.3
24308.9
24308.5
24308.2
24307.8
24307.4
24307.1
24306.7
24306.3
24306
24305.6
24305.2
24304.8
24304.5
24304.1
24303.7
24303.4
24303
24302.6
24302.3
24301.9
24301.5
24301.1
24300.8
24300.4
24300
24299.7
24299.3
24298.9
24298.5
24298.2
24297.8
24297.4
24297.1
24296.7
24296.3
24295.9
24295.6
24295.2
24294.8
24294.4
24294.1
24293.7
24293.3
24292.9
24292.6
24292.2
24291.8
24291.5
24291.1
24290.7
24290.3
24290
24289.6
24289.2
24288.8
24288.5
24288.1
24287.7
24287.3
24287
24286.6
24286.2
24285.8
24285.5
24285.1
24284.7
24284.3
24284
24283.6
24283.2
24282.8
24282.5
24282.1
24281.7
24281.3
24280.9
24280.6
24280.2
24279.8
24279.4
24279.1
24278.7
24278.3
24277.9
24277.6
24277.2
24276.8
24276.4
24276
24275.7
24275.3
24274.9
24274.5
24274.2
24273.8
24273.4
24273
24272.6
24272.3
24271.9
24271.5
24271.1
24270.7
24270.4
24270
24269.6
24269.2
24268.8
24268.5
24268.1
24267.7
24267.3
24266.9
24266.6
24266.2
24265.8
24265.4
24265
24264.7
24264.3
24263.9
24263.5
24263.1
24262.8
24262.4
24262
24261.6
24261.2
24260.8
24260.5
24260.1
24259.7
24259.3
24258.9
24258.6
24258.2
24257.8
24257.4
24257
24256.6
24256.3
24255.9
24255.5
24255.1
24254.7
24254.3
24254
24253.6
24253.2
24252.8
24252.4
24252
24251.7
24251.3
24250.9
24250.5
24250.1
24249.7
24249.3
24249
24248.6
24248.2
24247.8
24247.4
24247
24246.6
24246.3
24245.9
24245.5
24245.1
24244.7
24244.3
24243.9
24243.6
24243.2
24242.8
24242.4
24242
24241.6
24241.2
24240.9
24240.5
24240.1
24239.7
24239.3
24238.9
24238.5
24238.1
24237.8
24237.4
24237
24236.6
24236.2
24235.8
24235.4
24235
24234.6
24234.3
24233.9
24233.5
24233.1
24232.7
24232.3
24231.9
24231.5
24231.1
24230.8
24230.4
24230
24229.6
24229.2
24228.8
24228.4
24228
24227.6
24227.2
24226.9
24226.5
24226.1
24225.7
24225.3
24224.9
24224.5
24224.1
24223.7
24223.3
24222.9
24222.5
24222.2
24221.8
24221.4
24221
24220.6
24220.2
24219.8
24219.4
24219
24218.6
24218.2
24217.8
24217.4
24217.1
24216.7
24216.3
24215.9
24215.5
24215.1
24214.7
24214.3
24213.9
24213.5
24213.1
24212.7
24212.3
24211.9
24211.5
24211.1
24210.7
24210.4
24210
24209.6
24209.2
24208.8
24208.4
24208
24207.6
24207.2
24206.8
24206.4
24206
24205.6
24205.2
24204.8
24204.4
24204
24203.6
24203.2
24202.8
24202.4
24202
24201.6
24201.2
24200.8
24200.4
24200.1
24199.7
24199.3
24198.9
24198.5
24198.1
24197.7
24197.3
24196.9
24196.5
24196.1
24195.7
24195.3
24194.9
24194.5
24194.1
24193.7
24193.3
24192.9
24192.5
24192.1
24191.7
24191.3
24190.9
24190.5
24190.1
24189.7
24189.3
24188.9
24188.5
24188.1
24187.7
24187.3
24186.9
24186.5
24186.1
24185.7
24185.3
24184.9
24184.5
24184.1
24183.7
24183.3
24182.9
24182.5
24182.1
24181.7
24181.3
24180.9
24180.5
24180.1
24179.6
24179.2
24178.8
24178.4
24178
24177.6
24177.2
24176.8
24176.4
24176
24175.6
24175.2
24174.8
24174.4
24174
24173.6
24173.2
24172.8
24172.4
24172
24171.6
24171.2
24170.8
24170.4
24170
24169.6
24169.1
24168.7
24168.3
24167.9
24167.5
24167.1
24166.7
24166.3
24165.9
24165.5
24165.1
24164.7
24164.3
24163.9
24163.5
24163.1
24162.6
24162.2
24161.8
24161.4
24161
24160.6
24160.2
24159.8
24159.4
24159
24158.6
24158.2
24157.8
24157.4
24156.9
24156.5
24156.1
24155.7
24155.3
24154.9
24154.5
24154.1
24153.7
24153.3
24152.9
24152.4
24152
24151.6
24151.2
24150.8
24150.4
24150
24149.6
24149.2
24148.8
24148.3
24147.9
24147.5
24147.1
24146.7
24146.3
24145.9
24145.5
24145.1
24144.7
24144.2
24143.8
24143.4
24143
24142.6
24142.2
24141.8
24141.4
24140.9
24140.5
24140.1
24139.7
24139.3
24138.9
24138.5
24138.1
24137.6
24137.2
24136.8
24136.4
24136
24135.6
24135.2
24134.8
24134.3
24133.9
24133.5
24133.1
24132.7
24132.3
24131.9
24131.4
24131
24130.6
24130.2
24129.8
24129.4
24129
24128.5
24128.1
24127.7
24127.3
24126.9
24126.5
24126
24125.6
24125.2
24124.8
24124.4
24124
24123.5
24123.1
24122.7
24122.3
24121.9
24121.5
24121
24120.6
24120.2
24119.8
24119.4
24119
24118.5
24118.1
24117.7
24117.3
24116.9
24116.5
24116
24115.6
24115.2
24114.8
24114.4
24113.9
24113.5
24113.1
24112.7
24112.3
24111.9
24111.4
24111
24110.6
24110.2
24109.8
24109.3
24108.9
24108.5
24108.1
24107.7
24107.2
24106.8
24106.4
24106
24105.6
24105.1
24104.7
24104.3
24103.9
24103.4
24103
24102.6
24102.2
24101.8
24101.3
24100.9
24100.5
24100.1
24099.7
24099.2
24098.8
24098.4
24098
24097.5
24097.1
24096.7
24096.3
24095.9
24095.4
24095
24094.6
24094.2
24093.7
24093.3
24092.9
24092.5
24092
24091.6
24091.2
24090.8
24090.3
24089.9
24089.5
24089.1
24088.6
24088.2
24087.8
24087.4
24086.9
24086.5
24086.1
24085.7
24085.2
24084.8
24084.4
24084
24083.5
24083.1
24082.7
24082.3
24081.8
24081.4
24081
24080.6
24080.1
24079.7
24079.3
24078.9
24078.4
24078
24077.6
24077.1
24076.7
24076.3
24075.9
24075.4
24075
24074.6
24074.2
24073.7
24073.3
24072.9
24072.4
24072
24071.6
24071.2
24070.7
24070.3
24069.9
24069.4
24069
24068.6
24068.2
24067.7
24067.3
24066.9
24066.4
24066
24065.6
24065.1
24064.7
24064.3
24063.9
24063.4
24063
24062.6
24062.1
24061.7
24061.3
24060.8
24060.4
24060
24059.5
24059.1
24058.7
24058.2
24057.8
24057.4
24057
24056.5
24056.1
24055.7
24055.2
24054.8
24054.4
24053.9
24053.5
24053.1
24052.6
24052.2
24051.8
24051.3
24050.9
24050.5
24050
24049.6
24049.2
24048.7
24048.3
24047.9
24047.4
24047
24046.6
24046.1
24045.7
24045.3
24044.8
24044.4
24043.9
24043.5
24043.1
24042.6
24042.2
24041.8
24041.3
24040.9
24040.5
24040
24039.6
24039.2
24038.7
24038.3
24037.9
24037.4
24037
24036.5
24036.1
24035.7
24035.2
24034.8
24034.4
24033.9
24033.5
24033
24032.6
24032.2
24031.7
24031.3
24030.9
24030.4
24030
24029.5
24029.1
24028.7
24028.2
24027.8
24027.3
24026.9
24026.5
24026
24025.6
24025.2
24024.7
24024.3
24023.8
24023.4
24023
24022.5
24022.1
24021.6
24021.2
24020.8
24020.3
24019.9
24019.4
24019
24018.6
24018.1
24017.7
24017.2
24016.8
24016.4
24015.9
24015.5
24015
24014.6
24014.1
24013.7
24013.3
24012.8
24012.4
24011.9
24011.5
24011
24010.6
24010.2
24009.7
24009.3
24008.8
24008.4
24008
24007.5
24007.1
24006.6
24006.2
24005.7
24005.3
24004.8
24004.4
24004
24003.5
24003.1
24002.6
24002.2
24001.7
24001.3
24000.8
24000.4
24000
23999.5
23999.1
23998.6
23998.2
23997.7
23997.3
23996.8
23996.4
23996
23995.5
23995.1
23994.6
23994.2
23993.7
23993.3
23992.8
23992.4
23991.9
23991.5
23991
23990.6
23990.1
23989.7
23989.3
23988.8
23988.4
23987.9
23987.5
23987
23986.6
23986.1
23985.7
23985.2
23984.8
23984.3
23983.9
23983.4
23983
23982.5
23982.1
23981.6
23981.2
23980.7
23980.3
23979.8
23979.4
23978.9
23978.5
23978
23977.6
23977.1
23976.7
23976.2
23975.8
23975.3
23974.9
23974.4
23974
23973.5
23973.1
23972.6
23972.2
23971.7
23971.3
23970.8
23970.4
23969.9
23969.5
23969
23968.6
23968.1
23967.7
23967.2
23966.8
23966.3
23965.9
23965.4
23965
23964.5
23964.1
23963.6
23963.2
23962.7
23962.2
23961.8
23961.3
23960.9
23960.4
23960
23959.5
23959.1
23958.6
23958.2
23957.7
23957.3
23956.8
23956.4
23955.9
23955.4
23955
23954.5
23954.1
23953.6
23953.2
23952.7
23952.3
23951.8
23951.3
23950.9
23950.4
23950
23949.5
23949.1
23948.6
23948.2
23947.7
23947.2
23946.8
23946.3
23945.9
23945.4
23945
23944.5
23944.1
23943.6
23943.1
23942.7
23942.2
23941.8
23941.3
23940.9
23940.4
23939.9
23939.5
23939
23938.6
23938.1
23937.6
23937.2
23936.7
23936.3
23935.8
23935.4
23934.9
23934.4
23934
23933.5
23933.1
23932.6
23932.1
23931.7
23931.2
23930.8
23930.3
23929.8
23929.4
23928.9
23928.5
23928
23927.5
23927.1
23926.6
23926.2
23925.7
23925.2
23924.8
23924.3
23923.9
23923.4
23922.9
23922.5
23922
23921.5
23921.1
23920.6
23920.2
23919.7
23919.2
23918.8
23918.3
23917.9
23917.4
23916.9
23916.5
23916
23915.5
23915.1
23914.6
23914.1
23913.7
23913.2
23912.8
23912.3
23911.8
23911.4
23910.9
23910.4
23910
23909.5
23909
23908.6
23908.1
23907.7
23907.2
23906.7
23906.3
23905.8
23905.3
23904.9
23904.4
23903.9
23903.5
23903
23902.5
23902.1
23901.6
23901.1
23900.7
23900.2
23899.7
23899.3
23898.8
23898.3
23897.9
23897.4
23896.9
23896.5
23896
23895.5
23895.1
23894.6
23894.1
23893.7
23893.2
23892.7
23892.3
23891.8
23891.3
23890.9
23890.4
23889.9
23889.5
23889
23888.5
23888.1
23887.6
23887.1
23886.7
23886.2
23885.7
23885.3
23884.8
23884.3
23883.8
23883.4
23882.9
23882.4
23882
23881.5
23881
23880.6
23880.1
23879.6
23879.1
23878.7
23878.2
23877.7
23877.3
23876.8
23876.3
23875.9
23875.4
23874.9
23874.4
23874
23873.5
23873
23872.6
23872.1
23871.6
23871.1
23870.7
23870.2
23869.7
23869.3
23868.8
23868.3
23867.8
23867.4
23866.9
23866.4
23865.9
23865.5
23865
23864.5
23864.1
23863.6
23863.1
23862.6
23862.2
23861.7
23861.2
23860.7
23860.3
23859.8
23859.3
23858.8
23858.4
23857.9
23857.4
23856.9
23856.5
23856
23855.5
23855
23854.6
23854.1
23853.6
23853.1
23852.7
23852.2
23851.7
23851.2
23850.8
23850.3
23849.8
23849.3
23848.9
23848.4
23847.9
23847.4
23847
23846.5
23846
23845.5
23845.1
23844.6
23844.1
23843.6
23843.1
23842.7
23842.2
23841.7
23841.2
23840.8
23840.3
23839.8
23839.3
23838.8
23838.4
23837.9
23837.4
23836.9
23836.5
23836
23835.5
23835
23834.5
23834.1
23833.6
23833.1
23832.6
23832.1
23831.7
23831.2
23830.7
23830.2
23829.7
23829.3
23828.8
23828.3
23827.8
23827.3
23826.9
23826.4
23825.9
23825.4
23824.9
23824.5
23824
23823.5
23823
23822.5
23822.1
23821.6
23821.1
23820.6
23820.1
23819.6
23819.2
23818.7
23818.2
23817.7
23817.2
23816.8
23816.3
23815.8
23815.3
23814.8
23814.3
23813.9
23813.4
23812.9
23812.4
23811.9
23811.4
23811
23810.5
23810
23809.5
23809
23808.5
23808.1
23807.6
23807.1
23806.6
23806.1
23805.6
23805.2
23804.7
23804.2
23803.7
23803.2
23802.7
23802.2
23801.8
23801.3
23800.8
23800.3
23799.8
23799.3
23798.9
23798.4
23797.9
23797.4
23796.9
23796.4
23795.9
23795.5
23795
23794.5
23794
23793.5
23793
23792.5
23792
23791.6
23791.1
23790.6
23790.1
23789.6
23789.1
23788.6
23788.2
23787.7
23787.2
23786.7
23786.2
23785.7
23785.2
23784.7
23784.2
23783.8
23783.3
23782.8
23782.3
23781.8
23781.3
23780.8
23780.3
23779.9
23779.4
23778.9
23778.4
23777.9
23777.4
23776.9
23776.4
23775.9
23775.5
23775
23774.5
23774
23773.5
23773
23772.5
23772
23771.5
23771
23770.5
23770.1
23769.6
23769.1
23768.6
23768.1
23767.6
23767.1
23766.6
23766.1
23765.6
23765.1
23764.7
23764.2
23763.7
23763.2
23762.7
23762.2
23761.7
23761.2
23760.7
23760.2
23759.7
23759.2
23758.8
23758.3
23757.8
23757.3
23756.8
23756.3
23755.8
23755.3
23754.8
23754.3
23753.8
23753.3
23752.8
23752.3
23751.9
23751.4
23750.9
23750.4
23749.9
23749.4
23748.9
23748.4
23747.9
23747.4
23746.9
23746.4
23745.9
23745.4
23744.9
23744.4
23743.9
23743.4
23743
23742.5
23742
23741.5
23741
23740.5
23740
23739.5
23739
23738.5
23738
23737.5
23737
23736.5
23736
23735.5
23735
23734.5
23734
23733.5
23733
23732.5
23732
23731.5
23731
23730.5
23730.1
23729.6
23729.1
23728.6
23728.1
23727.6
23727.1
23726.6
23726.1
23725.6
23725.1
23724.6
23724.1
23723.6
23723.1
23722.6
23722.1
23721.6
23721.1
23720.6
23720.1
23719.6
23719.1
23718.6
23718.1
23717.6
23717.1
23716.6
23716.1
23715.6
23715.1
23714.6
23714.1
23713.6
23713.1
23712.6
23712.1
23711.6
23711.1
23710.6
23710.1
23709.6
23709.1
23708.6
23708.1
23707.6
23707.1
23706.6
23706.1
23705.6
23705.1
23704.6
23704.1
23703.6
23703.1
23702.6
23702.1
23701.6
23701.1
23700.6
23700.1
23699.6
23699.1
23698.6
23698.1
23697.6
23697.1
23696.6
23696.1
23695.6
23695.1
23694.6
23694.1
23693.6
23693
23692.5
23692
23691.5
23691
23690.5
23690
23689.5
23689
23688.5
23688
23687.5
23687
23686.5
23686
23685.5
23685
23684.5
23684
23683.5
23683
23682.5
23682
23681.5
23681
23680.5
23680
23679.4
23678.9
23678.4
23677.9
23677.4
23676.9
23676.4
23675.9
23675.4
23674.9
23674.4
23673.9
23673.4
23672.9
23672.4
23671.9
23671.4
23670.9
23670.3
23669.8
23669.3
23668.8
23668.3
23667.8
23667.3
23666.8
23666.3
23665.8
23665.3
23664.8
23664.3
23663.8
23663.3
23662.8
23662.2
23661.7
23661.2
23660.7
23660.2
23659.7
23659.2
23658.7
23658.2
23657.7
23657.2
23656.7
23656.2
23655.6
23655.1
23654.6
23654.1
23653.6
23653.1
23652.6
23652.1
23651.6
23651.1
23650.6
23650.1
23649.5
23649
23648.5
23648
23647.5
23647
23646.5
23646
23645.5
23645
23644.5
23644
23643.4
23642.9
23642.4
23641.9
23641.4
23640.9
23640.4
23639.9
23639.4
23638.9
23638.3
23637.8
23637.3
23636.8
23636.3
23635.8
23635.3
23634.8
23634.3
23633.8
23633.2
23632.7
23632.2
23631.7
23631.2
23630.7
23630.2
23629.7
23629.2
23628.6
23628.1
23627.6
23627.1
23626.6
23626.1
23625.6
23625.1
23624.6
23624
23623.5
23623
23622.5
23622
23621.5
23621
23620.5
23619.9
23619.4
23618.9
23618.4
23617.9
23617.4
23616.9
23616.4
23615.9
23615.3
23614.8
23614.3
23613.8
23613.3
23612.8
23612.3
23611.8
23611.2
23610.7
23610.2
23609.7
23609.2
23608.7
23608.2
23607.6
23607.1
23606.6
23606.1
23605.6
23605.1
23604.6
23604.1
23603.5
23603
23602.5
23602
23601.5
23601
23600.5
23599.9
23599.4
23598.9
23598.4
23597.9
23597.4
23596.9
23596.3
23595.8
23595.3
23594.8
23594.3
23593.8
23593.3
23592.7
23592.2
23591.7
23591.2
23590.7
23590.2
23589.7
23589.1
23588.6
23588.1
23587.6
23587.1
23586.6
23586.1
23585.5
23585
23584.5
23584
23583.5
23583
23582.4
23581.9
23581.4
23580.9
23580.4
23579.9
23579.4
23578.8
23578.3
23577.8
23577.3
23576.8
23576.3
23575.7
23575.2
23574.7
23574.2
23573.7
23573.2
23572.7
23572.1
23571.6
23571.1
23570.6
23570.1
23569.6
23569
23568.5
23568
23567.5
23567
23566.5
23565.9
23565.4
23564.9
23564.4
23563.9
23563.4
23562.8
23562.3
23561.8
23561.3
23560.8
23560.3
23559.7
23559.2
23558.7
23558.2
23557.7
23557.2
23556.7
23556.1
23555.6
23555.1
23554.6
23554.1
23553.6
23553
23552.5
23552
23551.5
23551
23550.4
23549.9
23549.4
23548.9
23548.4
23547.9
23547.3
23546.8
23546.3
23545.8
23545.3
23544.8
23544.2
23543.7
23543.2
23542.7
23542.2
23541.7
23541.1
23540.6
23540.1
23539.6
23539.1
23538.6
23538
23537.5
23537
23536.5
23536
23535.5
23534.9
23534.4
23533.9
23533.4
23532.9
23532.4
23531.8
23531.3
23530.8
23530.3
23529.8
23529.2
23528.7
23528.2
23527.7
23527.2
23526.7
23526.1
23525.6
23525.1
23524.6
23524.1
23523.6
23523
23522.5
23522
23521.5
23521
23520.5
23519.9
23519.4
23518.9
23518.4
23517.9
23517.4
23516.8
23516.3
23515.8
23515.3
23514.8
23514.3
23513.7
23513.2
23512.7
23512.2
23511.7
23511.2
23510.6
23510.1
23509.6
23509.1
23508.6
23508.1
23507.5
23507
23506.5
23506
23505.5
23505
23504.4
23503.9
23503.4
23502.9
23502.4
23501.9
23501.3
23500.8
23500.3
23499.8
23499.3
23498.8
23498.2
23497.7
23497.2
23496.7
23496.2
23495.7
23495.1
23494.6
23494.1
23493.6
23493.1
23492.6
23492
23491.5
23491
23490.5
23490
23489.5
23489
23488.4
23487.9
23487.4
23486.9
23486.4
23485.9
23485.3
23484.8
23484.3
23483.8
23483.3
23482.8
23482.3
23481.7
23481.2
23480.7
23480.2
23479.7
23479.2
23478.7
23478.1
23477.6
23477.1
23476.6
23476.1
23475.6
23475.1
23474.5
23474
23473.5
23473
23472.5
23472
23471.5
23470.9
23470.4
23469.9
23469.4
23468.9
23468.4
23467.9
23467.4
23466.8
23466.3
23465.8
23465.3
23464.8
23464.3
23463.8
23463.2
23462.7
23462.2
23461.7
23461.2
23460.7
23460.2
23459.7
23459.2
23458.6
23458.1
23457.6
23457.1
23456.6
23456.1
23455.6
23455.1
23454.6
23454
23453.5
23453
23452.5
23452
23451.5
23451
23450.5
23450
23449.5
23448.9
23448.4
23447.9
23447.4
23446.9
23446.4
23445.9
23445.4
23444.9
23444.4
23443.9
23443.3
23442.8
23442.3
23441.8
23441.3
23440.8
23440.3
23439.8
23439.3
23438.8
23438.3
23437.8
23437.3
23436.8
23436.3
23435.7
23435.2
23434.7
23434.2
23433.7
23433.2
23432.7
23432.2
23431.7
23431.2
23430.7
23430.2
23429.7
23429.2
23428.7
23428.2
23427.7
23427.2
23426.7
23426.2
23425.7
23425.2
23424.7
23424.2
23423.7
23423.1
23422.6
23422.1
23421.6
23421.1
23420.6
23420.1
23419.6
23419.1
23418.6
23418.1
23417.6
23417.1
23416.6
23416.1
23415.6
23415.1
23414.7
23414.2
23413.7
23413.2
23412.7
23412.2
23411.7
23411.2
23410.7
23410.2
23409.7
23409.2
23408.7
23408.2
23407.7
23407.2
23406.7
23406.2
23405.7
23405.2
23404.7
23404.2
23403.7
23403.3
23402.8
23402.3
23401.8
23401.3
23400.8
23400.3
23399.8
23399.3
23398.8
23398.3
23397.9
23397.4
23396.9
23396.4
23395.9
23395.4
23394.9
23394.4
23393.9
23393.5
23393
23392.5
23392
23391.5
23391
23390.5
23390.1
23389.6
23389.1
23388.6
23388.1
23387.6
23387.2
23386.7
23386.2
23385.7
23385.2
23384.8
23384.3
23383.8
23383.3
23382.8
23382.4
23381.9
23381.4
23380.9
23380.4
23380
23379.5
23379
23378.5
23378.1
23377.6
23377.1
23376.6
23376.2
23375.7
23375.2
23374.7
23374.3
23373.8
23373.3
23372.9
23372.4
23371.9
23371.5
23371
23370.5
23370
23369.6
23369.1
23368.6
23368.2
23367.7
23367.2
23366.8
23366.3
23365.9
23365.4
23364.9
23364.5
23364
23363.5
23363.1
23362.6
23362.2
23361.7
23361.2
23360.8
23360.3
23359.9
23359.4
23359
23358.5
23358.1
23357.6
23357.1
23356.7
23356.2
23355.8
23355.3
23354.9
23354.4
23354
23353.5
23353.1
23352.7
23352.2
23351.8
23351.3
23350.9
23350.4
23350
23349.5
23349.1
23348.7
23348.2
23347.8
23347.3
23346.9
23346.5
23346
23345.6
23345.2
23344.7
23344.3
23343.9
23343.4
23343
23342.6
23342.1
23341.7
23341.3
23340.8
23340.4
23340
23339.6
23339.1
23338.7
23338.3
23337.9
23337.5
23337
23336.6
23336.2
23335.8
23335.4
23334.9
23334.5
23334.1
23333.7
23333.3
23332.9
23332.5
23332.1
23331.7
23331.2
23330.8
23330.4
23330
23329.6
23329.2
23328.8
23328.4
23328
23327.6
23327.2
23326.8
23326.4
23326
23325.7
23325.3
23324.9
23324.5
23324.1
23323.7
23323.3
23322.9
23322.6
23322.2
23321.8
23321.4
23321
23320.7
23320.3
23319.9
23319.5
23319.2
23318.8
23318.4
23318
23317.7
23317.3
23316.9
23316.6
23316.2
23315.9
23315.5
23315.1
23314.8
23314.4
23314.1
23313.7
23313.4
23313
23312.7
23312.3
23312
23311.6
23311.3
23311
23310.6
23310.3
23310
23309.6
23309.3
23309
23308.6
23308.3
23308
23307.7
23307.3
23307
23306.7
23306.4
23306.1
23305.7
23305.4
23305.1
23304.8
23304.5
23304.2
23303.9
23303.6
23303.3
23303
23302.7
23302.4
23302.1
23301.8
23301.6
23301.3
23301
23300.7
23300.4
23300.2
23299.9
23299.6
23299.3
23299.1
23298.8
23298.5
23298.3
23298
23297.8
23297.5
23297.3
23297
23296.8
23296.5
23296.3
23296
23295.8
23295.6
23295.3
23295.1
23294.9
23294.7
23294.4
23294.2
23294
23293.8
23293.6
23293.4
23293.2
23293
23292.8
23292.6
23292.4
23292.2
23292
23291.8
23291.6
23291.5
23291.3
23291.1
23290.9
23290.8
23290.6
23290.5
23290.3
23290.1
23290
23289.8
23289.7
23289.6
23289.4
23289.3
23289.2
23289
23288.9
23288.8
23288.7
23288.6
23288.5
23288.3
23288.2
23288.1
23288.1
23288
23287.9
23287.8
23287.7
23287.6
23287.6
23287.5
23287.5
23287.4
23287.3
23287.3
23287.2
23287.2
23287.2
23287.1
23287.1
23287.1
23287.1
23287.1
23287.1
23287
23287
23287
23287
23287.1
23287.1
23287.1
23287.1
23287.1
23287.2
23287.2
23287.3
23287.3
23287.4
23287.5
23287.5
23287.6
23287.7
23287.8
23287.9
23288
23288.1
23288.2
23288.3
23288.4
23288.5
23288.7
23288.8
23288.9
23289.1
23289.2
23289.4
23289.6
23289.7
23289.9
23290.1
23290.3
23290.5
23290.7
23290.9
23291.1
23291.4
23291.6
23291.8
23292.1
23292.3
23292.6
23292.8
23293.1
23293.4
23293.7
23294
23294.3
23294.6
23294.9
23295.2
23295.6
23295.9
23296.3
23296.6
23297
23297.3
23297.7
23298.1
23298.5
23298.9
23299.3
23299.7
23300.2
23300.6
23301
23301.5
23302
23302.4
23302.9
23303.4
23303.9
23304.4
23304.9
23305.4
23306
23306.5
23307.1
23307.6
23308.2
23308.8
23309.3
23309.9
23310.6
23311.2
23311.8
23312.4
23313.1
23313.7
23314.4
23315.1
23315.8
23316.5
23317.2
23317.9
23318.6
23319.3
23320.1
23320.9
23321.6
23322.4
23323.2
23324
23324.8
23325.6
23326.5
23327.3
23328.2
23329
23329.9
23330.8
23331.7
23332.6
23333.6
23334.5
23335.4
23336.4
23337.4
23338.3
23339.3
23340.3
23341.4
23342.4
23343.4
23344.5
23345.6
23346.6
23347.7
23348.8
23349.9
23351.1
23352.2
23353.4
23354.5
23355.7
23356.9
23358.1
23359.3
23360.5
23361.8
23363
23364.3
23365.5
23366.8
23368.1
23369.4
23370.8
23372.1
23373.5
23374.8
23376.2
23377.6
23379
23380.4
23381.8
23383.3
23384.7
23386.2
23387.7
23389.2
23390.7
23392.2
23393.7
23395.2
23396.8
23398.4
23399.9
23401.5
23403.1
23404.7
23406.4
23408
23409.7
23411.3
23413
23414.7
23416.4
23418.1
23419.8
23421.6
23423.3
23425.1
23426.9
23428.6
23430.4
23432.3
23434.1
23435.9
23437.8
23439.6
23441.5
23443.4
23445.2
23447.1
23449.1
23451
23452.9
23454.9
23456.8
23458.8
23460.8
23462.8
23464.8
23466.8
23468.8
23470.8
23472.9
23474.9
23477
23479
23481.1
23483.2
23485.3
23487.4
23489.6
23491.7
23493.8
23496
23498.1
23500.3
23502.5
23504.6
23506.8
23509
23511.3
23513.5
23515.7
23517.9
23520.2
23522.4
23524.7
23526.9
23529.2
23531.5
23533.8
23536.1
23538.4
23540.7
23543
23545.3
23547.7
23550
23552.4
23554.7
23557.1
23559.4
23561.8
23564.2
23566.5
23568.9
23571.3
23573.7
23576.1
23578.5
23581
23583.4
23585.8
23588.2
23590.7
23593.1
23595.5
23598
23600.5
23602.9
23605.4
23607.8
23610.3
23612.8
23615.3
23617.7
23620.2
23622.7
23625.2
23627.7
23630.2
23632.7
23635.2
23637.8
23640.3
23642.8
23645.3
23647.8
23650.4
23652.9
23655.4
23658
23660.5
23663
23665.6
23668.1
23670.7
23673.2
23675.8
23678.3
23680.9
23683.5
23686
23688.6
23691.2
23693.7
23696.3
23698.9
23701.4
23704
23706.6
23709.2
23711.8
23714.3
23716.9
23719.5
23722.1
23724.7
23727.3
23729.9
23732.5
23735
23737.6
23740.2
23742.8
23745.4
23748
23750.6
23753.2
23755.8
23758.4
23761
23763.6
23766.3
23768.9
23771.5
23774.1
23776.7
23779.3
23781.9
23784.5
23787.1
23789.8
23792.4
23795
23797.6
23800.2
23802.8
23805.5
23808.1
23810.7
23813.3
23815.9
23818.6
23821.2
23823.8
23826.4
23829
23831.7
23834.3
23836.9
23839.5
23842.2
23844.8
23847.4
23850
23852.7
23855.3
23857.9
23860.6
23863.2
23865.8
23868.4
23871.1
23873.7
23876.3
23879
23881.6
23884.2
23886.9
23889.5
23892.1
23894.8
23897.4
23900
23902.7
23905.3
23907.9
23910.6
23913.2
23915.9
23918.5
23921.1
23923.8
23926.4
23929
23931.7
23934.3
23937
23939.6
23942.2
23944.9
23947.5
23950.2
23952.8
23955.5
23958.1
23960.7
23963.4
23966
23968.7
23971.3
23974
23976.6
23979.2
23981.9
23984.5
23987.2
23989.8
23992.5
23995.1
23997.8
24000.4
24003.1
24005.7
24008.4
24011
24013.7
24016.3
24019
24021.6
24024.3
24026.9
24029.6
24032.2
24034.9
24037.5
24040.2
24042.8
24045.5
24048.1
24050.8
24053.4
24056.1
24058.7
24061.4
24064
24066.7
24069.4
24072
24074.7
24077.3
24080
24082.6
24085.3
24088
24090.6
24093.3
24095.9
24098.6
24101.2
24103.9
24106.6
24109.2
24111.9
24114.5
24117.2
24119.9
24122.5
24125.2
24127.8
24130.5
24133.2
24135.8
24138.5
24141.2
24143.8
24146.5
24149.2
24151.8
24154.5
24157.2
24159.8
24162.5
24165.1
24167.8
24170.5
24173.2
24175.8
24178.5
24181.2
24183.8
24186.5
24189.2
24191.8
24194.5
24197.2
24199.8
24202.5
24205.2
24207.9
24210.5
24213.2
24215.9
24218.5
24221.2
24223.9
24226.6
24229.2
24231.9
24234.6
24237.3
24239.9
24242.6
24245.3
24248
24250.6
24253.3
24256
24258.7
24261.3
24264
24266.7
24269.4
24272.1
24274.7
24277.4
24280.1
24282.8
24285.5
24288.1
24290.8
24293.5
24296.2
24298.9
24301.5
24304.2
24306.9
24309.6
24312.3
24315
24317.6
24320.3
24323
24325.7
24328.4
24331.1
24333.7
24336.4
24339.1
24341.8
24344.5
24347.2
24349.9
24352.6
24355.2
24357.9
24360.6
24363.3
24366
24368.7
24371.4
24374.1
24376.8
24379.5
24382.1
24384.8
24387.5
24390.2
24392.9
24395.6
24398.3
24401
24403.7
24406.4
24409.1
24411.8
24414.5
24417.2
24419.9
24422.6
24425.2
24427.9
24430.6
24433.3
24436
24438.7
24441.4
24444.1
24446.8
24449.5
24452.2
24454.9
24457.6
24460.3
24463
24465.7
24468.4
24471.1
24473.8
24476.5
24479.2
24481.9
24484.6
24487.4
24490.1
24492.8
24495.5
24498.2
24500.9
24503.6
24506.3
24509
24511.7
24514.4
24517.1
24519.8
24522.5
24525.2
24527.9
24530.6
24533.4
24536.1
24538.8
24541.5
24544.2
24546.9
24549.6
24552.3
24555
24557.8
24560.5
24563.2
24565.9
24568.6
24571.3
24574
24576.7
24579.5
24582.2
24584.9
24587.6
24590.3
24593
24595.7
24598.5
24601.2
24603.9
24606.6
24609.3
24612.1
24614.8
24617.5
24620.2
24622.9
24625.6
24628.4
24631.1
24633.8
24636.5
24639.2
24642
24644.7
24647.4
24650.1
24652.9
24655.6
24658.3
24661
24663.8
24666.5
24669.2
24671.9
24674.6
24677.4
24680.1
24682.8
24685.6
24688.3
24691
24693.7
24696.5
24699.2
24701.9
24704.6
24707.4
24710.1
24712.8
24715.6
24718.3
24721
24723.8
24726.5
24729.2
24732
24734.7
24737.4
24740.2
24742.9
24745.6
24748.4
24751.1
24753.8
24756.6
24759.3
24762
24764.8
24767.5
24770.2
24773
24775.7
24778.4
24781.2
24783.9
24786.7
24789.4
24792.1
24794.9
24797.6
24800.4
24803.1
24805.8
24808.6
24811.3
24814.1
24816.8
24819.5
24822.3
24825
24827.8
24830.5
24833.3
24836
24838.7
24841.5
24844.2
24847
24849.7
24852.5
24855.2
24858
24860.7
24863.5
24866.2
24869
24871.7
24874.4
24877.2
24879.9
24882.7
24885.4
24888.2
24890.9
24893.7
24896.4
24899.2
24902
24904.7
24907.5
24910.2
24913
24915.7
24918.5
24921.2
24924
24926.7
24929.5
24932.2
24935
24937.8
24940.5
24943.3
24946
24948.8
24951.5
24954.3
24957
24959.8
24962.6
24965.3
24968.1
24970.8
24973.6
24976.4
24979.1
24981.9
24984.6
24987.4
24990.2
24992.9
24995.7
24998.5
25001.2
25004
25006.7
25009.5
25012.3
25015
25017.8
25020.6
25023.3
25026.1
25028.9
25031.6
25034.4
25037.2
25039.9
25042.7
25045.5
25048.2
25051
25053.8
25056.5
25059.3
25062.1
25064.9
25067.6
25070.4
25073.2
25075.9
25078.7
25081.5
25084.3
25087
25089.8
25092.6
25095.4
25098.1
25100.9
25103.7
25106.5
25109.2
25112
25114.8
25117.6
25120.3
25123.1
25125.9
25128.7
25131.4
25134.2
25137
25139.8
25142.6
25145.3
25148.1
25150.9
25153.7
25156.5
25159.2
25162
25164.8
25167.6
25170.4
25173.1
25175.9
25178.7
25181.5
25184.3
25187.1
25189.9
25192.6
25195.4
25198.2
25201
25203.8
25206.6
25209.4
25212.1
25214.9
25217.7
25220.5
25223.3
25226.1
25228.9
25231.7
25234.4
25237.2
25240
25242.8
25245.6
25248.4
25251.2
25254
25256.8
25259.6
25262.4
25265.2
25268
25270.7
25273.5
25276.3
25279.1
25281.9
25284.7
25287.5
25290.3
25293.1
25295.9
25298.7
25301.5
25304.3
25307.1
25309.9
25312.7
25315.5
25318.3
25321.1
25323.9
25326.7
25329.5
25332.3
25335.1
25337.9
25340.7
25343.5
25346.3
25349.1
25351.9
25354.7
25357.5
25360.3
25363.1
25365.9
25368.7
25371.5
25374.3
25377.1
25380
25382.8
25385.6
25388.4
25391.2
25394
25396.8
25399.6
25402.4
25405.2
25408
25410.8
25413.7
25416.5
25419.3
25422.1
25424.9
25427.7
25430.5
25433.3
25436.1
25439
25441.8
25444.6
25447.4
25450.2
25453
25455.8
25458.7
25461.5
25464.3
25467.1
25469.9
25472.7
25475.6
25478.4
25481.2
25484
25486.8
25489.6
25492.5
25495.3
25498.1
25500.9
25503.7
25506.6
25509.4
25512.2
25515
25517.8
25520.7
25523.5
25526.3
25529.1
25532
25534.8
25537.6
25540.4
25543.3
25546.1
25548.9
25551.7
25554.6
25557.4
25560.2
25563
25565.9
25568.7
25571.5
25574.4
25577.2
25580
25582.8
25585.7
25588.5
25591.3
25594.2
25597
25599.8
25602.7
25605.5
25608.3
25611.2
25614
25616.8
25619.7
25622.5
25625.3
25628.2
25631
25633.8
25636.7
25639.5
25642.3
25645.2
25648
25650.8
25653.7
25656.5
25659.4
25662.2
25665
25667.9
25670.7
25673.6
25676.4
25679.2
25682.1
25684.9
25687.8
25690.6
25693.4
25696.3
25699.1
25702
25704.8
25707.7
25710.5
25713.3
25716.2
25719
25721.9
25724.7
25727.6
25730.4
25733.3
25736.1
25739
25741.8
25744.7
25747.5
25750.3
25753.2
25756
25758.9
25761.7
25764.6
25767.4
25770.3
25773.1
25776
25778.9
25781.7
25784.6
25787.4
25790.3
25793.1
25796
25798.8
25801.7
25804.5
25807.4
25810.2
25813.1
25816
25818.8
25821.7
25824.5
25827.4
25830.2
25833.1
25836
25838.8
25841.7
25844.5
25847.4
25850.3
25853.1
25856
25858.8
25861.7
25864.6
25867.4
25870.3
25873.2
25876
25878.9
25881.7
25884.6
25887.5
25890.3
25893.2
25896.1
25898.9
25901.8
25904.7
25907.5
25910.4
25913.3
25916.1
25919
25921.9
25924.7
25927.6
25930.5
25933.3
25936.2
25939.1
25942
25944.8
25947.7
25950.6
25953.4
25956.3
25959.2
25962.1
25964.9
25967.8
25970.7
25973.6
25976.4
25979.3
25982.2
25985.1
25987.9
25990.8
25993.7
25996.6
25999.4
26002.3
26005.2
26008.1
26011
26013.8
26016.7
26019.6
26022.5
26025.4
26028.2
26031.1
26034
26036.9
26039.8
26042.6
26045.5
26048.4
26051.3
26054.2
26057.1
26059.9
26062.8
26065.7
26068.6
26071.5
26074.4
26077.3
26080.1
26083
26085.9
26088.8
26091.7
26094.6
26097.5
26100.4
26103.2
26106.1
26109
26111.9
26114.8
26117.7
26120.6
26123.5
26126.4
26129.3
26132.2
26135
26137.9
26140.8
26143.7
26146.6
26149.5
26152.4
26155.3
26158.2
26161.1
26164
26166.9
26169.8
26172.7
26175.6
26178.5
26181.4
26184.3
26187.2
26190.1
26193
26195.9
26198.8
26201.7
26204.6
26207.5
26210.4
26213.3
26216.2
26219.1
26222
26224.9
26227.8
26230.7
26233.6
26236.5
26239.4
26242.3
26245.2
26248.1
26251
26253.9
26256.8
26259.8
26262.7
26265.6
26268.5
26271.4
26274.3
26277.2
26280.1
26283
26285.9
26288.8
26291.8
26294.7
26297.6
26300.5
26303.4
26306.3
26309.2
26312.1
26315.1
26318
26320.9
26323.8
26326.7
26329.6
26332.5
26335.5
26338.4
26341.3
26344.2
26347.1
26350
26353
26355.9
26358.8
26361.7
26364.6
26367.5
26370.5
26373.4
26376.3
26379.2
26382.1
26385.1
26388
26390.9
26393.8
26396.8
26399.7
26402.6
26405.5
26408.5
26411.4
26414.3
26417.2
26420.2
26423.1
26426
26428.9
26431.9
26434.8
26437.7
26440.6
26443.6
26446.5
26449.4
26452.3
26455.3
26458.2
26461.1
26464.1
26467
26469.9
26472.9
26475.8
26478.7
26481.7
26484.6
26487.5
26490.5
26493.4
26496.3
26499.3
26502.2
26505.1
26508.1
26511
26513.9
26516.9
26519.8
26522.7
26525.7
26528.6
26531.6
26534.5
26537.4
26540.4
26543.3
26546.2
26549.2
26552.1
26555.1
26558
26560.9
26563.9
26566.8
26569.8
26572.7
26575.7
26578.6
26581.5
26584.5
26587.4
26590.4
26593.3
26596.3
26599.2
26602.2
26605.1
26608
26611
26613.9
26616.9
26619.8
26622.8
26625.7
26628.7
26631.6
26634.6
26637.5
26640.5
26643.4
26646.4
26649.3
26652.3
26655.2
26658.2
26661.1
26664.1
26667
26670
26672.9
26675.9
26678.9
26681.8
26684.8
26687.7
26690.7
26693.6
26696.6
26699.5
26702.5
26705.5
26708.4
26711.4
26714.3
26717.3
26720.3
26723.2
26726.2
26729.1
26732.1
26735.1
26738
26741
26743.9
26746.9
26749.9
26752.8
26755.8
26758.7
26761.7
26764.7
26767.6
26770.6
26773.6
26776.5
26779.5
26782.5
26785.4
26788.4
26791.4
26794.3
26797.3
26800.3
26803.2
26806.2
26809.2
26812.1
26815.1
26818.1
26821.1
26824
26827
26830
26832.9
26835.9
26838.9
26841.9
26844.8
26847.8
26850.8
26853.7
26856.7
26859.7
26862.7
26865.6
26868.6
26871.6
26874.6
26877.5
26880.5
26883.5
26886.5
26889.5
26892.4
26895.4
26898.4
26901.4
26904.4
26907.3
26910.3
26913.3
26916.3
26919.3
26922.2
26925.2
26928.2
26931.2
26934.2
26937.1
26940.1
26943.1
26946.1
26949.1
26952.1
26955.1
26958
26961
26964
26967
26970
26973
26976
26978.9
26981.9
26984.9
26987.9
26990.9
26993.9
26996.9
26999.9
27002.9
27005.9
27008.8
27011.8
27014.8
27017.8
27020.8
27023.8
27026.8
27029.8
27032.8
27035.8
27038.8
27041.8
27044.8
27047.8
27050.8
27053.8
27056.8
27059.8
27062.7
27065.7
27068.7
27071.7
27074.7
27077.7
27080.7
27083.7
27086.7
27089.7
27092.7
27095.7
27098.7
27101.7
27104.7
27107.8
27110.8
27113.8
27116.8
27119.8
27122.8
27125.8
27128.8
27131.8
27134.8
27137.8
27140.8
27143.8
27146.8
27149.8
27152.8
27155.8
27158.8
27161.9
27164.9
27167.9
27170.9
27173.9
27176.9
27179.9
27182.9
27185.9
27188.9
27192
27195
27198
27201
27204
27207
27210
27213.1
27216.1
27219.1
27222.1
27225.1
27228.1
27231.1
27234.2
27237.2
27240.2
27243.2
27246.2
27249.2
27252.3
27255.3
27258.3
27261.3
27264.3
27267.4
27270.4
27273.4
27276.4
27279.5
27282.5
27285.5
27288.5
27291.5
27294.6
27297.6
27300.6
27303.6
27306.7
27309.7
27312.7
27315.7
27318.8
27321.8
27324.8
27327.8
27330.9
27333.9
27336.9
27340
27343
27346
27349
27352.1
27355.1
27358.1
27361.2
27364.2
27367.2
27370.3
27373.3
27376.3
27379.4
27382.4
27385.4
27388.5
27391.5
27394.5
27397.6
27400.6
27403.6
27406.7
27409.7
27412.7
27415.8
27418.8
27421.9
27424.9
27427.9
27431
27434
27437
27440.1
27443.1
27446.2
27449.2
27452.2
27455.3
27458.3
27461.4
27464.4
27467.5
27470.5
27473.5
27476.6
27479.6
27482.7
27485.7
27488.8
27491.8
27494.9
27497.9
27500.9
27504
27507
27510.1
27513.1
27516.2
27519.2
27522.3
27525.3
27528.4
27531.4
27534.5
27537.5
27540.6
27543.6
27546.7
27549.7
27552.8
27555.8
27558.9
27561.9
27565
27568.1
27571.1
27574.2
27577.2
27580.3
27583.3
27586.4
27589.4
27592.5
27595.6
27598.6
27601.7
27604.7
27607.8
27610.8
27613.9
27617
27620
27623.1
27626.1
27629.2
27632.3
27635.3
27638.4
27641.4
27644.5
27647.6
27650.6
27653.7
27656.8
27659.8
27662.9
27665.9
27669
27672.1
27675.1
27678.2
27681.3
27684.3
27687.4
27690.5
27693.5
27696.6
27699.7
27702.7
27705.8
27708.9
27712
27715
27718.1
27721.2
27724.2
27727.3
27730.4
27733.5
27736.5
27739.6
27742.7
27745.7
27748.8
27751.9
27755
27758
27761.1
27764.2
27767.3
27770.3
27773.4
27776.5
27779.6
27782.6
27785.7
27788.8
27791.9
27795
27798
27801.1
27804.2
27807.3
27810.4
27813.4
27816.5
27819.6
27822.7
27825.8
27828.8
27831.9
27835
27838.1
27841.2
27844.3
27847.3
27850.4
27853.5
27856.6
27859.7
27862.8
27865.9
27868.9
27872
27875.1
27878.2
27881.3
27884.4
27887.5
27890.6
27893.6
27896.7
27899.8
27902.9
27906
27909.1
27912.2
27915.3
27918.4
27921.5
27924.6
27927.7
27930.7
27933.8
27936.9
27940
27943.1
27946.2
27949.3
27952.4
27955.5
27958.6
27961.7
27964.8
27967.9
27971
27974.1
27977.2
27980.3
27983.4
27986.5
27989.6
27992.7
27995.8
27998.9
28002
28005.1
28008.2
28011.3
28014.4
28017.5
28020.6
28023.7
28026.8
28029.9
28033
28036.1
28039.2
28042.3
28045.4
28048.5
28051.6
28054.7
28057.9
28061
28064.1
28067.2
28070.3
28073.4
28076.5
28079.6
28082.7
28085.8
28088.9
28092.1
28095.2
28098.3
28101.4
28104.5
28107.6
28110.7
28113.8
28116.9
28120.1
28123.2
28126.3
28129.4
28132.5
28135.6
28138.7
28141.9
28145
28148.1
28151.2
28154.3
28157.4
28160.6
28163.7
28166.8
28169.9
28173
28176.2
28179.3
28182.4
28185.5
28188.6
28191.8
28194.9
28198
28201.1
28204.2
28207.4
28210.5
28213.6
28216.7
28219.9
28223
28226.1
28229.2
28232.4
28235.5
28238.6
28241.7
28244.9
28248
28251.1
28254.2
28257.4
28260.5
28263.6
28266.8
28269.9
28273
28276.1
28279.3
28282.4
28285.5
28288.7
28291.8
28294.9
28298.1
28301.2
28304.3
28307.5
28310.6
28313.7
28316.9
28320
28323.1
28326.3
28329.4
28332.5
28335.7
28338.8
28342
28345.1
28348.2
28351.4
28354.5
28357.6
28360.8
28363.9
28367.1
28370.2
28373.3
28376.5
28379.6
28382.8
28385.9
28389
28392.2
28395.3
28398.5
28401.6
28404.8
28407.9
28411
28414.2
28417.3
28420.5
28423.6
28426.8
28429.9
28433.1
28436.2
28439.3
28442.5
28445.6
28448.8
28451.9
28455.1
28458.2
28461.4
28464.5
28467.7
28470.8
28474
28477.1
28480.3
28483.4
28486.6
28489.7
28492.9
28496
28499.2
28502.3
28505.5
28508.7
28511.8
28515
28518.1
28521.3
28524.4
28527.6
28530.7
28533.9
28537.1
28540.2
28543.4
28546.5
28549.7
28552.8
28556
28559.2
28562.3
28565.5
28568.6
28571.8
28575
28578.1
28581.3
28584.4
28587.6
28590.8
28593.9
28597.1
28600.2
28603.4
28606.6
28609.7
28612.9
28616.1
28619.2
28622.4
28625.6
28628.7
28631.9
28635.1
28638.2
28641.4
28644.6
28647.7
28650.9
28654.1
28657.2
28660.4
28663.6
28666.7
28669.9
28673.1
28676.2
28679.4
28682.6
28685.8
28688.9
28692.1
28695.3
28698.4
28701.6
28704.8
28708
28711.1
28714.3
28717.5
28720.7
28723.8
28727
28730.2
28733.4
28736.5
28739.7
28742.9
28746.1
28749.2
28752.4
28755.6
28758.8
28762
28765.1
28768.3
28771.5
28774.7
28777.9
28781
28784.2
28787.4
28790.6
28793.8
28796.9
28800.1
28803.3
28806.5
28809.7
28812.9
28816
28819.2
28822.4
28825.6
28828.8
28832
28835.1
28838.3
28841.5
28844.7
28847.9
28851.1
28854.3
28857.4
28860.6
28863.8
28867
28870.2
28873.4
28876.6
28879.8
28883
28886.1
28889.3
28892.5
28895.7
28898.9
28902.1
28905.3
28908.5
28911.7
28914.9
28918.1
28921.3
28924.4
28927.6
28930.8
28934
28937.2
28940.4
28943.6
28946.8
28950
28953.2
28956.4
28959.6
28962.8
28966
28969.2
28972.4
28975.6
28978.8
28982
28985.2
28988.4
28991.6
28994.8
28998
29001.2
29004.4
29007.6
29010.8
29014
29017.2
29020.4
29023.6
29026.8
29030
29033.2
29036.4
29039.6
29042.8
29046
29049.2
29052.4
29055.6
29058.8
29062
29065.2
29068.4
29071.6
29074.8
29078.1
29081.3
29084.5
29087.7
29090.9
29094.1
29097.3
29100.5
29103.7
29106.9
29110.1
29113.3
29116.6
29119.8
29123
29126.2
29129.4
29132.6
29135.8
29139
29142.2
29145.4
29148.7
29151.9
29155.1
29158.3
29161.5
29164.7
29167.9
29171.2
29174.4
29177.6
29180.8
29184
29187.2
29190.4
29193.7
29196.9
29200.1
29203.3
29206.5
29209.7
29213
29216.2
29219.4
29222.6
29225.8
29229
29232.3
29235.5
29238.7
29241.9
29245.1
29248.4
29251.6
29254.8
29258
29261.2
29264.5
29267.7
29270.9
29274.1
29277.4
29280.6
29283.8
29287
29290.2
29293.5
29296.7
29299.9
29303.1
29306.4
29309.6
29312.8
29316
29319.3
29322.5
29325.7
29328.9
29332.2
29335.4
29338.6
29341.8
29345.1
29348.3
29351.5
29354.8
29358
29361.2
29364.4
29367.7
29370.9
29374.1
29377.3
29380.6
29383.8
29387
29390.3
29393.5
29396.7
29400
29403.2
29406.4
29409.6
29412.9
29416.1
29419.3
29422.6
29425.8
29429
29432.3
29435.5
29438.7
29442
29445.2
29448.4
29451.7
29454.9
29458.1
29461.4
29464.6
29467.8
29471.1
29474.3
29477.5
29480.8
29484
29487.2
29490.5
29493.7
29497
29500.2
29503.4
29506.7
29509.9
29513.1
29516.4
29519.6
29522.9
29526.1
29529.3
29532.6
29535.8
29539
29542.3
29545.5
29548.8
29552
29555.2
29558.5
29561.7
29564.9
29568.2
29571.4
29574.7
29577.9
29581.1
29584.4
29587.6
29590.9
29594.1
29597.3
29600.6
29603.8
29607.1
29610.3
29613.6
29616.8
29620
29623.3
29626.5
29629.8
29633
29636.2
29639.5
29642.7
29646
29649.2
29652.5
29655.7
29658.9
29662.2
29665.4
29668.7
29671.9
29675.1
29678.4
29681.6
29684.9
29688.1
29691.4
29694.6
29697.8
29701.1
29704.3
29707.6
29710.8
29714.1
29717.3
29720.5
29723.8
29727
29730.3
29733.5
29736.8
29740
29743.2
29746.5
29749.7
29753
29756.2
29759.5
29762.7
29765.9
29769.2
29772.4
29775.7
29778.9
29782.2
29785.4
29788.6
29791.9
29795.1
29798.4
29801.6
29804.9
29808.1
29811.3
29814.6
29817.8
29821.1
29824.3
29827.5
29830.8
29834
29837.3
29840.5
29843.7
29847
29850.2
29853.5
29856.7
29859.9
29863.2
29866.4
29869.6
29872.9
29876.1
29879.4
29882.6
29885.8
29889.1
29892.3
29895.5
29898.8
29902
29905.2
29908.5
29911.7
29914.9
29918.2
29921.4
29924.6
29927.8
29931.1
29934.3
29937.5
29940.8
29944
29947.2
29950.4
29953.7
29956.9
29960.1
29963.3
29966.6
29969.8
29973
29976.2
29979.4
29982.7
29985.9
29989.1
29992.3
29995.5
29998.7
30001.9
30005.2
30008.4
30011.6
30014.8
30018
30021.2
30024.4
30027.6
30030.8
30034
30037.2
30040.4
30043.6
30046.8
30050
30053.2
30056.4
30059.6
30062.7
30065.9
30069.1
30072.3
30075.5
30078.6
30081.8
30085
30088.2
30091.3
30094.5
30097.7
30100.8
30104
30107.1
30110.3
30113.4
30116.6
30119.7
30122.9
30126
30129.1
30132.3
30135.4
30138.5
30141.7
30144.8
30147.9
30151
30154.1
30157.2
30160.3
30163.4
30166.5
30169.6
30172.7
30175.8
30178.8
30181.9
30185
30188
30191.1
30194.1
30197.2
30200.2
30203.2
30206.2
30209.3
30212.3
30215.3
30218.3
30221.3
30224.3
30227.2
30230.2
30233.2
30236.1
30239.1
30242
30244.9
30247.9
30250.8
30253.7
30256.6
30259.5
30262.3
30265.2
30268.1
30270.9
30273.8
30276.6
30279.4
30282.2
30285
30287.8
30290.5
30293.3
30296
30298.8
30301.5
30304.2
30306.9
30309.6
30312.2
30314.9
30317.5
30320.2
30322.8
30325.4
30327.9
30330.5
30333
30335.6
30338.1
30340.6
30343.1
30345.5
30348
30350.4
30352.8
30355.2
30357.6
30359.9
30362.2
30364.6
30366.9
30369.1
30371.4
30373.6
30375.8
30378
30380.2
30382.3
30384.5
30386.6
30388.6
30390.7
30392.7
30394.7
30396.7
30398.7
30400.6
30402.6
30404.5
30406.3
30408.2
30410
30411.8
30413.6
30415.3
30417
30418.7
30420.4
30422.1
30423.7
30425.3
30426.9
30428.4
30429.9
30431.4
30432.9
30434.4
30435.8
30437.2
30438.6
30439.9
30441.2
30442.5
30443.8
30445
30446.2
30447.4
30448.6
30449.8
30450.9
30452
30453
30454.1
30455.1
30456.1
30457.1
30458.1
30459
30459.9
30460.8
30461.6
30462.5
30463.3
30464.1
30464.9
30465.6
30466.4
30467.1
30467.8
30468.5
30469.1
30469.8
30470.4
30471
30471.6
30472.1
30472.7
30473.2
30473.7
30474.2
30474.7
30475.1
30475.6
30476
30476.4
30476.8
30477.2
30477.6
30478
30478.3
30478.7
30479
30479.3
30479.6
30479.9
30480.2
30480.4
30480.7
30480.9
30481.2
30481.4
30481.6
30481.8
30482
30482.2
30482.4
30482.6
30482.7
30482.9
30483.1
30483.2
30483.3
30483.5
30483.6
30483.7
30483.8
30484
30484.1
30484.2
30484.3
30484.3
30484.4
30484.5
30484.6
30484.7
30484.7
30484.8
30484.9
30484.9
30485
30485
30485.1
30485.1
30485.2
30485.2
30485.3
30485.3
30485.3
30485.4
30485.4
30485.4
30485.5
30485.5
30485.5
30485.6
30485.6
30485.6
30485.6
30485.6
30485.7
30485.7
30485.7
30485.7
30485.7
30485.7
30485.7
30485.8
30485.8
30485.8
30485.8
30485.8
30485.8
30485.8
30485.8
30485.8
30485.8
30485.8
30485.8
30485.8
30485.9
30485.9
30485.9
30485.9
30485.9
30485.9
30485.9
30485.9
30485.9
30485.9
30485.9
30485.9
30485.9
30485.9
30485.9
30485.9
30485.9
30485.9
30485.9
30485.9
30485.9
30485.9
30485.9
30485.9
30485.9
30485.9
30485.9
30485.9
30485.9
30485.9
30485.9
30485.9
30485.9
30485.9
30485.9
30485.9
30485.9
30485.9
30485.9
30485.9
30485.9
30485.9
30485.9
30485.9
30485.9
30485.9
30485.9
30485.9
30485.9
30485.9
30485.9
30485.9
30485.9
30485.9
30485.9
30485.9
30485.9
30485.9
30485.9
30485.9
30485.9
30485.9
30485.9
30485.9
30485.9
30485.9
30485.9
30485.9
30485.9
30485.9
30485.9
30485.9
30485.9
30485.9
30485.9
30485.9
30485.9
30485.9
30485.9
30485.9
30485.9
30485.9
30485.9
30485.9
30485.9
30485.9
30485.9
30485.9
30485.9
30485.9
30485.9
30485.9
30485.9
30485.9
30485.9
30485.9
30485.9
30485.9
30485.9
30485.9
30485.9
30485.9
30485.9
30485.9
30485.9
30485.9
30485.9
30485.9
30485.9
30485.9
30485.9
30485.9
30485.9
30485.9
30485.9
30485.9
30485.9
30485.9
30485.9
30485.9
30485.9
30485.9
30485.9
30485.9
30485.9
30485.9
30485.9
30485.9
30485.9
30485.9
30485.9
30485.9
30485.9
30485.9
30485.9
30485.9
30485.9
30485.9
30485.9
30485.9
30485.9
30485.9
30485.9
30485.9
30485.9
30485.9
30485.9
30485.9
30485.9
30485.9
30485.9
30485.9
30485.9
30485.9
30485.9
30485.9
30485.9
30485.9
30485.9
30485.9
30485.9
30485.9
30485.9
30485.9
30485.9
30485.9
30485.9
30485.9
30485.9
30485.9
30485.9
30485.9
30485.9
30485.9
30485.9
30485.9
30485.9
30485.9
30485.9
30485.9
30485.9
30485.9
30485.9
30485.9
30485.9
30485.9
30485.9
30485.9
30485.9
30485.9
30485.9
30485.9
30485.9
30485.9
30485.9
30485.9
30485.9
30485.9
30485.9
30485.9
30485.9
30485.9
30485.9
30485.9
30485.9
30485.9
30485.9
30485.9
30485.9
30485.9
30485.9
30485.9
30485.9
30485.9
30485.9
30485.9
30485.9
30485.9
30485.9
30485.9
30485.9
30485.9
30485.9
30485.9
30485.9
30485.9
30485.9
30485.9
30485.9
30485.9
30485.9
30485.9
30485.9
30485.9
30485.9
30485.9
30485.9
30485.9
30485.9
30485.9
30485.9
30485.9
30485.9
30485.9
30485.9
30485.9
30485.9
30485.9
30485.9
30485.9
30485.9
30485.9
30485.9
30485.9
30485.9
30485.9
30485.9
30485.9
30485.9
30485.9
30485.9
30485.9
30485.9
30485.9
30485.9
30485.9
30485.9
30485.9
30485.9
30485.9
30485.9
30485.9
30485.9
30485.9
30485.9
30485.9
30485.9
30485.9
30485.9
30485.9
30485.9
30485.9
30485.9
30485.9
30485.9
30485.9
30485.9
30485.9
30485.9
30485.9
30485.9
30485.9
30485.9
30485.9
30485.9
30485.9
30485.9
30485.9
30485.9
30485.9
30485.9
30485.9
30485.9
30485.9
30485.9
30485.9
30485.9
30485.9
30485.9
30485.9
30485.9
30485.9
30485.9
30485.9
30485.9
30485.9
30485.9
30485.9
30485.9
30485.9
30485.9
30485.9
30485.9
30485.9
30485.9
30485.9
30485.9
30485.9
30485.9
30485.9
30485.9
30485.9
30485.9
30485.9
30485.9
30485.9
30485.9
30485.9
30485.9
30485.9
30485.9
30485.9
30485.9
30485.9
30485.9
30485.9
30485.9
30485.9
30485.9
30485.9
30485.9
30485.9
30485.9
30485.9
30485.9
30485.9
30485.9
30485.9
30485.9
30485.9
30485.9
30485.9
30485.9
30485.9
30485.9
30485.9
30485.9
30485.9
30485.9
30485.9
30485.9
30485.9
30485.9
30485.9
30485.9
30485.9
30485.9
30485.9
30485.9
30485.9
30485.9
30485.9
30485.9
30485.9
30485.9
30485.9
30485.9
30485.9
30485.9
30485.9
30485.9
30485.9
30485.9
30485.9
30485.9
30485.9
30485.9
30485.9
30485.9
30485.9
30485.9
30485.9
30485.9
30485.9
30485.9
30485.9
30485.9
30485.9
30485.9
30485.9
30485.9
30485.9
30485.9
30485.9
30485.9
30485.9
30485.9
30485.9
30485.9
30485.9
30485.9
30485.9
30485.9
30485.9
30485.9
30485.9
30485.9
30485.9
30485.9
30485.9
30485.9
30485.9
30485.9
30485.9
30485.9
30485.9
30485.9
30485.9
30485.9
30485.9
30485.9
30485.9
30485.9
30485.9
30485.9
30485.9
30485.9
30485.9
30485.9
30485.9
30485.9
30485.9
30485.9
30485.9
30485.9
30485.9
30485.9
30485.9
30485.9
30485.9
30485.9
30485.9
30485.9
30485.9
30485.9
30485.9
30485.9
30485.9
30485.9
30485.9
30485.9
30485.9
30485.9
30485.9
30485.9
30485.9
30485.9
30485.9
30485.9
30485.9
30485.9
30485.9
30485.9
30485.9
30485.9
30485.9
30485.9
30485.9
30485.9
30485.9
30485.9
30485.9
30485.9
30485.9
30485.9
30485.9
30485.9
30485.9
30485.9
30485.9
30485.9
30485.9
30485.9
30485.9
30485.9
30485.9
30485.9
30485.9
30485.9
30485.9
30485.9
30485.9
30485.9
30485.9
30485.9
30485.9
30485.9
30485.9
30485.9
30485.9
30485.9
30485.9
30485.9
30485.9
30485.9
30485.9
30485.9
30485.9
30485.9
30485.9
30485.9
30485.9
30485.9
30485.9
30485.9
30485.9
30485.9
30485.9
30485.9
30485.9
30485.9
30485.9
30485.9
30485.9
30485.9
30485.9
30485.9
30485.9
30485.9
30485.9
30485.9
30485.9
30485.9
30485.9
30485.9
30485.9
30485.9
30485.9
30485.9
30485.9
30485.9
30485.9
30485.9
30485.9
30485.9
30485.9
30485.9
30485.9
30485.9
30485.9
30485.9
30485.9
30485.9
30485.9
30485.9
30485.9
30485.9
30485.9
30485.9
30485.9
30485.9
30485.9
30485.9
30485.9
30485.9
30485.9
30485.9
30485.9
30485.9
30485.9
30485.9
30485.9
30485.9
30485.9
30485.9
30485.9
30485.9
30485.9
30485.9
30485.9
30485.9
30485.9
30485.9
30485.9
30485.9
30485.9
30485.9
30485.9
30485.9
30485.9
30485.9
30485.9
30485.9
30485.9
30485.9
30485.9
30485.9
30485.9
30485.9
30485.9
30485.9
30485.9
30485.9
30485.9
30485.9
30485.9
30485.9
30485.9
30485.9
30485.9
30485.9
30485.9
30485.9
30485.9
30485.9
30485.9
30485.9
30485.9
30485.9
30485.9
30485.9
30485.9
30485.9
30485.9
30485.9
30485.9
30485.9
30485.9
30485.9
30485.9
30485.9
30485.9
30485.9
30485.9
30485.9
30485.9
30485.9
30485.9
30485.9
30485.9
30485.9
30485.9
30485.9
30485.9
30485.9
30485.9
30485.9
30485.9
30485.9
30485.9
30485.9
30485.9
30485.9
30485.9
30485.9
30485.9
30485.9
30485.9
30485.9
30485.9
30485.9
30485.9
30485.9
30485.9
30485.9
30485.9
30485.9
30485.9
30485.9
30485.9
30485.9
30485.9
30485.9
30485.9
30485.9
30485.9
30485.9
30485.9
30485.9
30485.9
30485.9
30485.9
30485.9
30485.9
30485.9
30485.9
30485.9
30485.9
30485.9
30485.9
30485.9
30485.9
30485.9
30485.9
30485.9
30485.9
30485.9
30485.9
30485.9
30485.9
30485.9
30485.9
30485.9
30485.9
30485.9
30485.9
30485.9
30485.9
30485.9
30485.9
30485.9
30485.9
30485.9
30485.9
30485.9
30485.9
30485.9
30485.9
30485.9
30485.9
30485.9
30485.9
30485.9
30485.9
30485.9
30485.9
30485.9
30485.9
30485.9
30485.9
30485.9
30485.9
30485.9
30485.9
30485.9
30485.9
30485.9
30485.9
30485.9
30485.9
30485.9
30485.9
30485.9
30485.9
30485.9
30485.9
30485.9
30485.9
30485.9
30485.9
30485.9
30485.9
30485.9
30485.9
30485.9
30485.9
30485.9
30485.9
30485.9
30485.9
30485.9
30485.9
30485.9
30485.9
30485.9
30485.9
30485.9
30485.9
30485.9
30485.9
30485.9
30485.9
30485.9
30485.9
30485.9
30485.9
30485.9
30485.9
30485.9
30485.9
30485.9
30485.9
30485.9
30485.9
30485.9
30485.9
30485.9
30485.9
30485.9
30485.9
30485.9
30485.9
30485.9
30485.9
30485.9
30485.9
30485.9
30485.9
30485.9
30485.9
30485.9
30485.9
30485.9
30485.9
30485.9
30485.9
30485.9
30485.9
30485.9
30485.9
30485.9
30485.9
30485.9
30485.9
30485.9
30485.9
30485.9
30485.9
30485.9
30485.9
30485.9
30485.9
30485.9
30485.9
30485.9
30485.9
30485.9
30485.9
30485.9
30485.9
30485.9
30485.9
30485.9
30485.9
30485.9
30485.9
30485.9
30485.9
30485.9
30485.9
30485.9
30485.9
30485.9
30485.9
30485.9
30485.9
30485.9
30485.9
30485.9
30485.9
30485.9
30485.9
30485.9
30485.9
30485.9
30485.9
30485.9
30485.9
30485.9
30485.9
30485.9
30485.9
30485.9
30485.9
30485.9
30485.9
30485.9
30485.9
30485.9
30485.9
30485.9
30485.9
30485.9
30485.9
30485.9
30485.9
30485.9
30485.9
30485.9
30485.9
30485.9
30485.9
30485.9
30485.9
30485.9
30485.9
30485.9
30485.9
30485.9
30485.9
30485.9
30485.9
30485.9
30485.9
30485.9
30485.9
30485.9
30485.9
30485.9
30485.9
30485.9
30485.9
30485.9
30485.9
30485.9
30485.9
30485.9
30485.9
30485.9
30485.9
30485.9
30485.9
30485.9
30485.9
30485.9
30485.9
30485.9
30485.9
30485.9
30485.9
30485.9
30485.9
30485.9
30485.9
30485.9
30485.9
30485.9
30485.9
30485.9
30485.9
30485.9
30485.9
30485.9
30485.9
30485.9
30485.9
30485.9
30485.9
30485.9
30485.9
30485.9
30485.9
30485.9
30485.9
30485.9
30485.9
30485.9
30485.9
30485.9
30485.9
30485.9
30485.9
30485.9
30485.9
30485.9
30485.9
30485.9
30485.9
30485.9
30485.9
30485.9
30485.9
30485.9
30485.9
30485.9
30485.9
30485.9
30485.9
30485.9
30485.9
30485.9
30485.9
30485.9
30485.9
30485.9
30485.9
30485.9
30485.9
30485.9
30485.9
30485.9
30485.9
30485.9
30485.9
30485.9
30485.9
30485.9
30485.9
30485.9
30485.9
30485.9
30485.9
30485.9
30485.9
30485.9
30485.9
30485.9
30485.9
30485.9
30485.9
30485.9
30485.9
30485.9
30485.9
30485.9
30485.9
30485.9
30485.9
30485.9
30485.9
30485.9
30485.9
30485.9
30485.9
30485.9
30485.9
30485.9
30485.9
30485.9
30485.9
30485.9
30485.9
30485.9
30485.9
30485.9
30485.9
30485.9
30485.9
30485.9
30485.9
30485.9
30485.9
30485.9
30485.9
30485.9
30485.9
30485.9
30485.9
30485.9
30485.9
30485.9
30485.9
30485.9
30485.9
30485.9
30485.9
30485.9
30485.9
30485.9
30485.9
30485.9
30485.9
30485.9
30485.9
30485.9
30485.9
30485.9
30485.9
30485.9
30485.9
30485.9
30485.9
30485.9
30485.9
30485.9
30485.9
30485.9
30485.9
30485.9
30485.9
30485.9
30485.9
30485.9
30485.9
30485.9
30485.9
30485.9
30485.9
30485.9
30485.9
30485.9
30485.9
30485.9
30485.9
30485.9
30485.9
30485.9
30485.9
30485.9
30485.9
30485.9
30485.9
30485.9
30485.9
30485.9
30485.9
30485.9
30485.9
30485.9
30485.9
30485.9
30485.9
30485.9
30485.9
30485.9
30485.9
30485.9
30485.9
30485.9
30485.9
30485.9
30485.9
30485.9
30485.9
30485.9
30485.9
30485.9
30485.9
30485.9
30485.9
30485.9
30485.9
30485.9
30485.9
30485.9
30485.9
30485.9
30485.9
30485.9
30485.9
30485.9
30485.9
30485.9
30485.9
30485.9
30485.9
30485.9
30485.9
30485.9
30485.9
30485.9
30485.9
30485.9
30485.9
30485.9
30485.9
30485.9
30485.9
30485.9
30485.9
30485.9
30485.9
30485.9
30485.9
30485.9
30485.9
30485.9
30485.9
30485.9
30485.9
30485.9
30485.9
30485.9
30485.9
30485.9
30485.9
30485.9
30485.9
30485.9
30485.9
30485.9
30485.9
30485.9
30485.9
30485.9
30485.9
30485.9
30485.9
30485.9
30485.9
30485.9
30485.9
30485.9
30485.9
30485.9
30485.9
30485.9
30485.9
30485.9
30485.9
30485.9
30485.9
30485.9
30485.9
30485.9
30485.9
30485.9
30485.9
30485.9
30485.9
30485.9
30485.9
30485.9
30485.9
30485.9
30485.9
30485.9
30485.9
30485.9
30485.9
30485.9
30485.9
30485.9
30485.9
30485.9
30485.9
30485.9
30485.9
30485.9
30485.9
30485.9
30485.9
30485.9
30485.9
30485.9
30485.9
30485.9
30485.9
30485.9
30485.9
30485.9
30485.9
30485.9
30485.9
30485.9
30485.9
30485.9
30485.9
30485.9
30485.9
30485.9
30485.9
30485.9
30485.9
30485.9
30485.9
30485.9
30485.9
30485.9
30485.9
30485.9
30485.9
30485.9
30485.9
30485.9
30485.9
30485.9
30485.9
30485.9
30485.9
30485.9
30485.9
30485.9
30485.9
30485.9
30485.9
30485.9
30485.9
30485.9
30485.9
30485.9
30485.9
30485.9
30485.9
30485.9
30485.9
30485.9
30485.9
30485.9
30485.9
30485.9
30485.9
30485.9
30485.9
30485.9
30485.9
30485.9
30485.9
30485.9
30485.9
30485.9
30485.9
30485.9
30485.9
30485.9
30485.9
30485.9
30485.9
30485.9
30485.9
30485.9
30485.9
30485.9
30485.9
30485.9
30485.9
30485.9
30485.9
30485.9
30485.9
30485.9
30485.9
30485.9
30485.9
30485.9
30485.9
30485.9
30485.9
30485.9
30485.9
30485.9
30485.9
30485.9
30485.9
30485.9
30485.9
30485.9
30485.9
30485.9
30485.9
30485.9
30485.9
30485.9
30485.9
30485.9
30485.9
30485.9
30485.9
30485.9
30485.9
30485.9
30485.9
30485.9
30485.9
30485.9
30485.9
30485.9
30485.9
30485.9
30485.9
30485.9
30485.9
30485.9
30485.9
30485.9
30485.9
30485.9
30485.9
30485.9
30485.9
30485.9
30485.9
30485.9
30485.9
30485.9
30485.9
30485.9
30485.9
30485.9
30485.9
30485.9
30485.9
30485.9
30485.9
30485.9
30485.9
30485.9
30485.9
30485.9
30485.9
30485.9
30485.9
30485.9
30485.9
30485.9
30485.9
30485.9
30485.9
30485.9
30485.9
30485.9
30485.9
30485.9
30485.9
30485.9
30485.9
30485.9
30485.9
30485.9
30485.9
30485.9
30485.9
30485.9
30485.9
30485.9
30485.9
30485.9
30485.9
30485.9
30485.9
30485.9
30485.9
30485.9
30485.9
30485.9
30485.9
30485.9
30485.9
30485.9
30485.9
30485.9
30485.9
30485.9
30485.9
30485.9
30485.9
30485.9
30485.9
30485.9
30485.9
30485.9
30485.9
30485.9
30485.9
30485.9
30485.9
30485.9
30485.9
30485.9
30485.9
30485.9
30485.9
30485.9
30485.9
30485.9
30485.9
30485.9
30485.9
30485.9
30485.9
30485.9
30485.9
30485.9
30485.9
30485.9
30485.9
30485.9
30485.9
30485.9
30485.9
30485.9
30485.9
30485.9
30485.9
30485.9
30485.9
30485.9
30485.9
30485.9
30485.9
30485.9
30485.9
30485.9
30485.9
30485.9
30485.9
30485.9
30485.9
30485.9
30485.9
30485.9
30485.9
30485.9
30485.9
30485.9
30485.9
30485.9
30485.9
30485.9
30485.9
30485.9
30485.9
30485.9
30485.9
30485.9
30485.9
30485.9
30485.9
30485.9
30485.9
30485.9
30485.9
30485.9
30485.9
30485.9
30485.9
30485.9
30485.9
30485.9
30485.9
30485.9
30485.9
30485.9
30485.9
30485.9
30485.9
30485.9
30485.9
30485.9
30485.9
30485.9
30485.9
30485.9
30485.9
30485.9
30485.9
30485.9
30485.9
30485.9
30485.9
30485.9
30485.9
30485.9
30485.9
30485.9
30485.9
30485.9
30485.9
30485.9
30485.9
30485.9
30485.9
30485.9
30485.9
30485.9
30485.9
30485.9
30485.9
30485.9
30485.9
30485.9
30485.9
30485.9
30485.9
30485.9
30485.9
30485.9
30485.9
30485.9
30485.9
30485.9
30485.9
30485.9
30485.9
30485.9
30485.9
30485.9
30485.9
30485.9
30485.9
30485.9
30485.9
30485.9
30485.9
30485.9
30485.9
30485.9
30485.9
30485.9
30485.9
30485.9
30485.9
30485.9
30485.9
30485.9
30485.9
30485.9
30485.9
30485.9
30485.9
30485.9
30485.9
30485.9
30485.9
30485.9
30485.9
30485.9
30485.9
30485.9
30485.9
30485.9
30485.9
30485.9
30485.9
30485.9
30485.9
30485.9
30485.9
30485.9
30485.9
30485.9
30485.9
30485.9
30485.9
30485.9
30485.9
30485.9
30485.9
30485.9
30485.9
30485.9
30485.9
30485.9
30485.9
30485.9
30485.9
30485.9
30485.9
30485.9
30485.9
30485.9
30485.9
30485.9
30485.9
30485.9
30485.9
30485.9
30485.9
30485.9
30485.9
30485.9
30485.9
30485.9
30485.9
30485.9
30485.9
30485.9
30485.9
30485.9
30485.9
30485.9
30485.9
30485.9
30485.9
30485.9
30485.9
30485.9
30485.9
30485.9
30485.9
30485.9
30485.9
30485.9
30485.9
30485.9
30485.9
30485.9
30485.9
30485.9
30485.9
30485.9
30485.9
30485.9
30485.9
30485.9
30485.9
30485.9
30485.9
30485.9
30485.9
30485.9
30485.9
30485.9
30485.9
30485.9
30485.9
30485.9
30486
30485.9
30486
30486
30486
30486
30486
30486
30486
30486
30486
30486
30486
30486
30486
30486
30486
30486
30486
30486
30486
30486
30486
30486
30486
30486
30486
30486
30486
30486
30486
30486
30486
30486
30486
30486.1
30486.1
30486.1
30486.1
30486.1
30486.1
30486.1
30486.1
30486.1
30486.1
30486.1
30486.1
30486.1
30486.1
30486.1
30486.2
30486.2
30486.2
30486.2
30486.2
30486.2
30486.2
30486.2
30486.2
30486.2
30486.2
30486.3
30486.3
30486.3
30486.3
30486.3
30486.3
30486.3
30486.3
30486.4
30486.4
30486.4
30486.4
30486.4
30486.5
30486.4
30486.5
30486.5
30486.5
30486.5
30486.6
30486.6
30486.6
30486.6
30486.7
30486.7
30486.7
30486.7
30486.8
30486.8
30486.8
30486.8
30486.9
30486.9
30486.9
30486.9
30487
30487
30487
30487.1
30487.1
30487.1
30487.2
30487.3
30487.3
30487.2
30487.4
30487.4
30487.4
30487.4
30487.6
30487.6
30487.6
30487.7
30487.8
30487.7
30487.8
30487.9
30488
30487.9
30488.1
30488.2
30488.1
30488.2
30488.4
30488.4
30488.4
30488.5
30488.7
30488.6
30488.7
30488.9
30489
30488.9
30489
30489.3
30489.3
30489.2
30489.5
30489.6
30489.6
30489.7
30489.9
30490
30489.9
30490.2
30490.4
30490.4
30490.4
30490.8
30490.9
30490.8
30491
30491.3
30491.4
30491.3
30491.7
30491.9
30491.8
30492
30492.4
30492.5
30492.4
30492.7
30493.2
30493.1
30493.1
30493.6
30493.8
30493.8
30494
30494.6
30494.6
30494.4
30495.1
30495.4
30495.3
30495.5
30496.1
30496.3
30496.1
30496.7
30497.3
30497.1
30497.2
30498
30498.3
30498.1
30498.5
30499.4
30499.3
30499.2
30500.2
30500.6
30500.4
30500.8
30501.7
30501.9
30501.6
30502.6
30503.2
30503
30503.4
30504.4
30504.8
30504.4
30505.4
30506.3
30506.1
30506.4
30507.6
30508.1
30507.7
30508.6
30509.9
30509.6
30509.8
30511.3
30511.8
30511.6
30512.2
30513.8
30514
30513.5
30515.3
30516.3
30515.9
30516.4
30518.2
30518.8
30518.2
30519.6
30521.4
30521
30521.1
30523.3
30524.1
30523.7
30524.6
30526.8
30527.1
30526.4
30528.9
30530.2
30529.7
30530.5
30532.9
30533.7
30532.9
30534.8
30537.2
30536.7
30536.9
30539.9
30540.9
30540.5
30541.7
30544.7
30545
30544.1
30547.5
30549.3
30548.6
30549.7
30552.9
30553.9
30552.9
30555.5
30558.7
30558
30558.2
30562.2
30563.5
30563
30564.5
30568.5
30568.9
30567.8
30572.3
30574.5
30573.6
30575.1
30579.2
30580.6
30579.2
30582.7
30586.8
30585.8
30586.3
30591.4
30593.2
30592.3
30594.5
30599.7
30599.7
30598.8
30604.7
30606.9
30605.9
30608.1
30613.7
30614.4
30613
30619.2
30622
30621
30623.1
30629
30629.7
30628.5
30635.2
30637.9
30637
30639.4
30646
30645.6
30645.3
30652.7
30655.4
30654.4
30657
30663.9
30662.8
30663.5
30671.1
30674.2
30672.9
30675.8
30683.2
30681.7
30682.7
30691
30694.2
30692.8
30696.2
30704.3
30702.7
30703.8
30712
30715.6
30713.6
30718.8
30725.8
30724.4
30726.7
30734.2
30737.3
30734.9
30743.1
30748.1
30746.8
30750
30758.8
30760.5
30758.7
30768.3
30772.2
30771
30774.5
30784.4
30783.2
30783.7
30793.8
30798.1
30795.9
30800.6
30810
30808.3
30810
30819.4
30823.3
30820.1
30828.4
30837.3
30836.2
30837.6
30846.4
30850.3
30846.8
30855.7
30864.4
30863
30865.2
30874.4
30878.1
30874.3
30884
30892.4
30890.7
30893.6
30902.9
30906.5
30902.9
30912.6
30921.2
30919.6
30922.2
30931.4
30934.8
30931.3
30941.9
30949
30946.8
30950.5
30960.8
30964.2
30960.6
30971.1
30978.9
30977
30980
30989.6
30992.6
30989
31000.1
31006.7
31004.7
31008.3
31018.5
31021.5
31018
31028.9
31035.8
31033.9
31037.1
31047.1
31049.6
31046
31057.4
31063.8
31061.8
31065.4
31075.3
31078.2
31074.9
31085.3
31091.3
31090
31092.8
31102.4
31103.8
31100.8
31112.7
31117.7
31115.8
31119.7
31129.5
31131.4
31129.3
31138.8
31142.7
31141.4
31145.2
31155.6
31154.2
31154.6
31164.2
31168.3
31165.5
31171.6
31179.7
31178.2
31180.5
31188.3
31191.3
31188.7
31196.9
31201.8
31200.4
31203.5
31211.7
31213
31211.1
31219.2
31222.7
31221.4
31224.9
31233.6
31233.4
31232.1
31240.8
31244
31242.5
31246
31254
31253.5
31252.8
31260.1
31262.7
31260.9
31265
31272.2
31270.7
31271.4
31278.1
31280.6
31278.7
31283
31289.4
31287.8
31288.6
31294.9
31297
31295.3
31299.2
31305.2
31304.1
31304.2
31310.4
31312.4
31311.2
31313.8
31319.8
31319.7
31318.4
31324.8
31327
31325.7
31327.8
31333.1
31333.5
31331.8
31337.3
31340
31338.9
31340.5
31344.8
31346.2
31344.4
31348.6
31352.1
31350.8
31351.9
31356.1
31357.5
31356.2
31359.1
31362.9
31361.7
31362.4
31366.3
31367.6
31366.6
31368.9
31372.5
31371.8
31372
31375.7
31376.9
31376.1
31377.8
31381.2
31380.5
31380.8
31384
31385.3
31384.4
31386.3
31388.9
31388.4
31389.1
31391.5
31392.4
31391.7
31394.3
31395.6
31395.1
31396.1
31398.7
31398.6
31398.3
31400.9
31401.8
31401.3
31402.5
31404.7
31404.4
31404.7
31406.3
31407.1
31406.5
31408.4
31409.4
31409.1
31409.8
31411.6
31411.8
31411.4
31413.2
31413.9
31413.5
31414.3
31415.9
31415.6
31415.8
31417.3
31417.9
31417.5
31418.4
31419.3
31419.1
31419.5
31420.7
31421
31420.6
31421.9
31422.6
31422.5
31422.7
31423.7
31423.8
31423.5
31424.7
31425.2
31424.9
31425.3
31426.3
31426.4
31426.2
31427.1
31427.4
31427.3
31427.6
31428.4
31428.4
31428.3
31429.1
31429.4
31429.2
31429.5
31430.2
31430.1
31430.1
31430.8
31431
31430.8
31431.2
31431.7
31431.7
31431.7
31432.2
31432.4
31432.2
31432.5
31433
31432.9
31433
31433.3
31433.4
31433.3
31433.7
31433.9
31433.9
31434
31434.4
31434.3
31434.3
31434.7
31434.8
31434.7
31434.9
31435.2
31435.2
31435.1
31435.4
31435.5
31435.5
31435.6
31435.9
31435.8
31435.8
31436.1
31436.2
31436.1
31436.3
31436.4
31436.4
31436.4
31436.6
31436.7
31436.7
31436.8
31436.9
31436.8
31436.9
31437.1
31437.1
31437
31437.2
31437.3
31437.3
31437.3
31437.4
31437.5
31437.5
31437.5
31437.6
31437.6
31437.6
31437.7
31437.8
31437.7
31437.8
31437.9
31437.9
31437.9
31438
31438
31438
31438
31438.1
31438.1
31438.1
31438.2
31438.2
31438.2
31438.3
31438.3
31438.3
31438.4
31438.4
31438.4
31438.4
31438.5
31438.5
31438.5
31438.6
31438.6
31438.6
31438.6
31438.6
31438.6
31438.7
31438.7
31438.7
31438.7
31438.7
31438.8
31438.8
31438.8
31438.8
31438.8
31438.8
31438.8
31438.9
31438.9
31438.9
31438.9
31438.9
31438.9
31439
31439
31439
31439
31439
31439
31439.1
31439.1
31439.1
31439.1
31439.1
31439.1
31439.1
31439.2
31439.2
31439.2
31439.2
31439.3
31439.3
31439.3
31439.3
31439.3
31439.3
31439.3
31439.4
31439.4
31439.4
31439.4
31439.5
31439.5
31439.5
31439.6
31439.6
31439.6
31439.6
31439.6
31439.7
31439.7
31439.7
31439.8
31439.8
31439.8
31439.9
31439.9
31439.9
31439.9
31440
31440
31440
31440.1
31440.1
31440.1
31440.1
31440.2
31440.2
31440.2
31440.3
31440.3
31440.4
31440.3
31440.4
31440.5
31440.5
31440.5
31440.6
31440.6
31440.6
31440.6
31440.7
31440.7
31440.7
31440.8
31440.8
31440.8
31440.8
31440.9
31440.9
31440.9
31440.9
31441
31441
31441
31441.1
31441.1
31441.1
31441.1
31441.2
31441.2
31441.2
31441.2
31441.3
31441.3
31441.3
31441.3
31441.3
31441.4
31441.4
31441.4
31441.4
31441.5
31441.5
31441.5
31441.5
31441.5
31441.6
31441.6
31441.6
31441.6
31441.6
31441.6
31441.6
31441.7
31441.7
31441.7
31441.7
31441.7
31441.7
31441.7
31441.7
31441.7
31441.8
31441.7
31441.8
31441.8
31441.8
31441.8
31441.8
31441.8
31441.8
31441.8
31441.8
31441.9
31441.9
31441.9
31441.9
31441.9
31441.9
31441.9
31441.9
31441.9
31441.9
31441.9
31441.9
31441.9
31441.9
31442
31442
31442
31442
31442
31442
31442
31442
31442
31442
31442
31442
31442
31442.1
31442.1
31442.1
31442.1
31442.1
31442.1
31442.1
31442.1
31442.1
31442.1
31442.1
31442.1
31442.2
31442.2
31442.2
31442.2
31442.2
31442.2
31442.2
31442.2
31442.2
31442.2
31442.2
31442.2
31442.3
31442.3
31442.3
31442.3
31442.3
31442.3
31442.3
31442.3
31442.3
31442.3
31442.3
31442.4
31442.4
31442.4
31442.4
31442.4
31442.4
31442.4
31442.4
31442.4
31442.4
31442.4
31442.4
31442.4
31442.4
31442.5
31442.5
31442.5
31442.5
31442.5
31442.5
31442.5
31442.5
31442.5
31442.5
31442.5
31442.5
31442.5
31442.5
31442.5
31442.5
31442.5
31442.5
31442.6
31442.6
31442.6
31442.6
31442.6
31442.6
31442.6
31442.6
31442.6
31442.6
31442.6
31442.6
31442.6
31442.6
31442.6
31442.6
31442.5
31442.5
31442.5
31442.5
31442.5
31442.5
31442.5
31442.5
31442.5
31442.5
31442.5
31442.5
31442.5
31442.5
31442.5
31442.5
31442.5
31442.4
31442.4
31442.4
31442.4
31442.4
31442.4
31442.4
31442.4
31442.4
31442.3
31442.3
31442.3
31442.3
31442.3
31442.3
31442.3
31442.3
31442.3
31442.2
31442.2
31442.2
31442.2
31442.2
31442.1
31442.1
31442.2
31442.1
31442.1
31442.1
31442.1
31442.1
31442
31442
31442
31442
31441.9
31441.9
31441.9
31441.9
31441.9
31441.9
31441.9
31441.8
31441.8
31441.8
31441.8
31441.8
31441.7
31441.7
31441.7
31441.7
31441.6
31441.7
31441.6
31441.6
31441.6
31441.5
31441.5
31441.5
31441.5
31441.5
31441.5
31441.4
31441.4
31441.4
31441.4
31441.3
31441.3
31441.3
31441.3
31441.2
31441.2
31441.3
31441.2
31441.2
31441.2
31441.2
31441.1
31441.1
31441.1
31441.1
31441
31441
31441
31441
31440.9
31441
31440.9
31440.9
31440.9
31440.9
31440.8
31440.8
31440.8
31440.8
31440.7
31440.7
31440.7
31440.7
31440.6
31440.7
31440.6
31440.6
31440.6
31440.6
31440.5
31440.5
31440.5
31440.5
31440.5
31440.4
31440.4
31440.4
31440.4
31440.4
31440.4
31440.3
31440.3
31440.3
31440.3
31440.3
31440.2
31440.2
31440.2
31440.2
31440.2
31440.2
31440.2
31440.1
31440.1
31440.1
31440.1
31440.1
31440
31440.1
31440
31440
31440
31440
31440
31440
31439.9
31439.9
31439.9
31439.9
31439.9
31439.9
31439.8
31439.9
31439.8
31439.8
31439.8
31439.8
31439.8
31439.8
31439.7
31439.8
31439.7
31439.7
31439.7
31439.7
31439.7
31439.7
31439.7
31439.7
31439.6
31439.6
31439.6
31439.6
31439.6
31439.6
31439.6
31439.6
31439.5
31439.6
31439.5
31439.5
31439.5
31439.5
31439.5
31439.5
31439.5
31439.5
31439.4
31439.5
31439.4
31439.4
31439.4
31439.4
31439.4
31439.4
31439.4
31439.4
31439.4
31439.3
31439.4
31439.3
31439.3
31439.3
31439.3
31439.3
31439.3
31439.3
31439.3
31439.3
31439.3
31439.3
31439.3
31439.2
31439.2
31439.2
31439.2
31439.2
31439.2
31439.2
31439.2
31439.2
31439.2
31439.2
31439.2
31439.2
31439.2
31439.2
31439.2
31439.1
31439.1
31439.1
31439.1
31439.1
31439.1
31439.1
31439.1
31439.1
31439.1
31439.1
31439.1
31439.1
31439.1
31439.1
31439.1
31439.1
31439.1
31439.1
31439.1
31439
31439
31439.1
31439
31439
31439
31439
31439
31439
31439
31439
31439
31439
31439
31439
31439
31439
31439
31439
31439
31439
31439
31439
31439
31439
31439
31439
31439
31439
31439
31439
31439
31439
31439
31439
31439
31439
31439
31439
31439
31439
31439
31439
31439
31439
31439
31439
31439
31439
31439
31439
31439
31439
31439
31439
31439
31439
31439
31439
31439
31439
31439
31439
31439
31439
31439
31439
31439
31439
31439
31439
31439
31439
31439
31439
31439
31439
31439
31439
31439
31439
31439
31439
31439
31439
31439
31439
31439
31439
31439
31439
31439
31439
31439
31439
31439
31439
31439
31439
31439
31439
31439
31439
31439
31439
31439
)
;

boundaryField
{
    sides
    {
        type            zeroGradient;
    }
    empty
    {
        type            empty;
    }
}


// ************************************************************************* //
