/*--------------------------------*- C++ -*----------------------------------*\
  =========                 |
  \\      /  F ield         | OpenFOAM: The Open Source CFD Toolbox
   \\    /   O peration     | Website:  https://openfoam.org
    \\  /    A nd           | Version:  9
     \\/     M anipulation  |
\*---------------------------------------------------------------------------*/
FoamFile
{
    format      ascii;
    class       volScalarField;
    location    "0.022";
    object      p_0;
}
// * * * * * * * * * * * * * * * * * * * * * * * * * * * * * * * * * * * * * //

dimensions      [1 -1 -2 0 0 0 0];

internalField   nonuniform List<scalar> 
10000
(
34344
34343.7
34343.4
34343.2
34342.9
34342.7
34342.4
34342.2
34341.9
34341.7
34341.4
34341.2
34341
34340.7
34340.5
34340.2
34340
34339.7
34339.5
34339.2
34339
34338.7
34338.5
34338.2
34338
34337.7
34337.5
34337.2
34337
34336.7
34336.5
34336.2
34336
34335.7
34335.5
34335.2
34335
34334.7
34334.5
34334.2
34334
34333.7
34333.4
34333.2
34332.9
34332.7
34332.4
34332.2
34331.9
34331.7
34331.4
34331.2
34330.9
34330.7
34330.4
34330.1
34329.9
34329.6
34329.4
34329.1
34328.9
34328.6
34328.3
34328.1
34327.8
34327.6
34327.3
34327.1
34326.8
34326.5
34326.3
34326
34325.8
34325.5
34325.2
34325
34324.7
34324.5
34324.2
34323.9
34323.7
34323.4
34323.2
34322.9
34322.6
34322.4
34322.1
34321.9
34321.6
34321.3
34321.1
34320.8
34320.5
34320.3
34320
34319.7
34319.5
34319.2
34319
34318.7
34318.4
34318.2
34317.9
34317.6
34317.4
34317.1
34316.8
34316.6
34316.3
34316
34315.8
34315.5
34315.2
34315
34314.7
34314.4
34314.2
34313.9
34313.6
34313.4
34313.1
34312.8
34312.5
34312.3
34312
34311.7
34311.5
34311.2
34310.9
34310.7
34310.4
34310.1
34309.8
34309.6
34309.3
34309
34308.8
34308.5
34308.2
34307.9
34307.7
34307.4
34307.1
34306.8
34306.6
34306.3
34306
34305.7
34305.5
34305.2
34304.9
34304.6
34304.4
34304.1
34303.8
34303.5
34303.3
34303
34302.7
34302.4
34302.2
34301.9
34301.6
34301.3
34301
34300.8
34300.5
34300.2
34299.9
34299.7
34299.4
34299.1
34298.8
34298.5
34298.3
34298
34297.7
34297.4
34297.1
34296.9
34296.6
34296.3
34296
34295.7
34295.4
34295.2
34294.9
34294.6
34294.3
34294
34293.7
34293.5
34293.2
34292.9
34292.6
34292.3
34292
34291.8
34291.5
34291.2
34290.9
34290.6
34290.3
34290
34289.8
34289.5
34289.2
34288.9
34288.6
34288.3
34288
34287.8
34287.5
34287.2
34286.9
34286.6
34286.3
34286
34285.7
34285.4
34285.2
34284.9
34284.6
34284.3
34284
34283.7
34283.4
34283.1
34282.8
34282.5
34282.2
34282
34281.7
34281.4
34281.1
34280.8
34280.5
34280.2
34279.9
34279.6
34279.3
34279
34278.7
34278.4
34278.1
34277.9
34277.6
34277.3
34277
34276.7
34276.4
34276.1
34275.8
34275.5
34275.2
34274.9
34274.6
34274.3
34274
34273.7
34273.4
34273.1
34272.8
34272.5
34272.2
34271.9
34271.6
34271.3
34271
34270.7
34270.4
34270.1
34269.8
34269.5
34269.2
34268.9
34268.6
34268.3
34268
34267.7
34267.4
34267.1
34266.8
34266.5
34266.2
34265.9
34265.6
34265.3
34265
34264.7
34264.4
34264.1
34263.8
34263.5
34263.2
34262.9
34262.5
34262.2
34261.9
34261.6
34261.3
34261
34260.7
34260.4
34260.1
34259.8
34259.5
34259.2
34258.9
34258.6
34258.3
34257.9
34257.6
34257.3
34257
34256.7
34256.4
34256.1
34255.8
34255.5
34255.2
34254.8
34254.5
34254.2
34253.9
34253.6
34253.3
34253
34252.7
34252.4
34252
34251.7
34251.4
34251.1
34250.8
34250.5
34250.2
34249.9
34249.5
34249.2
34248.9
34248.6
34248.3
34248
34247.6
34247.3
34247
34246.7
34246.4
34246.1
34245.8
34245.4
34245.1
34244.8
34244.5
34244.2
34243.8
34243.5
34243.2
34242.9
34242.6
34242.3
34241.9
34241.6
34241.3
34241
34240.7
34240.3
34240
34239.7
34239.4
34239.1
34238.7
34238.4
34238.1
34237.8
34237.4
34237.1
34236.8
34236.5
34236.2
34235.8
34235.5
34235.2
34234.9
34234.5
34234.2
34233.9
34233.6
34233.2
34232.9
34232.6
34232.3
34231.9
34231.6
34231.3
34231
34230.6
34230.3
34230
34229.7
34229.3
34229
34228.7
34228.3
34228
34227.7
34227.4
34227
34226.7
34226.4
34226
34225.7
34225.4
34225.1
34224.7
34224.4
34224.1
34223.7
34223.4
34223.1
34222.7
34222.4
34222.1
34221.7
34221.4
34221.1
34220.7
34220.4
34220.1
34219.7
34219.4
34219.1
34218.7
34218.4
34218.1
34217.7
34217.4
34217.1
34216.7
34216.4
34216.1
34215.7
34215.4
34215.1
34214.7
34214.4
34214
34213.7
34213.4
34213
34212.7
34212.4
34212
34211.7
34211.3
34211
34210.7
34210.3
34210
34209.6
34209.3
34209
34208.6
34208.3
34207.9
34207.6
34207.3
34206.9
34206.6
34206.2
34205.9
34205.5
34205.2
34204.9
34204.5
34204.2
34203.8
34203.5
34203.1
34202.8
34202.5
34202.1
34201.8
34201.4
34201.1
34200.7
34200.4
34200
34199.7
34199.4
34199
34198.7
34198.3
34198
34197.6
34197.3
34196.9
34196.6
34196.2
34195.9
34195.5
34195.2
34194.8
34194.5
34194.1
34193.8
34193.4
34193.1
34192.7
34192.4
34192
34191.7
34191.3
34191
34190.6
34190.3
34189.9
34189.6
34189.2
34188.9
34188.5
34188.2
34187.8
34187.5
34187.1
34186.7
34186.4
34186
34185.7
34185.3
34185
34184.6
34184.3
34183.9
34183.6
34183.2
34182.8
34182.5
34182.1
34181.8
34181.4
34181.1
34180.7
34180.3
34180
34179.6
34179.3
34178.9
34178.5
34178.2
34177.8
34177.5
34177.1
34176.8
34176.4
34176
34175.7
34175.3
34174.9
34174.6
34174.2
34173.9
34173.5
34173.1
34172.8
34172.4
34172.1
34171.7
34171.3
34171
34170.6
34170.2
34169.9
34169.5
34169.1
34168.8
34168.4
34168.1
34167.7
34167.3
34167
34166.6
34166.2
34165.9
34165.5
34165.1
34164.8
34164.4
34164
34163.7
34163.3
34162.9
34162.6
34162.2
34161.8
34161.4
34161.1
34160.7
34160.3
34160
34159.6
34159.2
34158.9
34158.5
34158.1
34157.7
34157.4
34157
34156.6
34156.3
34155.9
34155.5
34155.1
34154.8
34154.4
34154
34153.6
34153.3
34152.9
34152.5
34152.2
34151.8
34151.4
34151
34150.7
34150.3
34149.9
34149.5
34149.2
34148.8
34148.4
34148
34147.6
34147.3
34146.9
34146.5
34146.1
34145.8
34145.4
34145
34144.6
34144.2
34143.9
34143.5
34143.1
34142.7
34142.3
34142
34141.6
34141.2
34140.8
34140.4
34140.1
34139.7
34139.3
34138.9
34138.5
34138.2
34137.8
34137.4
34137
34136.6
34136.2
34135.9
34135.5
34135.1
34134.7
34134.3
34133.9
34133.5
34133.2
34132.8
34132.4
34132
34131.6
34131.2
34130.8
34130.5
34130.1
34129.7
34129.3
34128.9
34128.5
34128.1
34127.8
34127.4
34127
34126.6
34126.2
34125.8
34125.4
34125
34124.6
34124.2
34123.9
34123.5
34123.1
34122.7
34122.3
34121.9
34121.5
34121.1
34120.7
34120.3
34119.9
34119.6
34119.2
34118.8
34118.4
34118
34117.6
34117.2
34116.8
34116.4
34116
34115.6
34115.2
34114.8
34114.4
34114
34113.6
34113.2
34112.8
34112.4
34112
34111.7
34111.3
34110.9
34110.5
34110.1
34109.7
34109.3
34108.9
34108.5
34108.1
34107.7
34107.3
34106.9
34106.5
34106.1
34105.7
34105.3
34104.9
34104.5
34104.1
34103.7
34103.3
34102.9
34102.5
34102.1
34101.7
34101.3
34100.9
34100.4
34100
34099.6
34099.2
34098.8
34098.4
34098
34097.6
34097.2
34096.8
34096.4
34096
34095.6
34095.2
34094.8
34094.4
34094
34093.6
34093.2
34092.7
34092.3
34091.9
34091.5
34091.1
34090.7
34090.3
34089.9
34089.5
34089.1
34088.7
34088.3
34087.8
34087.4
34087
34086.6
34086.2
34085.8
34085.4
34085
34084.6
34084.1
34083.7
34083.3
34082.9
34082.5
34082.1
34081.7
34081.3
34080.8
34080.4
34080
34079.6
34079.2
34078.8
34078.4
34077.9
34077.5
34077.1
34076.7
34076.3
34075.9
34075.4
34075
34074.6
34074.2
34073.8
34073.4
34072.9
34072.5
34072.1
34071.7
34071.3
34070.8
34070.4
34070
34069.6
34069.2
34068.8
34068.3
34067.9
34067.5
34067.1
34066.6
34066.2
34065.8
34065.4
34065
34064.5
34064.1
34063.7
34063.3
34062.9
34062.4
34062
34061.6
34061.2
34060.7
34060.3
34059.9
34059.5
34059
34058.6
34058.2
34057.8
34057.3
34056.9
34056.5
34056.1
34055.6
34055.2
34054.8
34054.3
34053.9
34053.5
34053.1
34052.6
34052.2
34051.8
34051.3
34050.9
34050.5
34050.1
34049.6
34049.2
34048.8
34048.3
34047.9
34047.5
34047
34046.6
34046.2
34045.7
34045.3
34044.9
34044.5
34044
34043.6
34043.2
34042.7
34042.3
34041.9
34041.4
34041
34040.6
34040.1
34039.7
34039.2
34038.8
34038.4
34037.9
34037.5
34037.1
34036.6
34036.2
34035.8
34035.3
34034.9
34034.4
34034
34033.6
34033.1
34032.7
34032.3
34031.8
34031.4
34030.9
34030.5
34030.1
34029.6
34029.2
34028.7
34028.3
34027.9
34027.4
34027
34026.5
34026.1
34025.6
34025.2
34024.8
34024.3
34023.9
34023.4
34023
34022.5
34022.1
34021.7
34021.2
34020.8
34020.3
34019.9
34019.4
34019
34018.5
34018.1
34017.7
34017.2
34016.8
34016.3
34015.9
34015.4
34015
34014.5
34014.1
34013.6
34013.2
34012.7
34012.3
34011.8
34011.4
34010.9
34010.5
34010
34009.6
34009.1
34008.7
34008.2
34007.8
34007.3
34006.9
34006.4
34006
34005.5
34005.1
34004.6
34004.2
34003.7
34003.3
34002.8
34002.4
34001.9
34001.5
34001
34000.5
34000.1
33999.6
33999.2
33998.7
33998.3
33997.8
33997.4
33996.9
33996.4
33996
33995.5
33995.1
33994.6
33994.2
33993.7
33993.2
33992.8
33992.3
33991.9
33991.4
33991
33990.5
33990
33989.6
33989.1
33988.7
33988.2
33987.7
33987.3
33986.8
33986.3
33985.9
33985.4
33985
33984.5
33984
33983.6
33983.1
33982.7
33982.2
33981.7
33981.3
33980.8
33980.3
33979.9
33979.4
33978.9
33978.5
33978
33977.5
33977.1
33976.6
33976.1
33975.7
33975.2
33974.7
33974.3
33973.8
33973.3
33972.9
33972.4
33971.9
33971.5
33971
33970.5
33970.1
33969.6
33969.1
33968.7
33968.2
33967.7
33967.2
33966.8
33966.3
33965.8
33965.4
33964.9
33964.4
33963.9
33963.5
33963
33962.5
33962.1
33961.6
33961.1
33960.6
33960.2
33959.7
33959.2
33958.7
33958.3
33957.8
33957.3
33956.8
33956.4
33955.9
33955.4
33954.9
33954.5
33954
33953.5
33953
33952.6
33952.1
33951.6
33951.1
33950.6
33950.2
33949.7
33949.2
33948.7
33948.2
33947.8
33947.3
33946.8
33946.3
33945.8
33945.4
33944.9
33944.4
33943.9
33943.4
33943
33942.5
33942
33941.5
33941
33940.6
33940.1
33939.6
33939.1
33938.6
33938.1
33937.6
33937.2
33936.7
33936.2
33935.7
33935.2
33934.7
33934.3
33933.8
33933.3
33932.8
33932.3
33931.8
33931.3
33930.8
33930.4
33929.9
33929.4
33928.9
33928.4
33927.9
33927.4
33926.9
33926.4
33926
33925.5
33925
33924.5
33924
33923.5
33923
33922.5
33922
33921.5
33921.1
33920.6
33920.1
33919.6
33919.1
33918.6
33918.1
33917.6
33917.1
33916.6
33916.1
33915.6
33915.1
33914.6
33914.1
33913.6
33913.2
33912.7
33912.2
33911.7
33911.2
33910.7
33910.2
33909.7
33909.2
33908.7
33908.2
33907.7
33907.2
33906.7
33906.2
33905.7
33905.2
33904.7
33904.2
33903.7
33903.2
33902.7
33902.2
33901.7
33901.2
33900.7
33900.2
33899.7
33899.2
33898.7
33898.2
33897.7
33897.2
33896.7
33896.2
33895.7
33895.2
33894.7
33894.2
33893.7
33893.2
33892.6
33892.1
33891.6
33891.1
33890.6
33890.1
33889.6
33889.1
33888.6
33888.1
33887.6
33887.1
33886.6
33886.1
33885.6
33885.1
33884.5
33884
33883.5
33883
33882.5
33882
33881.5
33881
33880.5
33880
33879.4
33878.9
33878.4
33877.9
33877.4
33876.9
33876.4
33875.9
33875.4
33874.8
33874.3
33873.8
33873.3
33872.8
33872.3
33871.8
33871.2
33870.7
33870.2
33869.7
33869.2
33868.7
33868.2
33867.6
33867.1
33866.6
33866.1
33865.6
33865.1
33864.5
33864
33863.5
33863
33862.5
33862
33861.4
33860.9
33860.4
33859.9
33859.4
33858.8
33858.3
33857.8
33857.3
33856.8
33856.2
33855.7
33855.2
33854.7
33854.2
33853.6
33853.1
33852.6
33852.1
33851.5
33851
33850.5
33850
33849.5
33848.9
33848.4
33847.9
33847.4
33846.8
33846.3
33845.8
33845.3
33844.7
33844.2
33843.7
33843.2
33842.6
33842.1
33841.6
33841
33840.5
33840
33839.5
33838.9
33838.4
33837.9
33837.4
33836.8
33836.3
33835.8
33835.2
33834.7
33834.2
33833.6
33833.1
33832.6
33832.1
33831.5
33831
33830.5
33829.9
33829.4
33828.9
33828.3
33827.8
33827.3
33826.7
33826.2
33825.7
33825.1
33824.6
33824.1
33823.5
33823
33822.5
33821.9
33821.4
33820.8
33820.3
33819.8
33819.2
33818.7
33818.2
33817.6
33817.1
33816.6
33816
33815.5
33814.9
33814.4
33813.9
33813.3
33812.8
33812.2
33811.7
33811.2
33810.6
33810.1
33809.5
33809
33808.5
33807.9
33807.4
33806.8
33806.3
33805.8
33805.2
33804.7
33804.1
33803.6
33803
33802.5
33802
33801.4
33800.9
33800.3
33799.8
33799.2
33798.7
33798.1
33797.6
33797.1
33796.5
33796
33795.4
33794.9
33794.3
33793.8
33793.2
33792.7
33792.1
33791.6
33791
33790.5
33789.9
33789.4
33788.8
33788.3
33787.7
33787.2
33786.6
33786.1
33785.5
33785
33784.4
33783.9
33783.3
33782.8
33782.2
33781.7
33781.1
33780.6
33780
33779.5
33778.9
33778.4
33777.8
33777.3
33776.7
33776.1
33775.6
33775
33774.5
33773.9
33773.4
33772.8
33772.3
33771.7
33771.1
33770.6
33770
33769.5
33768.9
33768.4
33767.8
33767.2
33766.7
33766.1
33765.6
33765
33764.5
33763.9
33763.3
33762.8
33762.2
33761.7
33761.1
33760.5
33760
33759.4
33758.9
33758.3
33757.7
33757.2
33756.6
33756
33755.5
33754.9
33754.4
33753.8
33753.2
33752.7
33752.1
33751.5
33751
33750.4
33749.8
33749.3
33748.7
33748.1
33747.6
33747
33746.4
33745.9
33745.3
33744.7
33744.2
33743.6
33743
33742.5
33741.9
33741.3
33740.8
33740.2
33739.6
33739.1
33738.5
33737.9
33737.4
33736.8
33736.2
33735.6
33735.1
33734.5
33733.9
33733.4
33732.8
33732.2
33731.6
33731.1
33730.5
33729.9
33729.3
33728.8
33728.2
33727.6
33727.1
33726.5
33725.9
33725.3
33724.8
33724.2
33723.6
33723
33722.5
33721.9
33721.3
33720.7
33720.1
33719.6
33719
33718.4
33717.8
33717.3
33716.7
33716.1
33715.5
33714.9
33714.4
33713.8
33713.2
33712.6
33712
33711.5
33710.9
33710.3
33709.7
33709.1
33708.6
33708
33707.4
33706.8
33706.2
33705.6
33705.1
33704.5
33703.9
33703.3
33702.7
33702.1
33701.6
33701
33700.4
33699.8
33699.2
33698.6
33698.1
33697.5
33696.9
33696.3
33695.7
33695.1
33694.5
33694
33693.4
33692.8
33692.2
33691.6
33691
33690.4
33689.8
33689.2
33688.7
33688.1
33687.5
33686.9
33686.3
33685.7
33685.1
33684.5
33683.9
33683.3
33682.8
33682.2
33681.6
33681
33680.4
33679.8
33679.2
33678.6
33678
33677.4
33676.8
33676.2
33675.6
33675
33674.4
33673.9
33673.3
33672.7
33672.1
33671.5
33670.9
33670.3
33669.7
33669.1
33668.5
33667.9
33667.3
33666.7
33666.1
33665.5
33664.9
33664.3
33663.7
33663.1
33662.5
33661.9
33661.3
33660.7
33660.1
33659.5
33658.9
33658.3
33657.7
33657.1
33656.5
33655.9
33655.3
33654.7
33654.1
33653.5
33652.9
33652.3
33651.7
33651.1
33650.5
33649.9
33649.3
33648.7
33648.1
33647.4
33646.8
33646.2
33645.6
33645
33644.4
33643.8
33643.2
33642.6
33642
33641.4
33640.8
33640.2
33639.6
33639
33638.3
33637.7
33637.1
33636.5
33635.9
33635.3
33634.7
33634.1
33633.5
33632.9
33632.2
33631.6
33631
33630.4
33629.8
33629.2
33628.6
33628
33627.4
33626.7
33626.1
33625.5
33624.9
33624.3
33623.7
33623.1
33622.4
33621.8
33621.2
33620.6
33620
33619.4
33618.8
33618.1
33617.5
33616.9
33616.3
33615.7
33615.1
33614.4
33613.8
33613.2
33612.6
33612
33611.3
33610.7
33610.1
33609.5
33608.9
33608.2
33607.6
33607
33606.4
33605.8
33605.1
33604.5
33603.9
33603.3
33602.7
33602
33601.4
33600.8
33600.2
33599.5
33598.9
33598.3
33597.7
33597.1
33596.4
33595.8
33595.2
33594.6
33593.9
33593.3
33592.7
33592.1
33591.4
33590.8
33590.2
33589.5
33588.9
33588.3
33587.7
33587
33586.4
33585.8
33585.2
33584.5
33583.9
33583.3
33582.6
33582
33581.4
33580.7
33580.1
33579.5
33578.9
33578.2
33577.6
33577
33576.3
33575.7
33575.1
33574.4
33573.8
33573.2
33572.5
33571.9
33571.3
33570.6
33570
33569.4
33568.7
33568.1
33567.5
33566.8
33566.2
33565.6
33564.9
33564.3
33563.7
33563
33562.4
33561.7
33561.1
33560.5
33559.8
33559.2
33558.6
33557.9
33557.3
33556.6
33556
33555.4
33554.7
33554.1
33553.4
33552.8
33552.2
33551.5
33550.9
33550.2
33549.6
33549
33548.3
33547.7
33547
33546.4
33545.7
33545.1
33544.5
33543.8
33543.2
33542.5
33541.9
33541.2
33540.6
33540
33539.3
33538.7
33538
33537.4
33536.7
33536.1
33535.4
33534.8
33534.1
33533.5
33532.8
33532.2
33531.5
33530.9
33530.3
33529.6
33529
33528.3
33527.7
33527
33526.4
33525.7
33525.1
33524.4
33523.8
33523.1
33522.5
33521.8
33521.2
33520.5
33519.8
33519.2
33518.5
33517.9
33517.2
33516.6
33515.9
33515.3
33514.6
33514
33513.3
33512.7
33512
33511.4
33510.7
33510
33509.4
33508.7
33508.1
33507.4
33506.8
33506.1
33505.4
33504.8
33504.1
33503.5
33502.8
33502.2
33501.5
33500.8
33500.2
33499.5
33498.9
33498.2
33497.5
33496.9
33496.2
33495.6
33494.9
33494.2
33493.6
33492.9
33492.3
33491.6
33490.9
33490.3
33489.6
33488.9
33488.3
33487.6
33487
33486.3
33485.6
33485
33484.3
33483.6
33483
33482.3
33481.6
33481
33480.3
33479.6
33479
33478.3
33477.6
33477
33476.3
33475.6
33475
33474.3
33473.6
33473
33472.3
33471.6
33471
33470.3
33469.6
33469
33468.3
33467.6
33466.9
33466.3
33465.6
33464.9
33464.3
33463.6
33462.9
33462.2
33461.6
33460.9
33460.2
33459.5
33458.9
33458.2
33457.5
33456.9
33456.2
33455.5
33454.8
33454.2
33453.5
33452.8
33452.1
33451.5
33450.8
33450.1
33449.4
33448.7
33448.1
33447.4
33446.7
33446
33445.4
33444.7
33444
33443.3
33442.6
33442
33441.3
33440.6
33439.9
33439.2
33438.6
33437.9
33437.2
33436.5
33435.8
33435.2
33434.5
33433.8
33433.1
33432.4
33431.8
33431.1
33430.4
33429.7
33429
33428.3
33427.7
33427
33426.3
33425.6
33424.9
33424.2
33423.5
33422.9
33422.2
33421.5
33420.8
33420.1
33419.4
33418.7
33418.1
33417.4
33416.7
33416
33415.3
33414.6
33413.9
33413.2
33412.5
33411.9
33411.2
33410.5
33409.8
33409.1
33408.4
33407.7
33407
33406.3
33405.6
33404.9
33404.3
33403.6
33402.9
33402.2
33401.5
33400.8
33400.1
33399.4
33398.7
33398
33397.3
33396.6
33395.9
33395.2
33394.5
33393.8
33393.2
33392.5
33391.8
33391.1
33390.4
33389.7
33389
33388.3
33387.6
33386.9
33386.2
33385.5
33384.8
33384.1
33383.4
33382.7
33382
33381.3
33380.6
33379.9
33379.2
33378.5
33377.8
33377.1
33376.4
33375.7
33375
33374.3
33373.6
33372.9
33372.2
33371.5
33370.8
33370.1
33369.4
33368.7
33368
33367.2
33366.5
33365.8
33365.1
33364.4
33363.7
33363
33362.3
33361.6
33360.9
33360.2
33359.5
33358.8
33358.1
33357.4
33356.7
33355.9
33355.2
33354.5
33353.8
33353.1
33352.4
33351.7
33351
33350.3
33349.6
33348.9
33348.1
33347.4
33346.7
33346
33345.3
33344.6
33343.9
33343.2
33342.4
33341.7
33341
33340.3
33339.6
33338.9
33338.2
33337.5
33336.7
33336
33335.3
33334.6
33333.9
33333.2
33332.4
33331.7
33331
33330.3
33329.6
33328.9
33328.1
33327.4
33326.7
33326
33325.3
33324.6
33323.8
33323.1
33322.4
33321.7
33321
33320.2
33319.5
33318.8
33318.1
33317.4
33316.6
33315.9
33315.2
33314.5
33313.8
33313
33312.3
33311.6
33310.9
33310.1
33309.4
33308.7
33308
33307.2
33306.5
33305.8
33305.1
33304.3
33303.6
33302.9
33302.2
33301.4
33300.7
33300
33299.3
33298.5
33297.8
33297.1
33296.4
33295.6
33294.9
33294.2
33293.4
33292.7
33292
33291.3
33290.5
33289.8
33289.1
33288.3
33287.6
33286.9
33286.1
33285.4
33284.7
33284
33283.2
33282.5
33281.8
33281
33280.3
33279.6
33278.8
33278.1
33277.4
33276.6
33275.9
33275.2
33274.4
33273.7
33273
33272.2
33271.5
33270.7
33270
33269.3
33268.5
33267.8
33267.1
33266.3
33265.6
33264.9
33264.1
33263.4
33262.6
33261.9
33261.2
33260.4
33259.7
33258.9
33258.2
33257.5
33256.7
33256
33255.2
33254.5
33253.8
33253
33252.3
33251.5
33250.8
33250.1
33249.3
33248.6
33247.8
33247.1
33246.3
33245.6
33244.8
33244.1
33243.4
33242.6
33241.9
33241.1
33240.4
33239.6
33238.9
33238.1
33237.4
33236.6
33235.9
33235.2
33234.4
33233.7
33232.9
33232.2
33231.4
33230.7
33229.9
33229.2
33228.4
33227.7
33226.9
33226.2
33225.4
33224.7
33223.9
33223.2
33222.4
33221.7
33220.9
33220.2
33219.4
33218.7
33217.9
33217.2
33216.4
33215.7
33214.9
33214.1
33213.4
33212.6
33211.9
33211.1
33210.4
33209.6
33208.9
33208.1
33207.4
33206.6
33205.8
33205.1
33204.3
33203.6
33202.8
33202.1
33201.3
33200.5
33199.8
33199
33198.3
33197.5
33196.7
33196
33195.2
33194.5
33193.7
33193
33192.2
33191.4
33190.7
33189.9
33189.1
33188.4
33187.6
33186.9
33186.1
33185.3
33184.6
33183.8
33183
33182.3
33181.5
33180.8
33180
33179.2
33178.5
33177.7
33176.9
33176.2
33175.4
33174.6
33173.9
33173.1
33172.3
33171.6
33170.8
33170
33169.3
33168.5
33167.7
33167
33166.2
33165.4
33164.7
33163.9
33163.1
33162.4
33161.6
33160.8
33160
33159.3
33158.5
33157.7
33157
33156.2
33155.4
33154.6
33153.9
33153.1
33152.3
33151.6
33150.8
33150
33149.2
33148.5
33147.7
33146.9
33146.1
33145.4
33144.6
33143.8
33143
33142.3
33141.5
33140.7
33139.9
33139.2
33138.4
33137.6
33136.8
33136
33135.3
33134.5
33133.7
33132.9
33132.2
33131.4
33130.6
33129.8
33129
33128.3
33127.5
33126.7
33125.9
33125.1
33124.4
33123.6
33122.8
33122
33121.2
33120.4
33119.7
33118.9
33118.1
33117.3
33116.5
33115.7
33115
33114.2
33113.4
33112.6
33111.8
33111
33110.3
33109.5
33108.7
33107.9
33107.1
33106.3
33105.5
33104.8
33104
33103.2
33102.4
33101.6
33100.8
33100
33099.2
33098.4
33097.7
33096.9
33096.1
33095.3
33094.5
33093.7
33092.9
33092.1
33091.3
33090.5
33089.8
33089
33088.2
33087.4
33086.6
33085.8
33085
33084.2
33083.4
33082.6
33081.8
33081
33080.2
33079.4
33078.7
33077.9
33077.1
33076.3
33075.5
33074.7
33073.9
33073.1
33072.3
33071.5
33070.7
33069.9
33069.1
33068.3
33067.5
33066.7
33065.9
33065.1
33064.3
33063.5
33062.7
33061.9
33061.1
33060.3
33059.5
33058.7
33057.9
33057.1
33056.3
33055.5
33054.7
33053.9
33053.1
33052.3
33051.5
33050.7
33049.9
33049.1
33048.3
33047.5
33046.7
33045.9
33045.1
33044.3
33043.4
33042.6
33041.8
33041
33040.2
33039.4
33038.6
33037.8
33037
33036.2
33035.4
33034.6
33033.8
33033
33032.2
33031.3
33030.5
33029.7
33028.9
33028.1
33027.3
33026.5
33025.7
33024.9
33024.1
33023.2
33022.4
33021.6
33020.8
33020
33019.2
33018.4
33017.6
33016.7
33015.9
33015.1
33014.3
33013.5
33012.7
33011.9
33011.1
33010.2
33009.4
33008.6
33007.8
33007
33006.2
33005.3
33004.5
33003.7
33002.9
33002.1
33001.3
33000.4
32999.6
32998.8
32998
32997.2
32996.3
32995.5
32994.7
32993.9
32993.1
32992.3
32991.4
32990.6
32989.8
32989
32988.1
32987.3
32986.5
32985.7
32984.9
32984
32983.2
32982.4
32981.6
32980.7
32979.9
32979.1
32978.3
32977.5
32976.6
32975.8
32975
32974.2
32973.3
32972.5
32971.7
32970.8
32970
32969.2
32968.4
32967.5
32966.7
32965.9
32965.1
32964.2
32963.4
32962.6
32961.7
32960.9
32960.1
32959.3
32958.4
32957.6
32956.8
32955.9
32955.1
32954.3
32953.4
32952.6
32951.8
32951
32950.1
32949.3
32948.5
32947.6
32946.8
32946
32945.1
32944.3
32943.5
32942.6
32941.8
32941
32940.1
32939.3
32938.4
32937.6
32936.8
32935.9
32935.1
32934.3
32933.4
32932.6
32931.8
32930.9
32930.1
32929.2
32928.4
32927.6
32926.7
32925.9
32925.1
32924.2
32923.4
32922.5
32921.7
32920.9
32920
32919.2
32918.3
32917.5
32916.6
32915.8
32915
32914.1
32913.3
32912.4
32911.6
32910.8
32909.9
32909.1
32908.2
32907.4
32906.5
32905.7
32904.8
32904
32903.2
32902.3
32901.5
32900.6
32899.8
32898.9
32898.1
32897.2
32896.4
32895.5
32894.7
32893.8
32893
32892.1
32891.3
32890.4
32889.6
32888.7
32887.9
32887
32886.2
32885.3
32884.5
32883.6
32882.8
32881.9
32881.1
32880.2
32879.4
32878.5
32877.7
32876.8
32876
32875.1
32874.3
32873.4
32872.6
32871.7
32870.9
32870
32869.2
32868.3
32867.4
32866.6
32865.7
32864.9
32864
32863.2
32862.3
32861.4
32860.6
32859.7
32858.9
32858
32857.2
32856.3
32855.4
32854.6
32853.7
32852.9
32852
32851.2
32850.3
32849.4
32848.6
32847.7
32846.8
32846
32845.1
32844.3
32843.4
32842.5
32841.7
32840.8
32840
32839.1
32838.2
32837.4
32836.5
32835.6
32834.8
32833.9
32833
32832.2
32831.3
32830.4
32829.6
32828.7
32827.9
32827
32826.1
32825.3
32824.4
32823.5
32822.7
32821.8
32820.9
32820
32819.2
32818.3
32817.4
32816.6
32815.7
32814.8
32814
32813.1
32812.2
32811.4
32810.5
32809.6
32808.7
32807.9
32807
32806.1
32805.3
32804.4
32803.5
32802.6
32801.8
32800.9
32800
32799.1
32798.3
32797.4
32796.5
32795.6
32794.8
32793.9
32793
32792.1
32791.3
32790.4
32789.5
32788.6
32787.8
32786.9
32786
32785.1
32784.3
32783.4
32782.5
32781.6
32780.7
32779.9
32779
32778.1
32777.2
32776.3
32775.5
32774.6
32773.7
32772.8
32771.9
32771.1
32770.2
32769.3
32768.4
32767.5
32766.7
32765.8
32764.9
32764
32763.1
32762.2
32761.4
32760.5
32759.6
32758.7
32757.8
32756.9
32756
32755.2
32754.3
32753.4
32752.5
32751.6
32750.7
32749.8
32749
32748.1
32747.2
32746.3
32745.4
32744.5
32743.6
32742.7
32741.8
32741
32740.1
32739.2
32738.3
32737.4
32736.5
32735.6
32734.7
32733.8
32732.9
32732.1
32731.2
32730.3
32729.4
32728.5
32727.6
32726.7
32725.8
32724.9
32724
32723.1
32722.2
32721.3
32720.4
32719.5
32718.6
32717.8
32716.9
32716
32715.1
32714.2
32713.3
32712.4
32711.5
32710.6
32709.7
32708.8
32707.9
32707
32706.1
32705.2
32704.3
32703.4
32702.5
32701.6
32700.7
32699.8
32698.9
32698
32697.1
32696.2
32695.3
32694.4
32693.5
32692.6
32691.7
32690.8
32689.9
32689
32688.1
32687.2
32686.3
32685.4
32684.5
32683.6
32682.7
32681.7
32680.8
32679.9
32679
32678.1
32677.2
32676.3
32675.4
32674.5
32673.6
32672.7
32671.8
32670.9
32670
32669.1
32668.1
32667.2
32666.3
32665.4
32664.5
32663.6
32662.7
32661.8
32660.9
32660
32659
32658.1
32657.2
32656.3
32655.4
32654.5
32653.6
32652.7
32651.8
32650.8
32649.9
32649
32648.1
32647.2
32646.3
32645.4
32644.4
32643.5
32642.6
32641.7
32640.8
32639.9
32639
32638
32637.1
32636.2
32635.3
32634.4
32633.5
32632.5
32631.6
32630.7
32629.8
32628.9
32627.9
32627
32626.1
32625.2
32624.3
32623.4
32622.4
32621.5
32620.6
32619.7
32618.7
32617.8
32616.9
32616
32615.1
32614.1
32613.2
32612.3
32611.4
32610.4
32609.5
32608.6
32607.7
32606.8
32605.8
32604.9
32604
32603.1
32602.1
32601.2
32600.3
32599.4
32598.4
32597.5
32596.6
32595.6
32594.7
32593.8
32592.9
32591.9
32591
32590.1
32589.2
32588.2
32587.3
32586.4
32585.4
32584.5
32583.6
32582.6
32581.7
32580.8
32579.9
32578.9
32578
32577.1
32576.1
32575.2
32574.3
32573.3
32572.4
32571.5
32570.5
32569.6
32568.7
32567.7
32566.8
32565.9
32564.9
32564
32563.1
32562.1
32561.2
32560.3
32559.3
32558.4
32557.4
32556.5
32555.6
32554.6
32553.7
32552.8
32551.8
32550.9
32549.9
32549
32548.1
32547.1
32546.2
32545.3
32544.3
32543.4
32542.4
32541.5
32540.6
32539.6
32538.7
32537.7
32536.8
32535.8
32534.9
32534
32533
32532.1
32531.1
32530.2
32529.2
32528.3
32527.4
32526.4
32525.5
32524.5
32523.6
32522.6
32521.7
32520.7
32519.8
32518.9
32517.9
32517
32516
32515.1
32514.1
32513.2
32512.2
32511.3
32510.3
32509.4
32508.4
32507.5
32506.5
32505.6
32504.6
32503.7
32502.7
32501.8
32500.8
32499.9
32498.9
32498
32497
32496.1
32495.1
32494.2
32493.2
32492.3
32491.3
32490.4
32489.4
32488.5
32487.5
32486.6
32485.6
32484.6
32483.7
32482.7
32481.8
32480.8
32479.9
32478.9
32478
32477
32476
32475.1
32474.1
32473.2
32472.2
32471.3
32470.3
32469.3
32468.4
32467.4
32466.5
32465.5
32464.5
32463.6
32462.6
32461.7
32460.7
32459.8
32458.8
32457.8
32456.9
32455.9
32454.9
32454
32453
32452.1
32451.1
32450.1
32449.2
32448.2
32447.2
32446.3
32445.3
32444.4
32443.4
32442.4
32441.5
32440.5
32439.5
32438.6
32437.6
32436.6
32435.7
32434.7
32433.7
32432.8
32431.8
32430.8
32429.9
32428.9
32427.9
32427
32426
32425
32424.1
32423.1
32422.1
32421.1
32420.2
32419.2
32418.2
32417.3
32416.3
32415.3
32414.4
32413.4
32412.4
32411.4
32410.5
32409.5
32408.5
32407.5
32406.6
32405.6
32404.6
32403.7
32402.7
32401.7
32400.7
32399.8
32398.8
32397.8
32396.8
32395.9
32394.9
32393.9
32392.9
32392
32391
32390
32389
32388
32387.1
32386.1
32385.1
32384.1
32383.2
32382.2
32381.2
32380.2
32379.2
32378.3
32377.3
32376.3
32375.3
32374.3
32373.4
32372.4
32371.4
32370.4
32369.4
32368.4
32367.5
32366.5
32365.5
32364.5
32363.5
32362.5
32361.6
32360.6
32359.6
32358.6
32357.6
32356.6
32355.7
32354.7
32353.7
32352.7
32351.7
32350.7
32349.7
32348.8
32347.8
32346.8
32345.8
32344.8
32343.8
32342.8
32341.8
32340.9
32339.9
32338.9
32337.9
32336.9
32335.9
32334.9
32333.9
32332.9
32331.9
32331
32330
32329
32328
32327
32326
32325
32324
32323
32322
32321
32320
32319.1
32318.1
32317.1
32316.1
32315.1
32314.1
32313.1
32312.1
32311.1
32310.1
32309.1
32308.1
32307.1
32306.1
32305.1
32304.1
32303.1
32302.1
32301.1
32300.1
32299.1
32298.1
32297.1
32296.1
32295.1
32294.1
32293.1
32292.1
32291.1
32290.1
32289.1
32288.1
32287.1
32286.1
32285.1
32284.1
32283.1
32282.1
32281.1
32280.1
32279.1
32278.1
32277.1
32276.1
32275.1
32274.1
32273.1
32272.1
32271.1
32270.1
32269.1
32268.1
32267.1
32266.1
32265.1
32264.1
32263.1
32262
32261
32260
32259
32258
32257
32256
32255
32254
32253
32252
32251
32250
32248.9
32247.9
32246.9
32245.9
32244.9
32243.9
32242.9
32241.9
32240.9
32239.9
32238.8
32237.8
32236.8
32235.8
32234.8
32233.8
32232.8
32231.8
32230.7
32229.7
32228.7
32227.7
32226.7
32225.7
32224.7
32223.6
32222.6
32221.6
32220.6
32219.6
32218.6
32217.5
32216.5
32215.5
32214.5
32213.5
32212.5
32211.4
32210.4
32209.4
32208.4
32207.4
32206.4
32205.3
32204.3
32203.3
32202.3
32201.3
32200.2
32199.2
32198.2
32197.2
32196.2
32195.1
32194.1
32193.1
32192.1
32191
32190
32189
32188
32187
32185.9
32184.9
32183.9
32182.9
32181.8
32180.8
32179.8
32178.8
32177.7
32176.7
32175.7
32174.7
32173.6
32172.6
32171.6
32170.6
32169.5
32168.5
32167.5
32166.4
32165.4
32164.4
32163.4
32162.3
32161.3
32160.3
32159.2
32158.2
32157.2
32156.2
32155.1
32154.1
32153.1
32152
32151
32150
32148.9
32147.9
32146.9
32145.9
32144.8
32143.8
32142.8
32141.7
32140.7
32139.7
32138.6
32137.6
32136.6
32135.5
32134.5
32133.5
32132.4
32131.4
32130.4
32129.3
32128.3
32127.2
32126.2
32125.2
32124.1
32123.1
32122.1
32121
32120
32119
32117.9
32116.9
32115.8
32114.8
32113.8
32112.7
32111.7
32110.6
32109.6
32108.6
32107.5
32106.5
32105.4
32104.4
32103.4
32102.3
32101.3
32100.2
32099.2
32098.2
32097.1
32096.1
32095
32094
32092.9
32091.9
32090.9
32089.8
32088.8
32087.7
32086.7
32085.6
32084.6
32083.5
32082.5
32081.5
32080.4
32079.4
32078.3
32077.3
32076.2
32075.2
32074.1
32073.1
32072
32071
32069.9
32068.9
32067.9
32066.8
32065.8
32064.7
32063.7
32062.6
32061.6
32060.5
32059.5
32058.4
32057.4
32056.3
32055.3
32054.2
32053.2
32052.1
32051.1
32050
32048.9
32047.9
32046.8
32045.8
32044.7
32043.7
32042.6
32041.6
32040.5
32039.5
32038.4
32037.4
32036.3
32035.3
32034.2
32033.1
32032.1
32031
32030
32028.9
32027.9
32026.8
32025.8
32024.7
32023.6
32022.6
32021.5
32020.5
32019.4
32018.4
32017.3
32016.2
32015.2
32014.1
32013.1
32012
32010.9
32009.9
32008.8
32007.8
32006.7
32005.6
32004.6
32003.5
32002.5
32001.4
32000.3
31999.3
31998.2
31997.2
31996.1
31995
31994
31992.9
31991.8
31990.8
31989.7
31988.6
31987.6
31986.5
31985.5
31984.4
31983.3
31982.3
31981.2
31980.1
31979.1
31978
31976.9
31975.9
31974.8
31973.7
31972.7
31971.6
31970.5
31969.5
31968.4
31967.3
31966.3
31965.2
31964.1
31963.1
31962
31960.9
31959.8
31958.8
31957.7
31956.6
31955.6
31954.5
31953.4
31952.4
31951.3
31950.2
31949.1
31948.1
31947
31945.9
31944.9
31943.8
31942.7
31941.6
31940.6
31939.5
31938.4
31937.3
31936.3
31935.2
31934.1
31933
31932
31930.9
31929.8
31928.7
31927.7
31926.6
31925.5
31924.4
31923.4
31922.3
31921.2
31920.1
31919.1
31918
31916.9
31915.8
31914.8
31913.7
31912.6
31911.5
31910.4
31909.4
31908.3
31907.2
31906.1
31905
31904
31902.9
31901.8
31900.7
31899.6
31898.6
31897.5
31896.4
31895.3
31894.2
31893.2
31892.1
31891
31889.9
31888.8
31887.7
31886.7
31885.6
31884.5
31883.4
31882.3
31881.2
31880.2
31879.1
31878
31876.9
31875.8
31874.7
31873.7
31872.6
31871.5
31870.4
31869.3
31868.2
31867.1
31866.1
31865
31863.9
31862.8
31861.7
31860.6
31859.5
31858.4
31857.4
31856.3
31855.2
31854.1
31853
31851.9
31850.8
31849.7
31848.6
31847.6
31846.5
31845.4
31844.3
31843.2
31842.1
31841
31839.9
31838.8
31837.7
31836.7
31835.6
31834.5
31833.4
31832.3
31831.2
31830.1
31829
31827.9
31826.8
31825.7
31824.6
31823.5
31822.4
31821.4
31820.3
31819.2
31818.1
31817
31815.9
31814.8
31813.7
31812.6
31811.5
31810.4
31809.3
31808.2
31807.1
31806
31804.9
31803.8
31802.7
31801.6
31800.5
31799.4
31798.3
31797.2
31796.1
31795
31793.9
31792.8
31791.7
31790.6
31789.5
31788.5
31787.4
31786.3
31785.2
31784.1
31783
31781.9
31780.7
31779.6
31778.5
31777.4
31776.3
31775.2
31774.1
31773
31771.9
31770.8
31769.7
31768.6
31767.5
31766.4
31765.3
31764.2
31763.1
31762
31760.9
31759.8
31758.7
31757.6
31756.5
31755.4
31754.3
31753.2
31752.1
31751
31749.9
31748.8
31747.7
31746.5
31745.4
31744.3
31743.2
31742.1
31741
31739.9
31738.8
31737.7
31736.6
31735.5
31734.4
31733.3
31732.2
31731
31729.9
31728.8
31727.7
31726.6
31725.5
31724.4
31723.3
31722.2
31721.1
31720
31718.8
31717.7
31716.6
31715.5
31714.4
31713.3
31712.2
31711.1
31710
31708.9
31707.7
31706.6
31705.5
31704.4
31703.3
31702.2
31701.1
31700
31698.8
31697.7
31696.6
31695.5
31694.4
31693.3
31692.2
31691.1
31689.9
31688.8
31687.7
31686.6
31685.5
31684.4
31683.3
31682.1
31681
31679.9
31678.8
31677.7
31676.6
31675.4
31674.3
31673.2
31672.1
31671
31669.9
31668.8
31667.6
31666.5
31665.4
31664.3
31663.2
31662.1
31660.9
31659.8
31658.7
31657.6
31656.5
31655.3
31654.2
31653.1
31652
31650.9
31649.8
31648.6
31647.5
31646.4
31645.3
31644.2
31643
31641.9
31640.8
31639.7
31638.6
31637.4
31636.3
31635.2
31634.1
31633
31631.8
31630.7
31629.6
31628.5
31627.4
31626.2
31625.1
31624
31622.9
31621.8
31620.6
31619.5
31618.4
31617.3
31616.1
31615
31613.9
31612.8
31611.7
31610.5
31609.4
31608.3
31607.2
31606
31604.9
31603.8
31602.7
31601.5
31600.4
31599.3
31598.2
31597.1
31595.9
31594.8
31593.7
31592.6
31591.4
31590.3
31589.2
31588.1
31586.9
31585.8
31584.7
31583.6
31582.4
31581.3
31580.2
31579.1
31577.9
31576.8
31575.7
31574.6
31573.4
31572.3
31571.2
31570.1
31568.9
31567.8
31566.7
31565.6
31564.4
31563.3
31562.2
31561.1
31559.9
31558.8
31557.7
31556.6
31555.4
31554.3
31553.2
31552
31550.9
31549.8
31548.7
31547.5
31546.4
31545.3
31544.2
31543
31541.9
31540.8
31539.7
31538.5
31537.4
31536.3
31535.1
31534
31532.9
31531.8
31530.6
31529.5
31528.4
31527.3
31526.1
31525
31523.9
31522.7
31521.6
31520.5
31519.4
31518.2
31517.1
31516
31514.9
31513.7
31512.6
31511.5
31510.4
31509.2
31508.1
31507
31505.8
31504.7
31503.6
31502.5
31501.3
31500.2
31499.1
31498
31496.8
31495.7
31494.6
31493.4
31492.3
31491.2
31490.1
31488.9
31487.8
31486.7
31485.6
31484.4
31483.3
31482.2
31481.1
31479.9
31478.8
31477.7
31476.6
31475.4
31474.3
31473.2
31472.1
31470.9
31469.8
31468.7
31467.5
31466.4
31465.3
31464.2
31463
31461.9
31460.8
31459.7
31458.5
31457.4
31456.3
31455.2
31454
31452.9
31451.8
31450.7
31449.6
31448.4
31447.3
31446.2
31445.1
31443.9
31442.8
31441.7
31440.6
31439.4
31438.3
31437.2
31436.1
31434.9
31433.8
31432.7
31431.6
31430.5
31429.3
31428.2
31427.1
31426
31424.8
31423.7
31422.6
31421.5
31420.4
31419.2
31418.1
31417
31415.9
31414.8
31413.6
31412.5
31411.4
31410.3
31409.2
31408
31406.9
31405.8
31404.7
31403.6
31402.4
31401.3
31400.2
31399.1
31398
31396.8
31395.7
31394.6
31393.5
31392.4
31391.2
31390.1
31389
31387.9
31386.8
31385.6
31384.5
31383.4
31382.3
31381.2
31380.1
31378.9
31377.8
31376.7
31375.6
31374.5
31373.4
31372.2
31371.1
31370
31368.9
31367.8
31366.6
31365.5
31364.4
31363.3
31362.2
31361.1
31359.9
31358.8
31357.7
31356.6
31355.5
31354.3
31353.2
31352.1
31351
31349.9
31348.8
31347.6
31346.5
31345.4
31344.3
31343.2
31342
31340.9
31339.8
31338.7
31337.5
31336.4
31335.3
31334.2
31333
31331.9
31330.8
31329.7
31328.5
31327.4
31326.3
31325.2
31324
31322.9
31321.8
31320.6
31319.5
31318.4
31317.2
31316.1
31315
31313.8
31312.7
31311.5
31310.4
31309.2
31308.1
31307
31305.8
31304.7
31303.5
31302.3
31301.2
31300
31298.9
31297.7
31296.5
31295.4
31294.2
31293
31291.9
31290.7
31289.5
31288.3
31287.1
31285.9
31284.8
31283.6
31282.4
31281.1
31279.9
31278.7
31277.5
31276.3
31275.1
31273.8
31272.6
31271.4
31270.1
31268.9
31267.6
31266.3
31265.1
31263.8
31262.5
31261.2
31259.9
31258.6
31257.3
31256
31254.7
31253.3
31252
31250.6
31249.3
31247.9
31246.5
31245.1
31243.7
31242.3
31240.9
31239.4
31238
31236.5
31235.1
31233.6
31232.1
31230.6
31229.1
31227.5
31226
31224.4
31222.8
31221.2
31219.6
31218
31216.3
31214.6
31213
31211.3
31209.5
31207.8
31206
31204.3
31202.5
31200.6
31198.8
31197
31195.1
31193.2
31191.2
31189.3
31187.3
31185.3
31183.3
31181.3
31179.2
31177.1
31175
31172.8
31170.7
31168.5
31166.3
31164
31161.7
31159.4
31157.1
31154.7
31152.4
31149.9
31147.5
31145
31142.5
31140
31137.5
31134.9
31132.3
31129.6
31127
31124.3
31121.5
31118.8
31116
31113.2
31110.4
31107.5
31104.6
31101.7
31098.7
31095.7
31092.7
31089.7
31086.6
31083.6
31080.4
31077.3
31074.1
31071
31067.8
31064.5
31061.3
31058
31054.7
31051.3
31048
31044.6
31041.2
31037.8
31034.4
31030.9
31027.5
31024
31020.5
31017
31013.4
31009.9
31006.3
31002.7
30999.1
30995.5
30991.9
30988.3
30984.6
30981
30977.3
30973.6
30969.9
30966.2
30962.6
30958.8
30955.1
30951.4
30947.7
30944
30940.3
30936.5
30932.8
30929.1
30925.3
30921.6
30917.8
30914.1
30910.4
30906.6
30902.9
30899.2
30895.5
30891.7
30888
30884.3
30880.6
30876.9
30873.2
30869.5
30865.8
30862.1
30858.5
30854.8
30851.2
30847.5
30843.9
30840.2
30836.6
30833
30829.4
30825.8
30822.3
30818.7
30815.2
30811.6
30808.1
30804.6
30801.1
30797.6
30794.1
30790.7
30787.2
30783.8
30780.4
30777
30773.6
30770.2
30766.9
30763.5
30760.2
30756.9
30753.6
30750.3
30747.1
30743.8
30740.6
30737.4
30734.2
30731
30727.9
30724.8
30721.6
30718.5
30715.5
30712.4
30709.4
30706.3
30703.3
30700.3
30697.4
30694.4
30691.5
30688.6
30685.7
30682.8
30680
30677.2
30674.4
30671.6
30668.8
30666.1
30663.4
30660.7
30658
30655.3
30652.7
30650.1
30647.5
30644.9
30642.4
30639.8
30637.3
30634.8
30632.4
30630
30627.5
30625.1
30622.8
30620.4
30618.1
30615.8
30613.5
30611.3
30609
30606.8
30604.6
30602.5
30600.3
30598.2
30596.1
30594.1
30592
30590
30588
30586
30584.1
30582.1
30580.2
30578.4
30576.5
30574.7
30572.9
30571.1
30569.3
30567.6
30565.8
30564.1
30562.5
30560.8
30559.2
30557.6
30556
30554.5
30552.9
30551.4
30549.9
30548.5
30547
30545.6
30544.2
30542.8
30541.5
30540.2
30538.9
30537.6
30536.3
30535.1
30533.8
30532.6
30531.5
30530.3
30529.2
30528.1
30527
30525.9
30524.8
30523.8
30522.8
30521.8
30520.8
30519.9
30518.9
30518
30517.1
30516.2
30515.4
30514.5
30513.7
30512.9
30512.1
30511.3
30510.6
30509.9
30509.1
30508.4
30507.7
30507.1
30506.4
30505.8
30505.2
30504.5
30504
30503.4
30502.8
30502.3
30501.7
30501.2
30500.7
30500.2
30499.7
30499.3
30498.8
30498.4
30497.9
30497.5
30497.1
30496.7
30496.3
30495.9
30495.6
30495.2
30494.9
30494.6
30494.2
30493.9
30493.6
30493.3
30493.1
30492.8
30492.5
30492.3
30492
30491.8
30491.5
30491.3
30491.1
30490.9
30490.7
30490.5
30490.3
30490.1
30489.9
30489.8
30489.6
30489.5
30489.3
30489.2
30489
30488.9
30488.8
30488.6
30488.5
30488.4
30488.3
30488.2
30488.1
30488
30487.9
30487.8
30487.7
30487.6
30487.5
30487.5
30487.4
30487.3
30487.2
30487.2
30487.1
30487.1
30487
30486.9
30486.9
30486.8
30486.8
30486.8
30486.7
30486.7
30486.6
30486.6
30486.6
30486.5
30486.5
30486.5
30486.4
30486.4
30486.4
30486.4
30486.3
30486.3
30486.3
30486.3
30486.3
30486.2
30486.2
30486.2
30486.2
30486.2
30486.2
30486.1
30486.1
30486.1
30486.1
30486.1
30486.1
30486.1
30486.1
30486.1
30486.1
30486.1
30486
30486
30486
30486
30486
30486
30486
30486
30486
30486
30486
30486
30486
30486
30486
30486
30486
30486
30486
30486
30486
30486
30486
30486
30486
30486
30486
30486
30486
30486
30486
30486
30486
30486
30486
30486
30486
30486
30486
30486
30486
30486
30486
30486
30486
30486
30486
30486
30486
30486
30486
30486
30486
30486
30486
30486
30486
30486
30486
30486
30486
30486
30486
30486
30486
30486
30486
30486
30486
30486
30486
30486
30486
30486
30486
30486
30486
30486
30486
30486
30486
30486
30486
30486
30486
30486
30486
30486
30486
30486
30486
30486
30486
30486
30486
30486
30486
30486
30486
30486
30486
30486
30486
30486
30486
30486
30486
30486
30486
30486
30486
30486
30486
30486
30486
30486
30486
30486
30486
30486
30486
30486
30486
30486
30486
30486
30486
30486
30486
30486
30486
30486
30486
30486
30486
30486
30486
30486
30486
30486
30486
30486
30486
30486
30486
30486
30486
30486
30486
30486
30486
30486
30486
30486
30486
30486
30486
30486
30486
30486
30486
30486
30486
30486
30486
30486
30486
30486
30486
30486
30486
30486
30486
30486
30486
30486
30486
30486
30486
30486
30486
30486
30486
30486
30486
30486
30486
30486
30486
30486
30486
30486
30486
30486
30486
30486
30486
30486
30486
30486
30486
30486
30486
30486
30486
30486
30486
30486
30486
30486
30486
30486
30486
30486
30486
30486
30486
30486
30486
30486
30486
30486
30486
30486
30486
30486
30486
30486
30486
30486
30486
30486
30486
30486
30486
30486
30486
30486
30486
30486
30486
30486
30486
30486
30486
30486
30486
30486
30486
30486
30486
30486
30486
30486
30486
30486
30486
30486
30486
30486
30486
30486
30486
30486
30486
30486
30486
30486
30486
30486
30486
30486
30486
30486
30486
30486
30486
30486
30486
30486
30486
30486
30486
30486
30486
30486
30486
30486
30486
30486
30486
30486
30486
30486
30486
30486
30486
30486
30486
30486
30486
30486
30486
30486
30486
30486
30486
30486
30486
30486
30486
30486
30486
30486
30486
30486
30486
30486
30486
30486
30486
30486
30486
30486
30486
30486
30486
30486
30486
30486
30486
30486
30486
30486
30486
30486
30486
30486
30486
30486
30486
30486
30486
30486
30486
30486
30486
30486
30486
30486
30486
30486
30486
30486
30486
30486
30486
30486
30486
30486
30486
30486
30486
30486
30486
30486
30486
30486
30486
30486
30486
30486
30486
30486
30486
30486
30486
30486
30486
30486
30486
30486
30486
30486
30486
30486
30486
30486
30486
30486
30486
30486
30486
30486
30486
30486
30486
30486
30486
30486
30486
30486
30486
30486
30486
30486
30486
30486
30486
30486
30486
30486
30486
30486
30486
30486
30486
30486
30486
30486
30486
30486
30486
30486
30486
30486
30486
30486
30486
30486
30486
30486
30486
30486
30486
30486
30486
30486
30486
30486
30486
30486
30486
30486
30486
30486
30486
30486
30486
30486
30486
30486
30486
30486
30486
30486
30486
30486
30486
30486
30486
30486
30486
30486
30486
30486
30486
30486
30486
30486
30486
30486
30486
30486
30486
30486
30486
30486
30486
30486
30486
30486
30486
30486
30486
30486
30486
30486
30486
30486
30486
30486
30486
30486
30486
30486
30486
30486
30486
30486
30486
30486
30486
30486
30486
30486
30486
30486
30486
30486
30486
30486
30486
30486
30486
30486
30486
30486
30486
30486
30486
30486
30486
30486
30486
30486
30486
30486
30486
30486
30486
30486
30486
30486
30486
30486
30486
30486
30486
30486
30486
30486
30486
30486
30486
30486
30486
30486
30486
30486
30486
30486
30486
30486
30486
30486
30486
30486
30486
30486
30486
30486
30486
30486
30486
30486
30486
30486
30486
30486
30486
30486
30486
30486
30486
30486
30486
30486
30486
30486
30486
30486
30486
30486
30486
30486
30486
30486
30486
30486
30486
30486
30486
30486
30486
30486
30486
30486
30486
30486
30486
30486
30486
30486
30486
30486
30486
30486
30486
30486
30486
30486
30485.9
30485.9
30485.9
30485.9
30485.9
30485.9
30485.9
30485.9
30485.9
30485.9
30485.9
30485.9
30485.9
30485.9
30485.9
30485.9
30485.9
30485.9
30485.9
30485.9
30485.9
30485.9
30485.9
30485.9
30485.9
30485.9
30485.9
30485.9
30485.9
30485.9
30485.9
30485.9
30485.9
30485.9
30485.9
30485.9
30485.9
30485.9
30485.9
30485.9
30485.9
30485.9
30485.9
30485.9
30485.9
30485.9
30485.9
30485.9
30485.9
30485.9
30485.9
30485.9
30485.9
30485.9
30485.9
30485.9
30485.9
30485.9
30485.9
30485.9
30485.9
30485.9
30485.9
30485.9
30485.9
30485.9
30485.9
30485.9
30485.9
30485.9
30485.9
30485.9
30485.9
30485.9
30485.9
30485.9
30485.9
30485.9
30485.9
30485.9
30485.9
30485.9
30485.9
30485.9
30485.9
30485.9
30485.9
30485.9
30485.9
30485.9
30485.9
30485.9
30485.9
30485.9
30485.9
30485.9
30485.9
30485.9
30485.9
30485.9
30485.9
30485.9
30485.9
30485.9
30485.9
30485.9
30485.9
30485.9
30485.9
30485.9
30485.9
30485.9
30485.9
30485.9
30485.9
30485.9
30485.9
30485.9
30485.9
30485.9
30485.9
30485.9
30485.9
30485.9
30485.9
30485.9
30485.9
30485.9
30485.9
30485.9
30485.9
30485.9
30485.9
30485.9
30485.9
30485.9
30485.9
30485.9
30485.9
30485.9
30485.9
30485.9
30485.9
30485.9
30485.9
30485.9
30485.9
30485.9
30485.9
30485.9
30485.9
30485.9
30485.9
30485.9
30485.9
30485.9
30485.9
30485.9
30485.9
30485.9
30485.9
30485.9
30485.9
30485.9
30485.9
30485.9
30485.9
30485.9
30485.9
30485.9
30485.9
30485.9
30485.9
30485.9
30485.9
30485.9
30485.9
30485.9
30485.9
30485.9
30485.9
30485.9
30485.9
30485.9
30485.9
30485.9
30485.9
30485.9
30485.9
30485.9
30485.9
30485.9
30485.9
30485.9
30485.9
30485.9
30485.9
30485.9
30485.9
30485.9
30485.9
30485.9
30485.9
30485.9
30485.9
30485.9
30485.9
30485.9
30485.9
30485.9
30485.9
30485.9
30485.9
30485.9
30485.9
30485.9
30485.9
30485.9
30485.9
30485.9
30485.9
30485.9
30485.9
30485.9
30485.9
30485.9
30485.9
30485.9
30485.9
30485.9
30485.9
30485.9
30485.9
30485.9
30485.9
30485.9
30485.9
30485.9
30485.9
30485.9
30485.9
30485.9
30485.9
30485.9
30485.9
30485.9
30485.9
30485.9
30485.9
30485.9
30485.9
30485.9
30485.9
30485.9
30485.9
30485.9
30485.9
30485.9
30485.9
30485.9
30485.9
30485.9
30485.9
30485.9
30485.9
30485.9
30485.9
30485.9
30485.9
30485.9
30485.9
30485.9
30485.9
30485.9
30485.9
30485.9
30485.9
30485.9
30485.9
30485.9
30485.9
30485.9
30485.9
30485.9
30485.9
30485.9
30485.9
30485.9
30485.9
30485.9
30485.9
30485.9
30485.9
30485.9
30485.9
30485.9
30485.9
30485.9
30485.9
30485.9
30485.9
30485.9
30485.9
30485.9
30485.9
30485.9
30485.9
30485.9
30485.9
30485.9
30485.9
30485.9
30485.9
30485.9
30485.9
30485.9
30485.9
30485.9
30485.9
30485.9
30485.9
30485.9
30485.9
30485.9
30485.9
30485.9
30485.9
30485.9
30485.9
30485.9
30485.9
30485.9
30485.9
30485.9
30485.9
30485.9
30485.9
30485.9
30485.9
30485.9
30485.9
30485.9
30485.9
30485.9
30485.9
30485.9
30485.9
30485.9
30485.9
30485.9
30485.9
30485.9
30485.9
30485.9
30485.9
30485.9
30485.9
30485.9
30485.9
30485.9
30485.9
30485.9
30485.9
30485.9
30485.9
30485.9
30485.9
30485.9
30485.9
30485.9
30485.9
30485.9
30485.9
30485.9
30485.9
30485.9
30485.9
30485.9
30485.9
30485.9
30485.9
30485.9
30485.9
30485.9
30485.9
30485.9
30485.9
30485.9
30485.9
30485.9
30485.9
30485.9
30485.9
30485.9
30485.9
30485.9
30485.9
30485.9
30485.9
30485.9
30485.9
30485.9
30485.9
30485.9
30485.9
30485.9
30485.9
30485.9
30485.9
30485.9
30485.9
30485.9
30485.9
30485.9
30485.9
30485.9
30485.9
30485.9
30485.9
30485.9
30485.9
30485.9
30485.9
30485.9
30485.9
30485.9
30485.9
30485.9
30485.9
30485.9
30485.9
30485.9
30485.9
30485.9
30485.9
30485.9
30485.9
30485.9
30485.9
30485.9
30485.9
30485.9
30485.9
30485.9
30485.9
30485.9
30485.9
30485.9
30485.9
30485.9
30485.9
30485.9
30485.9
30485.9
30485.9
30485.9
30485.9
30485.9
30485.9
30485.9
30485.9
30485.9
30485.9
30485.9
30485.9
30485.9
30485.9
30485.9
30485.9
30485.9
30485.9
30485.9
30485.9
30485.9
30485.9
30485.9
30485.9
30485.9
30485.9
30485.9
30485.9
30485.9
30485.9
30485.9
30485.9
30485.9
30485.9
30485.9
30485.9
30485.9
30485.9
30485.9
30485.9
30485.9
30485.9
30485.9
30485.9
30485.9
30485.9
30485.9
30485.9
30485.9
30485.9
30485.9
30485.9
30485.9
30485.9
30485.9
30485.9
30485.9
30485.9
30485.9
30485.9
30485.9
30485.9
30485.9
30485.9
30485.9
30485.9
30485.9
30485.9
30485.9
30485.9
30485.9
30485.9
30485.9
30485.9
30485.9
30485.9
30485.9
30485.9
30485.9
30485.9
30485.9
30485.9
30485.9
30485.9
30485.9
30485.9
30485.9
30485.9
30485.9
30485.9
30485.9
30485.9
30485.9
30485.9
30485.9
30485.9
30485.9
30485.9
30485.9
30485.9
30485.9
30485.9
30485.9
30485.9
30485.9
30485.9
30485.9
30485.9
30485.9
30485.9
30485.9
30485.9
30485.9
30485.9
30485.9
30485.9
30485.9
30485.9
30485.9
30485.9
30485.9
30485.9
30485.9
30485.9
30485.9
30485.9
30485.9
30485.9
30485.9
30485.9
30485.9
30485.9
30485.9
30485.9
30485.9
30485.9
30485.9
30485.9
30485.9
30485.9
30485.9
30485.9
30485.9
30485.9
30485.9
30485.9
30485.9
30485.9
30485.9
30485.9
30485.9
30485.9
30485.9
30485.9
30485.9
30485.9
30485.9
30485.9
30485.9
30485.9
30485.9
30485.9
30485.9
30485.9
30485.9
30485.9
30485.9
30485.9
30485.9
30485.9
30485.9
30485.9
30485.9
30485.9
30485.9
30485.9
30485.9
30485.9
30485.9
30485.9
30485.9
30485.9
30485.9
30485.9
30485.9
30485.9
30485.9
30485.9
30485.9
30485.9
30485.9
30485.9
30485.9
30485.9
30485.9
30485.9
30485.9
30485.9
30485.9
30485.9
30485.9
30485.9
30485.9
30485.9
30485.9
30485.9
30485.9
30485.9
30485.9
30485.9
30485.9
30485.9
30485.9
30485.9
30485.9
30485.9
30485.9
30485.9
30485.9
30485.9
30485.9
30485.9
30485.9
30485.9
30485.9
30485.9
30485.9
30485.9
30485.9
30485.9
30485.9
30485.9
30485.9
30485.9
30485.9
30485.9
30485.9
30485.9
30485.9
30485.9
30485.9
30485.9
30485.9
30485.9
30485.9
30485.9
30485.9
30485.9
30485.9
30485.9
30485.9
30485.9
30485.9
30485.9
30485.9
30485.9
30485.9
30485.9
30485.9
30485.9
30485.9
30485.9
30485.9
30485.9
30485.9
30485.9
30485.9
30485.9
30485.9
30485.9
30485.9
30485.9
30485.9
30485.9
30485.9
30485.9
30485.9
30485.9
30485.9
30485.9
30485.9
30485.9
30485.9
30485.9
30485.9
30485.9
30485.9
30485.9
30485.9
30485.9
30485.9
30485.9
30485.9
30485.9
30485.9
30485.9
30485.9
30485.9
30485.9
30485.9
30485.9
30485.9
30485.9
30485.9
30485.9
30485.9
30485.9
30485.9
30485.9
30485.9
30485.9
30485.9
30485.9
30485.9
30485.9
30485.9
30485.9
30485.9
30485.9
30485.9
30485.9
30485.9
30485.9
30485.9
30485.9
30485.9
30485.9
30485.9
30485.9
30485.9
30485.9
30485.9
30485.9
30485.9
30485.9
30485.9
30485.9
30485.9
30485.9
30485.9
30485.9
30485.9
30485.9
30485.9
30485.9
30485.9
30485.9
30485.9
30485.9
30485.9
30485.9
30485.9
30485.9
30485.9
30485.9
30485.9
30485.9
30485.9
30485.9
30485.9
30485.9
30485.9
30485.9
30485.9
30485.9
30485.9
30485.9
30485.9
30485.9
30485.9
30485.9
30485.9
30485.9
30485.9
30485.9
30485.9
30485.9
30485.9
30485.9
30485.9
30485.9
30485.9
30485.9
30485.9
30485.9
30485.9
30485.9
30485.9
30485.9
30485.9
30485.9
30485.9
30485.9
30485.9
30485.9
30485.9
30485.9
30485.9
30485.9
30485.9
30485.9
30485.9
30485.9
30485.9
30485.9
30485.9
30485.9
30485.9
30485.9
30485.9
30485.9
30485.9
30485.9
30485.9
30485.9
30485.9
30485.9
30485.9
30485.9
30485.9
30485.9
30485.9
30485.9
30485.9
30485.9
30485.9
30485.9
30485.9
30485.9
30485.9
30485.9
30485.9
30485.9
30485.9
30485.9
30485.9
30485.9
30485.9
30485.9
30485.9
30485.9
30485.9
30485.9
30485.9
30485.9
30485.9
30485.9
30485.9
30485.9
30485.9
30485.9
30485.9
30485.9
30485.9
30485.9
30485.9
30485.9
30485.9
30485.9
30485.9
30485.9
30485.9
30485.9
30485.9
30485.9
30485.9
30485.9
30485.9
30485.9
30485.9
30485.9
30485.9
30485.9
30485.9
30485.9
30485.9
30485.9
30485.9
30485.9
30485.9
30485.9
30485.9
30485.9
30485.9
30485.9
30485.9
30485.9
30485.9
30485.9
30485.9
30485.9
30485.9
30485.9
30485.9
30485.9
30485.9
30485.9
30485.9
30485.9
30485.9
30485.9
30485.9
30485.9
30485.9
30485.9
30485.9
30485.9
30485.9
30485.9
30485.9
30485.9
30485.9
30485.9
30485.9
30485.9
30485.9
30485.9
30485.9
30485.9
30485.9
30485.9
30485.9
30485.9
30485.9
30485.9
30485.9
30485.9
30485.9
30485.9
30485.9
30485.9
30485.9
30485.9
30485.9
30485.9
30485.9
30485.9
30485.9
30485.9
30485.9
30485.9
30485.9
30485.9
30485.9
30485.9
30485.9
30485.9
30485.9
30485.9
30485.9
30485.9
30485.9
30485.9
30485.9
30485.9
30485.9
30485.9
30485.9
30485.9
30485.9
30485.9
30485.9
30485.9
30485.9
30485.9
30485.9
30485.9
30485.9
30485.9
30485.9
30485.9
30485.9
30485.9
30485.9
30485.9
30485.9
30485.9
30485.9
30485.9
30485.9
30485.9
30485.9
30485.9
30485.9
30485.9
30485.9
30485.9
30485.9
30485.9
30485.9
30485.9
30485.9
30485.9
30485.9
30485.9
30485.9
30485.9
30485.9
30485.9
30485.9
30485.9
30485.9
30485.9
30485.9
30485.9
30485.9
30485.9
30485.9
30485.9
30485.9
30485.9
30485.9
30485.9
30485.9
30485.9
30485.9
30485.9
30485.9
30485.9
30485.9
30485.9
30485.9
30485.9
30485.9
30485.9
30485.9
30485.9
30485.9
30485.9
30485.9
30485.9
30485.9
30485.9
30485.9
30485.9
30485.9
30485.9
30485.9
30485.9
30485.9
30485.9
30485.9
30485.9
30485.9
30485.9
30485.9
30485.9
30485.9
30485.9
30485.9
30485.9
30485.9
30485.9
30485.9
30485.9
30485.9
30485.9
30485.9
30485.9
30485.9
30485.9
30485.9
30485.9
30485.9
30485.9
30485.9
30485.9
30485.9
30485.9
30485.9
30485.9
30485.9
30485.9
30485.9
30485.9
30485.9
30485.9
30485.9
30485.9
30485.9
30485.9
30485.9
30485.9
30485.9
30485.9
30485.9
30485.9
30485.9
30485.9
30485.9
30485.9
30485.9
30485.9
30485.9
30485.9
30485.9
30485.9
30485.9
30485.9
30485.9
30485.9
30485.9
30485.9
30485.9
30485.9
30485.9
30485.9
30485.9
30485.9
30485.9
30485.9
30485.9
30485.9
30485.9
30485.9
30485.9
30485.9
30485.9
30485.9
30485.9
30485.9
30485.9
30485.9
30485.9
30485.9
30485.9
30485.9
30485.9
30485.9
30485.9
30485.9
30485.9
30485.9
30485.9
30485.9
30485.9
30485.9
30485.9
30485.9
30485.9
30485.9
30485.9
30485.9
30485.9
30485.9
30485.9
30485.9
30485.9
30485.9
30485.9
30485.9
30485.9
30485.9
30485.9
30485.9
30485.9
30485.9
30485.9
30485.9
30485.9
30485.9
30485.9
30485.9
30485.9
30485.9
30485.9
30485.9
30485.9
30485.9
30485.9
30485.9
30485.9
30485.9
30485.9
30485.9
30485.9
30485.9
30485.9
30485.9
30485.9
30485.9
30485.9
30485.9
30485.9
30485.9
30485.9
30485.9
30485.9
30485.9
30485.9
30485.9
30485.9
30485.9
30485.9
30485.9
30485.9
30485.9
30485.9
30485.9
30485.9
30485.9
30485.9
30485.9
30485.9
30485.9
30485.9
30485.9
30485.9
30485.9
30485.9
30485.9
30485.9
30485.9
30485.9
30485.9
30485.9
30485.9
30485.9
30485.9
30485.9
30485.9
30485.9
30485.9
30485.9
30485.9
30485.9
30485.9
30485.9
30485.9
30485.9
30485.9
30485.9
30485.9
30485.9
30485.9
30485.9
30485.9
30485.9
30485.9
30485.9
30485.9
30485.9
30485.9
30485.9
30485.9
30485.9
30485.9
30485.9
30485.9
30485.9
30485.9
30485.9
30485.9
30485.9
30485.9
30485.9
30485.9
30485.9
30485.9
30485.9
30485.9
30485.9
30485.9
30485.9
30485.9
30485.9
30485.9
30485.9
30485.9
30485.9
30485.9
30485.9
30485.9
30485.9
30485.9
30485.9
30485.9
30485.9
30485.9
30485.9
30485.9
30485.9
30485.9
30485.9
30485.9
30485.9
30485.9
30485.9
30485.9
30485.9
30485.9
30485.9
30485.9
30485.9
30485.9
30485.9
30485.9
30485.9
30485.9
30485.9
30485.9
30485.9
30485.9
30485.9
30485.9
30485.9
30485.9
30485.9
30485.9
30485.9
30485.9
30485.9
30485.9
30485.9
30485.9
30485.9
30485.9
30485.9
30485.9
30485.9
30485.9
30485.9
30485.9
30485.9
30485.9
30485.9
30485.9
30485.9
30485.9
30485.9
30485.9
30485.9
30485.9
30485.9
30485.9
30485.9
30485.9
30485.9
30485.9
30485.9
30485.9
30485.9
30485.9
30485.9
30485.9
30485.9
30485.9
30485.9
30485.9
30485.9
30485.9
30485.9
30485.9
30485.9
30485.9
30485.9
30485.9
30485.9
30485.9
30485.9
30485.9
30485.9
30485.9
30485.9
30485.9
30485.9
30485.9
30485.9
30485.9
30485.9
30485.9
30485.9
30485.9
30485.9
30485.9
30485.9
30485.9
30485.9
30485.9
30485.9
30485.9
30485.9
30485.9
30485.9
30485.9
30485.9
30485.9
30485.9
30485.9
30485.9
30485.9
30485.9
30485.9
30485.9
30485.9
30485.9
30485.9
30485.9
30485.9
30485.9
30485.9
30485.9
30485.9
30485.9
30485.9
30485.9
30485.9
30485.9
30485.9
30485.9
30485.9
30485.9
30485.9
30485.9
30485.9
30485.9
30485.9
30485.9
30485.9
30485.9
30485.9
30485.9
30485.9
30485.9
30485.9
30485.9
30485.9
30485.9
30485.9
30485.9
30485.9
30485.9
30485.9
30485.9
30485.9
30485.9
30485.9
30485.9
30485.9
30485.9
30485.9
30485.9
30485.9
30485.9
30485.9
30485.9
30485.9
30485.9
30485.9
30485.9
30485.9
30485.9
30485.9
30485.9
30485.9
30485.9
30485.9
30485.9
30485.9
30485.9
30485.9
30485.9
30485.9
30485.9
30485.9
30485.9
30485.9
30485.9
30485.9
30485.9
30485.9
30485.9
30485.9
30485.9
30485.9
30485.9
30485.9
30485.9
30485.9
30485.9
30485.9
30485.9
30485.9
30485.9
30485.9
30485.9
30485.9
30485.9
30485.9
30485.9
30485.9
30485.9
30485.9
30485.9
30485.9
30485.9
30485.9
30485.9
30485.9
30485.9
30485.9
30485.9
30485.9
30485.9
30485.9
30485.9
30485.9
30485.9
30485.9
30485.9
30485.9
30485.9
30485.9
30485.9
30485.9
30485.9
30485.9
30485.9
30485.9
30485.9
30485.9
30485.9
30485.9
30485.9
30485.9
30485.9
30485.9
30485.9
30485.9
30485.9
30485.9
30485.9
30485.9
30485.9
30485.9
30485.9
30485.9
30485.9
30485.9
30485.9
30485.9
30485.9
30485.9
30485.9
30485.9
30485.9
30485.9
30485.9
30485.9
30485.9
30485.9
30485.9
30485.9
30485.9
30485.9
30485.9
30485.9
30485.9
30485.9
30485.9
30485.9
30485.9
30485.9
30485.9
30485.9
30485.9
30485.9
30485.9
30485.9
30485.9
30485.9
30485.9
30485.9
30485.9
30485.9
30485.9
30485.9
30485.9
30485.9
30485.9
30485.9
30485.9
30485.9
30485.9
30485.9
30485.9
30485.9
30485.9
30485.9
30485.9
30485.9
30485.9
30485.9
30485.9
30485.9
30485.9
30485.9
30485.9
30485.9
30485.9
30485.9
30485.9
30485.9
30485.9
30485.9
30485.9
30485.9
30485.9
30485.9
30485.9
30485.9
30485.9
30485.9
30485.9
30485.9
30485.9
30485.9
30485.9
30485.9
30485.9
30485.9
30485.9
30485.9
30485.9
30485.9
30485.9
30485.9
30485.9
30485.9
30485.9
30485.9
30485.9
30485.9
30485.9
30485.9
30485.9
30485.9
30485.9
30485.9
30485.9
30485.9
30485.9
30485.9
30485.9
30485.9
30485.9
30485.9
30485.9
30485.9
30485.9
30485.9
30485.9
30485.9
30485.9
30485.9
30485.9
30485.9
30485.9
30485.9
30485.9
30485.9
30485.9
30485.9
30485.9
30485.9
30485.9
30485.9
30485.9
30485.9
30485.9
30485.9
30485.9
30485.9
30485.9
30485.9
30485.9
30485.9
30485.9
30485.9
30485.9
30485.9
30485.9
30485.9
30485.9
30485.9
30485.9
30485.9
30485.9
30485.9
30485.9
30485.9
30485.9
30485.9
30485.9
30485.9
30485.9
30485.9
30485.9
30485.9
30485.9
30485.9
30485.9
30485.9
30485.9
30485.9
30485.9
30485.9
30485.9
30485.9
30485.9
30485.9
30485.9
30485.9
30485.9
30485.9
30485.9
30485.9
30485.9
30485.9
30485.9
30485.9
30485.9
30485.9
30485.9
30485.9
30485.9
30485.9
30485.9
30485.9
30485.9
30485.9
30485.9
30485.9
30485.9
30485.9
30485.9
30485.9
30485.9
30485.9
30485.9
30485.9
30485.9
30485.9
30485.9
30485.9
30485.9
30485.9
30485.9
30485.9
30485.9
30485.9
30485.9
30485.9
30485.9
30485.9
30485.9
30485.9
30485.9
30485.9
30485.9
30485.9
30485.9
30485.9
30485.9
30485.9
30485.9
30485.9
30485.9
30485.9
30485.9
30485.9
30485.9
30485.9
30485.9
30485.9
30485.9
30485.9
30485.9
30485.9
30485.9
30485.9
30485.9
30485.9
30485.9
30485.9
30485.9
30485.9
30485.9
30485.9
30485.9
30485.9
30485.9
30485.9
30485.9
30485.9
30485.9
30485.9
30485.9
30485.9
30485.9
30485.9
30485.9
30485.9
30485.9
30485.9
30485.9
30485.9
30485.9
30485.9
30485.9
30485.9
30485.9
30485.9
30485.9
30485.9
30485.9
30485.9
30485.9
30485.9
30485.9
30485.9
30485.9
30485.9
30485.9
30485.9
30485.9
30485.9
30485.9
30485.9
30485.9
30485.9
30485.9
30485.9
30485.9
30485.9
30485.9
30485.9
30485.9
30485.9
30485.9
30485.9
30485.9
30485.9
30485.9
30485.9
30485.9
30485.9
30485.9
30485.9
30485.9
30485.9
30485.9
30485.9
30485.9
30485.9
30485.9
30485.9
30485.9
30485.9
30485.9
30485.9
30485.9
30485.9
30485.9
30485.9
30485.9
30485.9
30485.9
30485.9
30485.9
30485.9
30485.9
30485.9
30485.9
30485.9
30485.9
30485.9
30485.9
30485.9
30485.9
30485.9
30485.9
30485.9
30485.9
30485.9
30485.9
30485.9
30485.9
30485.9
30485.9
30485.9
30485.9
30485.9
30485.9
30485.9
30485.9
30485.9
30485.9
30485.9
30485.9
30485.9
30485.9
30485.9
30485.9
30485.9
30485.9
30485.9
30485.9
30485.9
30485.9
30485.9
30485.9
30485.9
30485.9
30485.9
30485.9
30485.9
30485.9
30485.9
30485.9
30485.9
30485.9
30485.9
30485.9
30485.9
30485.9
30485.9
30485.9
30485.9
30485.9
30485.9
30485.9
30485.9
30485.9
30485.9
30485.9
30485.9
30485.9
30485.9
30485.9
30485.9
30485.9
30485.9
30485.9
30485.9
30485.9
30485.9
30485.9
30485.9
30485.9
30485.9
30485.9
30485.9
30485.9
30485.9
30485.9
30485.9
30485.9
30485.9
30485.9
30485.9
30485.9
30485.9
30485.9
30485.9
30485.9
30485.9
30485.9
30485.9
30485.9
30485.9
30485.9
30485.9
30485.9
30485.9
30485.9
30485.9
30485.9
30485.9
30485.9
30485.9
30485.9
30485.9
30485.9
30485.9
30485.9
30485.9
30485.9
30485.9
30485.9
30485.9
30485.9
30485.9
30485.9
30485.9
30485.9
30485.9
30485.9
30485.9
30485.9
30485.9
30485.9
30485.9
30485.9
30485.9
30485.9
30485.9
30485.9
30485.9
30485.9
30485.9
30485.9
30485.9
30485.9
30485.9
30485.9
30485.9
30485.9
30485.9
30485.9
30485.9
30485.9
30485.9
30485.9
30485.9
30485.9
30485.9
30485.9
30485.9
30485.9
30485.9
30485.9
30485.9
30485.9
30485.9
30485.9
30485.9
30485.9
30485.9
30485.9
30485.9
30485.9
30485.9
30485.9
30485.9
30485.9
30485.9
30485.9
30485.9
30485.9
30485.9
30485.9
30485.9
30485.9
30485.9
30485.9
30485.9
30485.9
30485.9
30485.9
30485.9
30485.9
30485.9
30485.9
30485.9
30485.9
30485.9
30485.9
30485.9
30485.9
30485.9
30485.9
30485.9
30485.9
30485.9
30485.9
30485.9
30485.9
30485.9
30485.9
30485.9
30485.9
30485.9
30485.9
30485.9
30485.9
30485.9
30485.9
30485.9
30485.9
30485.9
30485.9
30485.9
30485.9
30485.9
30485.9
30485.9
30485.9
30485.9
30485.9
30485.9
30485.9
30485.9
30485.9
30485.9
30485.9
30485.9
30485.9
30485.9
30485.9
30485.9
30485.9
30485.9
30485.9
30485.9
30485.9
30485.9
30485.9
30485.9
30485.9
30485.9
30485.9
30485.9
30485.9
30485.9
30485.9
30485.9
30485.9
30485.9
30485.9
30485.9
30485.9
30485.9
30485.9
30485.9
30485.9
30485.9
30485.9
30485.9
30485.9
30485.9
30485.9
30485.9
30485.9
30485.9
30485.9
30485.9
30485.9
30485.9
30485.9
30485.9
30485.9
30485.9
30485.9
30485.9
30485.9
30485.9
30485.9
30485.9
30485.9
30485.9
30485.9
30485.9
30485.9
30485.9
30485.9
30485.9
30485.9
30485.9
30485.9
30485.9
30485.9
30485.9
30485.9
30485.9
30485.9
30485.9
30485.9
30485.9
30485.9
30485.9
30485.9
30485.9
30485.9
30485.9
30485.9
30485.9
30485.9
30485.9
30485.9
30485.9
30485.9
30485.9
30485.9
30485.9
30485.9
30485.9
30485.9
30485.9
30485.9
30485.9
30485.9
30485.9
30485.9
30485.9
30485.9
30485.9
30485.9
30485.9
30485.9
30485.9
30485.9
30485.9
30485.9
30485.9
30485.9
30485.9
30485.9
30485.9
30485.9
30485.9
30485.9
30485.9
30485.9
30485.9
30485.9
30485.9
30485.9
30485.9
30485.9
30485.9
30485.9
30485.9
30485.9
30485.9
30485.9
30485.9
30485.9
30485.9
30485.9
30485.9
30485.9
30485.9
30485.9
30485.9
30485.9
30485.9
30485.9
30485.9
30485.9
30485.9
30485.9
30485.9
30485.9
30485.9
30485.9
30485.9
30485.9
30485.9
30485.9
30485.9
30485.9
30485.9
30485.9
30485.9
30485.9
30485.9
30485.9
30485.9
30485.9
30485.9
30485.9
30485.9
30485.9
30485.9
30485.9
30485.9
30485.9
30485.9
30485.9
30485.9
30485.9
30485.9
30485.9
30485.9
30485.9
30485.9
30485.9
30485.9
30485.9
30485.9
30485.9
30485.9
30485.9
30485.9
30485.9
30485.9
30485.9
30485.9
30485.9
30485.9
30485.9
30485.9
30485.9
30485.9
30485.9
30485.9
30485.9
30485.9
30485.9
30485.9
30485.9
30485.9
30485.9
30485.9
30485.9
30485.9
30485.9
30485.9
30485.9
30485.9
30485.9
30485.9
30485.9
30485.9
30485.9
30485.9
30485.9
30485.9
30485.9
30485.9
30485.9
30485.9
30485.9
30485.9
30485.9
30485.9
30485.9
30485.9
30485.9
30485.9
30485.9
30485.9
30485.9
30485.9
30485.9
30485.9
30485.9
30485.9
30485.9
30485.9
30485.9
30485.9
30485.9
30485.9
30485.9
30485.9
30485.9
30485.9
30485.9
30485.9
30485.9
30485.9
30485.9
30485.9
30485.9
30485.9
30485.9
30485.9
30485.9
30485.9
30485.9
30485.9
30485.9
30485.9
30485.9
30485.9
30485.9
30485.9
30485.9
30485.9
30485.9
30485.9
30485.9
30485.9
30485.9
30485.9
30485.9
30485.9
30485.9
30485.9
30485.9
30485.9
30485.9
30485.9
30485.9
30485.9
30485.9
30485.9
30485.9
30485.9
30485.9
30485.9
30485.9
30485.9
30485.9
30485.9
30485.9
30485.9
30485.9
30485.9
30485.9
30485.9
30485.9
30485.9
30485.9
30485.9
30485.9
30485.9
30485.9
30485.9
30485.9
30485.9
30485.9
30485.9
30485.9
30485.9
30485.9
30485.9
30485.9
30485.9
30485.9
30485.9
30485.9
30485.9
30485.9
30485.9
30485.9
30485.9
30485.9
30485.9
30485.9
30485.9
30485.9
30485.9
30485.9
30485.9
30485.9
30485.9
30485.9
30485.9
30485.9
30485.9
30485.9
30485.9
30485.9
30485.9
30485.9
30485.9
30485.9
30485.9
30485.9
30485.9
30485.9
30485.9
30485.9
30485.9
30485.9
30485.9
30485.9
30485.9
30485.9
30485.9
30485.9
30485.9
30485.9
30485.9
30485.9
30485.9
30485.9
30485.9
30485.9
30485.9
30485.9
30485.9
30485.9
30485.9
30485.9
30485.9
30485.9
30485.9
30485.9
30485.9
30485.9
30485.9
30485.9
30485.9
30485.9
30485.9
30485.9
30485.9
30485.9
30485.9
30485.9
30485.9
30485.9
30485.9
30485.9
30485.9
30485.9
30485.9
30485.9
30485.9
30485.9
30485.9
30485.9
30485.9
30485.9
30485.9
30485.9
30485.9
30485.9
30485.9
30485.9
30485.9
30485.9
30485.9
30485.9
30485.9
30485.9
30485.9
30485.9
30485.9
30485.9
30485.9
30485.9
30485.9
30485.9
30485.9
30485.9
30485.9
30485.9
30485.9
30485.9
30485.9
30485.9
30485.9
30485.9
30485.9
30485.9
30485.9
30485.9
30485.9
30485.9
30485.9
30485.9
30485.9
30485.9
30485.9
30485.9
30485.9
30485.9
30485.9
30485.9
30485.9
30485.9
30485.9
30485.9
30485.9
30485.9
30485.9
30485.9
30485.9
30485.9
30485.9
30485.9
30485.9
30485.9
30485.9
30485.9
30485.9
30485.9
30485.9
30485.9
30485.9
30485.9
30485.9
30485.9
30485.9
30485.9
30485.9
30485.9
30485.9
30485.9
30485.9
30485.9
30485.9
30485.9
30485.9
30485.9
30485.9
30485.9
30485.9
30485.9
30485.9
30485.9
30485.9
30485.9
30485.9
30485.9
30485.9
30485.9
30485.9
30485.9
30485.9
30485.9
30485.9
30485.9
30485.9
30485.9
30485.9
30485.9
30485.9
30485.9
30485.9
30485.9
30485.9
30485.9
30485.9
30485.9
30485.9
30485.9
30485.9
30485.9
30485.9
30485.9
30485.9
30485.9
30485.9
30485.9
30485.9
30485.9
30485.9
30485.9
30485.9
30485.9
30485.9
30485.9
30485.9
30485.9
30485.9
30485.9
30485.9
30485.9
30485.9
30485.9
30485.9
30485.9
30485.9
30485.9
30485.9
30485.9
30485.9
30485.9
30485.9
30485.9
30485.9
30485.9
30485.9
30485.9
30485.9
30485.9
30485.9
30485.9
30485.9
30485.9
30485.9
30485.9
30485.9
30485.9
30485.9
30485.9
30485.9
30485.9
30485.9
30485.9
30485.9
30485.9
30485.9
30485.9
30485.9
30485.9
30485.9
30485.9
30485.9
30485.9
30485.9
30485.9
30485.9
30485.9
30485.9
30485.9
30485.9
30485.9
30485.9
30485.9
30485.9
30485.9
30485.9
30485.9
30485.9
30485.9
30485.9
30485.9
30485.9
30485.9
30485.9
30485.9
30485.9
30485.9
30485.9
30485.9
30485.9
30485.9
30485.9
30485.9
30485.9
30485.9
30485.9
30485.9
30485.9
30485.9
30485.9
30485.9
30485.9
30485.9
30485.9
30485.9
30485.9
30485.9
30485.9
30485.9
30485.9
30485.9
30485.9
30485.9
30485.9
30485.9
30485.9
30485.9
30485.9
30485.9
30485.9
30485.9
30485.9
30485.9
30485.9
30485.9
30485.9
30485.9
30485.9
30485.9
30485.9
30485.9
30485.9
30485.9
30485.9
30485.9
30485.9
30485.9
30485.9
30485.9
30485.9
30485.9
30485.9
30485.9
30485.9
30485.9
30485.9
30485.9
30485.9
30485.9
30485.9
30485.9
30485.9
30485.9
30485.9
30485.9
30485.9
30485.9
30485.9
30485.9
30485.9
30485.9
30485.9
30485.9
30485.9
30485.9
30485.9
30485.9
30485.9
30485.9
30485.9
30485.9
30485.9
30485.9
30485.9
30485.9
30485.9
30485.9
30485.9
30485.9
30485.9
30485.9
30485.9
30485.9
30485.9
30485.9
30485.9
30485.9
30485.9
30485.9
30485.9
30485.9
30485.9
30485.9
30485.9
30485.9
30485.9
30485.9
30485.9
30485.9
30485.9
30485.9
30485.9
30485.9
30485.9
30485.9
30485.9
30485.9
30485.9
30485.9
30485.9
30485.9
30485.9
30485.9
30485.9
30485.9
30485.9
30485.9
30485.9
30485.9
30485.9
30485.9
30485.9
30485.9
30485.9
30485.9
30485.9
30485.9
30485.9
30485.9
30485.9
30485.9
30485.9
30485.9
30485.9
30485.9
30485.9
30485.9
30485.9
30485.9
30485.9
30485.9
30485.9
30485.9
30485.9
30485.9
30485.9
30485.9
30485.9
30485.9
30485.9
30485.9
30485.9
30485.9
30485.9
30485.9
30485.9
30485.9
30485.9
30485.9
30485.9
30485.9
30485.9
30485.9
30485.9
30485.9
30485.9
30485.9
30485.9
30485.9
30485.9
30485.9
30485.9
30485.9
30485.9
30485.9
30485.9
30485.9
30485.9
30485.9
30485.9
30485.9
30485.9
30485.9
30485.9
30485.9
30485.9
30485.9
30485.9
30485.9
30485.9
30485.9
30485.9
30485.9
30485.9
30485.9
30485.9
30485.9
30485.9
30485.9
30485.9
30485.9
30485.9
30485.9
30485.9
30485.9
30485.9
30485.9
30485.9
30485.9
30485.9
30485.9
30485.9
30485.9
30485.9
30485.9
30485.9
30485.9
30485.9
30485.9
30485.9
30485.9
30485.9
30485.9
30485.9
30485.9
30485.9
30485.9
30485.9
30485.9
30485.9
30485.9
30485.9
30485.9
30485.9
30485.9
30485.9
30485.9
30485.9
30485.9
30485.9
30485.9
30485.9
30485.9
30485.9
30485.9
30485.9
30485.9
30485.9
30485.9
30485.9
30485.9
30485.9
30485.9
30485.9
30485.9
30485.9
30485.9
30485.9
30485.9
30485.9
30485.9
30485.9
30485.9
30485.9
30485.9
30485.9
30485.9
30485.9
30485.9
30485.9
30485.9
30485.9
30485.9
30485.9
30485.9
30485.9
30485.9
30485.9
30485.9
30485.9
30485.9
30485.9
30485.9
30485.9
30485.9
30485.9
30485.9
30485.9
30485.9
30485.9
30485.9
30485.9
30485.9
30485.9
30485.9
30485.9
30485.9
30485.9
30485.9
30485.9
30485.9
30485.9
30485.9
30485.9
30485.9
30485.9
30485.9
30485.9
30485.9
30485.9
30485.9
30485.9
30485.9
30485.9
30485.9
30485.9
30485.9
30485.9
30485.9
30485.9
30485.9
30485.9
30485.9
30485.9
30485.9
30485.9
30485.9
30485.9
30485.9
30485.9
30485.9
30485.9
30485.9
30485.9
30485.9
30485.9
30485.9
30485.9
30485.9
30485.9
30485.9
30485.9
30485.9
30485.9
30485.9
30485.9
30485.9
30485.9
30485.9
30485.9
30485.9
30485.9
30485.9
30485.9
30485.9
30485.9
30485.9
30485.9
30485.9
30485.9
30485.9
30485.9
30485.9
30485.9
30485.9
30485.9
30485.9
30485.9
30485.9
30485.9
30485.9
30485.9
30485.9
30485.9
30485.9
30485.9
30485.9
30485.9
30485.9
30485.9
30485.9
30485.9
30485.9
30485.9
30485.9
30485.9
30485.9
30485.9
30485.9
30485.9
30485.9
30485.9
30485.9
30485.9
30485.9
30485.9
30485.9
30485.9
30485.9
30485.9
30485.9
30485.9
30485.9
30485.9
30485.9
30485.9
30485.9
30485.9
30485.9
30485.9
30485.9
30485.9
30485.9
30485.9
30485.9
30485.9
30485.9
30485.9
30485.9
30485.9
30485.9
30485.9
30485.9
30485.9
30485.9
30485.9
30485.9
30485.9
30485.9
30485.9
30485.9
30485.9
30485.9
30485.9
30485.9
30485.9
30485.9
30485.9
30485.9
30485.9
30485.9
30485.9
30485.9
30485.9
30485.9
30485.9
30485.9
30485.9
30485.9
30485.9
30485.9
30485.9
30485.9
30485.9
30485.9
30485.9
30485.9
30485.9
30485.9
30485.9
30485.9
30485.9
30485.9
30485.9
30485.9
30485.9
30485.9
30485.9
30485.9
30485.9
30485.9
30485.9
30485.9
30485.9
30485.9
30485.9
30485.9
30485.9
30485.9
30485.9
30485.9
30485.9
30485.9
30485.9
30485.9
30485.9
30485.9
30485.9
30485.9
30485.9
30485.9
30485.9
30485.9
30485.9
30485.9
30485.9
30485.9
30485.9
30485.9
30485.9
30485.9
30485.9
30485.9
30485.9
30485.9
30485.9
30485.9
30485.9
30485.9
30485.9
30485.9
30485.9
30485.9
30485.9
30485.9
30485.9
30485.9
30485.9
30485.9
30485.9
30485.9
30485.9
30485.9
30485.9
30485.9
30485.9
30485.9
30485.9
30485.9
30485.9
30485.9
30485.9
30485.9
30485.9
30485.9
30485.9
30485.9
30485.9
30485.9
30485.9
30485.9
30485.9
30485.9
30485.9
30485.9
30485.9
30485.9
30485.9
30485.9
30485.9
30485.9
30485.9
30485.9
30485.9
30485.9
30485.9
30485.9
30485.9
30485.9
30485.9
30485.9
30485.9
30485.9
30485.9
30485.9
30485.9
30485.9
30485.9
30485.9
30485.9
30485.9
30485.9
30485.9
30485.9
30485.9
30485.9
30485.9
30485.9
30485.9
30485.9
30485.9
30485.9
30485.9
30485.9
30485.9
30485.9
30485.9
30485.9
30485.9
30485.9
30485.9
30485.9
30485.9
30485.9
30485.9
30485.9
30485.9
30485.9
30485.9
30485.9
30485.9
30485.9
30485.9
30485.9
30485.9
30485.9
30485.9
30485.9
30485.9
30485.9
30485.9
30485.9
30485.9
30485.9
30485.9
30485.9
30485.9
30485.9
30485.9
30485.9
30485.9
30485.9
30485.9
30485.9
30485.9
30485.9
30485.9
30485.9
30485.9
30485.9
30485.9
30485.9
30485.9
30485.9
30485.9
30485.9
30485.9
30485.9
30485.9
30485.9
30485.9
30485.9
30485.9
30485.9
30485.9
30485.9
30485.9
30485.9
30485.9
30485.9
30485.9
30485.9
30485.9
30485.9
30485.9
30485.9
30485.9
30485.9
30485.9
30485.9
30485.9
30485.9
30485.9
30485.9
30485.9
30485.9
30485.9
30485.9
30485.9
30485.9
30485.9
30485.9
30485.9
30485.9
30485.9
30485.9
30485.9
30485.9
30485.9
30485.9
30485.9
30485.9
30485.9
30485.9
30485.9
30485.9
30485.9
30485.9
30485.9
30485.9
30485.9
30485.9
30485.9
30485.9
30485.9
30485.9
30485.9
30485.9
30485.9
30485.9
30485.9
30485.9
30485.9
30485.9
30485.9
30485.9
30485.9
30485.9
30486
30486
30486
30486
30486
30486
30486
30486
30486
30486
30486
30486
30486
30486
30486
30486
30486
30486
30486
30486
30486
30486
30486
30486
30486
30486.1
30486.1
30486.1
30486.1
30486.1
30486.1
30486.1
30486.1
30486.1
30486.1
30486.1
30486.1
30486.1
30486.2
30486.2
30486.2
30486.2
30486.2
30486.2
30486.2
30486.2
30486.3
30486.3
30486.3
30486.3
30486.3
30486.3
30486.3
30486.4
30486.4
30486.4
30486.4
30486.4
30486.4
30486.5
30486.5
30486.5
30486.5
30486.6
30486.6
30486.6
30486.7
30486.7
30486.7
30486.7
30486.8
30486.8
30486.8
30486.9
30486.9
30486.9
30487
30487
30487
30487.1
30487.1
30487.1
30487.2
30487.3
30487.3
30487.3
30487.4
30487.4
30487.5
30487.6
30487.6
30487.6
30487.8
30487.8
30487.8
30487.9
30488
30488
30488.1
30488.3
30488.3
30488.3
30488.5
30488.5
30488.5
30488.7
30488.8
30488.8
30489
30489.2
30489.1
30489.3
30489.5
30489.4
30489.5
30489.8
30489.8
30489.9
30490.2
30490.3
30490.3
30490.6
30490.7
30490.7
30491
30491.3
30491.2
30491.4
30491.8
30491.8
30491.9
30492.3
30492.4
30492.3
30492.9
30493.1
30493
30493.4
30493.8
30493.8
30494
30494.6
30494.6
30494.6
30495.2
30495.5
30495.4
30496
30496.4
30496.3
30496.6
30497.5
30497.4
30497.5
30498.2
30498.6
30498.4
30499.3
30499.8
30499.7
30500.1
30501.1
30501.1
30501.3
30502.2
30502.6
30502.3
30503.5
30504.2
30503.9
30504.5
30505.8
30505.7
30506
30507.2
30507.6
30507.3
30508.8
30509.5
30509.4
30510.1
30511.7
30511.6
30511.8
30513.4
30514.1
30513.7
30515.4
30516.4
30516.2
30517
30519.1
30519
30519
30521.2
30522.2
30521.6
30523.3
30525
30524.8
30525.5
30528.1
30528.2
30527.9
30530.8
30532.1
30531.5
30533.1
30535.4
30535.1
30536
30538.9
30539.5
30539
30542.4
30544
30543.2
30545
30548.2
30547.9
30548.8
30552.2
30553
30552.3
30556.4
30558.4
30557.5
30559.5
30563.3
30562.9
30564.1
30568.3
30568.8
30568.3
30572.9
30575.2
30574.1
30577.4
30580.7
30580.3
30582.2
30587.5
30587.4
30587.6
30592.2
30594.6
30593.5
30598.8
30601.9
30600.8
30603.3
30608.9
30608.5
30610.2
30616.4
30616.8
30616.1
30622.6
30625.8
30624.2
30629.8
30633.6
30632.8
30635.5
30643.1
30642.7
30643.7
30650
30652.3
30651
30658.7
30662.8
30661.3
30665.9
30671.4
30671
30673.9
30682.3
30681.8
30682.6
30690.2
30693.9
30692
30700.4
30704.9
30703.7
30707.4
30716.9
30716.2
30717.9
30726.2
30728.8
30727
30737.1
30742
30739.8
30744.7
30753.9
30753.1
30755.8
30766.1
30766.5
30765.2
30776.1
30781.1
30778.4
30786.3
30793.4
30792.5
30796.4
30807.8
30807.2
30807.9
30818.2
30823.2
30820.5
30831.1
30837
30835.3
30839.9
30852
30851
30853
30863.4
30866.4
30864.2
30876.6
30882.6
30879.9
30886.1
30896.3
30895.2
30898.8
30911.1
30911.4
30910.2
30922.7
30928.4
30925.4
30935.4
30942.3
30940.8
30945.5
30958.5
30957.6
30958.9
30969.6
30974.7
30971.7
30983.8
30989.7
30987.9
30992.9
31005.5
31004.4
31006.5
31017.3
31020.3
31018
31030.7
31036.7
31034
31040.2
31051.1
31049.6
31052.7
31064.1
31065.9
31063.9
31076.6
31082.3
31079.3
31086.2
31095.4
31094.2
31097.8
31109.7
31109.6
31108.4
31120.4
31125.5
31122.3
31130.1
31138.4
31137.1
31140.4
31151.4
31151.7
31150.3
31161.9
31166.8
31163.9
31170.8
31178.6
31177.5
31180.7
31191.2
31191
31190
31200.5
31204.9
31202.1
31208.9
31215.8
31214.8
31217.9
31227.5
31227.1
31227
31235.5
31239.3
31237.1
31245.3
31249.7
31248.2
31251.6
31260.3
31259.4
31261
31268.3
31269.9
31268.4
31276.8
31280.6
31278.6
31283.2
31288.7
31287.9
31290.4
31297.9
31297.5
31297.5
31303.9
31306.8
31305.2
31311.4
31314.7
31313.6
31316.1
31322.5
31321.9
31323.1
31328.5
31329.6
31328.6
31334.6
31337.4
31336
31339.4
31343.2
31342.7
31344.5
31349.9
31349.6
31349.9
31354
31355.9
31354.9
31359.5
31361.9
31360.8
31363.2
31366.7
31366.2
31367.6
31372
31371.8
31371.6
31375.4
31377.1
31376.1
31379.6
31381.6
31380.8
31382.1
31385.6
31385.3
31386.1
31389.4
31389.6
31389.2
31392.1
31393.5
31392.8
31395.4
31396.9
31396.5
31397.6
31400
31399.7
31400.4
31402.9
31402.9
31402.7
31405.3
31406.3
31405.7
31407.2
31408.7
31408.4
31409.2
31411.4
31411.4
31411.1
31413.1
31413.7
31413.4
31414.9
31415
31415.6
31417.3
31417.1
31417.3
31418.7
31419.3
31418.9
31420.3
31421
31420.8
31421.3
31422.8
31422.5
31422.5
31423.8
31424.4
31424
31424.8
31425.5
31425.4
31425.8
31426.9
31426.9
31427
31427.8
31428
31427.8
31428.7
31429.1
31428.9
31429.6
31430
31429.9
31430.2
31431
31430.9
31431
31431.7
31431.7
31431.6
31432.3
31432.6
31432.5
31432.8
31433.2
31433.2
31433.3
31433.9
31433.8
31433.8
31434.3
31434.5
31434.4
31434.7
31434.9
31434.9
31435
31435.4
31435.4
31435.4
31435.8
31435.8
31435.8
31436.1
31436.2
31436.2
31436.4
31436.6
31436.5
31436.7
31436.9
31436.8
31436.9
31437.2
31437.1
31437.2
31437.4
31437.4
31437.4
31437.6
31437.7
31437.6
31437.7
31437.9
31437.9
31437.9
31438.1
31438.1
31438.1
31438.2
31438.3
31438.3
31438.3
31438.4
31438.4
31438.4
31438.5
31438.6
31438.6
31438.6
31438.7
31438.7
31438.7
31438.8
31438.8
31438.8
31438.9
31438.9
31438.9
31438.9
31439
31439
31439
31439.1
31439.1
31439.1
31439.1
31439.2
31439.2
31439.2
31439.2
31439.2
31439.2
31439.3
31439.3
31439.3
31439.3
31439.3
31439.3
31439.3
31439.4
31439.4
31439.4
31439.4
31439.4
31439.4
31439.4
31439.4
31439.4
31439.4
31439.5
31439.5
31439.5
31439.5
31439.5
31439.5
31439.5
31439.5
31439.5
31439.5
31439.5
31439.5
31439.5
31439.5
31439.5
31439.5
31439.5
31439.5
31439.5
31439.5
31439.5
31439.5
31439.5
31439.5
31439.5
31439.5
31439.5
31439.5
31439.5
31439.5
31439.5
31439.5
31439.5
31439.5
31439.5
31439.5
31439.5
31439.5
31439.5
31439.5
31439.5
31439.5
31439.5
31439.5
31439.5
31439.5
31439.5
31439.5
31439.5
31439.5
31439.5
31439.5
31439.5
31439.5
31439.5
31439.5
31439.5
31439.5
31439.5
31439.5
31439.5
31439.5
31439.5
31439.5
31439.5
31439.5
31439.5
31439.5
31439.5
31439.5
31439.5
31439.5
31439.5
31439.5
31439.5
31439.5
31439.5
31439.5
31439.5
31439.5
31439.5
31439.5
31439.5
31439.5
31439.5
31439.5
31439.5
31439.5
31439.5
31439.5
31439.5
31439.5
31439.5
31439.5
31439.5
31439.5
31439.5
31439.5
31439.5
31439.5
31439.5
31439.5
31439.5
31439.5
31439.5
31439.5
31439.5
31439.5
31439.5
31439.6
31439.6
31439.6
31439.6
31439.6
31439.6
31439.6
31439.6
31439.6
31439.6
31439.6
31439.6
31439.6
31439.6
31439.6
31439.6
31439.6
31439.6
31439.6
31439.6
31439.6
31439.7
31439.7
31439.7
31439.7
31439.7
31439.7
31439.7
31439.7
31439.7
31439.7
31439.7
31439.8
31439.8
31439.8
31439.8
31439.8
31439.8
31439.8
31439.8
31439.8
31439.8
31439.8
31439.9
31439.9
31439.9
31439.9
31439.9
31439.9
31439.9
31439.9
31440
31440
31440
31440
31440
31440
31440.1
31440.1
31440.1
31440.1
31440.1
31440.1
31440.2
31440.2
31440.2
31440.2
31440.2
31440.2
31440.3
31440.3
31440.3
31440.3
31440.3
31440.4
31440.4
31440.4
31440.4
31440.5
31440.5
31440.5
31440.5
31440.5
31440.6
31440.6
31440.6
31440.6
31440.7
31440.7
31440.7
31440.7
31440.8
31440.8
31440.8
31440.9
31440.8
31440.9
31440.9
31440.9
31441
31441
31441
31441
31441.1
31441.2
31441.2
31441.1
31441.2
31441.3
31441.3
31441.3
31441.3
31441.4
31441.4
31441.4
31441.4
31441.5
31441.6
31441.5
31441.5
31441.6
31441.7
31441.7
31441.7
31441.8
31441.8
31441.8
31441.8
31441.9
31441.9
31441.9
31441.9
31442
31442
31442
31442.1
31442.2
31442.2
31442.1
31442.2
31442.3
31442.3
31442.3
31442.3
31442.4
31442.4
31442.4
31442.5
31442.5
31442.5
31442.5
31442.6
31442.6
31442.6
31442.6
31442.7
31442.7
31442.7
31442.7
31442.8
31442.8
31442.8
31442.8
31442.9
31442.9
31442.9
31442.9
31443
31443
31443
31443
31443.1
31443.1
31443.1
31443.1
31443.1
31443.2
31443.1
31443.2
31443.2
31443.2
31443.2
31443.2
31443.3
31443.3
31443.3
31443.3
31443.3
31443.3
31443.3
31443.3
31443.3
31443.3
31443.3
31443.3
31443.3
31443.4
31443.3
31443.3
31443.3
31443.4
31443.4
31443.3
31443.3
31443.3
31443.3
31443.3
31443.3
31443.3
31443.3
31443.3
31443.3
31443.3
31443.3
31443.3
31443.3
31443.3
31443.3
31443.2
31443.2
31443.2
31443.2
31443.2
31443.1
31443.1
31443.1
31443.1
31443.1
31443.1
31443.1
31443
31443
31443
31443
31442.9
31442.9
31442.9
31442.9
31442.8
31442.8
31442.8
31442.8
31442.7
31442.7
31442.7
31442.7
31442.6
31442.5
31442.6
31442.5
31442.5
31442.5
31442.4
31442.3
31442.4
31442.3
31442.2
31442.3
31442.2
31442.1
31442.1
31442.1
31442
31442
31442
31442
31441.9
31441.9
31441.9
31441.8
31441.7
31441.7
31441.8
31441.6
31441.6
31441.6
31441.6
31441.5
31441.4
31441.4
31441.5
31441.4
31441.3
31441.3
31441.3
31441.2
31441.1
31441.1
31441.2
31441.1
31441
31441
31441
31441
31440.8
31440.8
31440.9
31440.8
31440.7
31440.7
31440.7
31440.7
31440.6
31440.6
31440.6
31440.5
31440.5
31440.5
31440.4
31440.4
31440.4
31440.3
31440.3
31440.3
31440.3
31440.2
31440.2
31440.2
31440.1
31440.1
31440.1
31440
31440
31440
31440
31439.9
31439.9
31439.9
31439.9
31439.9
31439.9
31439.8
31439.8
31439.8
31439.7
31439.7
31439.7
31439.7
31439.7
31439.7
31439.6
31439.6
31439.6
31439.6
31439.6
31439.6
31439.6
31439.5
31439.5
31439.5
31439.5
31439.5
31439.5
31439.5
31439.5
31439.4
31439.4
31439.4
31439.4
31439.4
31439.4
31439.4
31439.4
31439.4
31439.4
31439.4
31439.3
31439.3
31439.3
31439.3
31439.3
31439.3
31439.3
31439.3
31439.3
31439.3
31439.3
31439.3
31439.2
31439.2
31439.2
31439.2
31439.2
31439.2
31439.2
31439.2
31439.2
31439.2
31439.2
31439.2
31439.2
31439.2
31439.2
31439.2
31439.2
31439.2
31439.2
31439.2
31439.2
31439.2
31439.2
31439.1
31439.1
31439.1
31439.1
31439.1
31439.1
31439.1
31439.1
31439.1
31439.1
31439.1
31439.1
31439.1
31439.1
31439.1
31439.1
31439.1
31439.1
31439.1
31439.1
31439.1
31439.1
31439.1
31439.1
31439.1
31439.1
)
;

boundaryField
{
    sides
    {
        type            zeroGradient;
    }
    empty
    {
        type            empty;
    }
}


// ************************************************************************* //
