/*--------------------------------*- C++ -*----------------------------------*\
  =========                 |
  \\      /  F ield         | OpenFOAM: The Open Source CFD Toolbox
   \\    /   O peration     | Website:  https://openfoam.org
    \\  /    A nd           | Version:  9
     \\/     M anipulation  |
\*---------------------------------------------------------------------------*/
FoamFile
{
    format      ascii;
    class       volScalarField;
    location    "0.034";
    object      T;
}
// * * * * * * * * * * * * * * * * * * * * * * * * * * * * * * * * * * * * * //

dimensions      [0 0 0 1 0 0 0];

internalField   nonuniform List<scalar> 
10000
(
202.609
202.61
202.613
202.616
202.619
202.623
202.626
202.629
202.632
202.635
202.638
202.641
202.644
202.647
202.65
202.653
202.656
202.659
202.662
202.665
202.668
202.671
202.674
202.677
202.68
202.683
202.686
202.689
202.692
202.695
202.698
202.701
202.704
202.707
202.71
202.712
202.715
202.718
202.721
202.724
202.727
202.73
202.733
202.736
202.739
202.742
202.745
202.748
202.751
202.754
202.757
202.759
202.762
202.765
202.768
202.771
202.774
202.777
202.78
202.783
202.786
202.788
202.791
202.794
202.797
202.8
202.803
202.806
202.809
202.812
202.814
202.817
202.82
202.822
202.825
202.827
202.83
202.833
202.836
202.839
202.843
202.846
202.848
202.851
202.854
202.856
202.858
202.861
202.863
202.865
202.868
202.87
202.873
202.876
202.879
202.882
202.886
202.889
202.892
202.896
202.899
202.901
202.904
202.906
202.908
202.91
202.912
202.913
202.914
202.915
202.915
202.915
202.916
202.916
202.916
202.916
202.916
202.916
202.916
202.916
202.916
202.915
202.915
202.914
202.914
202.913
202.913
202.913
202.912
202.912
202.911
202.911
202.91
202.91
202.909
202.909
202.908
202.908
202.907
202.907
202.906
202.906
202.905
202.905
202.905
202.904
202.904
202.903
202.903
202.902
202.902
202.901
202.901
202.9
202.9
202.899
202.899
202.899
202.898
202.898
202.897
202.897
202.896
202.896
202.895
202.895
202.894
202.894
202.893
202.893
202.893
202.892
202.892
202.891
202.891
202.89
202.89
202.889
202.889
202.888
202.888
202.887
202.887
202.886
202.886
202.886
202.885
202.885
202.884
202.884
202.883
202.883
202.882
202.882
202.881
202.881
202.88
202.88
202.879
202.879
202.878
202.878
202.878
202.877
202.877
202.876
202.876
202.875
202.875
202.874
202.874
202.873
202.873
202.872
202.872
202.871
202.871
202.871
202.87
202.87
202.869
202.869
202.868
202.868
202.867
202.867
202.866
202.866
202.865
202.865
202.864
202.864
202.863
202.863
202.863
202.862
202.862
202.861
202.861
202.86
202.86
202.859
202.859
202.858
202.858
202.857
202.857
202.856
202.856
202.855
202.855
202.855
202.854
202.854
202.853
202.853
202.852
202.852
202.851
202.851
202.85
202.85
202.849
202.849
202.848
202.848
202.847
202.847
202.846
202.846
202.846
202.845
202.845
202.844
202.844
202.843
202.843
202.842
202.842
202.841
202.841
202.84
202.84
202.839
202.839
202.838
202.838
202.837
202.837
202.836
202.836
202.836
202.835
202.835
202.834
202.834
202.833
202.833
202.832
202.832
202.831
202.831
202.83
202.83
202.829
202.829
202.828
202.828
202.827
202.827
202.826
202.826
202.826
202.825
202.825
202.824
202.824
202.823
202.823
202.822
202.822
202.821
202.821
202.82
202.82
202.819
202.819
202.818
202.818
202.817
202.817
202.816
202.816
202.815
202.815
202.814
202.814
202.814
202.813
202.813
202.812
202.812
202.811
202.811
202.81
202.81
202.809
202.809
202.808
202.808
202.807
202.807
202.806
202.806
202.805
202.805
202.804
202.804
202.803
202.803
202.802
202.802
202.801
202.801
202.801
202.8
202.8
202.799
202.799
202.798
202.798
202.797
202.797
202.796
202.796
202.795
202.795
202.794
202.794
202.793
202.793
202.792
202.792
202.791
202.791
202.79
202.79
202.789
202.789
202.788
202.788
202.787
202.787
202.786
202.786
202.786
202.785
202.785
202.784
202.784
202.783
202.783
202.782
202.782
202.781
202.781
202.78
202.78
202.779
202.779
202.778
202.778
202.777
202.777
202.776
202.776
202.775
202.775
202.774
202.774
202.773
202.773
202.772
202.772
202.771
202.771
202.77
202.77
202.769
202.769
202.768
202.768
202.767
202.767
202.766
202.766
202.766
202.765
202.765
202.764
202.764
202.763
202.763
202.762
202.762
202.761
202.761
202.76
202.76
202.759
202.759
202.758
202.758
202.757
202.757
202.756
202.756
202.755
202.755
202.754
202.754
202.753
202.753
202.752
202.752
202.751
202.751
202.75
202.75
202.749
202.749
202.748
202.748
202.747
202.747
202.746
202.746
202.745
202.745
202.744
202.744
202.743
202.743
202.742
202.742
202.741
202.741
202.74
202.74
202.739
202.739
202.738
202.738
202.737
202.737
202.736
202.736
202.735
202.735
202.735
202.734
202.734
202.733
202.733
202.732
202.732
202.731
202.731
202.73
202.73
202.729
202.729
202.728
202.728
202.727
202.727
202.726
202.726
202.725
202.725
202.724
202.724
202.723
202.723
202.722
202.722
202.721
202.721
202.72
202.72
202.719
202.719
202.718
202.718
202.717
202.717
202.716
202.716
202.715
202.715
202.714
202.714
202.713
202.713
202.712
202.712
202.711
202.711
202.71
202.71
202.709
202.709
202.708
202.708
202.707
202.707
202.706
202.706
202.705
202.705
202.704
202.704
202.703
202.703
202.702
202.702
202.701
202.701
202.7
202.7
202.699
202.699
202.698
202.698
202.697
202.697
202.696
202.696
202.695
202.695
202.694
202.694
202.693
202.693
202.692
202.692
202.691
202.691
202.69
202.69
202.689
202.689
202.688
202.688
202.687
202.687
202.686
202.686
202.685
202.685
202.684
202.684
202.683
202.683
202.682
202.681
202.681
202.68
202.68
202.679
202.679
202.678
202.678
202.677
202.677
202.676
202.676
202.675
202.675
202.674
202.674
202.673
202.673
202.672
202.672
202.671
202.671
202.67
202.67
202.669
202.669
202.668
202.668
202.667
202.667
202.666
202.666
202.665
202.665
202.664
202.664
202.663
202.663
202.662
202.662
202.661
202.661
202.66
202.66
202.659
202.659
202.658
202.658
202.657
202.657
202.656
202.656
202.655
202.655
202.654
202.654
202.653
202.653
202.652
202.652
202.651
202.651
202.65
202.649
202.649
202.648
202.648
202.647
202.647
202.646
202.646
202.645
202.645
202.644
202.644
202.643
202.643
202.642
202.642
202.641
202.641
202.64
202.64
202.639
202.639
202.638
202.638
202.637
202.637
202.636
202.636
202.635
202.635
202.634
202.634
202.633
202.633
202.632
202.632
202.631
202.631
202.63
202.629
202.629
202.628
202.628
202.627
202.627
202.626
202.626
202.625
202.625
202.624
202.624
202.623
202.623
202.622
202.622
202.621
202.621
202.62
202.62
202.619
202.619
202.618
202.618
202.617
202.617
202.616
202.616
202.615
202.615
202.614
202.614
202.613
202.613
202.612
202.612
202.611
202.61
202.61
202.609
202.609
202.608
202.608
202.607
202.607
202.606
202.606
202.605
202.605
202.604
202.604
202.603
202.603
202.602
202.601
202.601
202.6
202.6
202.599
202.599
202.598
202.598
202.597
202.597
202.596
202.596
202.595
202.595
202.594
202.594
202.593
202.593
202.592
202.592
202.591
202.591
202.59
202.59
202.589
202.589
202.588
202.587
202.587
202.586
202.586
202.585
202.585
202.584
202.584
202.583
202.583
202.582
202.582
202.581
202.581
202.58
202.58
202.579
202.579
202.578
202.577
202.577
202.576
202.576
202.575
202.575
202.575
202.574
202.573
202.573
202.572
202.572
202.571
202.571
202.57
202.57
202.569
202.569
202.568
202.568
202.567
202.567
202.566
202.566
202.565
202.564
202.564
202.563
202.563
202.562
202.562
202.561
202.561
202.56
202.56
202.559
202.559
202.558
202.558
202.557
202.557
202.556
202.555
202.555
202.554
202.554
202.553
202.553
202.552
202.552
202.551
202.551
202.55
202.55
202.549
202.549
202.548
202.547
202.547
202.546
202.546
202.546
202.545
202.544
202.544
202.543
202.543
202.542
202.542
202.541
202.541
202.54
202.54
202.539
202.539
202.538
202.537
202.537
202.536
202.536
202.535
202.535
202.534
202.534
202.533
202.533
202.532
202.532
202.531
202.531
202.53
202.529
202.529
202.529
202.528
202.527
202.527
202.526
202.526
202.525
202.525
202.524
202.524
202.523
202.523
202.522
202.522
202.521
202.52
202.52
202.519
202.519
202.518
202.518
202.517
202.517
202.516
202.516
202.515
202.515
202.514
202.513
202.513
202.512
202.512
202.511
202.511
202.51
202.51
202.509
202.509
202.508
202.508
202.507
202.507
202.506
202.505
202.505
202.504
202.504
202.503
202.503
202.502
202.502
202.501
202.501
202.5
202.499
202.499
202.498
202.498
202.497
202.497
202.496
202.496
202.495
202.495
202.494
202.494
202.493
202.493
202.492
202.492
202.491
202.49
202.49
202.489
202.489
202.488
202.488
202.487
202.487
202.486
202.486
202.485
202.484
202.484
202.483
202.483
202.482
202.482
202.481
202.481
202.48
202.479
202.479
202.479
202.478
202.477
202.477
202.476
202.476
202.475
202.475
202.474
202.474
202.473
202.473
202.472
202.471
202.471
202.47
202.47
202.469
202.469
202.468
202.468
202.467
202.466
202.466
202.465
202.465
202.464
202.464
202.463
202.463
202.462
202.462
202.461
202.461
202.46
202.46
202.459
202.458
202.458
202.457
202.457
202.456
202.456
202.455
202.455
202.454
202.453
202.453
202.452
202.452
202.451
202.451
202.45
202.45
202.449
202.448
202.448
202.447
202.447
202.446
202.446
202.445
202.445
202.444
202.444
202.443
202.443
202.442
202.441
202.441
202.44
202.44
202.439
202.439
202.438
202.438
202.437
202.436
202.436
202.435
202.435
202.434
202.434
202.433
202.433
202.432
202.431
202.431
202.43
202.43
202.429
202.429
202.428
202.428
202.427
202.427
202.426
202.426
202.425
202.424
202.424
202.423
202.423
202.422
202.422
202.421
202.421
202.42
202.419
202.419
202.418
202.418
202.417
202.417
202.416
202.416
202.415
202.414
202.414
202.413
202.413
202.412
202.412
202.411
202.411
202.41
202.409
202.409
202.408
202.408
202.407
202.407
202.406
202.406
202.405
202.405
202.404
202.403
202.403
202.402
202.402
202.401
202.401
202.4
202.4
202.399
202.398
202.398
202.397
202.397
202.396
202.396
202.395
202.394
202.394
202.393
202.393
202.392
202.392
202.391
202.391
202.39
202.389
202.389
202.388
202.388
202.387
202.387
202.386
202.386
202.385
202.385
202.384
202.383
202.383
202.382
202.382
202.381
202.381
202.38
202.38
202.379
202.378
202.378
202.377
202.377
202.376
202.376
202.375
202.374
202.374
202.373
202.373
202.372
202.372
202.371
202.37
202.37
202.369
202.369
202.368
202.368
202.367
202.367
202.366
202.365
202.365
202.364
202.364
202.363
202.363
202.362
202.361
202.361
202.36
202.36
202.359
202.359
202.358
202.358
202.357
202.357
202.356
202.355
202.355
202.354
202.354
202.353
202.353
202.352
202.351
202.351
202.35
202.35
202.349
202.349
202.348
202.347
202.347
202.346
202.346
202.345
202.345
202.344
202.344
202.343
202.342
202.342
202.341
202.341
202.34
202.34
202.339
202.338
202.338
202.337
202.337
202.336
202.336
202.335
202.334
202.334
202.333
202.333
202.332
202.332
202.331
202.33
202.33
202.329
202.329
202.328
202.328
202.327
202.326
202.326
202.325
202.325
202.324
202.324
202.323
202.323
202.322
202.321
202.321
202.32
202.32
202.319
202.319
202.318
202.317
202.317
202.316
202.316
202.315
202.315
202.314
202.313
202.313
202.312
202.312
202.311
202.311
202.31
202.31
202.309
202.308
202.308
202.307
202.307
202.306
202.306
202.305
202.304
202.304
202.303
202.303
202.302
202.302
202.301
202.3
202.3
202.299
202.299
202.298
202.297
202.297
202.296
202.296
202.295
202.295
202.294
202.293
202.293
202.292
202.292
202.291
202.291
202.29
202.289
202.289
202.288
202.288
202.287
202.287
202.286
202.285
202.285
202.284
202.284
202.283
202.283
202.282
202.281
202.281
202.28
202.28
202.279
202.279
202.278
202.277
202.277
202.276
202.276
202.275
202.275
202.274
202.273
202.273
202.272
202.272
202.271
202.27
202.27
202.269
202.269
202.268
202.268
202.267
202.266
202.266
202.265
202.265
202.264
202.264
202.263
202.262
202.262
202.261
202.261
202.26
202.26
202.259
202.258
202.258
202.257
202.257
202.256
202.255
202.255
202.254
202.254
202.253
202.253
202.252
202.251
202.251
202.25
202.25
202.249
202.248
202.248
202.247
202.247
202.246
202.246
202.245
202.244
202.244
202.243
202.243
202.242
202.241
202.241
202.24
202.24
202.239
202.239
202.238
202.237
202.237
202.236
202.236
202.235
202.234
202.234
202.233
202.233
202.232
202.232
202.231
202.23
202.23
202.229
202.229
202.228
202.228
202.227
202.226
202.226
202.225
202.225
202.224
202.223
202.223
202.222
202.222
202.221
202.221
202.22
202.219
202.219
202.218
202.218
202.217
202.216
202.216
202.215
202.215
202.214
202.213
202.213
202.212
202.212
202.211
202.211
202.21
202.209
202.209
202.208
202.208
202.207
202.206
202.206
202.205
202.205
202.204
202.204
202.203
202.202
202.202
202.201
202.201
202.2
202.199
202.199
202.198
202.198
202.197
202.196
202.196
202.195
202.195
202.194
202.193
202.193
202.192
202.192
202.191
202.191
202.19
202.189
202.189
202.188
202.188
202.187
202.186
202.186
202.185
202.185
202.184
202.183
202.183
202.182
202.182
202.181
202.181
202.18
202.179
202.179
202.178
202.178
202.177
202.176
202.176
202.175
202.175
202.174
202.173
202.173
202.172
202.172
202.171
202.17
202.17
202.169
202.169
202.168
202.167
202.167
202.166
202.166
202.165
202.165
202.164
202.163
202.163
202.162
202.162
202.161
202.16
202.16
202.159
202.159
202.158
202.157
202.157
202.156
202.156
202.155
202.154
202.154
202.153
202.153
202.152
202.151
202.151
202.15
202.15
202.149
202.148
202.148
202.147
202.147
202.146
202.145
202.145
202.144
202.144
202.143
202.142
202.142
202.141
202.141
202.14
202.14
202.139
202.138
202.138
202.137
202.137
202.136
202.135
202.135
202.134
202.134
202.133
202.132
202.132
202.131
202.131
202.13
202.129
202.129
202.128
202.128
202.127
202.126
202.126
202.125
202.125
202.124
202.123
202.123
202.122
202.122
202.121
202.12
202.12
202.119
202.119
202.118
202.117
202.117
202.116
202.116
202.115
202.114
202.114
202.113
202.113
202.112
202.111
202.111
202.11
202.11
202.109
202.108
202.108
202.107
202.107
202.106
202.105
202.105
202.104
202.103
202.103
202.102
202.102
202.101
202.1
202.1
202.099
202.099
202.098
202.097
202.097
202.096
202.096
202.095
202.094
202.094
202.093
202.093
202.092
202.091
202.091
202.09
202.09
202.089
202.088
202.088
202.087
202.087
202.086
202.085
202.085
202.084
202.084
202.083
202.082
202.082
202.081
202.081
202.08
202.079
202.079
202.078
202.077
202.077
202.076
202.076
202.075
202.074
202.074
202.073
202.073
202.072
202.071
202.071
202.07
202.07
202.069
202.068
202.068
202.067
202.067
202.066
202.065
202.065
202.064
202.064
202.063
202.062
202.062
202.061
202.06
202.06
202.059
202.059
202.058
202.057
202.057
202.056
202.056
202.055
202.054
202.054
202.053
202.053
202.052
202.051
202.051
202.05
202.049
202.049
202.048
202.048
202.047
202.046
202.046
202.045
202.045
202.044
202.043
202.043
202.042
202.042
202.041
202.04
202.04
202.039
202.038
202.038
202.037
202.037
202.036
202.035
202.035
202.034
202.034
202.033
202.032
202.032
202.031
202.03
202.03
202.029
202.029
202.028
202.027
202.027
202.026
202.026
202.025
202.024
202.024
202.023
202.023
202.022
202.021
202.021
202.02
202.019
202.019
202.018
202.018
202.017
202.016
202.016
202.015
202.015
202.014
202.013
202.013
202.012
202.011
202.011
202.01
202.01
202.009
202.008
202.008
202.007
202.007
202.006
202.005
202.005
202.004
202.003
202.003
202.002
202.002
202.001
202
202
201.999
201.998
201.998
201.997
201.997
201.996
201.995
201.995
201.994
201.994
201.993
201.992
201.992
201.991
201.99
201.99
201.989
201.989
201.988
201.987
201.987
201.986
201.985
201.985
201.984
201.984
201.983
201.982
201.982
201.981
201.981
201.98
201.979
201.979
201.978
201.977
201.977
201.976
201.976
201.975
201.974
201.974
201.973
201.972
201.972
201.971
201.971
201.97
201.969
201.969
201.968
201.967
201.967
201.966
201.966
201.965
201.964
201.964
201.963
201.962
201.962
201.961
201.961
201.96
201.959
201.959
201.958
201.958
201.957
201.956
201.956
201.955
201.954
201.954
201.953
201.953
201.952
201.951
201.951
201.95
201.949
201.949
201.948
201.948
201.947
201.946
201.946
201.945
201.944
201.944
201.943
201.943
201.942
201.941
201.941
201.94
201.939
201.939
201.938
201.938
201.937
201.936
201.936
201.935
201.934
201.934
201.933
201.933
201.932
201.931
201.931
201.93
201.929
201.929
201.928
201.927
201.927
201.926
201.926
201.925
201.924
201.924
201.923
201.922
201.922
201.921
201.921
201.92
201.919
201.919
201.918
201.917
201.917
201.916
201.916
201.915
201.914
201.914
201.913
201.912
201.912
201.911
201.911
201.91
201.909
201.909
201.908
201.907
201.907
201.906
201.905
201.905
201.904
201.904
201.903
201.902
201.902
201.901
201.9
201.9
201.899
201.899
201.898
201.897
201.897
201.896
201.895
201.895
201.894
201.894
201.893
201.892
201.892
201.891
201.89
201.89
201.889
201.888
201.888
201.887
201.887
201.886
201.885
201.885
201.884
201.883
201.883
201.882
201.881
201.881
201.88
201.88
201.879
201.878
201.878
201.877
201.876
201.876
201.875
201.875
201.874
201.873
201.873
201.872
201.871
201.871
201.87
201.869
201.869
201.868
201.868
201.867
201.866
201.866
201.865
201.864
201.864
201.863
201.862
201.862
201.861
201.861
201.86
201.859
201.859
201.858
201.857
201.857
201.856
201.855
201.855
201.854
201.854
201.853
201.852
201.852
201.851
201.85
201.85
201.849
201.848
201.848
201.847
201.847
201.846
201.845
201.845
201.844
201.843
201.843
201.842
201.841
201.841
201.84
201.84
201.839
201.838
201.838
201.837
201.836
201.836
201.835
201.834
201.834
201.833
201.833
201.832
201.831
201.831
201.83
201.829
201.829
201.828
201.827
201.827
201.826
201.826
201.825
201.824
201.824
201.823
201.822
201.822
201.821
201.82
201.82
201.819
201.819
201.818
201.817
201.817
201.816
201.815
201.815
201.814
201.813
201.813
201.812
201.811
201.811
201.81
201.81
201.809
201.808
201.808
201.807
201.806
201.806
201.805
201.804
201.804
201.803
201.802
201.802
201.801
201.801
201.8
201.799
201.799
201.798
201.797
201.797
201.796
201.795
201.795
201.794
201.794
201.793
201.792
201.792
201.791
201.79
201.79
201.789
201.788
201.788
201.787
201.786
201.786
201.785
201.785
201.784
201.783
201.783
201.782
201.781
201.781
201.78
201.779
201.779
201.778
201.777
201.777
201.776
201.776
201.775
201.774
201.774
201.773
201.772
201.772
201.771
201.77
201.77
201.769
201.768
201.768
201.767
201.766
201.766
201.765
201.765
201.764
201.763
201.763
201.762
201.761
201.761
201.76
201.759
201.759
201.758
201.757
201.757
201.756
201.756
201.755
201.754
201.754
201.753
201.752
201.752
201.751
201.75
201.75
201.749
201.748
201.748
201.747
201.746
201.746
201.745
201.745
201.744
201.743
201.743
201.742
201.741
201.741
201.74
201.739
201.739
201.738
201.737
201.737
201.736
201.735
201.735
201.734
201.734
201.733
201.732
201.732
201.731
201.73
201.73
201.729
201.728
201.728
201.727
201.726
201.726
201.725
201.724
201.724
201.723
201.723
201.722
201.721
201.721
201.72
201.719
201.719
201.718
201.717
201.717
201.716
201.715
201.715
201.714
201.713
201.713
201.712
201.712
201.711
201.71
201.71
201.709
201.708
201.708
201.707
201.706
201.706
201.705
201.704
201.704
201.703
201.702
201.702
201.701
201.7
201.7
201.699
201.699
201.698
201.697
201.697
201.696
201.695
201.695
201.694
201.693
201.693
201.692
201.691
201.691
201.69
201.689
201.689
201.688
201.687
201.687
201.686
201.686
201.685
201.684
201.684
201.683
201.682
201.682
201.681
201.68
201.68
201.679
201.678
201.678
201.677
201.676
201.676
201.675
201.674
201.674
201.673
201.673
201.672
201.671
201.671
201.67
201.669
201.669
201.668
201.667
201.667
201.666
201.665
201.665
201.664
201.663
201.663
201.662
201.661
201.661
201.66
201.66
201.659
201.658
201.658
201.657
201.656
201.656
201.655
201.654
201.654
201.653
201.652
201.652
201.651
201.65
201.65
201.649
201.648
201.648
201.647
201.646
201.646
201.645
201.645
201.644
201.643
201.643
201.642
201.641
201.641
201.64
201.639
201.639
201.638
201.637
201.637
201.636
201.635
201.635
201.634
201.633
201.633
201.632
201.631
201.631
201.63
201.63
201.629
201.628
201.628
201.627
201.626
201.626
201.625
201.624
201.624
201.623
201.622
201.622
201.621
201.62
201.62
201.619
201.618
201.618
201.617
201.616
201.616
201.615
201.615
201.614
201.613
201.613
201.612
201.611
201.611
201.61
201.609
201.609
201.608
201.607
201.607
201.606
201.605
201.605
201.604
201.603
201.603
201.602
201.601
201.601
201.6
201.6
201.599
201.598
201.598
201.597
201.596
201.596
201.595
201.594
201.594
201.593
201.592
201.592
201.591
201.59
201.59
201.589
201.588
201.588
201.587
201.586
201.586
201.585
201.585
201.584
201.583
201.583
201.582
201.581
201.581
201.58
201.579
201.579
201.578
201.577
201.577
201.576
201.575
201.575
201.574
201.573
201.573
201.572
201.572
201.571
201.57
201.57
201.569
201.568
201.568
201.567
201.566
201.566
201.565
201.564
201.564
201.563
201.562
201.562
201.561
201.56
201.56
201.559
201.558
201.558
201.557
201.557
201.556
201.555
201.555
201.554
201.553
201.553
201.552
201.551
201.551
201.55
201.549
201.549
201.548
201.547
201.547
201.546
201.545
201.545
201.544
201.544
201.543
201.542
201.542
201.541
201.54
201.54
201.539
201.538
201.538
201.537
201.536
201.536
201.535
201.534
201.534
201.533
201.532
201.532
201.531
201.531
201.53
201.529
201.529
201.528
201.527
201.527
201.526
201.525
201.525
201.524
201.523
201.523
201.522
201.521
201.521
201.52
201.519
201.519
201.518
201.518
201.517
201.516
201.516
201.515
201.514
201.514
201.513
201.512
201.512
201.511
201.51
201.51
201.509
201.508
201.508
201.507
201.507
201.506
201.505
201.505
201.504
201.503
201.503
201.502
201.501
201.501
201.5
201.499
201.499
201.498
201.497
201.497
201.496
201.496
201.495
201.494
201.494
201.493
201.492
201.492
201.491
201.49
201.49
201.489
201.488
201.488
201.487
201.486
201.486
201.485
201.485
201.484
201.483
201.483
201.482
201.481
201.481
201.48
201.479
201.479
201.478
201.477
201.477
201.476
201.476
201.475
201.474
201.474
201.473
201.472
201.472
201.471
201.47
201.47
201.469
201.468
201.468
201.467
201.467
201.466
201.465
201.465
201.464
201.463
201.463
201.462
201.461
201.461
201.46
201.46
201.459
201.458
201.458
201.457
201.456
201.456
201.455
201.454
201.454
201.453
201.452
201.452
201.451
201.451
201.45
201.449
201.449
201.448
201.447
201.447
201.446
201.445
201.445
201.444
201.444
201.443
201.442
201.442
201.441
201.44
201.44
201.439
201.438
201.438
201.437
201.437
201.436
201.435
201.435
201.434
201.433
201.433
201.432
201.431
201.431
201.43
201.43
201.429
201.428
201.428
201.427
201.426
201.426
201.425
201.425
201.424
201.423
201.423
201.422
201.421
201.421
201.42
201.42
201.419
201.418
201.418
201.417
201.416
201.416
201.415
201.414
201.414
201.413
201.413
201.412
201.411
201.411
201.41
201.409
201.409
201.408
201.408
201.407
201.406
201.406
201.405
201.404
201.404
201.403
201.403
201.402
201.401
201.401
201.4
201.399
201.399
201.398
201.398
201.397
201.396
201.396
201.395
201.394
201.394
201.393
201.393
201.392
201.391
201.391
201.39
201.39
201.389
201.388
201.388
201.387
201.386
201.386
201.385
201.385
201.384
201.383
201.383
201.382
201.382
201.381
201.38
201.38
201.379
201.378
201.378
201.377
201.377
201.376
201.375
201.375
201.374
201.374
201.373
201.372
201.372
201.371
201.371
201.37
201.369
201.369
201.368
201.367
201.367
201.366
201.366
201.365
201.364
201.364
201.363
201.363
201.362
201.361
201.361
201.36
201.36
201.359
201.358
201.358
201.357
201.357
201.356
201.355
201.355
201.354
201.354
201.353
201.352
201.352
201.351
201.351
201.35
201.349
201.349
201.348
201.348
201.347
201.346
201.346
201.345
201.345
201.344
201.343
201.343
201.342
201.342
201.341
201.34
201.34
201.339
201.339
201.338
201.338
201.337
201.336
201.336
201.335
201.335
201.334
201.333
201.333
201.332
201.332
201.331
201.331
201.33
201.329
201.329
201.328
201.328
201.327
201.326
201.326
201.325
201.325
201.324
201.324
201.323
201.322
201.322
201.321
201.321
201.32
201.32
201.319
201.318
201.318
201.317
201.317
201.316
201.316
201.315
201.314
201.314
201.313
201.313
201.312
201.312
201.311
201.31
201.31
201.309
201.309
201.308
201.308
201.307
201.307
201.306
201.305
201.305
201.304
201.304
201.303
201.303
201.302
201.302
201.301
201.3
201.3
201.299
201.299
201.298
201.298
201.297
201.297
201.296
201.295
201.295
201.294
201.294
201.293
201.293
201.292
201.292
201.291
201.291
201.29
201.289
201.289
201.288
201.288
201.287
201.287
201.286
201.286
201.285
201.285
201.284
201.284
201.283
201.283
201.282
201.281
201.281
201.28
201.28
201.279
201.279
201.278
201.278
201.277
201.277
201.276
201.276
201.275
201.275
201.274
201.274
201.273
201.273
201.272
201.272
201.271
201.271
201.27
201.27
201.269
201.269
201.268
201.268
201.267
201.267
201.266
201.266
201.265
201.265
201.264
201.264
201.263
201.263
201.262
201.262
201.261
201.261
201.26
201.26
201.259
201.259
201.258
201.258
201.257
201.257
201.256
201.256
201.255
201.255
201.254
201.254
201.253
201.253
201.252
201.252
201.252
201.251
201.251
201.25
201.25
201.249
201.249
201.248
201.248
201.247
201.247
201.246
201.246
201.246
201.245
201.245
201.244
201.244
201.243
201.243
201.242
201.242
201.242
201.241
201.241
201.24
201.24
201.239
201.239
201.239
201.238
201.238
201.237
201.237
201.236
201.236
201.236
201.235
201.235
201.234
201.234
201.233
201.233
201.233
201.232
201.232
201.231
201.231
201.231
201.23
201.23
201.229
201.229
201.229
201.228
201.228
201.227
201.227
201.227
201.226
201.226
201.226
201.225
201.225
201.224
201.224
201.224
201.223
201.223
201.223
201.222
201.222
201.221
201.221
201.221
201.22
201.22
201.22
201.219
201.219
201.219
201.218
201.218
201.218
201.217
201.217
201.217
201.216
201.216
201.216
201.215
201.215
201.215
201.214
201.214
201.214
201.213
201.213
201.213
201.212
201.212
201.212
201.212
201.211
201.211
201.211
201.21
201.21
201.21
201.21
201.209
201.209
201.209
201.208
201.208
201.208
201.208
201.207
201.207
201.207
201.207
201.206
201.206
201.206
201.206
201.205
201.205
201.205
201.205
201.204
201.204
201.204
201.204
201.204
201.203
201.203
201.203
201.203
201.202
201.202
201.202
201.202
201.202
201.201
201.201
201.201
201.201
201.201
201.201
201.2
201.2
201.2
201.2
201.2
201.2
201.199
201.199
201.199
201.199
201.199
201.199
201.199
201.198
201.198
201.198
201.198
201.198
201.198
201.198
201.198
201.198
201.197
201.197
201.197
201.197
201.197
201.197
201.197
201.197
201.197
201.197
201.197
201.197
201.197
201.197
201.197
201.197
201.196
201.196
201.196
201.196
201.196
201.196
201.196
201.196
201.196
201.196
201.196
201.196
201.196
201.196
201.196
201.196
201.197
201.197
201.197
201.197
201.197
201.197
201.197
201.197
201.197
201.197
201.197
201.197
201.197
201.197
201.198
201.198
201.198
201.198
201.198
201.198
201.198
201.198
201.199
201.199
201.199
201.199
201.199
201.199
201.2
201.2
201.2
201.2
201.2
201.201
201.201
201.201
201.201
201.201
201.202
201.202
201.202
201.202
201.203
201.203
201.203
201.204
201.204
201.204
201.204
201.205
201.205
201.205
201.206
201.206
201.206
201.207
201.207
201.208
201.208
201.208
201.209
201.209
201.209
201.21
201.21
201.211
201.211
201.212
201.212
201.212
201.213
201.213
201.214
201.214
201.215
201.215
201.216
201.216
201.217
201.217
201.218
201.219
201.219
201.22
201.22
201.221
201.221
201.222
201.223
201.223
201.224
201.224
201.225
201.226
201.226
201.227
201.228
201.229
201.229
201.23
201.231
201.231
201.232
201.233
201.234
201.234
201.235
201.236
201.237
201.238
201.238
201.239
201.24
201.241
201.242
201.243
201.243
201.244
201.245
201.246
201.247
201.248
201.249
201.25
201.251
201.252
201.253
201.254
201.255
201.256
201.257
201.258
201.259
201.26
201.261
201.262
201.263
201.265
201.266
201.267
201.268
201.269
201.27
201.272
201.273
201.274
201.275
201.276
201.278
201.279
201.28
201.282
201.283
201.284
201.286
201.287
201.288
201.29
201.291
201.292
201.294
201.295
201.297
201.298
201.3
201.301
201.303
201.304
201.306
201.307
201.309
201.31
201.312
201.314
201.315
201.317
201.319
201.32
201.322
201.324
201.325
201.327
201.329
201.331
201.332
201.334
201.336
201.338
201.34
201.342
201.343
201.345
201.347
201.349
201.351
201.353
201.355
201.357
201.359
201.361
201.363
201.365
201.367
201.369
201.371
201.373
201.376
201.378
201.38
201.382
201.384
201.387
201.389
201.391
201.393
201.396
201.398
201.4
201.403
201.405
201.407
201.41
201.412
201.415
201.417
201.42
201.422
201.425
201.427
201.43
201.432
201.435
201.438
201.44
201.443
201.446
201.448
201.451
201.454
201.456
201.459
201.462
201.465
201.467
201.47
201.473
201.476
201.479
201.482
201.485
201.488
201.491
201.494
201.497
201.5
201.503
201.506
201.509
201.512
201.515
201.518
201.521
201.525
201.528
201.531
201.534
201.537
201.541
201.544
201.547
201.551
201.554
201.557
201.561
201.564
201.567
201.571
201.574
201.578
201.581
201.585
201.588
201.592
201.595
201.599
201.602
201.606
201.61
201.613
201.617
201.621
201.624
201.628
201.632
201.636
201.639
201.643
201.647
201.651
201.655
201.658
201.662
201.666
201.67
201.674
201.678
201.682
201.686
201.69
201.694
201.698
201.702
201.706
201.71
201.714
201.718
201.722
201.726
201.73
201.734
201.739
201.743
201.747
201.751
201.755
201.76
201.764
201.768
201.772
201.777
201.781
201.785
201.79
201.794
201.798
201.803
201.807
201.811
201.816
201.82
201.824
201.829
201.833
201.838
201.842
201.847
201.851
201.856
201.86
201.865
201.869
201.874
201.878
201.883
201.887
201.892
201.897
201.901
201.906
201.91
201.915
201.92
201.924
201.929
201.934
201.938
201.943
201.948
201.952
201.957
201.962
201.966
201.971
201.976
201.981
201.985
201.99
201.995
202
202.004
202.009
202.014
202.019
202.024
202.028
202.033
202.038
202.043
202.048
202.053
202.057
202.062
202.067
202.072
202.077
202.082
202.086
202.091
202.096
202.101
202.106
202.111
202.116
202.121
202.126
202.131
202.135
202.14
202.145
202.15
202.155
202.16
202.165
202.17
202.175
202.18
202.185
202.19
202.195
202.2
202.205
202.21
202.215
202.22
202.225
202.23
202.234
202.239
202.244
202.249
202.254
202.259
202.264
202.269
202.274
202.279
202.284
202.289
202.294
202.299
202.304
202.309
202.314
202.319
202.324
202.33
202.335
202.34
202.345
202.35
202.355
202.36
202.365
202.37
202.375
202.38
202.385
202.39
202.395
202.4
202.405
202.41
202.415
202.42
202.425
202.43
202.435
202.44
202.445
202.45
202.455
202.46
202.465
202.471
202.476
202.481
202.486
202.491
202.496
202.501
202.506
202.511
202.516
202.521
202.526
202.531
202.536
202.541
202.546
202.551
202.556
202.562
202.567
202.572
202.577
202.582
202.587
202.592
202.597
202.602
202.607
202.612
202.617
202.622
202.627
202.632
202.637
202.643
202.648
202.653
202.658
202.663
202.668
202.673
202.678
202.683
202.688
202.693
202.698
202.703
202.708
202.714
202.719
202.724
202.729
202.734
202.739
202.744
202.749
202.754
202.759
202.764
202.769
202.774
202.779
202.785
202.79
202.795
202.8
202.805
202.81
202.815
202.82
202.825
202.83
202.835
202.84
202.845
202.851
202.856
202.861
202.866
202.871
202.876
202.881
202.886
202.891
202.896
202.901
202.906
202.911
202.917
202.922
202.927
202.932
202.937
202.942
202.947
202.952
202.957
202.962
202.967
202.972
202.977
202.983
202.988
202.993
202.998
203.003
203.008
203.013
203.018
203.023
203.028
203.033
203.038
203.044
203.049
203.054
203.059
203.064
203.069
203.074
203.079
203.084
203.089
203.094
203.099
203.105
203.11
203.115
203.12
203.125
203.13
203.135
203.14
203.145
203.15
203.155
203.161
203.166
203.171
203.176
203.181
203.186
203.191
203.196
203.201
203.206
203.211
203.216
203.222
203.227
203.232
203.237
203.242
203.247
203.252
203.257
203.262
203.267
203.272
203.278
203.283
203.288
203.293
203.298
203.303
203.308
203.313
203.318
203.323
203.328
203.334
203.339
203.344
203.349
203.354
203.359
203.364
203.369
203.374
203.379
203.385
203.39
203.395
203.4
203.405
203.41
203.415
203.42
203.425
203.43
203.435
203.441
203.446
203.451
203.456
203.461
203.466
203.471
203.476
203.481
203.486
203.492
203.497
203.502
203.507
203.512
203.517
203.522
203.527
203.532
203.537
203.543
203.548
203.553
203.558
203.563
203.568
203.573
203.578
203.583
203.588
203.594
203.599
203.604
203.609
203.614
203.619
203.624
203.629
203.634
203.639
203.645
203.65
203.655
203.66
203.665
203.67
203.675
203.68
203.685
203.69
203.696
203.701
203.706
203.711
203.716
203.721
203.726
203.731
203.736
203.742
203.747
203.752
203.757
203.762
203.767
203.772
203.777
203.782
203.788
203.793
203.798
203.803
203.808
203.813
203.818
203.823
203.828
203.833
203.839
203.844
203.849
203.854
203.859
203.864
203.869
203.874
203.879
203.885
203.89
203.895
203.9
203.905
203.91
203.915
203.92
203.925
203.931
203.936
203.941
203.946
203.951
203.956
203.961
203.966
203.971
203.977
203.982
203.987
203.992
203.997
204.002
204.007
204.012
204.018
204.023
204.028
204.033
204.038
204.043
204.048
204.053
204.058
204.064
204.069
204.074
204.079
204.084
204.089
204.094
204.099
204.105
204.11
204.115
204.12
204.125
204.13
204.135
204.14
204.145
204.151
204.156
204.161
204.166
204.171
204.176
204.181
204.186
204.192
204.197
204.202
204.207
204.212
204.217
204.222
204.227
204.233
204.238
204.243
204.248
204.253
204.258
204.263
204.268
204.274
204.279
204.284
204.289
204.294
204.299
204.304
204.309
204.315
204.32
204.325
204.33
204.335
204.34
204.345
204.35
204.356
204.361
204.366
204.371
204.376
204.381
204.386
204.391
204.397
204.402
204.407
204.412
204.417
204.422
204.427
204.432
204.438
204.443
204.448
204.453
204.458
204.463
204.468
204.473
204.479
204.484
204.489
204.494
204.499
204.504
204.509
204.515
204.52
204.525
204.53
204.535
204.54
204.545
204.55
204.556
204.561
204.566
204.571
204.576
204.581
204.586
204.592
204.597
204.602
204.607
204.612
204.617
204.622
204.628
204.633
204.638
204.643
204.648
204.653
204.658
204.663
204.669
204.674
204.679
204.684
204.689
204.694
204.699
204.705
204.71
204.715
204.72
204.725
204.73
204.735
204.741
204.746
204.751
204.756
204.761
204.766
204.771
204.777
204.782
204.787
204.792
204.797
204.802
204.807
204.813
204.818
204.823
204.828
204.833
204.838
204.843
204.849
204.854
204.859
204.864
204.869
204.874
204.879
204.885
204.89
204.895
204.9
204.905
204.91
204.915
204.921
204.926
204.931
204.936
204.941
204.946
204.951
204.957
204.962
204.967
204.972
204.977
204.982
204.987
204.993
204.998
205.003
205.008
205.013
205.018
205.023
205.029
205.034
205.039
205.044
205.049
205.054
205.06
205.065
205.07
205.075
205.08
205.085
205.09
205.096
205.101
205.106
205.111
205.116
205.121
205.127
205.132
205.137
205.142
205.147
205.152
205.157
205.163
205.168
205.173
205.178
205.183
205.188
205.194
205.199
205.204
205.209
205.214
205.219
205.224
205.23
205.235
205.24
205.245
205.25
205.255
205.261
205.266
205.271
205.276
205.281
205.286
205.291
205.297
205.302
205.307
205.312
205.317
205.322
205.328
205.333
205.338
205.343
205.348
205.353
205.359
205.364
205.369
205.374
205.379
205.384
205.39
205.395
205.4
205.405
205.41
205.415
205.42
205.426
205.431
205.436
205.441
205.446
205.451
205.457
205.462
205.467
205.472
205.477
205.482
205.488
205.493
205.498
205.503
205.508
205.513
205.519
205.524
205.529
205.534
205.539
205.544
205.55
205.555
205.56
205.565
205.57
205.575
205.581
205.586
205.591
205.596
205.601
205.606
205.612
205.617
205.622
205.627
205.632
205.637
205.643
205.648
205.653
205.658
205.663
205.668
205.674
205.679
205.684
205.689
205.694
205.699
205.705
205.71
205.715
205.72
205.725
205.731
205.736
205.741
205.746
205.751
205.756
205.762
205.767
205.772
205.777
205.782
205.787
205.793
205.798
205.803
205.808
205.813
205.818
205.824
205.829
205.834
205.839
205.844
205.85
205.855
205.86
205.865
205.87
205.875
205.881
205.886
205.891
205.896
205.901
205.906
205.912
205.917
205.922
205.927
205.932
205.938
205.943
205.948
205.953
205.958
205.963
205.969
205.974
205.979
205.984
205.989
205.994
206
206.005
206.01
206.015
206.02
206.026
206.031
206.036
206.041
206.046
206.051
206.057
206.062
206.067
206.072
206.077
206.083
206.088
206.093
206.098
206.103
206.109
206.114
206.119
206.124
206.129
206.134
206.14
206.145
206.15
206.155
206.16
206.166
206.171
206.176
206.181
206.186
206.191
206.197
206.202
206.207
206.212
206.217
206.223
206.228
206.233
206.238
206.243
206.249
206.254
206.259
206.264
206.269
206.274
206.28
206.285
206.29
206.295
206.3
206.306
206.311
206.316
206.321
206.326
206.332
206.337
206.342
206.347
206.352
206.358
206.363
206.368
206.373
206.378
206.384
206.389
206.394
206.399
206.404
206.409
206.415
206.42
206.425
206.43
206.435
206.441
206.446
206.451
206.456
206.461
206.467
206.472
206.477
206.482
206.487
206.493
206.498
206.503
206.508
206.513
206.519
206.524
206.529
206.534
206.539
206.545
206.55
206.555
206.56
206.565
206.571
206.576
206.581
206.586
206.591
206.597
206.602
206.607
206.612
206.617
206.623
206.628
206.633
206.638
206.643
206.649
206.654
206.659
206.664
206.669
206.675
206.68
206.685
206.69
206.695
206.701
206.706
206.711
206.716
206.721
206.727
206.732
206.737
206.742
206.747
206.753
206.758
206.763
206.768
206.773
206.779
206.784
206.789
206.794
206.8
206.805
206.81
206.815
206.82
206.826
206.831
206.836
206.841
206.846
206.852
206.857
206.862
206.867
206.872
206.878
206.883
206.888
206.893
206.898
206.904
206.909
206.914
206.919
206.925
206.93
206.935
206.94
206.945
206.951
206.956
206.961
206.966
206.971
206.977
206.982
206.987
206.992
206.998
207.003
207.008
207.013
207.018
207.024
207.029
207.034
207.039
207.044
207.05
207.055
207.06
207.065
207.071
207.076
207.081
207.086
207.091
207.097
207.102
207.107
207.112
207.117
207.123
207.128
207.133
207.138
207.144
207.149
207.154
207.159
207.164
207.17
207.175
207.18
207.185
207.191
207.196
207.201
207.206
207.211
207.217
207.222
207.227
207.232
207.238
207.243
207.248
207.253
207.258
207.264
207.269
207.274
207.279
207.285
207.29
207.295
207.3
207.305
207.311
207.316
207.321
207.326
207.332
207.337
207.342
207.347
207.352
207.358
207.363
207.368
207.373
207.379
207.384
207.389
207.394
207.4
207.405
207.41
207.415
207.42
207.426
207.431
207.436
207.441
207.447
207.452
207.457
207.462
207.467
207.473
207.478
207.483
207.488
207.494
207.499
207.504
207.509
207.515
207.52
207.525
207.53
207.535
207.541
207.546
207.551
207.556
207.562
207.567
207.572
207.577
207.583
207.588
207.593
207.598
207.604
207.609
207.614
207.619
207.624
207.63
207.635
207.64
207.645
207.651
207.656
207.661
207.666
207.672
207.677
207.682
207.687
207.693
207.698
207.703
207.708
207.713
207.719
207.724
207.729
207.734
207.74
207.745
207.75
207.755
207.761
207.766
207.771
207.776
207.782
207.787
207.792
207.797
207.803
207.808
207.813
207.818
207.823
207.829
207.834
207.839
207.844
207.85
207.855
207.86
207.865
207.871
207.876
207.881
207.886
207.892
207.897
207.902
207.907
207.913
207.918
207.923
207.928
207.934
207.939
207.944
207.949
207.955
207.96
207.965
207.97
207.976
207.981
207.986
207.991
207.997
208.002
208.007
208.012
208.018
208.023
208.028
208.033
208.038
208.044
208.049
208.054
208.059
208.065
208.07
208.075
208.08
208.086
208.091
208.096
208.101
208.107
208.112
208.117
208.122
208.128
208.133
208.138
208.143
208.149
208.154
208.159
208.164
208.17
208.175
208.18
208.185
208.191
208.196
208.201
208.207
208.212
208.217
208.222
208.228
208.233
208.238
208.243
208.249
208.254
208.259
208.264
208.27
208.275
208.28
208.285
208.291
208.296
208.301
208.306
208.312
208.317
208.322
208.327
208.333
208.338
208.343
208.348
208.354
208.359
208.364
208.369
208.375
208.38
208.385
208.39
208.396
208.401
208.406
208.411
208.417
208.422
208.427
208.433
208.438
208.443
208.448
208.454
208.459
208.464
208.469
208.475
208.48
208.485
208.49
208.496
208.501
208.506
208.511
208.517
208.522
208.527
208.532
208.538
208.543
208.548
208.554
208.559
208.564
208.569
208.575
208.58
208.585
208.59
208.596
208.601
208.606
208.611
208.617
208.622
208.627
208.633
208.638
208.643
208.648
208.654
208.659
208.664
208.669
208.675
208.68
208.685
208.69
208.696
208.701
208.706
208.712
208.717
208.722
208.727
208.733
208.738
208.743
208.748
208.754
208.759
208.764
208.77
208.775
208.78
208.785
208.791
208.796
208.801
208.806
208.812
208.817
208.822
208.828
208.833
208.838
208.843
208.849
208.854
208.859
208.864
208.87
208.875
208.88
208.886
208.891
208.896
208.901
208.907
208.912
208.917
208.922
208.928
208.933
208.938
208.944
208.949
208.954
208.959
208.965
208.97
208.975
208.981
208.986
208.991
208.996
209.002
209.007
209.012
209.017
209.023
209.028
209.033
209.039
209.044
209.049
209.054
209.06
209.065
209.07
209.076
209.081
209.086
209.091
209.097
209.102
209.107
209.113
209.118
209.123
209.128
209.134
209.139
209.144
209.149
209.155
209.16
209.165
209.171
209.176
209.181
209.186
209.192
209.197
209.202
209.208
209.213
209.218
209.223
209.229
209.234
209.239
209.245
209.25
209.255
209.26
209.266
209.271
209.276
209.282
209.287
209.292
209.297
209.303
209.308
209.313
209.319
209.324
209.329
209.335
209.34
209.345
209.35
209.356
209.361
209.366
209.372
209.377
209.382
209.387
209.393
209.398
209.403
209.409
209.414
209.419
209.424
209.43
209.435
209.44
209.446
209.451
209.456
209.462
209.467
209.472
209.477
209.483
209.488
209.493
209.499
209.504
209.509
209.514
209.52
209.525
209.53
209.536
209.541
209.546
209.552
209.557
209.562
209.567
209.573
209.578
209.583
209.589
209.594
209.599
209.604
209.61
209.615
209.62
209.626
209.631
209.636
209.642
209.647
209.652
209.657
209.663
209.668
209.673
209.679
209.684
209.689
209.695
209.7
209.705
209.71
209.716
209.721
209.726
209.732
209.737
209.742
209.748
209.753
209.758
209.764
209.769
209.774
209.779
209.785
209.79
209.795
209.801
209.806
209.811
209.817
209.822
209.827
209.832
209.838
209.843
209.848
209.854
209.859
209.864
209.87
209.875
209.88
209.886
209.891
209.896
209.901
209.907
209.912
209.917
209.923
209.928
209.933
209.939
209.944
209.949
209.955
209.96
209.965
209.97
209.976
209.981
209.986
209.992
209.997
210.002
210.008
210.013
210.018
210.024
210.029
210.034
210.04
210.045
210.05
210.055
210.061
210.066
210.071
210.077
210.082
210.087
210.093
210.098
210.103
210.109
210.114
210.119
210.125
210.13
210.135
210.14
210.146
210.151
210.156
210.162
210.167
210.172
210.178
210.183
210.188
210.194
210.199
210.204
210.21
210.215
210.22
210.226
210.231
210.236
210.241
210.247
210.252
210.257
210.263
210.268
210.273
210.279
210.284
210.289
210.295
210.3
210.305
210.311
210.316
210.321
210.327
210.332
210.337
210.343
210.348
210.353
210.359
210.364
210.369
210.375
210.38
210.385
210.39
210.396
210.401
210.406
210.412
210.417
210.422
210.428
210.433
210.438
210.444
210.449
210.454
210.46
210.465
210.47
210.476
210.481
210.486
210.492
210.497
210.502
210.508
210.513
210.518
210.524
210.529
210.534
210.54
210.545
210.55
210.556
210.561
210.566
210.572
210.577
210.582
210.588
210.593
210.598
210.604
210.609
210.614
210.62
210.625
210.63
210.636
210.641
210.646
210.652
210.657
210.662
210.668
210.673
210.678
210.684
210.689
210.694
210.7
210.705
210.71
210.716
210.721
210.726
210.732
210.737
210.742
210.748
210.753
210.758
210.764
210.769
210.774
210.78
210.785
210.79
210.796
210.801
210.806
210.812
210.817
210.822
210.828
210.833
210.838
210.844
210.849
210.854
210.86
210.865
210.87
210.876
210.881
210.886
210.892
210.897
210.902
210.908
210.913
210.918
210.924
210.929
210.934
210.94
210.945
210.95
210.956
210.961
210.966
210.972
210.977
210.982
210.988
210.993
210.998
211.004
211.009
211.014
211.02
211.025
211.03
211.036
211.041
211.047
211.052
211.057
211.063
211.068
211.073
211.079
211.084
211.089
211.095
211.1
211.105
211.111
211.116
211.121
211.127
211.132
211.137
211.143
211.148
211.153
211.159
211.164
211.169
211.175
211.18
211.186
211.191
211.196
211.202
211.207
211.212
211.218
211.223
211.228
211.234
211.239
211.244
211.25
211.255
211.26
211.266
211.271
211.276
211.282
211.287
211.293
211.298
211.303
211.309
211.314
211.319
211.325
211.33
211.335
211.341
211.346
211.351
211.357
211.362
211.367
211.373
211.378
211.384
211.389
211.394
211.4
211.405
211.41
211.416
211.421
211.426
211.432
211.437
211.442
211.448
211.453
211.459
211.464
211.469
211.475
211.48
211.485
211.491
211.496
211.501
211.507
211.512
211.517
211.523
211.528
211.534
211.539
211.544
211.55
211.555
211.56
211.566
211.571
211.576
211.582
211.587
211.592
211.598
211.603
211.609
211.614
211.619
211.625
211.63
211.635
211.641
211.646
211.651
211.657
211.662
211.668
211.673
211.678
211.684
211.689
211.694
211.7
211.705
211.71
211.716
211.721
211.727
211.732
211.737
211.743
211.748
211.753
211.759
211.764
211.77
211.775
211.78
211.786
211.791
211.796
211.802
211.807
211.812
211.818
211.823
211.829
211.834
211.839
211.845
211.85
211.855
211.861
211.866
211.872
211.877
211.882
211.888
211.893
211.898
211.904
211.909
211.914
211.92
211.925
211.931
211.936
211.941
211.947
211.952
211.957
211.963
211.968
211.974
211.979
211.984
211.99
211.995
212
212.006
212.011
212.017
212.022
212.027
212.033
212.038
212.043
212.049
212.054
212.06
212.065
212.07
212.076
212.081
212.086
212.092
212.097
212.103
212.108
212.113
212.119
212.124
212.129
212.135
212.14
212.146
212.151
212.156
212.162
212.167
212.172
212.178
212.183
212.189
212.194
212.199
212.205
212.21
212.216
212.221
212.226
212.232
212.237
212.242
212.248
212.253
212.259
212.264
212.269
212.275
212.28
212.286
212.291
212.296
212.302
212.307
212.312
212.318
212.323
212.329
212.334
212.339
212.345
212.35
212.355
212.361
212.366
212.372
212.377
212.382
212.388
212.393
212.399
212.404
212.409
212.415
212.42
212.426
212.431
212.436
212.442
212.447
212.452
212.458
212.463
212.469
212.474
212.479
212.485
212.49
212.496
212.501
212.506
212.512
212.517
212.523
212.528
212.533
212.539
212.544
212.549
212.555
212.56
212.566
212.571
212.576
212.582
212.587
212.593
212.598
212.603
212.609
212.614
212.62
212.625
212.63
212.636
212.641
212.647
212.652
212.657
212.663
212.668
212.674
212.679
212.684
212.69
212.695
212.701
212.706
212.711
212.717
212.722
212.727
212.733
212.738
212.744
212.749
212.754
212.76
212.765
212.771
212.776
212.781
212.787
212.792
212.798
212.803
212.808
212.814
212.819
212.825
212.83
212.835
212.841
212.846
212.852
212.857
212.862
212.868
212.873
212.879
212.884
212.889
212.895
212.9
212.906
212.911
212.916
212.922
212.927
212.933
212.938
212.944
212.949
212.954
212.96
212.965
212.971
212.976
212.981
212.987
212.992
212.998
213.003
213.008
213.014
213.019
213.025
213.03
213.035
213.041
213.046
213.052
213.057
213.062
213.068
213.073
213.079
213.084
213.089
213.095
213.1
213.106
213.111
213.117
213.122
213.127
213.133
213.138
213.144
213.149
213.154
213.16
213.165
213.171
213.176
213.181
213.187
213.192
213.198
213.203
213.208
213.214
213.219
213.225
213.23
213.236
213.241
213.246
213.252
213.257
213.263
213.268
213.273
213.279
213.284
213.29
213.295
213.301
213.306
213.311
213.317
213.322
213.328
213.333
213.338
213.344
213.349
213.355
213.36
213.366
213.371
213.376
213.382
213.387
213.393
213.398
213.403
213.409
213.414
213.42
213.425
213.431
213.436
213.441
213.447
213.452
213.458
213.463
213.468
213.474
213.479
213.485
213.49
213.496
213.501
213.506
213.512
213.517
213.523
213.528
213.534
213.539
213.544
213.55
213.555
213.561
213.566
213.571
213.577
213.582
213.588
213.593
213.599
213.604
213.609
213.615
213.62
213.626
213.631
213.637
213.642
213.647
213.653
213.658
213.664
213.669
213.675
213.68
213.685
213.691
213.696
213.702
213.707
213.713
213.718
213.723
213.729
213.734
213.74
213.745
213.751
213.756
213.761
213.767
213.772
213.778
213.783
213.789
213.794
213.799
213.805
213.81
213.816
213.821
213.827
213.832
213.837
213.843
213.848
213.854
213.859
213.865
213.87
213.875
213.881
213.886
213.892
213.897
213.903
213.908
213.913
213.919
213.924
213.93
213.935
213.941
213.946
213.952
213.957
213.962
213.968
213.973
213.979
213.984
213.99
213.995
214
214.006
214.011
214.017
214.022
214.028
214.033
214.038
214.044
214.049
214.055
214.06
214.066
214.071
214.077
214.082
214.087
214.093
214.098
214.104
214.109
214.115
214.12
214.126
214.131
214.136
214.142
214.147
214.153
214.158
214.164
214.169
214.174
214.18
214.185
214.191
214.196
214.202
214.207
214.213
214.218
214.223
214.229
214.234
214.24
214.245
214.251
214.256
214.262
214.267
214.272
214.278
214.283
214.289
214.294
214.3
214.305
214.311
214.316
214.321
214.327
214.332
214.338
214.343
214.349
214.354
214.36
214.365
214.37
214.376
214.381
214.387
214.392
214.398
214.403
214.409
214.414
214.42
214.425
214.43
214.436
214.441
214.447
214.452
214.458
214.463
214.469
214.474
214.479
214.485
214.49
214.496
214.501
214.507
214.512
214.518
214.523
214.529
214.534
214.539
214.545
214.55
214.556
214.561
214.567
214.572
214.578
214.583
214.589
214.594
214.599
214.605
214.61
214.616
214.621
214.627
214.632
214.638
214.643
214.649
214.654
214.659
214.665
214.67
214.676
214.681
214.687
214.692
214.698
214.703
214.709
214.714
214.719
214.725
214.73
214.736
214.741
214.747
214.752
214.758
214.763
214.769
214.774
214.78
214.785
214.79
214.796
214.801
214.807
214.812
214.818
214.823
214.829
214.834
214.84
214.845
214.851
214.856
214.861
214.867
214.872
214.878
214.883
214.889
214.894
214.9
214.905
214.911
214.916
214.922
214.927
214.933
214.938
214.943
214.949
214.954
214.96
214.965
214.971
214.976
214.982
214.987
214.993
214.998
215.004
215.009
215.015
215.02
215.025
215.031
215.036
215.042
215.047
215.053
215.058
215.064
215.069
215.075
215.08
215.086
215.091
215.097
215.102
215.107
215.113
215.118
215.124
215.129
215.135
215.14
215.146
215.151
215.157
215.162
215.168
215.173
215.179
215.184
215.19
215.195
215.2
215.206
215.211
215.217
215.222
215.228
215.233
215.239
215.244
215.25
215.255
215.261
215.266
215.272
215.277
215.283
215.288
215.294
215.299
215.305
215.31
215.315
215.321
215.326
215.332
215.337
215.343
215.348
215.354
215.359
215.365
215.37
215.376
215.381
215.387
215.392
215.398
215.403
215.409
215.414
215.42
215.425
215.431
215.436
215.441
215.447
215.452
215.458
215.463
215.469
215.474
215.48
215.485
215.491
215.496
215.502
215.507
215.513
215.518
215.524
215.529
215.535
215.54
215.546
215.551
215.557
215.562
215.568
215.573
215.579
215.584
215.59
215.595
215.6
215.606
215.611
215.617
215.622
215.628
215.633
215.639
215.644
215.65
215.655
215.661
215.666
215.672
215.677
215.683
215.688
215.694
215.699
215.705
215.71
215.716
215.721
215.727
215.732
215.738
215.743
215.749
215.754
215.76
215.765
215.771
215.776
215.782
215.787
215.793
215.798
215.804
215.809
215.815
215.82
215.826
215.831
215.837
215.842
215.847
215.853
215.858
215.864
215.869
215.875
215.88
215.886
215.891
215.897
215.902
215.908
215.913
215.919
215.924
215.93
215.935
215.941
215.946
215.952
215.957
215.963
215.968
215.974
215.979
215.985
215.99
215.996
216.001
216.007
216.012
216.018
216.023
216.029
216.034
216.04
216.045
216.051
216.056
216.062
216.067
216.073
216.078
216.084
216.089
216.095
216.1
216.106
216.111
216.117
216.122
216.128
216.133
216.139
216.144
216.15
216.155
216.161
216.166
216.172
216.177
216.183
216.188
216.194
216.199
216.205
216.21
216.216
216.221
216.227
216.232
216.238
216.243
216.249
216.254
216.26
216.265
216.271
216.276
216.282
216.287
216.293
216.298
216.304
216.309
216.315
216.32
216.326
216.332
216.337
216.343
216.348
216.354
216.359
216.365
216.37
216.376
216.381
216.387
216.392
216.398
216.403
216.409
216.414
216.42
216.425
216.431
216.436
216.442
216.447
216.453
216.458
216.464
216.469
216.475
216.48
216.486
216.491
216.497
216.502
216.508
216.513
216.519
216.524
216.53
216.535
216.541
216.546
216.552
216.557
216.563
216.568
216.574
216.58
216.585
216.591
216.596
216.602
216.607
216.613
216.618
216.624
216.629
216.635
216.64
216.646
216.651
216.657
216.662
216.668
216.673
216.679
216.684
216.69
216.695
216.701
216.706
216.712
216.717
216.723
216.728
216.734
216.74
216.745
216.751
216.756
216.762
216.767
216.773
216.778
216.784
216.789
216.795
216.8
216.806
216.811
216.817
216.822
216.828
216.833
216.839
216.844
216.85
216.855
216.861
216.867
216.872
216.878
216.883
216.889
216.894
216.9
216.905
216.911
216.916
216.922
216.927
216.933
216.938
216.944
216.949
216.955
216.96
216.966
216.972
216.977
216.983
216.988
216.994
216.999
217.005
217.01
217.016
217.021
217.027
217.032
217.038
217.043
217.049
217.054
217.06
217.066
217.071
217.077
217.082
217.088
217.093
217.099
217.104
217.11
217.115
217.121
217.126
217.132
217.137
217.143
217.148
217.154
217.16
217.165
217.171
217.176
217.182
217.187
217.193
217.198
217.204
217.209
217.215
217.22
217.226
217.231
217.237
217.243
217.248
217.254
217.259
217.265
217.27
217.276
217.281
217.287
217.292
217.298
217.303
217.309
217.315
217.32
217.326
217.331
217.337
217.342
217.348
217.353
217.359
217.364
217.37
217.375
217.381
217.387
217.392
217.398
217.403
217.409
217.414
217.42
217.425
217.431
217.436
217.442
217.447
217.453
217.459
217.464
217.47
217.475
217.481
217.486
217.492
217.497
217.503
217.508
217.514
217.52
217.525
217.531
217.536
217.542
217.547
217.553
217.558
217.564
217.569
217.575
217.58
217.586
217.592
217.597
217.603
217.608
217.614
217.619
217.625
217.63
217.636
217.641
217.647
217.653
217.658
217.664
217.669
217.675
217.68
217.686
217.691
217.697
217.703
217.708
217.714
217.719
217.725
217.73
217.736
217.741
217.747
217.752
217.758
217.764
217.769
217.775
217.78
217.786
217.791
217.797
217.802
217.808
217.814
217.819
217.825
217.83
217.836
217.841
217.847
217.852
217.858
217.864
217.869
217.875
217.88
217.886
217.891
217.897
217.902
217.908
217.914
217.919
217.925
217.93
217.936
217.941
217.947
217.952
217.958
217.964
217.969
217.975
217.98
217.986
217.991
217.997
218.002
218.008
218.014
218.019
218.025
218.03
218.036
218.041
218.047
218.052
218.058
218.064
218.069
218.075
218.08
218.086
218.091
218.097
218.102
218.108
218.114
218.119
218.125
218.13
218.136
218.141
218.147
218.153
218.158
218.164
218.169
218.175
218.18
218.186
218.191
218.197
218.203
218.208
218.214
218.219
218.225
218.23
218.236
218.242
218.247
218.253
218.258
218.264
218.269
218.275
218.281
218.286
218.292
218.297
218.303
218.308
218.314
218.319
218.325
218.331
218.336
218.342
218.347
218.353
218.358
218.364
218.37
218.375
218.381
218.386
218.392
218.397
218.403
218.409
218.414
218.42
218.425
218.431
218.436
218.442
218.448
218.453
218.459
218.464
218.47
218.475
218.481
218.487
218.492
218.498
218.503
218.509
218.514
218.52
218.526
218.531
218.537
218.542
218.548
218.553
218.559
218.565
218.57
218.576
218.581
218.587
218.593
218.598
218.604
218.609
218.615
218.62
218.626
218.632
218.637
218.643
218.648
218.654
218.659
218.665
218.671
218.676
218.682
218.687
218.693
218.698
218.704
218.71
218.715
218.721
218.726
218.732
218.738
218.743
218.749
218.754
218.76
218.765
218.771
218.777
218.782
218.788
218.793
218.799
218.805
218.81
218.816
218.821
218.827
218.832
218.838
218.844
218.849
218.855
218.86
218.866
218.872
218.877
218.883
218.888
218.894
218.899
218.905
218.911
218.916
218.922
218.927
218.933
218.939
218.944
218.95
218.955
218.961
218.966
218.972
218.978
218.983
218.989
218.994
219
219.006
219.011
219.017
219.022
219.028
219.034
219.039
219.045
219.05
219.056
219.061
219.067
219.073
219.078
219.084
219.089
219.095
219.101
219.106
219.112
219.117
219.123
219.129
219.134
219.14
219.145
219.151
219.157
219.162
219.168
219.173
219.179
219.184
219.19
219.196
219.201
219.207
219.212
219.218
219.224
219.229
219.235
219.24
219.246
219.252
219.257
219.263
219.268
219.274
219.28
219.285
219.291
219.296
219.302
219.308
219.313
219.319
219.324
219.33
219.336
219.341
219.347
219.352
219.358
219.364
219.369
219.375
219.38
219.386
219.392
219.397
219.403
219.408
219.414
219.42
219.425
219.431
219.436
219.442
219.448
219.453
219.459
219.464
219.47
219.476
219.481
219.487
219.492
219.498
219.504
219.509
219.515
219.52
219.526
219.532
219.537
219.543
219.548
219.554
219.56
219.565
219.571
219.576
219.582
219.588
219.593
219.599
219.604
219.61
219.616
219.621
219.627
219.633
219.638
219.644
219.649
219.655
219.661
219.666
219.672
219.677
219.683
219.689
219.694
219.7
219.705
219.711
219.717
219.722
219.728
219.733
219.739
219.745
219.75
219.756
219.762
219.767
219.773
219.778
219.784
219.79
219.795
219.801
219.806
219.812
219.818
219.823
219.829
219.834
219.84
219.846
219.851
219.857
219.863
219.868
219.874
219.879
219.885
219.891
219.896
219.902
219.907
219.913
219.919
219.924
219.93
219.936
219.941
219.947
219.952
219.958
219.964
219.969
219.975
219.98
219.986
219.992
219.997
220.003
220.009
220.014
220.02
220.025
220.031
220.037
220.042
220.048
220.054
220.059
220.065
220.07
220.076
220.082
220.087
220.093
220.098
220.104
220.11
220.115
220.121
220.127
220.132
220.138
220.143
220.149
220.155
220.16
220.166
220.172
220.177
220.183
220.188
220.194
220.2
220.205
220.211
220.217
220.222
220.228
220.233
220.239
220.245
220.25
220.256
220.262
220.267
220.273
220.278
220.284
220.29
220.295
220.301
220.307
220.312
220.318
220.323
220.329
220.335
220.34
220.346
220.352
220.357
220.363
220.368
220.374
220.38
220.385
220.391
220.397
220.402
220.408
220.413
220.419
220.425
220.43
220.436
220.442
220.447
220.453
220.459
220.464
220.47
220.475
220.481
220.487
220.492
220.498
220.504
220.509
220.515
220.52
220.526
220.532
220.537
220.543
220.549
220.554
220.56
220.566
220.571
220.577
220.582
220.588
220.594
220.599
220.605
220.611
220.616
220.622
220.628
220.633
220.639
220.644
220.65
220.656
220.661
220.667
220.673
220.678
220.684
220.69
220.695
220.701
220.706
220.712
220.718
220.723
220.729
220.735
220.74
220.746
220.752
220.757
220.763
220.768
220.774
220.78
220.785
220.791
220.797
220.802
220.808
220.814
220.819
220.825
220.831
220.836
220.842
220.847
220.853
220.859
220.864
220.87
220.876
220.881
220.887
220.893
220.898
220.904
220.91
220.915
220.921
220.926
220.932
220.938
220.943
220.949
220.955
220.96
220.966
220.972
220.977
220.983
220.989
220.994
221
221.006
221.011
221.017
221.022
221.028
221.034
221.039
221.045
221.051
221.056
221.062
221.068
221.073
221.079
221.085
221.09
221.096
221.102
221.107
221.113
221.119
221.124
221.13
221.135
221.141
221.147
221.152
221.158
221.164
221.169
221.175
221.181
221.186
221.192
221.198
221.203
221.209
221.215
221.22
221.226
221.232
221.237
221.243
221.249
221.254
221.26
221.265
221.271
221.277
221.282
221.288
221.294
221.299
221.305
221.311
221.316
221.322
221.328
221.333
221.339
221.345
221.35
221.356
221.362
221.367
221.373
221.379
221.384
221.39
221.396
221.401
221.407
221.413
221.418
221.424
221.43
221.435
221.441
221.447
221.452
221.458
221.464
221.469
221.475
221.48
221.486
221.492
221.497
221.503
221.509
221.514
221.52
221.526
221.531
221.537
221.543
221.548
221.554
221.56
221.565
221.571
221.577
221.582
221.588
221.594
221.599
221.605
221.611
221.616
221.622
221.628
221.633
221.639
221.645
221.65
221.656
221.662
221.667
221.673
221.679
221.684
221.69
221.696
221.701
221.707
221.713
221.718
221.724
221.73
221.735
221.741
221.747
221.752
221.758
221.764
221.769
221.775
221.781
221.786
221.792
221.798
221.803
221.809
221.815
221.82
221.826
221.832
221.837
221.843
221.849
221.854
221.86
221.866
221.871
221.877
221.883
221.889
221.894
221.9
221.906
221.911
221.917
221.923
221.928
221.934
221.94
221.945
221.951
221.957
221.962
221.968
221.974
221.979
221.985
221.991
221.996
222.002
222.008
222.013
222.019
222.025
222.03
222.036
222.042
222.047
222.053
222.059
222.064
222.07
222.076
222.081
222.087
222.093
222.099
222.104
222.11
222.116
222.121
222.127
222.133
222.138
222.144
222.15
222.155
222.161
222.167
222.172
222.178
222.184
222.189
222.195
222.201
222.206
222.212
222.218
222.223
222.229
222.235
222.241
222.246
222.252
222.258
222.263
222.269
222.275
222.28
222.286
222.292
222.297
222.303
222.309
222.314
222.32
222.326
222.331
222.337
222.343
222.349
222.354
222.36
222.366
222.371
222.377
222.383
222.388
222.394
222.4
222.405
222.411
222.417
222.422
222.428
222.434
222.44
222.445
222.451
222.457
222.462
222.468
222.474
222.479
222.485
222.491
222.496
222.502
222.508
222.513
222.519
222.525
222.531
222.536
222.542
222.548
222.553
222.559
222.565
222.57
222.576
222.582
222.587
222.593
222.599
222.605
222.61
222.616
222.622
222.627
222.633
222.639
222.644
222.65
222.656
222.661
222.667
222.673
222.679
222.684
222.69
222.696
222.701
222.707
222.713
222.718
222.724
222.73
222.735
222.741
222.747
222.753
222.758
222.764
222.77
222.775
222.781
222.787
222.792
222.798
222.804
222.81
222.815
222.821
222.827
222.832
222.838
222.844
222.849
222.855
222.861
222.867
222.872
222.878
222.884
222.889
222.895
222.901
222.906
222.912
222.918
222.923
222.929
222.935
222.941
222.946
222.952
222.958
222.963
222.969
222.975
222.98
222.986
222.992
222.998
223.003
223.009
223.015
223.02
223.026
223.032
223.038
223.043
223.049
223.055
223.06
223.066
223.072
223.077
223.083
223.089
223.095
223.1
223.106
223.112
223.117
223.123
223.129
223.134
223.14
223.146
223.152
223.157
223.163
223.169
223.174
223.18
223.186
223.192
223.197
223.203
223.209
223.214
223.22
223.226
223.232
223.237
223.243
223.249
223.254
223.26
223.266
223.271
223.277
223.283
223.289
223.294
223.3
223.306
223.311
223.317
223.323
223.329
223.334
223.34
223.346
223.351
223.357
223.363
223.369
223.374
223.38
223.386
223.391
223.397
223.403
223.409
223.414
223.42
223.426
223.431
223.437
223.443
223.449
223.454
223.46
223.466
223.471
223.477
223.483
223.489
223.494
223.5
223.506
223.511
223.517
223.523
223.529
223.534
223.54
223.546
223.551
223.557
223.563
223.569
223.574
223.58
223.586
223.591
223.597
223.603
223.609
223.614
223.62
223.626
223.632
223.637
223.643
223.649
223.654
223.66
223.666
223.672
223.677
223.683
223.689
223.694
223.7
223.706
223.712
223.717
223.723
223.729
223.734
223.74
223.746
223.752
223.757
223.763
223.769
223.775
223.78
223.786
223.792
223.797
223.803
223.809
223.815
223.82
223.826
223.832
223.838
223.843
223.849
223.855
223.86
223.866
223.872
223.878
223.883
223.889
223.895
223.901
223.906
223.912
223.918
223.923
223.929
223.935
223.941
223.946
223.952
223.958
223.964
223.969
223.975
223.981
223.986
223.992
223.998
224.004
224.009
224.015
224.021
224.026
224.032
224.038
224.044
224.049
224.055
224.061
224.067
224.072
224.078
224.084
224.09
224.095
224.101
224.107
224.113
224.118
224.124
224.13
224.135
224.141
224.147
224.153
224.158
224.164
224.17
224.176
224.181
224.187
224.193
224.199
224.204
224.21
224.216
224.222
224.227
224.233
224.239
224.244
224.25
224.256
224.262
224.267
224.273
224.279
224.285
224.29
224.296
224.302
224.308
224.313
224.319
224.325
224.331
224.336
224.342
224.348
224.354
224.359
224.365
224.371
224.376
224.382
224.388
224.394
224.399
224.405
224.411
224.417
224.422
224.428
224.434
224.44
224.445
224.451
224.457
224.463
224.468
224.474
224.48
224.486
224.491
224.497
224.503
224.509
224.514
224.52
224.526
224.532
224.537
224.543
224.549
224.555
224.56
224.566
224.572
224.577
224.583
224.589
224.595
224.601
224.606
224.612
224.618
224.624
224.629
224.635
224.641
224.646
224.652
224.658
224.664
224.669
224.675
224.681
224.687
224.692
224.698
224.704
224.71
224.715
224.721
224.727
224.733
224.738
224.744
224.75
224.756
224.761
224.767
224.773
224.779
224.784
224.79
224.796
224.802
224.807
224.813
224.819
224.825
224.83
224.836
224.842
224.848
224.854
224.859
224.865
224.871
224.877
224.882
224.888
224.894
224.899
224.905
224.911
224.917
224.922
224.928
224.934
224.94
224.946
224.951
224.957
224.963
224.969
224.974
224.98
224.986
224.992
224.997
225.003
225.009
225.015
225.021
225.026
225.032
225.038
225.043
225.049
225.055
225.061
225.067
225.072
225.078
225.084
225.09
225.095
225.101
225.107
225.113
225.118
225.124
225.13
225.136
225.141
225.147
225.153
225.159
225.164
225.17
225.176
225.182
225.188
225.193
225.199
225.205
225.211
225.216
225.222
225.228
225.234
225.239
225.245
225.251
225.257
225.263
225.268
225.274
225.28
225.286
225.291
225.297
225.303
225.309
225.314
225.32
225.326
225.332
225.338
225.343
225.349
225.355
225.361
225.366
225.372
225.378
225.384
225.389
225.395
225.401
225.407
225.412
225.418
225.424
225.43
225.436
225.441
225.447
225.453
225.459
225.464
225.47
225.476
225.482
225.487
225.493
225.499
225.505
225.511
225.516
225.522
225.528
225.534
225.539
225.545
225.551
225.557
225.563
225.568
225.574
225.58
225.586
225.592
225.597
225.603
225.609
225.615
225.62
225.626
225.632
225.638
225.643
225.649
225.655
225.661
225.667
225.672
225.678
225.684
225.69
225.696
225.701
225.707
225.713
225.719
225.724
225.73
225.736
225.742
225.747
225.753
225.759
225.765
225.771
225.776
225.782
225.788
225.794
225.8
225.805
225.811
225.817
225.823
225.828
225.834
225.84
225.846
225.851
225.857
225.863
225.869
225.875
225.88
225.886
225.892
225.898
225.904
225.909
225.915
225.921
225.927
225.933
225.938
225.944
225.95
225.956
225.962
225.967
225.973
225.979
225.985
225.99
225.996
226.002
226.008
226.013
226.019
226.025
226.031
226.037
226.042
226.048
226.054
226.06
226.066
226.071
226.077
226.083
226.089
226.095
226.1
226.106
226.112
226.118
226.123
226.129
226.135
226.141
226.147
226.152
226.158
226.164
226.17
226.176
226.181
226.187
226.193
226.199
226.205
226.21
226.216
226.222
226.228
226.234
226.239
226.245
226.251
226.257
226.263
226.268
226.274
226.28
226.286
226.291
226.297
226.303
226.309
226.315
226.32
226.326
226.332
226.338
226.344
226.349
226.355
226.361
226.367
226.373
226.378
226.384
226.39
226.396
226.402
226.407
226.413
226.419
226.425
226.431
226.436
226.442
226.448
226.454
226.46
226.465
226.471
226.477
226.483
226.489
226.494
226.5
226.506
226.512
226.518
226.523
226.529
226.535
226.541
226.547
226.552
226.558
226.564
226.57
226.576
226.582
226.587
226.593
226.599
226.605
226.61
226.616
226.622
226.628
226.634
226.64
226.645
226.651
226.657
226.663
226.669
226.674
226.68
226.686
226.692
226.698
226.703
226.709
226.715
226.721
226.727
226.732
226.738
226.744
226.75
226.756
226.761
226.767
226.773
226.779
226.785
226.791
226.796
226.802
226.808
226.814
226.82
226.825
226.831
226.837
226.843
226.849
226.854
226.86
226.866
226.872
226.878
226.883
226.889
226.895
226.901
226.907
226.913
226.918
226.924
226.93
226.936
226.942
226.947
226.953
226.959
226.965
226.971
226.976
226.982
226.988
226.994
227
227.006
227.011
227.017
227.023
227.029
227.035
227.04
227.046
227.052
227.058
227.064
227.07
227.075
227.081
227.087
227.093
227.099
227.104
227.11
227.116
227.122
227.128
227.134
227.139
227.145
227.151
227.157
227.163
227.168
227.174
227.18
227.186
227.192
227.198
227.203
227.209
227.215
227.221
227.227
227.233
227.238
227.244
227.25
227.256
227.262
227.267
227.273
227.279
227.285
227.291
227.297
227.302
227.308
227.314
227.32
227.326
227.332
227.337
227.343
227.349
227.355
227.361
227.366
227.372
227.378
227.384
227.39
227.396
227.401
227.407
227.413
227.419
227.425
227.431
227.436
227.442
227.448
227.454
227.46
227.466
227.471
227.477
227.483
227.489
227.495
227.501
227.506
227.512
227.518
227.524
227.53
227.536
227.541
227.547
227.553
227.559
227.565
227.571
227.576
227.582
227.588
227.594
227.6
227.606
227.611
227.617
227.623
227.629
227.635
227.641
227.647
227.652
227.658
227.664
227.67
227.676
227.682
227.687
227.693
227.699
227.705
227.711
227.717
227.723
227.728
227.734
227.74
227.746
227.752
227.758
227.763
227.769
227.775
227.781
227.787
227.793
227.799
227.804
227.81
227.816
227.822
227.828
227.834
227.84
227.845
227.851
227.857
227.863
227.869
227.875
227.881
227.887
227.892
227.898
227.904
227.91
227.916
227.922
227.928
227.933
227.939
227.945
227.951
227.957
227.963
227.969
227.975
227.981
227.986
227.992
227.998
228.004
228.01
228.016
228.022
228.028
228.034
228.039
228.045
228.051
228.057
228.063
228.069
228.075
228.081
228.087
228.093
228.098
228.104
228.11
228.116
228.122
228.128
228.134
228.14
228.146
228.152
228.158
228.164
228.17
228.176
228.181
228.187
228.193
228.199
228.205
228.211
228.217
228.223
228.229
228.235
228.241
228.247
228.253
228.259
228.265
228.271
228.277
228.283
228.289
228.295
228.301
228.307
228.313
228.319
228.325
228.331
228.337
228.343
228.349
228.355
228.361
228.367
228.373
228.379
228.385
228.391
228.397
228.403
228.409
228.416
228.422
228.428
228.434
228.44
228.446
228.452
228.458
228.464
228.47
228.477
228.483
228.489
228.495
228.501
228.507
228.514
228.52
228.526
228.532
228.538
228.544
228.551
228.557
228.563
228.569
228.576
228.582
228.588
228.594
228.601
228.607
228.613
228.62
228.626
228.632
228.638
228.645
228.651
228.658
228.664
228.67
228.677
228.683
228.689
228.696
228.702
228.709
228.715
228.722
228.728
228.735
228.741
228.748
228.754
228.761
228.767
228.774
228.78
228.787
228.794
228.8
228.807
228.814
228.82
228.827
228.834
228.84
228.847
228.854
228.861
228.867
228.874
228.881
228.888
228.895
228.902
228.908
228.915
228.922
228.929
228.936
228.943
228.95
228.957
228.964
228.971
228.978
228.985
228.993
229
229.007
229.014
229.021
229.029
229.036
229.043
229.05
229.058
229.065
229.073
229.08
229.087
229.095
229.102
229.11
229.117
229.125
229.133
229.14
229.148
229.156
229.163
229.171
229.179
229.187
229.195
229.203
229.21
229.218
229.226
229.234
229.243
229.251
229.259
229.267
229.275
229.283
229.292
229.3
229.308
229.317
229.325
229.334
229.342
229.351
229.359
229.368
229.377
229.385
229.394
229.403
229.412
229.421
229.43
229.439
229.448
229.457
229.466
229.475
229.484
229.494
229.503
229.512
229.522
229.531
229.541
229.55
229.56
229.57
229.579
229.589
229.599
229.609
229.619
229.629
229.639
229.649
229.659
229.669
229.68
229.69
229.7
229.711
229.721
229.732
229.743
229.753
229.764
229.775
229.786
229.797
229.808
229.819
229.83
229.841
229.852
229.864
229.875
229.886
229.898
229.91
229.921
229.933
229.945
229.957
229.969
229.98
229.993
230.005
230.017
230.029
230.041
230.054
230.066
230.079
230.091
230.104
230.117
230.129
230.142
230.155
230.168
230.181
230.194
230.207
230.221
230.234
230.247
230.261
230.274
230.288
230.301
230.315
230.329
230.342
230.356
230.37
230.384
230.398
230.412
230.426
230.44
230.455
230.469
230.483
230.498
230.512
230.527
230.541
230.556
230.571
230.585
230.6
230.615
230.63
230.645
230.659
230.674
230.689
230.704
230.72
230.735
230.75
230.765
230.78
230.795
230.811
230.826
230.841
230.857
230.872
230.887
230.903
230.918
230.934
230.949
230.964
230.98
230.995
231.011
231.026
231.042
231.057
231.073
231.088
231.104
231.119
231.135
231.15
231.166
231.181
231.197
231.212
231.228
231.243
231.259
231.274
231.289
231.305
231.32
231.335
231.351
231.366
231.381
231.396
231.412
231.427
231.442
231.457
231.472
231.487
231.502
231.517
231.532
231.546
231.561
231.576
231.591
231.605
231.62
231.635
231.649
231.663
231.678
231.692
231.707
231.721
231.735
231.749
231.763
231.777
231.791
231.805
231.819
231.833
231.846
231.86
231.874
231.887
231.901
231.914
231.928
231.941
231.954
231.967
231.98
231.993
232.006
232.019
232.032
232.045
232.058
232.07
232.083
232.095
232.108
232.12
232.133
232.145
232.157
232.169
232.181
232.193
232.205
232.217
232.229
232.241
232.252
232.264
232.276
232.287
232.298
232.31
232.321
232.332
232.344
232.355
232.366
232.377
232.388
232.399
232.409
232.42
232.431
232.442
232.452
232.463
232.473
232.484
232.494
232.504
232.515
232.525
232.535
232.545
232.555
232.565
232.575
232.585
232.595
232.604
232.614
232.624
232.633
232.643
232.653
232.662
232.671
232.681
232.69
232.699
232.709
232.718
232.727
232.736
232.745
232.754
232.763
232.772
232.781
232.79
232.799
232.807
232.816
232.825
232.833
232.842
232.85
232.859
232.867
232.876
232.884
232.893
232.901
232.909
232.918
232.926
232.934
232.942
232.95
232.958
232.966
232.975
232.983
232.99
232.998
233.006
233.014
233.022
233.03
233.038
233.045
233.053
233.061
233.068
233.076
233.084
233.091
233.099
233.106
233.114
233.121
233.129
233.136
233.144
233.151
233.159
233.166
233.173
233.181
233.188
233.195
233.202
233.21
233.217
233.224
233.231
233.238
233.245
233.252
233.26
233.267
233.274
233.281
233.288
233.295
233.302
233.309
233.316
233.322
233.329
233.336
233.343
233.35
233.357
233.364
233.371
233.377
233.384
233.391
233.398
233.404
233.411
233.418
233.425
233.431
233.438
233.445
233.451
233.458
233.465
233.471
233.478
233.484
233.491
233.498
233.504
233.511
233.517
233.524
233.53
233.537
233.543
233.55
233.556
233.563
233.569
233.576
233.582
233.589
233.595
233.602
233.608
233.614
233.621
233.627
233.634
233.64
233.646
233.653
233.659
233.666
233.672
233.678
233.685
233.691
233.697
233.704
233.71
233.716
233.723
233.729
233.735
233.741
233.748
233.754
233.76
233.766
233.773
233.779
233.785
233.792
233.798
233.804
233.81
233.816
233.823
233.829
233.835
233.841
233.848
233.854
233.86
233.866
233.872
233.879
233.885
233.891
233.897
233.903
233.91
233.916
233.922
233.928
233.934
233.94
233.947
233.953
233.959
233.965
233.971
233.977
233.983
233.99
233.996
234.002
234.008
234.014
234.02
234.026
234.033
234.039
234.045
234.051
234.057
234.063
234.069
234.075
234.081
234.088
234.094
234.1
234.106
234.112
234.118
234.124
234.13
234.136
234.143
234.149
234.155
234.161
234.167
234.173
234.179
234.185
234.191
234.197
234.204
234.21
234.216
234.222
234.228
234.234
234.24
234.246
234.252
234.258
234.264
234.27
234.277
234.283
234.289
234.295
234.301
234.307
234.313
234.319
234.325
234.331
234.337
234.343
234.349
234.356
234.362
234.368
234.374
234.38
234.386
234.392
234.398
234.404
234.41
234.416
234.422
234.428
234.435
234.441
234.447
234.453
234.459
234.465
234.471
234.477
234.483
234.489
234.495
234.501
234.507
234.513
234.52
234.526
234.532
234.538
234.544
234.55
234.556
234.562
234.568
234.574
234.58
234.586
234.592
234.599
234.605
234.611
234.617
234.623
234.629
234.635
234.641
234.647
234.653
234.659
234.665
234.671
234.678
234.684
234.69
234.696
234.702
234.708
234.714
234.72
234.726
234.732
234.738
234.744
234.75
234.756
234.763
234.769
234.775
234.781
234.787
234.793
234.799
234.805
234.811
234.817
234.823
234.829
234.836
234.842
234.848
234.854
234.86
234.866
234.872
234.878
234.884
234.89
234.896
234.902
234.909
234.915
234.921
234.927
234.933
234.939
234.945
234.951
234.957
234.963
234.969
234.975
234.982
234.988
234.994
235
235.006
235.012
235.018
235.024
235.03
235.036
235.042
235.048
235.055
235.061
235.067
235.073
235.079
235.085
235.091
235.097
235.103
235.109
235.115
235.122
235.128
235.134
235.14
235.146
235.152
235.158
235.164
235.17
235.176
235.182
235.188
235.195
235.201
235.207
235.213
235.219
235.225
235.231
235.237
235.243
235.249
235.255
235.262
235.268
235.274
235.28
235.286
235.292
235.298
235.304
235.31
235.316
235.322
235.328
235.335
235.341
235.347
235.353
235.359
235.365
235.371
235.377
235.383
235.389
235.396
235.401
235.408
235.413
235.42
235.426
235.432
235.438
235.444
235.45
235.456
235.462
235.469
235.474
235.481
235.486
235.493
235.498
235.505
235.51
235.518
235.523
235.53
235.535
235.542
235.547
235.554
235.559
235.566
235.571
235.579
235.583
235.591
235.595
235.603
235.607
235.615
235.619
235.627
235.632
235.639
235.644
235.652
235.656
235.664
235.668
235.676
235.68
235.688
235.692
235.7
235.704
235.712
235.716
235.725
235.729
235.737
235.741
235.749
235.753
235.761
235.765
235.773
235.777
235.785
235.789
235.797
235.801
235.81
235.814
235.822
235.826
235.834
235.838
235.846
235.85
235.858
235.862
235.87
235.874
235.882
235.886
235.895
235.899
235.907
235.911
235.919
235.923
235.931
235.935
235.943
235.947
235.955
235.959
235.967
235.971
235.979
235.983
235.992
235.996
236.004
236.008
236.016
236.02
236.028
236.032
236.04
236.044
236.052
236.056
236.064
236.068
236.076
236.08
236.088
236.093
236.101
236.105
236.113
236.117
236.125
236.129
236.137
236.141
236.149
236.153
236.161
236.165
236.173
236.177
236.185
236.189
236.198
236.202
236.21
236.214
236.222
236.226
236.234
236.238
236.246
236.25
236.258
236.262
236.27
236.274
236.282
236.286
236.294
236.299
236.307
236.311
236.319
236.323
236.331
236.335
236.343
236.347
236.355
236.359
236.367
236.371
236.379
236.383
236.391
236.395
236.404
236.408
236.416
236.42
236.428
236.432
236.44
236.444
236.452
236.456
236.464
236.468
236.476
236.48
236.488
236.492
236.501
236.505
236.513
236.517
236.525
236.529
236.537
236.541
236.549
236.553
236.561
236.565
236.573
236.577
236.585
236.589
236.598
236.602
236.61
236.614
236.622
236.626
236.634
236.638
236.646
236.65
236.658
236.662
236.67
236.674
236.683
236.687
236.695
236.699
236.707
236.711
236.719
236.723
236.731
236.735
236.743
236.747
236.755
236.759
236.768
236.772
236.78
236.784
236.792
236.796
236.804
236.808
236.816
236.82
236.828
236.832
236.84
236.845
236.853
236.857
236.865
236.869
236.877
236.881
236.889
236.893
236.901
236.905
236.913
236.918
236.926
236.93
236.938
236.942
236.95
236.954
236.962
236.966
236.974
236.978
236.987
236.991
236.999
237.003
237.011
237.015
237.023
237.027
237.035
237.039
237.047
237.052
237.06
237.064
237.072
237.076
237.084
237.088
237.096
237.1
237.108
237.112
237.121
237.125
237.133
237.137
237.145
237.149
237.157
237.161
237.169
237.173
237.182
237.186
237.194
237.198
237.206
237.21
237.218
237.222
237.23
237.234
237.243
237.247
237.255
237.259
237.267
237.271
237.279
237.283
237.291
237.296
237.304
237.308
237.316
237.32
237.328
237.332
237.34
237.344
237.353
237.357
237.365
237.369
237.377
237.381
237.389
237.393
237.401
237.405
237.414
237.418
237.426
237.43
237.438
237.442
237.45
237.454
237.463
237.467
237.475
237.479
237.487
237.491
237.499
237.503
237.511
237.516
237.524
237.528
237.536
237.54
237.548
237.552
237.56
237.564
237.573
237.577
237.585
237.589
237.597
237.601
237.609
237.613
237.622
237.626
237.634
237.638
237.646
237.65
237.658
237.662
237.671
237.675
237.683
237.687
237.695
237.699
237.707
237.711
237.72
237.724
237.732
237.736
237.744
237.748
237.756
237.76
237.769
237.773
237.781
237.785
237.793
237.797
237.805
237.809
237.818
237.822
237.83
237.834
237.842
237.846
237.854
237.858
237.867
237.871
237.879
237.883
237.891
237.895
237.903
237.907
237.916
237.92
237.928
237.932
237.94
237.944
237.952
237.957
237.965
237.969
237.977
237.981
237.989
237.993
238.002
238.006
238.014
238.018
238.026
238.03
238.038
238.042
238.051
238.055
238.063
238.067
238.075
238.079
238.087
238.092
238.1
238.104
238.112
238.116
238.124
238.128
238.137
238.141
238.149
238.153
238.161
238.165
238.173
238.177
238.186
238.19
238.198
238.202
238.21
238.214
238.222
238.227
238.235
238.239
238.247
238.251
238.259
238.263
238.272
238.276
238.284
238.288
238.296
238.3
238.308
238.313
238.321
238.325
238.333
238.337
238.345
238.349
238.358
238.362
238.37
238.374
238.382
238.386
238.394
238.399
238.407
238.411
238.419
238.423
238.431
238.435
238.444
238.448
238.456
238.46
238.468
238.472
238.48
238.485
238.493
238.497
238.505
238.509
238.517
238.521
238.53
238.534
238.542
238.546
238.554
238.558
238.566
238.571
238.579
238.583
238.591
238.595
238.603
238.607
238.616
238.62
238.628
238.632
238.64
238.644
238.653
238.657
238.665
238.669
238.677
238.681
238.689
238.694
238.702
238.706
238.714
238.718
238.726
238.731
238.739
238.743
238.751
238.755
238.763
238.767
238.776
238.78
238.788
238.792
238.8
238.805
238.813
238.817
238.825
238.829
238.838
238.842
238.85
238.854
238.863
238.867
238.875
238.879
238.888
238.892
238.9
238.905
238.913
238.917
238.926
238.93
238.939
238.943
238.952
238.956
238.965
238.969
238.978
238.983
238.992
238.996
239.005
239.01
239.019
239.024
239.033
239.038
239.047
239.052
239.062
239.067
239.077
239.082
239.092
239.097
239.107
239.112
239.123
239.128
239.139
239.144
239.155
239.161
239.172
239.178
239.189
239.195
239.206
239.212
239.224
239.23
239.242
239.248
239.261
239.267
239.279
239.286
239.299
239.305
239.318
239.324
239.337
239.344
239.357
239.364
239.377
239.384
239.398
239.405
239.418
239.425
239.439
239.446
239.46
239.467
239.481
239.488
239.502
239.509
239.523
239.53
239.544
239.551
239.565
239.572
239.586
239.593
239.607
239.615
239.629
239.636
239.65
239.657
239.671
239.678
239.692
239.699
239.713
239.72
239.734
239.741
239.755
239.762
239.776
239.783
239.797
239.804
239.818
239.825
239.839
239.846
239.859
239.866
239.88
239.887
239.901
239.908
239.921
239.928
239.942
239.949
239.962
239.969
239.982
239.989
240.003
240.01
240.023
240.03
240.043
240.05
240.063
240.07
240.083
240.09
240.103
240.11
240.123
240.13
240.143
240.15
240.163
240.17
240.183
240.19
240.203
240.209
240.222
240.229
240.242
240.249
240.262
240.268
240.281
240.288
240.301
240.307
240.32
240.327
240.34
240.346
240.359
240.365
240.378
240.385
240.398
240.404
240.417
240.423
240.436
240.442
240.455
240.462
240.475
240.48
240.496
)
;

boundaryField
{
    sides
    {
        type            zeroGradient;
    }
    empty
    {
        type            empty;
    }
}


// ************************************************************************* //
