/*--------------------------------*- C++ -*----------------------------------*\
  =========                 |
  \\      /  F ield         | OpenFOAM: The Open Source CFD Toolbox
   \\    /   O peration     | Website:  https://openfoam.org
    \\  /    A nd           | Version:  9
     \\/     M anipulation  |
\*---------------------------------------------------------------------------*/
FoamFile
{
    format      ascii;
    class       volScalarField;
    location    "0.05";
    object      p;
}
// * * * * * * * * * * * * * * * * * * * * * * * * * * * * * * * * * * * * * //

dimensions      [1 -1 -2 0 0 0 0];

internalField   nonuniform List<scalar> 
10000
(
7841.75
7841.72
7841.66
7841.61
7841.57
7841.53
7841.49
7841.45
7841.41
7841.37
7841.34
7841.3
7841.27
7841.23
7841.2
7841.17
7841.14
7841.11
7841.08
7841.05
7841.02
7841
7840.97
7840.95
7840.92
7840.9
7840.88
7840.86
7840.84
7840.82
7840.8
7840.78
7840.77
7840.75
7840.73
7840.72
7840.71
7840.7
7840.68
7840.67
7840.67
7840.66
7840.65
7840.64
7840.64
7840.63
7840.63
7840.63
7840.62
7840.62
7840.62
7840.62
7840.63
7840.63
7840.63
7840.64
7840.64
7840.65
7840.66
7840.67
7840.68
7840.69
7840.7
7840.71
7840.72
7840.74
7840.75
7840.77
7840.79
7840.8
7840.82
7840.84
7840.86
7840.89
7840.91
7840.93
7840.96
7840.99
7841.01
7841.04
7841.07
7841.1
7841.13
7841.16
7841.2
7841.23
7841.27
7841.3
7841.34
7841.38
7841.42
7841.46
7841.5
7841.54
7841.58
7841.63
7841.67
7841.72
7841.77
7841.82
7841.87
7841.92
7841.97
7842.02
7842.08
7842.13
7842.19
7842.24
7842.3
7842.36
7842.42
7842.48
7842.55
7842.61
7842.67
7842.74
7842.81
7842.88
7842.95
7843.02
7843.09
7843.16
7843.23
7843.31
7843.38
7843.46
7843.54
7843.62
7843.7
7843.78
7843.86
7843.95
7844.03
7844.12
7844.21
7844.3
7844.39
7844.48
7844.57
7844.66
7844.76
7844.85
7844.95
7845.05
7845.15
7845.25
7845.35
7845.45
7845.56
7845.66
7845.77
7845.88
7845.99
7846.1
7846.21
7846.32
7846.44
7846.55
7846.67
7846.79
7846.91
7847.03
7847.15
7847.27
7847.4
7847.52
7847.65
7847.78
7847.91
7848.04
7848.17
7848.3
7848.44
7848.57
7848.71
7848.85
7848.99
7849.13
7849.27
7849.42
7849.56
7849.71
7849.86
7850.01
7850.16
7850.31
7850.46
7850.62
7850.77
7850.93
7851.09
7851.25
7851.41
7851.57
7851.74
7851.9
7852.07
7852.24
7852.41
7852.58
7852.75
7852.93
7853.1
7853.28
7853.46
7853.64
7853.82
7854
7854.19
7854.37
7854.56
7854.75
7854.94
7855.13
7855.32
7855.51
7855.71
7855.91
7856.1
7856.3
7856.51
7856.71
7856.91
7857.12
7857.33
7857.53
7857.74
7857.96
7858.17
7858.38
7858.6
7858.82
7859.04
7859.26
7859.48
7859.7
7859.93
7860.15
7860.38
7860.61
7860.84
7861.07
7861.31
7861.54
7861.78
7862.02
7862.26
7862.5
7862.74
7862.99
7863.23
7863.48
7863.73
7863.98
7864.23
7864.49
7864.74
7865
7865.25
7865.51
7865.77
7866.04
7866.3
7866.57
7866.83
7867.1
7867.37
7867.64
7867.92
7868.19
7868.47
7868.74
7869.02
7869.3
7869.59
7869.87
7870.15
7870.44
7870.73
7871.02
7871.31
7871.6
7871.89
7872.19
7872.49
7872.78
7873.08
7873.39
7873.69
7873.99
7874.3
7874.6
7874.91
7875.22
7875.53
7875.85
7876.16
7876.48
7876.79
7877.11
7877.43
7877.75
7878.07
7878.4
7878.72
7879.05
7879.38
7879.71
7880.04
7880.37
7880.71
7881.04
7881.38
7881.71
7882.05
7882.39
7882.74
7883.08
7883.42
7883.77
7884.12
7884.46
7884.81
7885.16
7885.52
7885.87
7886.22
7886.58
7886.94
7887.3
7887.66
7888.02
7888.38
7888.74
7889.11
7889.47
7889.84
7890.21
7890.58
7890.95
7891.32
7891.69
7892.07
7892.44
7892.82
7893.2
7893.58
7893.96
7894.34
7894.72
7895.1
7895.49
7895.87
7896.26
7896.64
7897.03
7897.42
7897.81
7898.2
7898.6
7898.99
7899.39
7899.78
7900.18
7900.58
7900.97
7901.37
7901.77
7902.18
7902.58
7902.98
7903.39
7903.79
7904.2
7904.6
7905.01
7905.42
7905.83
7906.24
7906.65
7907.06
7907.48
7907.89
7908.31
7908.72
7909.14
7909.55
7909.97
7910.39
7910.81
7911.23
7911.65
7912.07
7912.49
7912.92
7913.34
7913.77
7914.19
7914.62
7915.04
7915.47
7915.9
7916.33
7916.76
7917.19
7917.62
7918.05
7918.48
7918.91
7919.35
7919.78
7920.21
7920.65
7921.08
7921.52
7921.96
7922.39
7922.83
7923.27
7923.71
7924.15
7924.59
7925.03
7925.47
7925.91
7926.35
7926.79
7927.23
7927.68
7928.12
7928.56
7929.01
7929.45
7929.9
7930.35
7930.79
7931.24
7931.68
7932.13
7932.58
7933.03
7933.48
7933.93
7934.38
7934.83
7935.28
7935.73
7936.18
7936.63
7937.08
7937.53
7937.98
7938.44
7938.89
7939.34
7939.8
7940.25
7940.7
7941.16
7941.61
7942.07
7942.52
7942.98
7943.43
7943.89
7944.35
7944.8
7945.26
7945.72
7946.18
7946.63
7947.09
7947.55
7948.01
7948.47
7948.93
7949.39
7949.84
7950.3
7950.76
7951.22
7951.68
7952.15
7952.61
7953.07
7953.53
7953.99
7954.45
7954.91
7955.37
7955.84
7956.3
7956.76
7957.22
7957.69
7958.15
7958.61
7959.08
7959.54
7960
7960.47
7960.93
7961.4
7961.86
7962.32
7962.79
7963.25
7963.72
7964.18
7964.65
7965.11
7965.58
7966.05
7966.51
7966.98
7967.44
7967.91
7968.38
7968.84
7969.31
7969.78
7970.24
7970.71
7971.18
7971.64
7972.11
7972.58
7973.05
7973.51
7973.98
7974.45
7974.92
7975.38
7975.85
7976.32
7976.79
7977.26
7977.73
7978.2
7978.66
7979.13
7979.6
7980.07
7980.54
7981.01
7981.48
7981.95
7982.42
7982.89
7983.36
7983.83
7984.3
7984.77
7985.24
7985.71
7986.18
7986.65
7987.12
7987.59
7988.06
7988.53
7989
7989.47
7989.95
7990.42
7990.89
7991.36
7991.83
7992.3
7992.77
7993.25
7993.72
7994.19
7994.66
7995.13
7995.61
7996.08
7996.55
7997.02
7997.49
7997.97
7998.44
7998.91
7999.38
7999.86
8000.33
8000.8
8001.28
8001.75
8002.22
8002.7
8003.17
8003.64
8004.12
8004.59
8005.06
8005.54
8006.01
8006.48
8006.96
8007.43
8007.91
8008.38
8008.85
8009.33
8009.8
8010.28
8010.75
8011.23
8011.7
8012.18
8012.65
8013.12
8013.6
8014.07
8014.55
8015.02
8015.5
8015.97
8016.45
8016.93
8017.4
8017.88
8018.35
8018.83
8019.3
8019.78
8020.25
8020.73
8021.21
8021.68
8022.16
8022.63
8023.11
8023.59
8024.06
8024.54
8025.02
8025.49
8025.97
8026.45
8026.92
8027.4
8027.88
8028.35
8028.83
8029.31
8029.78
8030.26
8030.74
8031.22
8031.69
8032.17
8032.65
8033.13
8033.6
8034.08
8034.56
8035.04
8035.51
8035.99
8036.47
8036.95
8037.43
8037.91
8038.38
8038.86
8039.34
8039.82
8040.3
8040.78
8041.25
8041.73
8042.21
8042.69
8043.17
8043.65
8044.13
8044.61
8045.09
8045.56
8046.04
8046.52
8047
8047.48
8047.96
8048.44
8048.92
8049.4
8049.88
8050.36
8050.84
8051.32
8051.8
8052.28
8052.76
8053.24
8053.72
8054.2
8054.68
8055.16
8055.64
8056.12
8056.6
8057.08
8057.56
8058.04
8058.53
8059.01
8059.49
8059.97
8060.45
8060.93
8061.41
8061.89
8062.37
8062.86
8063.34
8063.82
8064.3
8064.78
8065.26
8065.74
8066.23
8066.71
8067.19
8067.67
8068.15
8068.64
8069.12
8069.6
8070.08
8070.56
8071.05
8071.53
8072.01
8072.49
8072.98
8073.46
8073.94
8074.43
8074.91
8075.39
8075.87
8076.36
8076.84
8077.32
8077.81
8078.29
8078.77
8079.26
8079.74
8080.22
8080.71
8081.19
8081.67
8082.16
8082.64
8083.12
8083.61
8084.09
8084.58
8085.06
8085.54
8086.03
8086.51
8087
8087.48
8087.96
8088.45
8088.93
8089.42
8089.9
8090.39
8090.87
8091.36
8091.84
8092.33
8092.81
8093.3
8093.78
8094.27
8094.75
8095.24
8095.72
8096.21
8096.69
8097.18
8097.66
8098.15
8098.63
8099.12
8099.61
8100.09
8100.58
8101.06
8101.55
8102.03
8102.52
8103.01
8103.49
8103.98
8104.46
8104.95
8105.44
8105.92
8106.41
8106.9
8107.38
8107.87
8108.36
8108.84
8109.33
8109.82
8110.3
8110.79
8111.28
8111.76
8112.25
8112.74
8113.23
8113.71
8114.2
8114.69
8115.17
8115.66
8116.15
8116.64
8117.13
8117.61
8118.1
8118.59
8119.08
8119.56
8120.05
8120.54
8121.03
8121.52
8122
8122.49
8122.98
8123.47
8123.96
8124.45
8124.93
8125.42
8125.91
8126.4
8126.89
8127.38
8127.87
8128.35
8128.84
8129.33
8129.82
8130.31
8130.8
8131.29
8131.78
8132.27
8132.76
8133.25
8133.73
8134.22
8134.71
8135.2
8135.69
8136.18
8136.67
8137.16
8137.65
8138.14
8138.63
8139.12
8139.61
8140.1
8140.59
8141.08
8141.57
8142.06
8142.55
8143.04
8143.53
8144.02
8144.51
8145
8145.5
8145.99
8146.48
8146.97
8147.46
8147.95
8148.44
8148.93
8149.42
8149.91
8150.4
8150.9
8151.39
8151.88
8152.37
8152.86
8153.35
8153.84
8154.34
8154.83
8155.32
8155.81
8156.3
8156.79
8157.29
8157.78
8158.27
8158.76
8159.25
8159.75
8160.24
8160.73
8161.22
8161.71
8162.21
8162.7
8163.19
8163.68
8164.18
8164.67
8165.16
8165.65
8166.15
8166.64
8167.13
8167.63
8168.12
8168.61
8169.11
8169.6
8170.09
8170.58
8171.08
8171.57
8172.06
8172.56
8173.05
8173.54
8174.04
8174.53
8175.03
8175.52
8176.01
8176.51
8177
8177.49
8177.99
8178.48
8178.98
8179.47
8179.96
8180.46
8180.95
8181.45
8181.94
8182.44
8182.93
8183.43
8183.92
8184.41
8184.91
8185.4
8185.9
8186.39
8186.89
8187.38
8187.88
8188.37
8188.87
8189.36
8189.86
8190.35
8190.85
8191.34
8191.84
8192.33
8192.83
8193.33
8193.82
8194.32
8194.81
8195.31
8195.8
8196.3
8196.79
8197.29
8197.79
8198.28
8198.78
8199.27
8199.77
8200.27
8200.76
8201.26
8201.76
8202.25
8202.75
8203.24
8203.74
8204.24
8204.73
8205.23
8205.73
8206.22
8206.72
8207.22
8207.71
8208.21
8208.71
8209.21
8209.7
8210.2
8210.7
8211.19
8211.69
8212.19
8212.69
8213.18
8213.68
8214.18
8214.68
8215.17
8215.67
8216.17
8216.67
8217.16
8217.66
8218.16
8218.66
8219.15
8219.65
8220.15
8220.65
8221.15
8221.65
8222.14
8222.64
8223.14
8223.64
8224.14
8224.64
8225.13
8225.63
8226.13
8226.63
8227.13
8227.63
8228.13
8228.62
8229.12
8229.62
8230.12
8230.62
8231.12
8231.62
8232.12
8232.62
8233.12
8233.62
8234.11
8234.61
8235.11
8235.61
8236.11
8236.61
8237.11
8237.61
8238.11
8238.61
8239.11
8239.61
8240.11
8240.61
8241.11
8241.61
8242.11
8242.61
8243.11
8243.61
8244.11
8244.61
8245.11
8245.61
8246.11
8246.61
8247.11
8247.61
8248.12
8248.62
8249.12
8249.62
8250.12
8250.62
8251.12
8251.62
8252.12
8252.62
8253.12
8253.63
8254.13
8254.63
8255.13
8255.63
8256.13
8256.63
8257.13
8257.64
8258.14
8258.64
8259.14
8259.64
8260.14
8260.65
8261.15
8261.65
8262.15
8262.65
8263.16
8263.66
8264.16
8264.66
8265.16
8265.67
8266.17
8266.67
8267.17
8267.68
8268.18
8268.68
8269.18
8269.69
8270.19
8270.69
8271.19
8271.7
8272.2
8272.7
8273.2
8273.71
8274.21
8274.71
8275.22
8275.72
8276.22
8276.73
8277.23
8277.73
8278.24
8278.74
8279.24
8279.75
8280.25
8280.75
8281.26
8281.76
8282.26
8282.77
8283.27
8283.78
8284.28
8284.78
8285.29
8285.79
8286.29
8286.8
8287.3
8287.81
8288.31
8288.82
8289.32
8289.82
8290.33
8290.83
8291.34
8291.84
8292.35
8292.85
8293.36
8293.86
8294.37
8294.87
8295.38
8295.88
8296.38
8296.89
8297.39
8297.9
8298.41
8298.91
8299.42
8299.92
8300.43
8300.93
8301.44
8301.94
8302.45
8302.95
8303.46
8303.96
8304.47
8304.98
8305.48
8305.99
8306.49
8307
8307.5
8308.01
8308.52
8309.02
8309.53
8310.03
8310.54
8311.05
8311.55
8312.06
8312.57
8313.07
8313.58
8314.08
8314.59
8315.1
8315.6
8316.11
8316.62
8317.12
8317.63
8318.14
8318.64
8319.15
8319.66
8320.16
8320.67
8321.18
8321.69
8322.19
8322.7
8323.21
8323.71
8324.22
8324.73
8325.24
8325.74
8326.25
8326.76
8327.27
8327.77
8328.28
8328.79
8329.3
8329.81
8330.31
8330.82
8331.33
8331.84
8332.34
8332.85
8333.36
8333.87
8334.38
8334.89
8335.39
8335.9
8336.41
8336.92
8337.43
8337.94
8338.44
8338.95
8339.46
8339.97
8340.48
8340.99
8341.5
8342
8342.51
8343.02
8343.53
8344.04
8344.55
8345.06
8345.57
8346.08
8346.59
8347.09
8347.6
8348.11
8348.62
8349.13
8349.64
8350.15
8350.66
8351.17
8351.68
8352.19
8352.7
8353.21
8353.72
8354.23
8354.74
8355.25
8355.76
8356.27
8356.78
8357.29
8357.8
8358.31
8358.82
8359.33
8359.84
8360.35
8360.86
8361.37
8361.88
8362.39
8362.9
8363.41
8363.92
8364.43
8364.94
8365.46
8365.97
8366.48
8366.99
8367.5
8368.01
8368.52
8369.03
8369.54
8370.05
8370.57
8371.08
8371.59
8372.1
8372.61
8373.12
8373.63
8374.14
8374.66
8375.17
8375.68
8376.19
8376.7
8377.21
8377.73
8378.24
8378.75
8379.26
8379.77
8380.29
8380.8
8381.31
8381.82
8382.33
8382.85
8383.36
8383.87
8384.38
8384.9
8385.41
8385.92
8386.43
8386.95
8387.46
8387.97
8388.48
8389
8389.51
8390.02
8390.53
8391.05
8391.56
8392.07
8392.59
8393.1
8393.61
8394.13
8394.64
8395.15
8395.67
8396.18
8396.69
8397.21
8397.72
8398.23
8398.75
8399.26
8399.77
8400.29
8400.8
8401.31
8401.83
8402.34
8402.86
8403.37
8403.88
8404.4
8404.91
8405.43
8405.94
8406.45
8406.97
8407.48
8408
8408.51
8409.03
8409.54
8410.05
8410.57
8411.08
8411.6
8412.11
8412.63
8413.14
8413.66
8414.17
8414.69
8415.2
8415.72
8416.23
8416.75
8417.26
8417.78
8418.29
8418.81
8419.32
8419.84
8420.35
8420.87
8421.38
8421.9
8422.41
8422.93
8423.45
8423.96
8424.48
8424.99
8425.51
8426.02
8426.54
8427.06
8427.57
8428.09
8428.6
8429.12
8429.64
8430.15
8430.67
8431.18
8431.7
8432.22
8432.73
8433.25
8433.77
8434.28
8434.8
8435.32
8435.83
8436.35
8436.86
8437.38
8437.9
8438.42
8438.93
8439.45
8439.97
8440.48
8441
8441.52
8442.03
8442.55
8443.07
8443.59
8444.1
8444.62
8445.14
8445.65
8446.17
8446.69
8447.21
8447.72
8448.24
8448.76
8449.28
8449.8
8450.31
8450.83
8451.35
8451.87
8452.38
8452.9
8453.42
8453.94
8454.46
8454.98
8455.49
8456.01
8456.53
8457.05
8457.57
8458.09
8458.6
8459.12
8459.64
8460.16
8460.68
8461.2
8461.72
8462.23
8462.75
8463.27
8463.79
8464.31
8464.83
8465.35
8465.87
8466.39
8466.9
8467.42
8467.94
8468.46
8468.98
8469.5
8470.02
8470.54
8471.06
8471.58
8472.1
8472.62
8473.14
8473.66
8474.18
8474.7
8475.22
8475.74
8476.26
8476.78
8477.3
8477.82
8478.34
8478.86
8479.38
8479.9
8480.42
8480.94
8481.46
8481.98
8482.5
8483.02
8483.54
8484.06
8484.58
8485.1
8485.62
8486.14
8486.66
8487.18
8487.7
8488.23
8488.75
8489.27
8489.79
8490.31
8490.83
8491.35
8491.87
8492.39
8492.92
8493.44
8493.96
8494.48
8495
8495.52
8496.04
8496.57
8497.09
8497.61
8498.13
8498.65
8499.17
8499.7
8500.22
8500.74
8501.26
8501.78
8502.3
8502.83
8503.35
8503.87
8504.39
8504.92
8505.44
8505.96
8506.48
8507
8507.53
8508.05
8508.57
8509.09
8509.62
8510.14
8510.66
8511.19
8511.71
8512.23
8512.75
8513.28
8513.8
8514.32
8514.85
8515.37
8515.89
8516.41
8516.94
8517.46
8517.98
8518.51
8519.03
8519.55
8520.08
8520.6
8521.12
8521.65
8522.17
8522.7
8523.22
8523.74
8524.27
8524.79
8525.31
8525.84
8526.36
8526.89
8527.41
8527.93
8528.46
8528.98
8529.51
8530.03
8530.55
8531.08
8531.6
8532.13
8532.65
8533.18
8533.7
8534.23
8534.75
8535.27
8535.8
8536.32
8536.85
8537.37
8537.9
8538.42
8538.95
8539.47
8540
8540.52
8541.05
8541.57
8542.1
8542.62
8543.15
8543.67
8544.2
8544.72
8545.25
8545.78
8546.3
8546.83
8547.35
8547.88
8548.4
8548.93
8549.45
8549.98
8550.51
8551.03
8551.56
8552.08
8552.61
8553.14
8553.66
8554.19
8554.71
8555.24
8555.77
8556.29
8556.82
8557.35
8557.87
8558.4
8558.92
8559.45
8559.98
8560.5
8561.03
8561.56
8562.08
8562.61
8563.14
8563.66
8564.19
8564.72
8565.25
8565.77
8566.3
8566.83
8567.35
8567.88
8568.41
8568.94
8569.46
8569.99
8570.52
8571.04
8571.57
8572.1
8572.63
8573.15
8573.68
8574.21
8574.74
8575.27
8575.79
8576.32
8576.85
8577.38
8577.9
8578.43
8578.96
8579.49
8580.02
8580.54
8581.07
8581.6
8582.13
8582.66
8583.19
8583.71
8584.24
8584.77
8585.3
8585.83
8586.36
8586.89
8587.41
8587.94
8588.47
8589
8589.53
8590.06
8590.59
8591.12
8591.65
8592.17
8592.7
8593.23
8593.76
8594.29
8594.82
8595.35
8595.88
8596.41
8596.94
8597.47
8598
8598.53
8599.06
8599.59
8600.11
8600.64
8601.17
8601.7
8602.23
8602.76
8603.29
8603.82
8604.35
8604.88
8605.41
8605.94
8606.47
8607
8607.53
8608.06
8608.59
8609.12
8609.66
8610.19
8610.72
8611.25
8611.78
8612.31
8612.84
8613.37
8613.9
8614.43
8614.96
8615.49
8616.02
8616.55
8617.08
8617.62
8618.15
8618.68
8619.21
8619.74
8620.27
8620.8
8621.33
8621.87
8622.4
8622.93
8623.46
8623.99
8624.52
8625.05
8625.59
8626.12
8626.65
8627.18
8627.71
8628.24
8628.78
8629.31
8629.84
8630.37
8630.9
8631.44
8631.97
8632.5
8633.03
8633.56
8634.1
8634.63
8635.16
8635.69
8636.23
8636.76
8637.29
8637.82
8638.36
8638.89
8639.42
8639.95
8640.49
8641.02
8641.55
8642.08
8642.62
8643.15
8643.68
8644.22
8644.75
8645.28
8645.82
8646.35
8646.88
8647.42
8647.95
8648.48
8649.02
8649.55
8650.08
8650.62
8651.15
8651.68
8652.22
8652.75
8653.28
8653.82
8654.35
8654.89
8655.42
8655.95
8656.49
8657.02
8657.55
8658.09
8658.62
8659.16
8659.69
8660.23
8660.76
8661.29
8661.83
8662.36
8662.9
8663.43
8663.97
8664.5
8665.04
8665.57
8666.1
8666.64
8667.17
8667.71
8668.24
8668.78
8669.31
8669.85
8670.38
8670.92
8671.45
8671.99
8672.52
8673.06
8673.59
8674.13
8674.66
8675.2
8675.74
8676.27
8676.81
8677.34
8677.88
8678.41
8678.95
8679.48
8680.02
8680.56
8681.09
8681.63
8682.16
8682.7
8683.24
8683.77
8684.31
8684.84
8685.38
8685.92
8686.45
8686.99
8687.52
8688.06
8688.6
8689.13
8689.67
8690.21
8690.74
8691.28
8691.82
8692.35
8692.89
8693.43
8693.96
8694.5
8695.04
8695.57
8696.11
8696.65
8697.18
8697.72
8698.26
8698.8
8699.33
8699.87
8700.41
8700.95
8701.48
8702.02
8702.56
8703.09
8703.63
8704.17
8704.71
8705.24
8705.78
8706.32
8706.86
8707.4
8707.93
8708.47
8709.01
8709.55
8710.09
8710.62
8711.16
8711.7
8712.24
8712.78
8713.31
8713.85
8714.39
8714.93
8715.47
8716.01
8716.54
8717.08
8717.62
8718.16
8718.7
8719.24
8719.78
8720.32
8720.85
8721.39
8721.93
8722.47
8723.01
8723.55
8724.09
8724.63
8725.17
8725.71
8726.24
8726.78
8727.32
8727.86
8728.4
8728.94
8729.48
8730.02
8730.56
8731.1
8731.64
8732.18
8732.72
8733.26
8733.8
8734.34
8734.88
8735.42
8735.96
8736.5
8737.04
8737.58
8738.12
8738.66
8739.2
8739.74
8740.28
8740.82
8741.36
8741.9
8742.44
8742.98
8743.52
8744.06
8744.6
8745.14
8745.68
8746.22
8746.77
8747.31
8747.85
8748.39
8748.93
8749.47
8750.01
8750.55
8751.09
8751.63
8752.18
8752.72
8753.26
8753.8
8754.34
8754.88
8755.42
8755.97
8756.51
8757.05
8757.59
8758.13
8758.67
8759.22
8759.76
8760.3
8760.84
8761.38
8761.92
8762.47
8763.01
8763.55
8764.09
8764.63
8765.18
8765.72
8766.26
8766.8
8767.35
8767.89
8768.43
8768.97
8769.52
8770.06
8770.6
8771.14
8771.69
8772.23
8772.77
8773.31
8773.86
8774.4
8774.94
8775.49
8776.03
8776.57
8777.12
8777.66
8778.2
8778.74
8779.29
8779.83
8780.37
8780.92
8781.46
8782.01
8782.55
8783.09
8783.64
8784.18
8784.72
8785.27
8785.81
8786.35
8786.9
8787.44
8787.99
8788.53
8789.07
8789.62
8790.16
8790.71
8791.25
8791.79
8792.34
8792.88
8793.43
8793.97
8794.52
8795.06
8795.61
8796.15
8796.69
8797.24
8797.78
8798.33
8798.87
8799.42
8799.96
8800.51
8801.05
8801.6
8802.14
8802.69
8803.23
8803.78
8804.32
8804.87
8805.41
8805.96
8806.5
8807.05
8807.59
8808.14
8808.69
8809.23
8809.78
8810.32
8810.87
8811.41
8811.96
8812.5
8813.05
8813.6
8814.14
8814.69
8815.23
8815.78
8816.33
8816.87
8817.42
8817.96
8818.51
8819.06
8819.6
8820.15
8820.7
8821.24
8821.79
8822.34
8822.88
8823.43
8823.98
8824.52
8825.07
8825.62
8826.16
8826.71
8827.26
8827.8
8828.35
8828.9
8829.44
8829.99
8830.54
8831.09
8831.63
8832.18
8832.73
8833.27
8833.82
8834.37
8834.92
8835.46
8836.01
8836.56
8837.11
8837.65
8838.2
8838.75
8839.3
8839.85
8840.39
8840.94
8841.49
8842.04
8842.59
8843.13
8843.68
8844.23
8844.78
8845.33
8845.87
8846.42
8846.97
8847.52
8848.07
8848.62
8849.16
8849.71
8850.26
8850.81
8851.36
8851.91
8852.46
8853.01
8853.55
8854.1
8854.65
8855.2
8855.75
8856.3
8856.85
8857.4
8857.95
8858.5
8859.05
8859.59
8860.14
8860.69
8861.24
8861.79
8862.34
8862.89
8863.44
8863.99
8864.54
8865.09
8865.64
8866.19
8866.74
8867.29
8867.84
8868.39
8868.94
8869.49
8870.04
8870.59
8871.14
8871.69
8872.24
8872.79
8873.34
8873.89
8874.44
8874.99
8875.54
8876.09
8876.64
8877.19
8877.74
8878.3
8878.85
8879.4
8879.95
8880.5
8881.05
8881.6
8882.15
8882.7
8883.25
8883.8
8884.36
8884.91
8885.46
8886.01
8886.56
8887.11
8887.66
8888.21
8888.77
8889.32
8889.87
8890.42
8890.97
8891.52
8892.08
8892.63
8893.18
8893.73
8894.28
8894.84
8895.39
8895.94
8896.49
8897.04
8897.6
8898.15
8898.7
8899.25
8899.8
8900.36
8900.91
8901.46
8902.01
8902.57
8903.12
8903.67
8904.22
8904.78
8905.33
8905.88
8906.43
8906.99
8907.54
8908.09
8908.65
8909.2
8909.75
8910.31
8910.86
8911.41
8911.97
8912.52
8913.07
8913.62
8914.18
8914.73
8915.29
8915.84
8916.39
8916.95
8917.5
8918.05
8918.61
8919.16
8919.71
8920.27
8920.82
8921.38
8921.93
8922.48
8923.04
8923.59
8924.15
8924.7
8925.25
8925.81
8926.36
8926.92
8927.47
8928.03
8928.58
8929.13
8929.69
8930.24
8930.8
8931.35
8931.91
8932.46
8933.02
8933.57
8934.13
8934.68
8935.24
8935.79
8936.35
8936.9
8937.46
8938.01
8938.57
8939.12
8939.68
8940.23
8940.79
8941.34
8941.9
8942.45
8943.01
8943.56
8944.12
8944.68
8945.23
8945.79
8946.34
8946.9
8947.45
8948.01
8948.57
8949.12
8949.68
8950.23
8950.79
8951.35
8951.9
8952.46
8953.02
8953.57
8954.13
8954.68
8955.24
8955.8
8956.35
8956.91
8957.47
8958.02
8958.58
8959.14
8959.69
8960.25
8960.81
8961.36
8961.92
8962.48
8963.03
8963.59
8964.15
8964.71
8965.26
8965.82
8966.38
8966.93
8967.49
8968.05
8968.61
8969.16
8969.72
8970.28
8970.84
8971.39
8971.95
8972.51
8973.07
8973.62
8974.18
8974.74
8975.3
8975.86
8976.41
8976.97
8977.53
8978.09
8978.65
8979.2
8979.76
8980.32
8980.88
8981.44
8982
8982.55
8983.11
8983.67
8984.23
8984.79
8985.35
8985.91
8986.46
8987.02
8987.58
8988.14
8988.7
8989.26
8989.82
8990.38
8990.94
8991.49
8992.05
8992.61
8993.17
8993.73
8994.29
8994.85
8995.41
8995.97
8996.53
8997.09
8997.65
8998.21
8998.77
8999.33
8999.88
9000.44
9001
9001.56
9002.12
9002.68
9003.24
9003.8
9004.36
9004.92
9005.48
9006.04
9006.6
9007.16
9007.72
9008.29
9008.85
9009.41
9009.97
9010.53
9011.09
9011.65
9012.21
9012.77
9013.33
9013.89
9014.45
9015.01
9015.57
9016.13
9016.69
9017.26
9017.82
9018.38
9018.94
9019.5
9020.06
9020.62
9021.18
9021.74
9022.31
9022.87
9023.43
9023.99
9024.55
9025.11
9025.67
9026.24
9026.8
9027.36
9027.92
9028.48
9029.04
9029.61
9030.17
9030.73
9031.29
9031.85
9032.42
9032.98
9033.54
9034.1
9034.67
9035.23
9035.79
9036.35
9036.91
9037.48
9038.04
9038.6
9039.16
9039.73
9040.29
9040.85
9041.42
9041.98
9042.54
9043.1
9043.67
9044.23
9044.79
9045.36
9045.92
9046.48
9047.05
9047.61
9048.17
9048.73
9049.3
9049.86
9050.42
9050.99
9051.55
9052.12
9052.68
9053.24
9053.81
9054.37
9054.93
9055.5
9056.06
9056.62
9057.19
9057.75
9058.32
9058.88
9059.44
9060.01
9060.57
9061.14
9061.7
9062.27
9062.83
9063.39
9063.96
9064.52
9065.09
9065.65
9066.22
9066.78
9067.35
9067.91
9068.48
9069.04
9069.6
9070.17
9070.73
9071.3
9071.86
9072.43
9072.99
9073.56
9074.12
9074.69
9075.26
9075.82
9076.39
9076.95
9077.52
9078.08
9078.65
9079.21
9079.78
9080.34
9080.91
9081.48
9082.04
9082.61
9083.17
9083.74
9084.3
9084.87
9085.44
9086
9086.57
9087.13
9087.7
9088.27
9088.83
9089.4
9089.97
9090.53
9091.1
9091.66
9092.23
9092.8
9093.36
9093.93
9094.5
9095.06
9095.63
9096.2
9096.76
9097.33
9097.9
9098.46
9099.03
9099.6
9100.17
9100.73
9101.3
9101.87
9102.43
9103
9103.57
9104.14
9104.7
9105.27
9105.84
9106.41
9106.97
9107.54
9108.11
9108.68
9109.24
9109.81
9110.38
9110.95
9111.52
9112.08
9112.65
9113.22
9113.79
9114.36
9114.92
9115.49
9116.06
9116.63
9117.2
9117.76
9118.33
9118.9
9119.47
9120.04
9120.61
9121.18
9121.74
9122.31
9122.88
9123.45
9124.02
9124.59
9125.16
9125.73
9126.29
9126.86
9127.43
9128
9128.57
9129.14
9129.71
9130.28
9130.85
9131.42
9131.99
9132.56
9133.13
9133.7
9134.26
9134.83
9135.4
9135.97
9136.54
9137.11
9137.68
9138.25
9138.82
9139.39
9139.96
9140.53
9141.1
9141.67
9142.24
9142.81
9143.38
9143.95
9144.52
9145.09
9145.66
9146.23
9146.81
9147.38
9147.95
9148.52
9149.09
9149.66
9150.23
9150.8
9151.37
9151.94
9152.51
9153.08
9153.65
9154.23
9154.8
9155.37
9155.94
9156.51
9157.08
9157.65
9158.22
9158.79
9159.37
9159.94
9160.51
9161.08
9161.65
9162.22
9162.8
9163.37
9163.94
9164.51
9165.08
9165.65
9166.23
9166.8
9167.37
9167.94
9168.51
9169.09
9169.66
9170.23
9170.8
9171.38
9171.95
9172.52
9173.09
9173.66
9174.24
9174.81
9175.38
9175.95
9176.53
9177.1
9177.67
9178.25
9178.82
9179.39
9179.96
9180.54
9181.11
9181.68
9182.26
9182.83
9183.4
9183.98
9184.55
9185.12
9185.7
9186.27
9186.84
9187.42
9187.99
9188.56
9189.14
9189.71
9190.28
9190.86
9191.43
9192
9192.58
9193.15
9193.73
9194.3
9194.87
9195.45
9196.02
9196.6
9197.17
9197.74
9198.32
9198.89
9199.47
9200.04
9200.62
9201.19
9201.77
9202.34
9202.91
9203.49
9204.06
9204.64
9205.21
9205.79
9206.36
9206.94
9207.51
9208.09
9208.66
9209.24
9209.81
9210.39
9210.96
9211.54
9212.11
9212.69
9213.26
9213.84
9214.41
9214.99
9215.57
9216.14
9216.72
9217.29
9217.87
9218.44
9219.02
9219.6
9220.17
9220.75
9221.32
9221.9
9222.47
9223.05
9223.63
9224.2
9224.78
9225.36
9225.93
9226.51
9227.08
9227.66
9228.24
9228.81
9229.39
9229.97
9230.54
9231.12
9231.7
9232.27
9232.85
9233.43
9234
9234.58
9235.16
9235.73
9236.31
9236.89
9237.47
9238.04
9238.62
9239.2
9239.77
9240.35
9240.93
9241.51
9242.08
9242.66
9243.24
9243.82
9244.39
9244.97
9245.55
9246.13
9246.7
9247.28
9247.86
9248.44
9249.02
9249.59
9250.17
9250.75
9251.33
9251.91
9252.48
9253.06
9253.64
9254.22
9254.8
9255.38
9255.95
9256.53
9257.11
9257.69
9258.27
9258.85
9259.43
9260
9260.58
9261.16
9261.74
9262.32
9262.9
9263.48
9264.06
9264.64
9265.22
9265.79
9266.37
9266.95
9267.53
9268.11
9268.69
9269.27
9269.85
9270.43
9271.01
9271.59
9272.17
9272.75
9273.33
9273.91
9274.49
9275.07
9275.65
9276.23
9276.81
9277.39
9277.97
9278.55
9279.13
9279.71
9280.29
9280.87
9281.45
9282.03
9282.61
9283.19
9283.77
9284.35
9284.93
9285.51
9286.09
9286.67
9287.25
9287.83
9288.41
9288.99
9289.58
9290.16
9290.74
9291.32
9291.9
9292.48
9293.06
9293.64
9294.22
9294.81
9295.39
9295.97
9296.55
9297.13
9297.71
9298.29
9298.88
9299.46
9300.04
9300.62
9301.2
9301.78
9302.37
9302.95
9303.53
9304.11
9304.69
9305.27
9305.86
9306.44
9307.02
9307.6
9308.19
9308.77
9309.35
9309.93
9310.51
9311.1
9311.68
9312.26
9312.84
9313.43
9314.01
9314.59
9315.18
9315.76
9316.34
9316.92
9317.51
9318.09
9318.67
9319.26
9319.84
9320.42
9321.01
9321.59
9322.17
9322.75
9323.34
9323.92
9324.5
9325.09
9325.67
9326.26
9326.84
9327.42
9328.01
9328.59
9329.17
9329.76
9330.34
9330.92
9331.51
9332.09
9332.68
9333.26
9333.84
9334.43
9335.01
9335.6
9336.18
9336.77
9337.35
9337.93
9338.52
9339.1
9339.69
9340.27
9340.86
9341.44
9342.03
9342.61
9343.2
9343.78
9344.37
9344.95
9345.54
9346.12
9346.71
9347.29
9347.88
9348.46
9349.05
9349.63
9350.22
9350.8
9351.39
9351.97
9352.56
9353.14
9353.73
9354.31
9354.9
9355.49
9356.07
9356.66
9357.24
9357.83
9358.41
9359
9359.59
9360.17
9360.76
9361.34
9361.93
9362.52
9363.1
9363.69
9364.27
9364.86
9365.45
9366.03
9366.62
9367.21
9367.79
9368.38
9368.97
9369.55
9370.14
9370.73
9371.31
9371.9
9372.49
9373.07
9373.66
9374.25
9374.84
9375.42
9376.01
9376.6
9377.18
9377.77
9378.36
9378.95
9379.53
9380.12
9380.71
9381.3
9381.88
9382.47
9383.06
9383.65
9384.23
9384.82
9385.41
9386
9386.58
9387.17
9387.76
9388.35
9388.94
9389.52
9390.11
9390.7
9391.29
9391.88
9392.47
9393.05
9393.64
9394.23
9394.82
9395.41
9396
9396.59
9397.17
9397.76
9398.35
9398.94
9399.53
9400.12
9400.71
9401.3
9401.88
9402.47
9403.06
9403.65
9404.24
9404.83
9405.42
9406.01
9406.6
9407.19
9407.78
9408.37
9408.96
9409.55
9410.13
9410.72
9411.31
9411.9
9412.49
9413.08
9413.67
9414.26
9414.85
9415.44
9416.03
9416.62
9417.21
9417.8
9418.39
9418.98
9419.57
9420.16
9420.75
9421.34
9421.94
9422.53
9423.12
9423.71
9424.3
9424.89
9425.48
9426.07
9426.66
9427.25
9427.84
9428.43
9429.02
9429.61
9430.21
9430.8
9431.39
9431.98
9432.57
9433.16
9433.75
9434.34
9434.94
9435.53
9436.12
9436.71
9437.3
9437.89
9438.48
9439.08
9439.67
9440.26
9440.85
9441.44
9442.04
9442.63
9443.22
9443.81
9444.4
9445
9445.59
9446.18
9446.77
9447.36
9447.96
9448.55
9449.14
9449.73
9450.33
9450.92
9451.51
9452.1
9452.7
9453.29
9453.88
9454.47
9455.07
9455.66
9456.25
9456.85
9457.44
9458.03
9458.63
9459.22
9459.81
9460.4
9461
9461.59
9462.18
9462.78
9463.37
9463.96
9464.56
9465.15
9465.75
9466.34
9466.93
9467.53
9468.12
9468.71
9469.31
9469.9
9470.5
9471.09
9471.68
9472.28
9472.87
9473.47
9474.06
9474.65
9475.25
9475.84
9476.44
9477.03
9477.63
9478.22
9478.81
9479.41
9480
9480.6
9481.19
9481.79
9482.38
9482.98
9483.57
9484.17
9484.76
9485.36
9485.95
9486.55
9487.14
9487.74
9488.33
9488.93
9489.52
9490.12
9490.71
9491.31
9491.91
9492.5
9493.1
9493.69
9494.29
9494.88
9495.48
9496.07
9496.67
9497.27
9497.86
9498.46
9499.05
9499.65
9500.25
9500.84
9501.44
9502.03
9502.63
9503.23
9503.82
9504.42
9505.02
9505.61
9506.21
9506.81
9507.4
9508
9508.6
9509.19
9509.79
9510.39
9510.98
9511.58
9512.18
9512.77
9513.37
9513.97
9514.56
9515.16
9515.76
9516.36
9516.95
9517.55
9518.15
9518.75
9519.34
9519.94
9520.54
9521.14
9521.73
9522.33
9522.93
9523.53
9524.12
9524.72
9525.32
9525.92
9526.52
9527.11
9527.71
9528.31
9528.91
9529.51
9530.1
9530.7
9531.3
9531.9
9532.5
9533.1
9533.69
9534.29
9534.89
9535.49
9536.09
9536.69
9537.29
9537.88
9538.48
9539.08
9539.68
9540.28
9540.88
9541.48
9542.08
9542.68
9543.28
9543.87
9544.47
9545.07
9545.67
9546.27
9546.87
9547.47
9548.07
9548.67
9549.27
9549.87
9550.47
9551.07
9551.67
9552.27
9552.87
9553.47
9554.07
9554.67
9555.27
9555.87
9556.47
9557.07
9557.67
9558.27
9558.87
9559.47
9560.07
9560.67
9561.27
9561.87
9562.47
9563.07
9563.67
9564.27
9564.87
9565.47
9566.08
9566.68
9567.28
9567.88
9568.48
9569.08
9569.68
9570.28
9570.88
9571.48
9572.09
9572.69
9573.29
9573.89
9574.49
9575.09
9575.69
9576.3
9576.9
9577.5
9578.1
9578.7
9579.3
9579.91
9580.51
9581.11
9581.71
9582.31
9582.92
9583.52
9584.12
9584.72
9585.32
9585.93
9586.53
9587.13
9587.73
9588.34
9588.94
9589.54
9590.14
9590.75
9591.35
9591.95
9592.55
9593.16
9593.76
9594.36
9594.96
9595.57
9596.17
9596.77
9597.38
9597.98
9598.58
9599.19
9599.79
9600.39
9601
9601.6
9602.2
9602.81
9603.41
9604.01
9604.62
9605.22
9605.82
9606.43
9607.03
9607.63
9608.24
9608.84
9609.45
9610.05
9610.65
9611.26
9611.86
9612.47
9613.07
9613.67
9614.28
9614.88
9615.49
9616.09
9616.7
9617.3
9617.91
9618.51
9619.11
9619.72
9620.32
9620.93
9621.53
9622.14
9622.74
9623.35
9623.95
9624.56
9625.16
9625.77
9626.37
9626.98
9627.58
9628.19
9628.79
9629.4
9630
9630.61
9631.22
9631.82
9632.43
9633.03
9633.64
9634.24
9634.85
9635.46
9636.06
9636.67
9637.27
9637.88
9638.48
9639.09
9639.7
9640.3
9640.91
9641.52
9642.12
9642.73
9643.33
9643.94
9644.55
9645.15
9645.76
9646.37
9646.97
9647.58
9648.19
9648.79
9649.4
9650.01
9650.61
9651.22
9651.83
9652.43
9653.04
9653.65
9654.26
9654.86
9655.47
9656.08
9656.68
9657.29
9657.9
9658.51
9659.11
9659.72
9660.33
9660.94
9661.54
9662.15
9662.76
9663.37
9663.98
9664.58
9665.19
9665.8
9666.41
9667.02
9667.62
9668.23
9668.84
9669.45
9670.06
9670.66
9671.27
9671.88
9672.49
9673.1
9673.71
9674.32
9674.92
9675.53
9676.14
9676.75
9677.36
9677.97
9678.58
9679.19
9679.79
9680.4
9681.01
9681.62
9682.23
9682.84
9683.45
9684.06
9684.67
9685.28
9685.89
9686.5
9687.1
9687.71
9688.32
9688.93
9689.54
9690.15
9690.76
9691.37
9691.98
9692.59
9693.2
9693.81
9694.42
9695.03
9695.64
9696.25
9696.86
9697.47
9698.08
9698.69
9699.3
9699.91
9700.52
9701.13
9701.75
9702.36
9702.97
9703.58
9704.19
9704.8
9705.41
9706.02
9706.63
9707.24
9707.85
9708.46
9709.07
9709.69
9710.3
9710.91
9711.52
9712.13
9712.74
9713.35
9713.96
9714.58
9715.19
9715.8
9716.41
9717.02
9717.63
9718.25
9718.86
9719.47
9720.08
9720.69
9721.31
9721.92
9722.53
9723.14
9723.75
9724.37
9724.98
9725.59
9726.2
9726.81
9727.43
9728.04
9728.65
9729.26
9729.88
9730.49
9731.1
9731.71
9732.33
9732.94
9733.55
9734.17
9734.78
9735.39
9736
9736.62
9737.23
9737.84
9738.46
9739.07
9739.68
9740.3
9740.91
9741.52
9742.14
9742.75
9743.36
9743.98
9744.59
9745.2
9745.82
9746.43
9747.05
9747.66
9748.27
9748.89
9749.5
9750.11
9750.73
9751.34
9751.96
9752.57
9753.19
9753.8
9754.41
9755.03
9755.64
9756.26
9756.87
9757.49
9758.1
9758.71
9759.33
9759.94
9760.56
9761.17
9761.79
9762.4
9763.02
9763.63
9764.25
9764.86
9765.48
9766.09
9766.71
9767.32
9767.94
9768.55
9769.17
9769.79
9770.4
9771.02
9771.63
9772.25
9772.86
9773.48
9774.09
9774.71
9775.33
9775.94
9776.56
9777.17
9777.79
9778.41
9779.02
9779.64
9780.25
9780.87
9781.49
9782.1
9782.72
9783.33
9783.95
9784.57
9785.18
9785.8
9786.42
9787.03
9787.65
9788.27
9788.88
9789.5
9790.12
9790.73
9791.35
9791.97
9792.59
9793.2
9793.82
9794.44
9795.05
9795.67
9796.29
9796.91
9797.52
9798.14
9798.76
9799.38
9799.99
9800.61
9801.23
9801.85
9802.46
9803.08
9803.7
9804.32
9804.93
9805.55
9806.17
9806.79
9807.41
9808.02
9808.64
9809.26
9809.88
9810.5
9811.12
9811.73
9812.35
9812.97
9813.59
9814.21
9814.83
9815.45
9816.06
9816.68
9817.3
9817.92
9818.54
9819.16
9819.78
9820.4
9821.02
9821.63
9822.25
9822.87
9823.49
9824.11
9824.73
9825.35
9825.97
9826.59
9827.21
9827.83
9828.45
9829.07
9829.69
9830.31
9830.93
9831.55
9832.17
9832.79
9833.41
9834.03
9834.65
9835.27
9835.89
9836.51
9837.13
9837.75
9838.37
9838.99
9839.61
9840.23
9840.85
9841.47
9842.09
9842.71
9843.33
9843.95
9844.57
9845.19
9845.81
9846.43
9847.05
9847.68
9848.3
9848.92
9849.54
9850.16
9850.78
9851.4
9852.02
9852.64
9853.27
9853.89
9854.51
9855.13
9855.75
9856.37
9857
9857.62
9858.24
9858.86
9859.48
9860.1
9860.73
9861.35
9861.97
9862.59
9863.21
9863.84
9864.46
9865.08
9865.7
9866.32
9866.95
9867.57
9868.19
9868.81
9869.44
9870.06
9870.68
9871.3
9871.93
9872.55
9873.17
9873.8
9874.42
9875.04
9875.66
9876.29
9876.91
9877.53
9878.16
9878.78
9879.4
9880.03
9880.65
9881.27
9881.9
9882.52
9883.14
9883.77
9884.39
9885.01
9885.64
9886.26
9886.88
9887.51
9888.13
9888.76
9889.38
9890
9890.63
9891.25
9891.88
9892.5
9893.12
9893.75
9894.37
9895
9895.62
9896.25
9896.87
9897.5
9898.12
9898.74
9899.37
9899.99
9900.62
9901.24
9901.87
9902.49
9903.12
9903.74
9904.37
9904.99
9905.62
9906.24
9906.87
9907.49
9908.12
9908.74
9909.37
9909.99
9910.62
9911.25
9911.87
9912.5
9913.12
9913.75
9914.37
9915
9915.63
9916.25
9916.88
9917.5
9918.13
9918.76
9919.38
9920.01
9920.63
9921.26
9921.89
9922.51
9923.14
9923.76
9924.39
9925.02
9925.64
9926.27
9926.9
9927.52
9928.15
9928.78
9929.4
9930.03
9930.66
9931.28
9931.91
9932.54
9933.17
9933.79
9934.42
9935.05
9935.67
9936.3
9936.93
9937.56
9938.18
9938.81
9939.44
9940.07
9940.69
9941.32
9941.95
9942.58
9943.21
9943.83
9944.46
9945.09
9945.72
9946.34
9946.97
9947.6
9948.23
9948.86
9949.49
9950.11
9950.74
9951.37
9952
9952.63
9953.26
9953.88
9954.51
9955.14
9955.77
9956.4
9957.03
9957.66
9958.29
9958.91
9959.54
9960.17
9960.8
9961.43
9962.06
9962.69
9963.32
9963.95
9964.58
9965.21
9965.84
9966.46
9967.09
9967.72
9968.35
9968.98
9969.61
9970.24
9970.87
9971.5
9972.13
9972.76
9973.39
9974.02
9974.65
9975.28
9975.91
9976.54
9977.17
9977.8
9978.43
9979.06
9979.69
9980.32
9980.95
9981.58
9982.22
9982.85
9983.48
9984.11
9984.74
9985.37
9986
9986.63
9987.26
9987.89
9988.52
9989.15
9989.79
9990.42
9991.05
9991.68
9992.31
9992.94
9993.57
9994.2
9994.84
9995.47
9996.1
9996.73
9997.36
9997.99
9998.63
9999.26
9999.89
10000.5
10001.2
10001.8
10002.4
10003
10003.7
10004.3
10004.9
10005.6
10006.2
10006.8
10007.5
10008.1
10008.7
10009.4
10010
10010.6
10011.3
10011.9
10012.5
10013.2
10013.8
10014.4
10015.1
10015.7
10016.3
10017
10017.6
10018.2
10018.9
10019.5
10020.1
10020.8
10021.4
10022
10022.7
10023.3
10023.9
10024.6
10025.2
10025.8
10026.5
10027.1
10027.7
10028.4
10029
10029.6
10030.3
10030.9
10031.5
10032.2
10032.8
10033.4
10034.1
10034.7
10035.3
10036
10036.6
10037.2
10037.9
10038.5
10039.2
10039.8
10040.4
10041.1
10041.7
10042.3
10043
10043.6
10044.2
10044.9
10045.5
10046.1
10046.8
10047.4
10048
10048.7
10049.3
10049.9
10050.6
10051.2
10051.9
10052.5
10053.1
10053.8
10054.4
10055
10055.7
10056.3
10056.9
10057.6
10058.2
10058.8
10059.5
10060.1
10060.8
10061.4
10062
10062.7
10063.3
10063.9
10064.6
10065.2
10065.8
10066.5
10067.1
10067.8
10068.4
10069
10069.7
10070.3
10070.9
10071.6
10072.2
10072.9
10073.5
10074.1
10074.8
10075.4
10076
10076.7
10077.3
10077.9
10078.6
10079.2
10079.9
10080.5
10081.1
10081.8
10082.4
10083
10083.7
10084.3
10085
10085.6
10086.2
10086.9
10087.5
10088.2
10088.8
10089.4
10090.1
10090.7
10091.3
10092
10092.6
10093.3
10093.9
10094.5
10095.2
10095.8
10096.5
10097.1
10097.7
10098.4
10099
10099.6
10100.3
10100.9
10101.6
10102.2
10102.8
10103.5
10104.1
10104.8
10105.4
10106
10106.7
10107.3
10108
10108.6
10109.2
10109.9
10110.5
10111.2
10111.8
10112.4
10113.1
10113.7
10114.4
10115
10115.6
10116.3
10116.9
10117.6
10118.2
10118.8
10119.5
10120.1
10120.8
10121.4
10122
10122.7
10123.3
10124
10124.6
10125.2
10125.9
10126.5
10127.2
10127.8
10128.4
10129.1
10129.7
10130.4
10131
10131.7
10132.3
10132.9
10133.6
10134.2
10134.9
10135.5
10136.1
10136.8
10137.4
10138.1
10138.7
10139.3
10140
10140.6
10141.3
10141.9
10142.6
10143.2
10143.8
10144.5
10145.1
10145.8
10146.4
10147.1
10147.7
10148.3
10149
10149.6
10150.3
10150.9
10151.6
10152.2
10152.8
10153.5
10154.1
10154.8
10155.4
10156
10156.7
10157.3
10158
10158.6
10159.3
10159.9
10160.6
10161.2
10161.8
10162.5
10163.1
10163.8
10164.4
10165.1
10165.7
10166.3
10167
10167.6
10168.3
10168.9
10169.6
10170.2
10170.8
10171.5
10172.1
10172.8
10173.4
10174.1
10174.7
10175.4
10176
10176.6
10177.3
10177.9
10178.6
10179.2
10179.9
10180.5
10181.2
10181.8
10182.4
10183.1
10183.7
10184.4
10185
10185.7
10186.3
10187
10187.6
10188.3
10188.9
10189.5
10190.2
10190.8
10191.5
10192.1
10192.8
10193.4
10194.1
10194.7
10195.4
10196
10196.6
10197.3
10197.9
10198.6
10199.2
10199.9
10200.5
10201.2
10201.8
10202.5
10203.1
10203.8
10204.4
10205
10205.7
10206.3
10207
10207.6
10208.3
10208.9
10209.6
10210.2
10210.9
10211.5
10212.2
10212.8
10213.5
10214.1
10214.7
10215.4
10216
10216.7
10217.3
10218
10218.6
10219.3
10219.9
10220.6
10221.2
10221.9
10222.5
10223.2
10223.8
10224.5
10225.1
10225.8
10226.4
10227
10227.7
10228.3
10229
10229.6
10230.3
10230.9
10231.6
10232.2
10232.9
10233.5
10234.2
10234.8
10235.5
10236.1
10236.8
10237.4
10238.1
10238.7
10239.4
10240
10240.7
10241.3
10242
10242.6
10243.3
10243.9
10244.6
10245.2
10245.9
10246.5
10247.2
10247.8
10248.5
10249.1
10249.8
10250.4
10251.1
10251.7
10252.4
10253
10253.7
10254.3
10255
10255.6
10256.3
10256.9
10257.6
10258.2
10258.9
10259.5
10260.2
10260.8
10261.5
10262.1
10262.8
10263.4
10264.1
10264.7
10265.4
10266
10266.7
10267.3
10268
10268.6
10269.3
10269.9
10270.6
10271.2
10271.9
10272.5
10273.2
10273.8
10274.5
10275.1
10275.8
10276.4
10277.1
10277.7
10278.4
10279
10279.7
10280.3
10281
10281.6
10282.3
10282.9
10283.6
10284.2
10284.9
10285.6
10286.2
10286.9
10287.5
10288.2
10288.8
10289.5
10290.1
10290.8
10291.4
10292.1
10292.7
10293.4
10294
10294.7
10295.3
10296
10296.6
10297.3
10297.9
10298.6
10299.3
10299.9
10300.6
10301.2
10301.9
10302.5
10303.2
10303.8
10304.5
10305.1
10305.8
10306.4
10307.1
10307.7
10308.4
10309.1
10309.7
10310.4
10311
10311.7
10312.3
10313
10313.6
10314.3
10314.9
10315.6
10316.3
10316.9
10317.6
10318.2
10318.9
10319.5
10320.2
10320.8
10321.5
10322.1
10322.8
10323.5
10324.1
10324.8
10325.4
10326.1
10326.7
10327.4
10328
10328.7
10329.3
10330
10330.7
10331.3
10332
10332.6
10333.3
10333.9
10334.6
10335.2
10335.9
10336.6
10337.2
10337.9
10338.5
10339.2
10339.8
10340.5
10341.1
10341.8
10342.5
10343.1
10343.8
10344.4
10345.1
10345.7
10346.4
10347.1
10347.7
10348.4
10349
10349.7
10350.3
10351
10351.6
10352.3
10353
10353.6
10354.3
10354.9
10355.6
10356.2
10356.9
10357.6
10358.2
10358.9
10359.5
10360.2
10360.8
10361.5
10362.2
10362.8
10363.5
10364.1
10364.8
10365.5
10366.1
10366.8
10367.4
10368.1
10368.7
10369.4
10370.1
10370.7
10371.4
10372
10372.7
10373.3
10374
10374.7
10375.3
10376
10376.6
10377.3
10378
10378.6
10379.3
10379.9
10380.6
10381.3
10381.9
10382.6
10383.2
10383.9
10384.5
10385.2
10385.9
10386.5
10387.2
10387.8
10388.5
10389.2
10389.8
10390.5
10391.1
10391.8
10392.5
10393.1
10393.8
10394.4
10395.1
10395.8
10396.4
10397.1
10397.7
10398.4
10399.1
10399.7
10400.4
10401
10401.7
10402.4
10403
10403.7
10404.3
10405
10405.7
10406.3
10407
10407.6
10408.3
10409
10409.6
10410.3
10410.9
10411.6
10412.3
10412.9
10413.6
10414.3
10414.9
10415.6
10416.2
10416.9
10417.6
10418.2
10418.9
10419.5
10420.2
10420.9
10421.5
10422.2
10422.9
10423.5
10424.2
10424.8
10425.5
10426.2
10426.8
10427.5
10428.1
10428.8
10429.5
10430.1
10430.8
10431.5
10432.1
10432.8
10433.4
10434.1
10434.8
10435.4
10436.1
10436.8
10437.4
10438.1
10438.7
10439.4
10440.1
10440.7
10441.4
10442.1
10442.7
10443.4
10444.1
10444.7
10445.4
10446
10446.7
10447.4
10448
10448.7
10449.4
10450
10450.7
10451.4
10452
10452.7
10453.3
10454
10454.7
10455.3
10456
10456.7
10457.3
10458
10458.7
10459.3
10460
10460.7
10461.3
10462
10462.6
10463.3
10464
10464.6
10465.3
10466
10466.6
10467.3
10468
10468.6
10469.3
10470
10470.6
10471.3
10472
10472.6
10473.3
10474
10474.6
10475.3
10475.9
10476.6
10477.3
10477.9
10478.6
10479.3
10479.9
10480.6
10481.3
10481.9
10482.6
10483.3
10483.9
10484.6
10485.3
10485.9
10486.6
10487.3
10487.9
10488.6
10489.3
10489.9
10490.6
10491.3
10491.9
10492.6
10493.3
10493.9
10494.6
10495.3
10495.9
10496.6
10497.3
10497.9
10498.6
10499.3
10499.9
10500.6
10501.3
10501.9
10502.6
10503.3
10503.9
10504.6
10505.3
10505.9
10506.6
10507.3
10507.9
10508.6
10509.3
10510
10510.6
10511.3
10512
10512.6
10513.3
10514
10514.6
10515.3
10516
10516.6
10517.3
10518
10518.6
10519.3
10520
10520.6
10521.3
10522
10522.7
10523.3
10524
10524.7
10525.3
10526
10526.7
10527.3
10528
10528.7
10529.3
10530
10530.7
10531.4
10532
10532.7
10533.4
10534
10534.7
10535.4
10536
10536.7
10537.4
10538
10538.7
10539.4
10540.1
10540.7
10541.4
10542.1
10542.7
10543.4
10544.1
10544.8
10545.4
10546.1
10546.8
10547.4
10548.1
10548.8
10549.4
10550.1
10550.8
10551.5
10552.1
10552.8
10553.5
10554.1
10554.8
10555.5
10556.2
10556.8
10557.5
10558.2
10558.8
10559.5
10560.2
10560.9
10561.5
10562.2
10562.9
10563.5
10564.2
10564.9
10565.6
10566.2
10566.9
10567.6
10568.2
10568.9
10569.6
10570.3
10570.9
10571.6
10572.3
10573
10573.6
10574.3
10575
10575.6
10576.3
10577
10577.7
10578.3
10579
10579.7
10580.3
10581
10581.7
10582.4
10583
10583.7
10584.4
10585.1
10585.7
10586.4
10587.1
10587.8
10588.4
10589.1
10589.8
10590.4
10591.1
10591.8
10592.5
10593.1
10593.8
10594.5
10595.2
10595.8
10596.5
10597.2
10597.9
10598.5
10599.2
10599.9
10600.6
10601.2
10601.9
10602.6
10603.3
10603.9
10604.6
10605.3
10606
10606.6
10607.3
10608
10608.7
10609.3
10610
10610.7
10611.4
10612
10612.7
10613.4
10614.1
10614.7
10615.4
10616.1
10616.8
10617.4
10618.1
10618.8
10619.5
10620.1
10620.8
10621.5
10622.2
10622.8
10623.5
10624.2
10624.9
10625.5
10626.2
10626.9
10627.6
10628.2
10628.9
10629.6
10630.3
10631
10631.6
10632.3
10633
10633.7
10634.3
10635
10635.7
10636.4
10637
10637.7
10638.4
10639.1
10639.7
10640.4
10641.1
10641.8
10642.5
10643.1
10643.8
10644.5
10645.2
10645.8
10646.5
10647.2
10647.9
10648.6
10649.2
10649.9
10650.6
10651.3
10651.9
10652.6
10653.3
10654
10654.7
10655.3
10656
10656.7
10657.4
10658
10658.7
10659.4
10660.1
10660.8
10661.4
10662.1
10662.8
10663.5
10664.2
10664.8
10665.5
10666.2
10666.9
10667.6
10668.2
10668.9
10669.6
10670.3
10670.9
10671.6
10672.3
10673
10673.7
10674.3
10675
10675.7
10676.4
10677.1
10677.7
10678.4
10679.1
10679.8
10680.5
10681.1
10681.8
10682.5
10683.2
10683.9
10684.5
10685.2
10685.9
10686.6
10687.3
10687.9
10688.6
10689.3
10690
10690.7
10691.3
10692
10692.7
10693.4
10694.1
10694.7
10695.4
10696.1
10696.8
10697.5
10698.2
10698.8
10699.5
10700.2
10700.9
10701.6
10702.2
10702.9
10703.6
10704.3
10705
10705.7
10706.3
10707
10707.7
10708.4
10709.1
10709.7
10710.4
10711.1
10711.8
10712.5
10713.2
10713.8
10714.5
10715.2
10715.9
10716.6
10717.2
10717.9
10718.6
10719.3
10720
10720.7
10721.3
10722
10722.7
10723.4
10724.1
10724.8
10725.4
10726.1
10726.8
10727.5
10728.2
10728.9
10729.5
10730.2
10730.9
10731.6
10732.3
10733
10733.6
10734.3
10735
10735.7
10736.4
10737.1
10737.7
10738.4
10739.1
10739.8
10740.5
10741.2
10741.8
10742.5
10743.2
10743.9
10744.6
10745.3
10746
10746.6
10747.3
10748
10748.7
10749.4
10750.1
10750.7
10751.4
10752.1
10752.8
10753.5
10754.2
10754.9
10755.5
10756.2
10756.9
10757.6
10758.3
10759
10759.7
10760.3
10761
10761.7
10762.4
10763.1
10763.8
10764.5
10765.1
10765.8
10766.5
10767.2
10767.9
10768.6
10769.3
10769.9
10770.6
10771.3
10772
10772.7
10773.4
10774.1
10774.7
10775.4
10776.1
10776.8
10777.5
10778.2
10778.9
10779.6
10780.2
10780.9
10781.6
10782.3
10783
10783.7
10784.4
10785.1
10785.7
10786.4
10787.1
10787.8
10788.5
10789.2
10789.9
10790.6
10791.2
10791.9
10792.6
10793.3
10794
10794.7
10795.4
10796.1
10796.7
10797.4
10798.1
10798.8
10799.5
10800.2
10800.9
10801.6
10802.3
10802.9
10803.6
10804.3
10805
10805.7
10806.4
10807.1
10807.8
10808.4
10809.1
10809.8
10810.5
10811.2
10811.9
10812.6
10813.3
10814
10814.7
10815.3
10816
10816.7
10817.4
10818.1
10818.8
10819.5
10820.2
10820.9
10821.5
10822.2
10822.9
10823.6
10824.3
10825
10825.7
10826.4
10827.1
10827.8
10828.4
10829.1
10829.8
10830.5
10831.2
10831.9
10832.6
10833.3
10834
10834.7
10835.4
10836
10836.7
10837.4
10838.1
10838.8
10839.5
10840.2
10840.9
10841.6
10842.3
10843
10843.6
10844.3
10845
10845.7
10846.4
10847.1
10847.8
10848.5
10849.2
10849.9
10850.6
10851.3
10851.9
10852.6
10853.3
10854
10854.7
10855.4
10856.1
10856.8
10857.5
10858.2
10858.9
10859.6
10860.3
10860.9
10861.6
10862.3
10863
10863.7
10864.4
10865.1
10865.8
10866.5
10867.2
10867.9
10868.6
10869.3
10870
10870.6
10871.3
10872
10872.7
10873.4
10874.1
10874.8
10875.5
10876.2
10876.9
10877.6
10878.3
10879
10879.7
10880.4
10881.1
10881.7
10882.4
10883.1
10883.8
10884.5
10885.2
10885.9
10886.6
10887.3
10888
10888.7
10889.4
10890.1
10890.8
10891.5
10892.2
10892.9
10893.6
10894.2
10894.9
10895.6
10896.3
10897
10897.7
10898.4
10899.1
10899.8
10900.5
10901.2
10901.9
10902.6
10903.3
10904
10904.7
10905.4
10906.1
10906.8
10907.5
10908.2
10908.9
10909.6
10910.2
10910.9
10911.6
10912.3
10913
10913.7
10914.4
10915.1
10915.8
10916.5
10917.2
10917.9
10918.6
10919.3
10920
10920.7
10921.4
10922.1
10922.8
10923.5
10924.2
10924.9
10925.6
10926.3
10927
10927.7
10928.4
10929.1
10929.8
10930.5
10931.2
10931.8
10932.5
10933.2
10933.9
10934.6
10935.3
10936
10936.7
10937.4
10938.1
10938.8
10939.5
10940.2
10940.9
10941.6
10942.3
10943
10943.7
10944.4
10945.1
10945.8
10946.5
10947.2
10947.9
10948.6
10949.3
10950
10950.7
10951.4
10952.1
10952.8
10953.5
10954.2
10954.9
10955.6
10956.3
10957
10957.7
10958.4
10959.1
10959.8
10960.5
10961.2
10961.9
10962.6
10963.3
10964
10964.7
10965.4
10966.1
10966.8
10967.5
10968.2
10968.9
10969.6
10970.3
10971
10971.7
10972.4
10973.1
10973.8
10974.5
10975.2
10975.9
10976.6
10977.3
10978
10978.7
10979.4
10980.1
10980.8
10981.5
10982.2
10982.9
10983.6
10984.3
10985
10985.7
10986.4
10987.1
10987.8
10988.5
10989.2
10989.9
10990.6
10991.3
10992
10992.7
10993.4
10994.1
10994.8
10995.5
10996.2
10996.9
10997.6
10998.3
10999
10999.7
11000.4
11001.2
11001.9
11002.6
11003.3
11004
11004.7
11005.4
11006.1
11006.8
11007.5
11008.2
11008.9
11009.6
11010.3
11011
11011.7
11012.4
11013.1
11013.8
11014.5
11015.2
11015.9
11016.6
11017.3
11018
11018.7
11019.4
11020.1
11020.8
11021.5
11022.2
11023
11023.7
11024.4
11025.1
11025.8
11026.5
11027.2
11027.9
11028.6
11029.3
11030
11030.7
11031.4
11032.1
11032.8
11033.5
11034.2
11034.9
11035.6
11036.3
11037
11037.7
11038.5
11039.2
11039.9
11040.6
11041.3
11042
11042.7
11043.4
11044.1
11044.8
11045.5
11046.2
11046.9
11047.6
11048.3
11049
11049.7
11050.4
11051.1
11051.9
11052.6
11053.3
11054
11054.7
11055.4
11056.1
11056.8
11057.5
11058.2
11058.9
11059.6
11060.3
11061
11061.7
11062.5
11063.2
11063.9
11064.6
11065.3
11066
11066.7
11067.4
11068.1
11068.8
11069.5
11070.2
11070.9
11071.6
11072.4
11073.1
11073.8
11074.5
11075.2
11075.9
11076.6
11077.3
11078
11078.7
11079.4
11080.1
11080.8
11081.6
11082.3
11083
11083.7
11084.4
11085.1
11085.8
11086.5
11087.2
11087.9
11088.6
11089.3
11090.1
11090.8
11091.5
11092.2
11092.9
11093.6
11094.3
11095
11095.7
11096.4
11097.1
11097.9
11098.6
11099.3
11100
11100.7
11101.4
11102.1
11102.8
11103.5
11104.2
11104.9
11105.7
11106.4
11107.1
11107.8
11108.5
11109.2
11109.9
11110.6
11111.3
11112
11112.8
11113.5
11114.2
11114.9
11115.6
11116.3
11117
11117.7
11118.4
11119.2
11119.9
11120.6
11121.3
11122
11122.7
11123.4
11124.1
11124.8
11125.5
11126.3
11127
11127.7
11128.4
11129.1
11129.8
11130.5
11131.2
11132
11132.7
11133.4
11134.1
11134.8
11135.5
11136.2
11136.9
11137.6
11138.4
11139.1
11139.8
11140.5
11141.2
11141.9
11142.6
11143.3
11144.1
11144.8
11145.5
11146.2
11146.9
11147.6
11148.3
11149
11149.8
11150.5
11151.2
11151.9
11152.6
11153.3
11154
11154.7
11155.5
11156.2
11156.9
11157.6
11158.3
11159
11159.7
11160.5
11161.2
11161.9
11162.6
11163.3
11164
11164.7
11165.5
11166.2
11166.9
11167.6
11168.3
11169
11169.7
11170.5
11171.2
11171.9
11172.6
11173.3
11174
11174.7
11175.5
11176.2
11176.9
11177.6
11178.3
11179
11179.7
11180.5
11181.2
11181.9
11182.6
11183.3
11184
11184.8
11185.5
11186.2
11186.9
11187.6
11188.3
11189
11189.8
11190.5
11191.2
11191.9
11192.6
11193.3
11194.1
11194.8
11195.5
11196.2
11196.9
11197.6
11198.4
11199.1
11199.8
11200.5
11201.2
11201.9
11202.7
11203.4
11204.1
11204.8
11205.5
11206.2
11207
11207.7
11208.4
11209.1
11209.8
11210.5
11211.3
11212
11212.7
11213.4
11214.1
11214.8
11215.6
11216.3
11217
11217.7
11218.4
11219.2
11219.9
11220.6
11221.3
11222
11222.7
11223.5
11224.2
11224.9
11225.6
11226.3
11227.1
11227.8
11228.5
11229.2
11229.9
11230.6
11231.4
11232.1
11232.8
11233.5
11234.2
11235
11235.7
11236.4
11237.1
11237.8
11238.6
11239.3
11240
11240.7
11241.4
11242.2
11242.9
11243.6
11244.3
11245
11245.8
11246.5
11247.2
11247.9
11248.6
11249.4
11250.1
11250.8
11251.5
11252.2
11253
11253.7
11254.4
11255.1
11255.8
11256.6
11257.3
11258
11258.7
11259.5
11260.2
11260.9
11261.6
11262.3
11263.1
11263.8
11264.5
11265.2
11266
11266.7
11267.4
11268.1
11268.8
11269.6
11270.3
11271
11271.7
11272.5
11273.2
11273.9
11274.6
11275.3
11276.1
11276.8
11277.5
11278.2
11279
11279.7
11280.4
11281.1
11281.9
11282.6
11283.3
11284
11284.8
11285.5
11286.2
11286.9
11287.7
11288.4
11289.1
11289.8
11290.6
11291.3
11292
11292.7
11293.5
11294.2
11294.9
11295.6
11296.4
11297.1
11297.8
11298.6
11299.3
11300
11300.7
11301.5
11302.2
11302.9
11303.6
11304.4
11305.1
11305.8
11306.6
11307.3
11308
11308.7
11309.5
11310.2
11310.9
11311.7
11312.4
11313.1
11313.8
11314.6
11315.3
11316
11316.8
11317.5
11318.2
11319
11319.7
11320.4
11321.2
11321.9
11322.6
11323.3
11324.1
11324.8
11325.5
11326.3
11327
11327.7
11328.5
11329.2
11329.9
11330.7
11331.4
11332.2
11332.9
11333.6
11334.4
11335.1
11335.8
11336.6
11337.3
11338
11338.8
11339.5
11340.2
11341
11341.7
11342.5
11343.2
11343.9
11344.7
11345.4
11346.2
11346.9
11347.6
11348.4
11349.1
11349.9
11350.6
11351.3
11352.1
11352.8
11353.6
11354.3
11355.1
11355.8
11356.5
11357.3
11358
11358.8
11359.5
11360.3
11361
11361.8
11362.5
11363.3
11364
11364.8
11365.5
11366.3
11367
11367.8
11368.5
11369.3
11370
11370.8
11371.5
11372.3
11373
11373.8
11374.5
11375.3
11376.1
11376.8
11377.6
11378.3
11379.1
11379.8
11380.6
11381.4
11382.1
11382.9
11383.6
11384.4
11385.2
11385.9
11386.7
11387.5
11388.2
11389
11389.8
11390.5
11391.3
11392.1
11392.8
11393.6
11394.4
11395.2
11395.9
11396.7
11397.5
11398.3
11399
11399.8
11400.6
11401.4
11402.2
11402.9
11403.7
11404.5
11405.3
11406.1
11406.9
11407.7
11408.4
11409.2
11410
11410.8
11411.6
11412.4
11413.2
11414
11414.8
11415.6
11416.4
11417.2
11418
11418.8
11419.6
11420.4
11421.2
11422
11422.8
11423.6
11424.5
11425.3
11426.1
11426.9
11427.7
11428.5
11429.4
11430.2
11431
11431.8
11432.7
11433.5
11434.3
11435.2
11436
11436.8
11437.7
11438.5
11439.4
11440.2
11441.1
11441.9
11442.8
11443.6
11444.5
11445.3
11446.2
11447
11447.9
11448.8
11449.6
11450.5
11451.4
11452.2
11453.1
11454
11454.9
11455.8
11456.7
11457.5
11458.4
11459.3
11460.2
11461.1
11462
11462.9
11463.8
11464.8
11465.7
11466.6
11467.5
11468.4
11469.4
11470.3
11471.2
11472.2
11473.1
11474
11475
11475.9
11476.9
11477.9
11478.8
11479.8
11480.8
11481.7
11482.7
11483.7
11484.7
11485.7
11486.7
11487.7
11488.7
11489.7
11490.7
11491.7
11492.7
11493.7
11494.8
11495.8
11496.8
11497.9
11498.9
11500
11501.1
11502.1
11503.2
11504.3
11505.4
11506.5
11507.5
11508.7
11509.8
11510.9
11512
11513.1
11514.3
11515.4
11516.5
11517.7
11518.9
11520
11521.2
11522.4
11523.6
11524.8
11526
11527.2
11528.4
11529.7
11530.9
11532.1
11533.4
11534.7
11535.9
11537.2
11538.5
11539.8
11541.1
11542.4
11543.8
11545.1
11546.5
11547.8
11549.2
11550.6
11552
11553.4
11554.8
11556.2
11557.7
11559.1
11560.6
11562.1
11563.6
11565.1
11566.6
11568.1
11569.7
11571.2
11572.8
11574.4
11576
11577.6
11579.3
11580.9
11582.6
11584.3
11586
11587.7
11589.4
11591.1
11592.9
11594.7
11596.5
11598.3
11600.2
11602
11603.9
11605.8
11607.7
11609.6
11611.6
11613.6
11615.6
11617.6
11619.6
11621.7
11623.8
11625.9
11628
11630.1
11632.3
11634.5
11636.7
11639
11641.2
11643.5
11645.9
11648.2
11650.6
11653
11655.4
11657.8
11660.3
11662.8
11665.3
11667.9
11670.4
11673
11675.7
11678.3
11681
11683.7
11686.4
11689.2
11691.9
11694.8
11697.6
11700.4
11703.3
11706.2
11709.2
11712.1
11715.1
11718.1
11721.1
11724.1
11727.2
11730.3
11733.4
11736.5
11739.7
11742.8
11746
11749.2
11752.4
11755.7
11758.9
11762.2
11765.4
11768.7
11772
11775.3
11778.6
11781.9
11785.2
11788.5
11791.9
11795.2
11798.5
11801.9
11805.2
11808.5
11811.8
11815.2
11818.5
11821.8
11825.1
11828.4
11831.7
11834.9
11838.2
11841.5
11844.7
11847.9
11851.1
11854.3
11857.5
11860.6
11863.8
11866.9
11870
11873.1
11876.1
11879.2
11882.2
11885.2
11888.1
11891.1
11894
11896.9
11899.8
11902.6
11905.4
11908.2
11911
11913.7
11916.5
11919.2
11921.8
11924.5
11927.1
11929.7
11932.2
11934.8
11937.3
11939.8
11942.2
11944.7
11947.1
11949.5
11951.8
11954.2
11956.5
11958.8
11961.1
11963.3
11965.5
11967.7
11969.9
11972
11974.2
11976.3
11978.4
11980.4
11982.5
11984.5
11986.5
11988.5
11990.4
11992.4
11994.3
11996.2
11998.1
11999.9
12001.8
12003.6
12005.4
12007.2
12009
12010.8
12012.5
12014.2
12016
12017.7
12019.3
12021
12022.7
12024.3
12025.9
12027.5
12029.1
12030.7
12032.3
12033.8
12035.4
12036.9
12038.4
12039.9
12041.4
12042.9
12044.4
12045.8
12047.3
12048.7
12050.1
12051.5
12052.9
12054.3
12055.7
12057.1
12058.5
12059.8
12061.2
12062.5
12063.8
12065.1
12066.5
12067.8
12069
12070.3
12071.6
12072.9
12074.1
12075.4
12076.6
12077.9
12079.1
12080.3
12081.5
12082.7
12084
12085.1
12086.3
12087.5
12088.7
12089.9
12091
12092.2
12093.3
12094.5
12095.6
12096.8
12097.9
12099
12100.1
12101.2
12102.3
12103.4
12104.5
12105.6
12106.7
12107.8
12108.9
12109.9
12111
12112.1
12113.1
12114.2
12115.2
12116.3
12117.3
12118.4
12119.4
12120.4
12121.5
12122.5
12123.5
12124.5
12125.5
12126.5
12127.5
12128.5
12129.5
12130.5
12131.5
12132.5
12133.5
12134.5
12135.5
12136.4
12137.4
12138.4
12139.3
12140.3
12141.3
12142.2
12143.2
12144.1
12145.1
12146
12147
12147.9
12148.9
12149.8
12150.7
12151.7
12152.6
12153.5
12154.5
12155.4
12156.3
12157.2
12158.1
12159.1
12160
12160.9
12161.8
12162.7
12163.6
12164.5
12165.4
12166.3
12167.2
12168.1
12169
12169.9
12170.8
12171.7
12172.6
12173.5
12174.3
12175.2
12176.1
12177
12177.9
12178.8
12179.6
12180.5
12181.4
12182.2
12183.1
12184
12184.9
12185.7
12186.6
12187.5
12188.3
12189.2
12190
12190.9
12191.8
12192.6
12193.5
12194.3
12195.2
12196
12196.9
12197.7
12198.6
12199.4
12200.3
12201.1
12202
12202.8
12203.7
12204.5
12205.4
12206.2
12207
12207.9
12208.7
12209.6
12210.4
12211.2
12212.1
12212.9
12213.8
12214.6
12215.4
12216.3
12217.1
12217.9
12218.7
12219.6
12220.4
12221.2
12222.1
12222.9
12223.7
12224.5
12225.4
12226.2
12227
12227.9
12228.7
12229.5
12230.3
12231.1
12232
12232.8
12233.6
12234.4
12235.2
12236.1
12236.9
12237.7
12238.5
12239.3
12240.2
12241
12241.8
12242.6
12243.4
12244.2
12245.1
12245.9
12246.7
12247.5
12248.3
12249.1
12249.9
12250.8
12251.6
12252.4
12253.2
12254
12254.8
12255.6
12256.4
12257.2
12258.1
12258.9
12259.7
12260.5
12261.3
12262.1
12262.9
12263.7
12264.5
12265.3
12266.1
12267
12267.8
12268.6
12269.4
12270.2
12271
12271.8
12272.6
12273.4
12274.2
12275
12275.8
12276.6
12277.4
12278.2
12279.1
12279.9
12280.7
12281.5
12282.3
12283.1
12283.9
12284.7
12285.5
12286.3
12287.1
12287.9
12288.7
12289.5
12290.3
12291.1
12291.9
12292.7
12293.5
12294.3
12295.1
12295.9
12296.7
12297.6
12298.4
12299.2
12300
12300.8
12301.6
12302.4
12303.2
12304
12304.8
12305.6
12306.4
12307.2
12308
12308.8
12309.6
12310.4
12311.2
12312
12312.8
12313.6
12314.4
12315.2
12316
12316.8
12317.6
12318.4
12319.2
12320
12320.8
12321.6
12322.4
12323.2
12324
12324.8
12325.6
12326.4
12327.2
12328
12328.9
12329.7
12330.5
12331.3
12332.1
12332.9
12333.7
12334.5
12335.3
12336.1
12336.9
12337.7
12338.5
12339.3
12340.1
12340.9
12341.7
12342.5
12343.3
12344.1
12344.9
12345.7
12346.5
12347.3
12348.1
12348.9
12349.7
12350.5
12351.3
12352.1
12352.9
12353.7
12354.5
12355.3
12356.1
12356.9
12357.8
12358.6
12359.4
12360.2
12361
12361.8
12362.6
12363.4
12364.2
12365
12365.8
12366.6
12367.4
12368.2
12369
12369.8
12370.6
12371.4
12372.2
12373
12373.8
12374.6
12375.4
12376.2
12377
12377.9
12378.7
12379.5
12380.3
12381.1
12381.9
12382.7
12383.5
12384.3
12385.1
12385.9
12386.7
12387.5
12388.3
12389.1
12389.9
12390.7
12391.5
12392.3
12393.2
12394
12394.8
12395.6
12396.4
12397.2
12398
12398.8
12399.6
12400.4
12401.2
12402
12402.8
12403.6
12404.4
12405.2
12406
12406.9
12407.7
12408.5
12409.3
12410.1
12410.9
12411.7
12412.5
12413.3
12414.1
12414.9
12415.7
12416.5
12417.3
12418.1
12419
12419.8
12420.6
12421.4
12422.2
12423
12423.8
12424.6
12425.4
12426.2
12427
12427.8
12428.6
12429.4
12430.3
12431.1
12431.9
12432.7
12433.5
12434.3
12435.1
12435.9
12436.7
12437.5
12438.3
12439.1
12439.9
12440.8
12441.6
12442.4
12443.2
12444
12444.8
12445.6
12446.4
12447.2
12448
12448.8
12449.6
12450.4
12451.3
12452.1
12452.9
12453.7
12454.5
12455.3
12456.1
12456.9
12457.7
12458.5
12459.3
12460.1
12461
12461.8
12462.6
12463.4
12464.2
12465
12465.8
12466.6
12467.4
12468.2
12469
12469.9
12470.7
12471.5
12472.3
12473.1
12473.9
12474.7
12475.5
12476.3
12477.1
12477.9
12478.7
12479.6
12480.4
12481.2
12482
12482.8
12483.6
12484.4
12485.2
12486
12486.8
12487.6
12488.5
12489.3
12490.1
12490.9
12491.7
12492.5
12493.3
12494.1
12494.9
12495.7
12496.5
12497.4
12498.2
12499
12499.8
12500.6
12501.4
12502.2
12503
12503.8
12504.6
12505.4
12506.3
12507.1
12507.9
12508.7
12509.5
12510.3
12511.1
12511.9
12512.7
12513.5
12514.4
12515.2
12516
12516.8
12517.6
12518.4
12519.2
12520
12520.8
12521.6
12522.4
12523.3
12524.1
12524.9
12525.7
12526.5
12527.3
12528.1
12528.9
12529.7
12530.5
12531.3
12532.2
12533
12533.8
12534.6
12535.4
12536.2
12537
12537.8
12538.6
12539.4
12540.3
12541.1
12541.9
12542.7
12543.5
12544.3
12545.1
12545.9
12546.7
12547.5
12548.3
12549.2
12550
12550.8
12551.6
12552.4
12553.2
12554
12554.8
12555.6
12556.4
12557.3
12558.1
12558.9
12559.7
12560.5
12561.3
12562.1
12562.9
12563.7
12564.5
12565.4
12566.2
12567
12567.8
12568.6
12569.4
12570.2
12571
12571.8
12572.6
12573.5
12574.3
12575.1
12575.9
12576.7
12577.5
12578.3
12579.1
12579.9
12580.7
12581.6
12582.4
12583.2
12584
12584.8
12585.6
12586.4
12587.2
12588
12588.8
12589.7
12590.5
12591.3
12592.1
12592.9
12593.7
12594.5
12595.3
12596.1
12597
12597.8
12598.6
12599.4
12600.2
12601
12601.8
12602.6
12603.4
12604.2
12605.1
12605.9
12606.7
12607.5
12608.3
12609.1
12609.9
12610.7
12611.5
12612.4
12613.2
12614
12614.8
12615.6
12616.4
12617.2
12618
12618.9
12619.7
12620.5
12621.3
12622.1
12622.9
12623.7
12624.5
12625.3
12626.2
12627
12627.8
12628.6
12629.4
12630.2
12631
12631.8
12632.7
12633.5
12634.3
12635.1
12635.9
12636.7
12637.5
12638.3
12639.2
12640
12640.8
12641.6
12642.4
12643.2
12644
12644.8
12645.7
12646.5
12647.3
12648.1
12648.9
12649.7
12650.5
12651.4
12652.2
12653
12653.8
12654.6
12655.4
12656.2
12657.1
12657.9
12658.7
12659.5
12660.3
12661.1
12661.9
12662.8
12663.6
12664.4
12665.2
12666
12666.8
12667.6
12668.5
12669.3
12670.1
12670.9
12671.7
12672.5
12673.3
12674.2
12675
12675.8
12676.6
12677.4
12678.2
12679.1
12679.9
12680.7
12681.5
12682.3
12683.1
12684
12684.8
12685.6
12686.4
12687.2
12688
12688.9
12689.7
12690.5
12691.3
12692.1
12692.9
12693.8
12694.6
12695.4
12696.2
12697
12697.8
12698.7
12699.5
12700.3
12701.1
12701.9
12702.8
12703.6
12704.4
12705.2
12706
12706.8
12707.7
12708.5
12709.3
12710.1
12710.9
12711.8
12712.6
12713.4
12714.2
12715
12715.9
12716.7
12717.5
12718.3
12719.1
12719.9
12720.8
12721.6
12722.4
12723.2
12724
12724.9
12725.7
12726.5
12727.3
12728.2
12729
12729.8
12730.6
12731.4
12732.3
12733.1
12733.9
12734.7
12735.5
12736.4
12737.2
12738
12738.8
12739.6
12740.5
12741.3
12742.1
12742.9
12743.8
12744.6
12745.4
12746.2
12747
12747.9
12748.7
12749.5
12750.3
12751.2
12752
12752.8
12753.6
12754.5
12755.3
12756.1
12756.9
12757.7
12758.6
12759.4
12760.2
12761
12761.9
12762.7
12763.5
12764.3
12765.2
12766
12766.8
12767.6
12768.5
12769.3
12770.1
12770.9
12771.8
12772.6
12773.4
12774.2
12775.1
12775.9
12776.7
12777.5
12778.4
12779.2
12780
12780.8
12781.7
12782.5
12783.3
12784.1
12785
12785.8
12786.6
12787.4
12788.3
12789.1
12789.9
12790.8
12791.6
12792.4
12793.2
12794.1
12794.9
12795.7
12796.5
12797.4
12798.2
12799
12799.9
12800.7
12801.5
12802.3
12803.2
12804
12804.8
12805.6
12806.5
12807.3
12808.1
12809
12809.8
12810.6
12811.4
12812.3
12813.1
12813.9
12814.8
12815.6
12816.4
12817.2
12818.1
12818.9
12819.7
12820.6
12821.4
12822.2
12823.1
12823.9
12824.7
12825.5
12826.4
12827.2
12828
12828.9
12829.7
12830.5
12831.4
12832.2
12833
12833.8
12834.7
12835.5
12836.3
12837.2
12838
12838.8
12839.7
12840.5
12841.3
12842.2
12843
12843.8
12844.6
12845.5
12846.3
12847.1
12848
12848.8
12849.6
12850.5
12851.3
12852.1
12853
12853.8
12854.6
12855.5
12856.3
12857.1
12858
12858.8
12859.6
12860.5
12861.3
12862.1
12863
12863.8
12864.6
12865.5
12866.3
12867.1
12867.9
12868.8
12869.6
12870.4
12871.3
12872.1
12873
12873.8
12874.6
12875.5
12876.3
12877.1
12878
12878.8
12879.6
12880.5
12881.3
12882.1
12883
12883.8
12884.6
12885.5
12886.3
12887.1
12888
12888.8
12889.6
12890.5
12891.3
12892.1
12893
12893.8
12894.6
12895.5
12896.3
12897.2
12898
12898.8
12899.7
12900.5
12901.3
12902.2
12903
12903.8
12904.7
12905.5
12906.3
12907.2
12908
12908.9
12909.7
12910.5
12911.4
12912.2
12913
12913.9
12914.7
12915.5
12916.4
12917.2
12918.1
12918.9
12919.7
12920.6
12921.4
12922.2
12923.1
12923.9
12924.8
12925.6
12926.4
12927.3
12928.1
12928.9
12929.8
12930.6
12931.5
12932.3
12933.1
12934
12934.8
12935.7
12936.5
12937.3
12938.2
12939
12939.8
12940.7
12941.5
12942.4
12943.2
12944
12944.9
12945.7
12946.6
12947.4
12948.2
12949.1
12949.9
12950.8
12951.6
12952.4
12953.3
12954.1
12955
12955.8
12956.6
12957.5
12958.3
12959.2
12960
12960.8
12961.7
12962.5
12963.4
12964.2
12965.1
12965.9
12966.7
12967.6
12968.4
12969.3
12970.1
12971
12971.8
12972.6
12973.5
12974.3
12975.2
12976
12976.9
12977.7
12978.6
12979.4
12980.2
12981.1
12981.9
12982.8
12983.6
12984.5
12985.3
12986.2
12987
12987.9
12988.7
12989.6
12990.4
12991.3
12992.1
12993
12993.8
12994.7
12995.6
12996.4
12997.3
12998.1
12999
12999.8
13000.7
13001.6
13002.4
13003.3
13004.1
13005
13005.9
13006.7
13007.6
13008.5
13009.4
13010.2
13011.1
13012
13012.8
13013.7
13014.6
13015.5
13016.4
13017.2
13018.1
13019
13019.9
13020.8
13021.7
13022.6
13023.5
13024.4
13025.3
13026.2
13027.1
13028
13028.9
13029.8
13030.7
13031.6
13032.6
13033.5
13034.4
13035.3
13036.3
13037.2
13038.1
13039.1
13040
13041
13041.9
13042.9
13043.8
13044.8
13045.7
13046.7
13047.7
13048.7
13049.6
13050.6
13051.6
13052.6
13053.6
13054.6
13055.6
13056.6
13057.7
13058.7
13059.7
13060.8
13061.8
13062.8
13063.9
13065
13066
13067.1
13068.2
13069.2
13070.3
13071.4
13072.5
13073.6
13074.7
13075.9
13077
13078.1
13079.3
13080.4
13081.6
13082.7
13083.9
13085.1
13086.2
13087.4
13088.6
13089.8
13091.1
13092.3
13093.5
13094.7
13096
13097.2
13098.5
13099.8
13101
13102.3
13103.6
13104.9
13106.2
13107.6
13108.9
13110.2
13111.6
13112.9
13114.3
13115.6
13117
13118.4
13119.8
13121.2
13122.6
13124
13125.4
13126.9
13128.3
13129.8
13131.2
13132.7
13134.1
13135.6
13137.1
13138.6
13140.1
13141.6
13143.1
13144.6
13146.2
13147.7
13149.3
13150.8
13152.4
13153.9
13155.5
13157.1
13158.7
13160.2
13161.8
13163.4
13165
13166.6
13168.3
13169.9
13171.5
13173.1
13174.8
13176.4
13178
13179.7
13181.3
13183
13184.6
13186.3
13188
13189.6
13191.3
13193
13194.6
13196.3
13198
13199.7
13201.3
13203
13204.7
13206.4
13208.1
13209.8
13211.5
13213.2
13214.8
13216.5
13218.2
13219.9
13221.6
13223.3
13225
13226.7
13228.4
13230.1
13231.8
13233.4
13235.1
13236.8
13238.5
13240.2
13241.9
13243.6
13245.2
13246.9
13248.6
13250.3
13252
13253.6
13255.3
13257
13258.6
13260.3
13262
13263.6
13265.3
13267
13268.6
13270.3
13271.9
13273.6
13275.2
13276.9
13278.5
13280.2
13281.8
13283.4
13285.1
13286.7
13288.3
13289.9
13291.6
13293.2
13294.8
13296.4
13298
13299.6
13301.2
13302.9
13304.5
13306.1
13307.6
13309.2
13310.8
13312.4
13314
13315.6
13317.2
13318.8
13320.3
13321.9
13323.5
13325
13326.6
13328.2
13329.7
13331.3
13332.8
13334.4
13336
13337.5
13339
13340.6
13342.1
13343.7
13345.2
13346.7
13348.3
13349.8
13351.3
13352.9
13354.4
13355.9
13357.4
13358.9
13360.4
13362
13363.5
13365
13366.5
13368
13369.5
13371
13372.5
13374
13375.5
13376.9
13378.4
13379.9
13381.4
13382.9
13384.4
13385.8
13387.3
13388.8
13390.3
13391.7
13393.2
13394.7
13396.1
13397.6
13399
13400.5
13402
13403.4
13404.9
13406.3
13407.8
13409.2
13410.6
13412.1
13413.5
13415
13416.4
13417.8
13419.3
13420.7
13422.1
13423.6
13425
13426.4
13427.8
13429.3
13430.7
13432.1
13433.5
13434.9
13436.3
13437.7
13439.2
13440.6
13442
13443.4
13444.8
13446.2
13447.6
13449
13450.4
13451.8
13453.2
13454.6
13455.9
13457.3
13458.7
13460.1
13461.5
13462.9
13464.3
13465.6
13467
13468.4
13469.8
13471.1
13472.5
13473.9
13475.2
13476.6
13478
13479.3
13480.7
13482.1
13483.4
13484.8
13486.1
13487.5
13488.9
13490.2
13491.6
13492.9
13494.3
13495.6
13497
13498.3
13499.7
13501
13502.3
13503.7
13505
13506.4
13507.7
13509
13510.4
13511.7
13513
13514.4
13515.7
13517
13518.3
13519.7
13521
13522.3
13523.6
13524.9
13526.3
13527.6
13528.9
13530.2
13531.5
13532.8
13534.2
13535.5
13536.8
13538.1
13539.4
13540.7
13542
13543.3
13544.6
13545.9
13547.2
13548.5
13549.8
13551.1
13552.4
13553.7
13555
13556.3
13557.6
13558.9
13560.1
13561.4
13562.7
13564
13565.3
13566.6
13567.9
13569.1
13570.4
13571.7
13573
13574.2
13575.5
13576.8
13578.1
13579.3
13580.6
13581.9
13583.2
13584.4
13585.7
13587
13588.2
13589.5
13590.7
13592
13593.3
13594.5
13595.8
13597.1
13598.3
13599.6
13600.8
13602.1
13603.3
13604.6
13605.8
13607.1
13608.3
13609.6
13610.8
13612.1
13613.3
13614.6
13615.8
13617.1
13618.3
13619.5
13620.8
13622
13623.3
13624.5
13625.7
13627
13628.2
13629.4
13630.7
13631.9
13633.1
13634.4
13635.6
13636.8
13638
13639.3
13640.5
13641.7
13642.9
13644.2
13645.4
13646.6
13647.8
13649
13650.3
13651.5
13652.7
13653.9
13655.1
13656.3
13657.6
13658.8
13660
13661.2
13662.4
13663.6
13664.8
13666
13667.2
13668.4
13669.6
13670.9
13672.1
13673.3
13674.5
13675.7
13676.9
13678.1
13679.3
13680.5
13681.7
13682.9
13684
13685.2
13686.4
13687.6
13688.8
13690
13691.2
13692.4
13693.6
13694.8
13696
13697.1
13698.3
13699.5
13700.7
13701.9
13703.1
13704.3
13705.4
13706.6
13707.8
13709
13710.2
13711.3
13712.5
13713.7
13714.9
13716
13717.2
13718.4
13719.6
13720.7
13721.9
13723.1
13724.2
13725.4
13726.6
13727.7
13728.9
13730.1
13731.2
13732.4
13733.6
13734.7
13735.9
13737.1
13738.2
13739.4
13740.5
13741.7
13742.9
13744
13745.2
13746.3
13747.5
13748.6
13749.8
13750.9
13752.1
13753.3
13754.4
13755.6
13756.7
13757.9
13759
13760.2
13761.3
13762.4
13763.6
13764.7
13765.9
13767
13768.2
13769.3
13770.5
13771.6
13772.7
13773.9
13775
13776.2
13777.3
13778.4
13779.6
13780.7
13781.8
13783
13784.1
13785.3
13786.4
13787.5
13788.6
13789.8
13790.9
13792
13793.2
13794.3
13795.4
13796.6
13797.7
13798.8
13799.9
13801.1
13802.2
13803.3
13804.4
13805.6
13806.7
13807.8
13808.9
13810
13811.2
13812.3
13813.4
13814.5
13815.6
13816.8
13817.9
13819
13820.1
13821.2
13822.3
13823.4
13824.6
13825.7
13826.8
13827.9
13829
13830.1
13831.2
13832.3
13833.4
13834.5
13835.7
13836.8
13837.9
13839
13840.1
13841.2
13842.3
13843.4
13844.5
13845.6
13846.7
13847.8
13848.9
13850
13851.1
13852.2
13853.3
13854.4
13855.5
13856.6
13857.7
13858.8
13859.9
13861
13862.1
13863.2
13864.2
13865.3
13866.4
13867.5
13868.6
13869.7
13870.8
13871.9
13873
13874.1
13875.1
13876.2
13877.3
13878.4
13879.5
13880.6
13881.7
13882.7
13883.8
13884.9
13886
13887.1
13888.2
13889.2
13890.3
13891.4
13892.5
13893.6
13894.6
13895.7
13896.8
13897.9
13898.9
13900
13901.1
13902.2
13903.2
13904.3
13905.4
13906.5
13907.5
13908.6
13909.7
13910.7
13911.8
13912.9
13914
13915
13916.1
13917.2
13918.2
13919.3
13920.4
13921.4
13922.5
13923.6
13924.6
13925.7
13926.7
13927.8
13928.9
13929.9
13931
13932.1
13933.1
13934.2
13935.2
13936.3
13937.4
13938.4
13939.5
13940.5
13941.6
13942.6
13943.7
13944.8
13945.8
13946.9
13947.9
13949
13950
13951.1
13952.1
13953.2
13954.2
13955.3
13956.3
13957.4
13958.4
13959.5
13960.5
13961.6
13962.6
13963.7
13964.7
13965.8
13966.8
13967.9
13968.9
13969.9
13971
13972
13973.1
13974.1
13975.2
13976.2
13977.2
13978.3
13979.3
13980.4
13981.4
13982.4
13983.5
13984.5
13985.6
13986.6
13987.6
13988.7
13989.7
13990.7
13991.8
13992.8
13993.8
13994.9
13995.9
13996.9
13998
13999
14000
14001.1
14002.1
14003.1
14004.2
14005.2
14006.2
14007.3
14008.3
14009.3
14010.3
14011.4
14012.4
14013.4
14014.4
14015.5
14016.5
14017.5
14018.5
14019.6
14020.6
14021.6
14022.6
14023.7
14024.7
14025.7
14026.7
14027.7
14028.8
14029.8
14030.8
14031.8
14032.8
14033.9
14034.9
14035.9
14036.9
14037.9
14038.9
14040
14041
14042
14043
14044
14045
14046
14047.1
14048.1
14049.1
14050.1
14051.1
14052.1
14053.1
14054.1
14055.2
14056.2
14057.2
14058.2
14059.2
14060.2
14061.2
14062.2
14063.2
14064.2
14065.2
14066.2
14067.2
14068.2
14069.3
14070.3
14071.3
14072.3
14073.3
14074.3
14075.3
14076.3
14077.3
14078.3
14079.3
14080.3
14081.3
14082.3
14083.3
14084.3
14085.3
14086.3
14087.3
14088.3
14089.3
14090.3
14091.3
14092.3
14093.3
14094.2
14095.2
14096.2
14097.2
14098.2
14099.2
14100.2
14101.2
14102.2
14103.2
14104.2
14105.2
14106.2
14107.2
14108.1
14109.1
14110.1
14111.1
14112.1
14113.1
14114.1
14115.1
14116.1
14117
14118
14119
14120
14121
14122
14123
14123.9
14124.9
14125.9
14126.9
14127.9
14128.9
14129.8
14130.8
14131.8
14132.8
14133.8
14134.7
14135.7
14136.7
14137.7
14138.7
14139.6
14140.6
14141.6
14142.6
14143.6
14144.5
14145.5
14146.5
14147.5
14148.4
14149.4
14150.4
14151.4
14152.3
14153.3
14154.3
14155.3
14156.2
14157.2
14158.2
14159.2
14160.1
14161.1
14162.1
14163
14164
14165
14166
14166.9
14167.9
14168.9
14169.8
14170.8
14171.8
14172.7
14173.7
14174.7
14175.6
14176.6
14177.6
14178.5
14179.5
14180.5
14181.4
14182.4
14183.4
14184.3
14185.3
14186.3
14187.2
14188.2
14189.1
14190.1
14191.1
14192
14193
14193.9
14194.9
14195.9
14196.8
14197.8
14198.7
14199.7
14200.7
14201.6
14202.6
14203.5
14204.5
14205.5
14206.4
14207.4
14208.3
14209.3
14210.2
14211.2
14212.1
14213.1
14214.1
14215
14216
14216.9
14217.9
14218.8
14219.8
14220.7
14221.7
14222.6
14223.6
14224.5
14225.5
14226.4
14227.4
14228.3
14229.3
14230.2
14231.2
14232.1
14233.1
14234
14235
14235.9
14236.9
14237.8
14238.8
14239.7
14240.7
14241.6
14242.5
14243.5
14244.4
14245.4
14246.3
14247.3
14248.2
14249.1
14250.1
14251
14252
14252.9
14253.9
14254.8
14255.7
14256.7
14257.6
14258.6
14259.5
14260.4
14261.4
14262.3
14263.3
14264.2
14265.1
14266.1
14267
14268
14268.9
14269.8
14270.8
14271.7
14272.6
14273.6
14274.5
14275.4
14276.4
14277.3
14278.2
14279.2
14280.1
14281
14282
14282.9
14283.8
14284.8
14285.7
14286.6
14287.6
14288.5
14289.4
14290.4
14291.3
14292.2
14293.2
14294.1
14295
14295.9
14296.9
14297.8
14298.7
14299.7
14300.6
14301.5
14302.4
14303.4
14304.3
14305.2
14306.1
14307.1
14308
14308.9
14309.8
14310.8
14311.7
14312.6
14313.5
14314.5
14315.4
14316.3
14317.2
14318.2
14319.1
14320
14320.9
14321.8
14322.8
14323.7
14324.6
14325.5
14326.4
14327.4
14328.3
14329.2
14330.1
14331
14332
14332.9
14333.8
14334.7
14335.6
14336.6
14337.5
14338.4
14339.3
14340.2
14341.1
14342
14343
14343.9
14344.8
14345.7
14346.6
14347.5
14348.5
14349.4
14350.3
14351.2
14352.1
14353
14353.9
14354.8
14355.8
14356.7
14357.6
14358.5
14359.4
14360.3
14361.2
14362.1
14363
14363.9
14364.9
14365.8
14366.7
14367.6
14368.5
14369.4
14370.3
14371.2
14372.1
14373
14373.9
14374.8
14375.7
14376.7
14377.6
14378.5
14379.4
14380.3
14381.2
14382.1
14383
14383.9
14384.8
14385.7
14386.6
14387.5
14388.4
14389.3
14390.2
14391.1
14392
14392.9
14393.8
14394.7
14395.6
14396.5
14397.4
14398.3
14399.2
14400.1
14401
14401.9
14402.8
14403.7
14404.6
14405.5
14406.4
14407.3
14408.2
14409.1
14410
14410.9
14411.8
14412.7
14413.6
14414.5
14415.4
14416.3
14417.2
14418.1
14419
14419.9
14420.7
14421.6
14422.5
14423.4
14424.3
14425.2
14426.1
14427
14427.9
14428.8
14429.7
14430.6
14431.5
14432.3
14433.2
14434.1
14435
14435.9
14436.8
14437.7
14438.6
14439.5
14440.4
14441.2
14442.1
14443
14443.9
14444.8
14445.7
14446.6
14447.5
14448.3
14449.2
14450.1
14451
14451.9
14452.8
14453.7
14454.5
14455.4
14456.3
14457.2
14458.1
14459
14459.9
14460.7
14461.6
14462.5
14463.4
14464.3
14465.2
14466
14466.9
14467.8
14468.7
14469.6
14470.4
14471.3
14472.2
14473.1
14474
14474.8
14475.7
14476.6
14477.5
14478.4
14479.2
14480.1
14481
14481.9
14482.8
14483.6
14484.5
14485.4
14486.3
14487.1
14488
14488.9
14489.8
14490.6
14491.5
14492.4
14493.3
14494.2
14495
14495.9
14496.8
14497.7
14498.5
14499.4
14500.3
14501.1
14502
14502.9
14503.8
14504.6
14505.5
14506.4
14507.3
14508.1
14509
14509.9
14510.7
14511.6
14512.5
14513.4
14514.2
14515.1
14516
14516.8
14517.7
14518.6
14519.4
14520.3
14521.2
14522
14522.9
14523.8
14524.7
14525.5
14526.4
14527.3
14528.1
14529
14529.9
14530.7
14531.6
14532.5
14533.3
14534.2
14535
14535.9
14536.8
14537.6
14538.5
14539.4
14540.2
14541.1
14542
14542.8
14543.7
14544.6
14545.4
14546.3
14547.1
14548
14548.9
14549.7
14550.6
14551.4
14552.3
14553.2
14554
14554.9
14555.8
14556.6
14557.5
14558.3
14559.2
14560
14560.9
14561.8
14562.6
14563.5
14564.3
14565.2
14566.1
14566.9
14567.8
14568.6
14569.5
14570.3
14571.2
14572.1
14572.9
14573.8
14574.6
14575.5
14576.3
14577.2
14578
14578.9
14579.8
14580.6
14581.5
14582.3
14583.2
14584
14584.9
14585.7
14586.6
14587.4
14588.3
14589.1
14590
14590.8
14591.7
14592.6
14593.4
14594.3
14595.1
14596
14596.8
14597.7
14598.5
14599.4
14600.2
14601.1
14601.9
14602.8
14603.6
14604.5
14605.3
14606.2
14607
14607.9
14608.7
14609.5
14610.4
14611.2
14612.1
14612.9
14613.8
14614.6
14615.5
14616.3
14617.2
14618
14618.9
14619.7
14620.5
14621.4
14622.2
14623.1
14623.9
14624.8
14625.6
14626.5
14627.3
14628.1
14629
14629.8
14630.7
14631.5
14632.4
14633.2
14634
14634.9
14635.7
14636.6
14637.4
14638.3
14639.1
14639.9
14640.8
14641.6
14642.5
14643.3
14644.1
14645
14645.8
14646.7
14647.5
14648.3
14649.2
14650
14650.9
14651.7
14652.5
14653.4
14654.2
14655
14655.9
14656.7
14657.6
14658.4
14659.2
14660.1
14660.9
14661.7
14662.6
14663.4
14664.2
14665.1
14665.9
14666.8
14667.6
14668.4
14669.3
14670.1
14670.9
14671.8
14672.6
14673.4
14674.3
14675.1
14675.9
14676.8
14677.6
14678.4
14679.3
14680.1
14680.9
14681.8
14682.6
14683.4
14684.2
14685.1
14685.9
14686.7
14687.6
14688.4
14689.2
14690.1
14690.9
14691.7
14692.5
14693.4
14694.2
14695
14695.9
14696.7
14697.5
14698.4
14699.2
14700
14700.8
14701.7
14702.5
14703.3
14704.1
14705
14705.8
14706.6
14707.4
14708.3
14709.1
14709.9
14710.8
14711.6
14712.4
14713.2
14714.1
14714.9
14715.7
14716.5
14717.4
14718.2
14719
14719.8
14720.6
14721.5
14722.3
14723.1
14723.9
14724.8
14725.6
14726.4
14727.2
14728
14728.9
14729.7
14730.5
14731.3
14732.2
14733
14733.8
14734.6
14735.4
14736.3
14737.1
14737.9
14738.7
14739.5
14740.4
14741.2
14742
14742.8
14743.6
14744.5
14745.3
14746.1
14746.9
14747.7
14748.5
14749.4
14750.2
14751
14751.8
14752.6
14753.4
14754.3
14755.1
14755.9
14756.7
14757.5
14758.3
14759.2
14760
14760.8
14761.6
14762.4
14763.2
14764
14764.9
14765.7
14766.5
14767.3
14768.1
14768.9
14769.7
14770.6
14771.4
14772.2
14773
14773.8
14774.6
14775.4
14776.2
14777.1
14777.9
14778.7
14779.5
14780.3
14781.1
14781.9
14782.7
14783.5
14784.4
14785.2
14786
14786.8
14787.6
14788.4
14789.2
14790
14790.8
14791.6
14792.4
14793.3
14794.1
14794.9
14795.7
14796.5
14797.3
14798.1
14798.9
14799.7
14800.5
14801.3
14802.1
14802.9
14803.8
14804.6
14805.4
14806.2
14807
14807.8
14808.6
14809.4
14810.2
14811
14811.8
14812.6
14813.4
14814.2
14815
14815.8
14816.6
14817.4
14818.2
14819
14819.8
14820.7
14821.5
14822.3
14823.1
14823.9
14824.7
14825.5
14826.3
14827.1
14827.9
14828.7
14829.5
14830.3
14831.1
14831.9
14832.7
14833.5
14834.3
14835.1
14835.9
14836.7
14837.5
14838.3
14839.1
14839.9
14840.7
14841.5
14842.3
14843.1
14843.9
14844.7
14845.5
14846.3
14847.1
14847.9
14848.7
14849.5
14850.3
14851.1
14851.9
14852.6
14853.4
14854.2
14855
14855.8
14856.6
14857.4
14858.2
14859
14859.8
14860.6
14861.4
14862.2
14863
14863.8
14864.6
14865.4
14866.2
14867
14867.8
14868.6
14869.3
14870.1
14870.9
14871.7
14872.5
14873.3
14874.1
14874.9
14875.7
14876.5
14877.3
14878.1
14878.9
14879.7
14880.4
14881.2
14882
14882.8
14883.6
14884.4
14885.2
14886
14886.8
14887.6
14888.3
14889.1
14889.9
14890.7
14891.5
14892.3
14893.1
14893.9
14894.7
14895.5
14896.2
14897
14897.8
14898.6
14899.4
14900.2
14901
14901.8
14902.5
14903.3
14904.1
14904.9
14905.7
14906.5
14907.3
14908.1
14908.8
14909.6
14910.4
14911.2
14912
14912.8
14913.6
14914.3
14915.1
14915.9
14916.7
14917.5
14918.3
14919
14919.8
14920.6
14921.4
14922.2
14923
14923.7
14924.5
14925.3
14926.1
14926.9
14927.7
14928.4
14929.2
14930
14930.8
14931.6
14932.4
14933.1
14933.9
14934.7
14935.5
14936.3
14937
14937.8
14938.6
14939.4
14940.2
14940.9
14941.7
14942.5
14943.3
14944.1
14944.8
14945.6
14946.4
14947.2
14948
14948.7
14949.5
14950.3
14951.1
14951.9
14952.6
14953.4
14954.2
14955
14955.7
14956.5
14957.3
14958.1
14958.8
14959.6
14960.4
14961.2
14962
14962.7
14963.5
14964.3
14965.1
14965.8
14966.6
14967.4
14968.2
14968.9
14969.7
14970.5
14971.3
14972
14972.8
14973.6
14974.4
14975.1
14975.9
14976.7
14977.5
14978.2
14979
14979.8
14980.5
14981.3
14982.1
14982.9
14983.6
14984.4
14985.2
14986
14986.7
14987.5
14988.3
14989
14989.8
14990.6
14991.4
14992.1
14992.9
14993.7
14994.4
14995.2
14996
14996.7
14997.5
14998.3
14999.1
14999.8
15000.6
15001.4
15002.1
15002.9
15003.7
15004.4
15005.2
15006
15006.7
15007.5
15008.3
15009
15009.8
15010.6
15011.3
15012.1
15012.9
15013.7
15014.4
15015.2
15016
15016.7
15017.5
15018.2
15019
15019.8
15020.5
15021.3
15022.1
15022.8
15023.6
15024.4
15025.1
15025.9
15026.7
15027.4
15028.2
15029
15029.7
15030.5
15031.3
15032
15032.8
15033.5
15034.3
15035.1
15035.8
15036.6
15037.4
15038.1
15038.9
15039.6
15040.4
15041.2
15041.9
15042.7
15043.5
15044.2
15045
15045.7
15046.5
15047.3
15048
15048.8
15049.5
15050.3
15051.1
15051.8
15052.6
15053.4
15054.1
15054.9
15055.6
15056.4
15057.1
15057.9
15058.7
15059.4
15060.2
15060.9
15061.7
15062.5
15063.2
15064
15064.7
15065.5
15066.3
15067
15067.8
15068.5
15069.3
15070
15070.8
15071.6
15072.3
15073.1
15073.8
15074.6
15075.3
15076.1
15076.8
15077.6
15078.4
15079.1
15079.9
15080.6
15081.4
15082.1
15082.9
15083.6
15084.4
15085.2
15085.9
15086.7
15087.4
15088.2
15088.9
15089.7
15090.4
15091.2
15091.9
15092.7
15093.4
15094.2
15095
15095.7
15096.5
15097.2
15098
15098.7
15099.5
15100.2
15101
15101.7
15102.5
15103.2
15104
15104.7
15105.5
15106.2
15107
15107.7
15108.5
15109.2
15110
15110.7
15111.5
15112.2
15113
15113.7
15114.5
15115.2
15116
15116.7
15117.5
15118.2
15119
15119.7
15120.5
15121.2
15122
15122.7
15123.5
15124.2
15125
15125.7
15126.5
15127.2
15128
15128.7
15129.5
15130.2
15130.9
15131.7
15132.4
15133.2
15133.9
15134.7
15135.4
15136.2
15136.9
15137.7
15138.4
15139.2
15139.9
15140.6
15141.4
15142.1
15142.9
15143.6
15144.4
15145.1
15145.9
15146.6
15147.3
15148.1
15148.8
15149.6
15150.3
15151.1
15151.8
15152.6
15153.3
15154
15154.8
15155.5
15156.3
15157
15157.7
15158.5
15159.2
15160
15160.7
15161.5
15162.2
15162.9
15163.7
15164.4
15165.2
15165.9
15166.6
15167.4
15168.1
15168.9
15169.6
15170.4
15171.1
15171.8
15172.6
15173.3
15174.1
15174.8
15175.5
15176.3
15177
15177.7
15178.5
15179.2
15180
15180.7
15181.4
15182.2
15182.9
15183.7
15184.4
15185.1
15185.9
15186.6
15187.3
15188.1
15188.8
15189.6
15190.3
15191
15191.8
15192.5
15193.2
15194
15194.7
15195.5
15196.2
15196.9
15197.7
15198.4
15199.1
15199.9
15200.6
15201.3
15202.1
15202.8
15203.5
15204.3
15205
15205.7
15206.5
15207.2
15207.9
15208.7
15209.4
15210.1
15210.9
15211.6
15212.4
15213.1
15213.8
15214.5
15215.3
15216
15216.7
15217.5
15218.2
15218.9
15219.7
15220.4
15221.1
15221.9
15222.6
15223.3
15224.1
15224.8
15225.5
15226.3
15227
15227.7
15228.5
15229.2
15229.9
15230.6
15231.4
15232.1
15232.8
15233.6
15234.3
15235
15235.8
15236.5
15237.2
15237.9
15238.7
15239.4
15240.1
15240.9
15241.6
15242.3
15243
15243.8
15244.5
15245.2
)
;

boundaryField
{
    sides
    {
        type            zeroGradient;
    }
    empty
    {
        type            empty;
    }
}


// ************************************************************************* //
