/*--------------------------------*- C++ -*----------------------------------*\
  =========                 |
  \\      /  F ield         | OpenFOAM: The Open Source CFD Toolbox
   \\    /   O peration     | Website:  https://openfoam.org
    \\  /    A nd           | Version:  9
     \\/     M anipulation  |
\*---------------------------------------------------------------------------*/
FoamFile
{
    format      ascii;
    class       volScalarField;
    location    "0.049";
    object      mag(U);
}
// * * * * * * * * * * * * * * * * * * * * * * * * * * * * * * * * * * * * * //

dimensions      [0 1 -1 0 0 0 0];

internalField   nonuniform List<scalar> 
10000
(
8.91964
8.94379
8.97469
9.00005
9.02212
9.04399
9.06643
9.08914
9.11184
9.13448
9.1571
9.17972
9.20235
9.22498
9.24761
9.27023
9.29286
9.31548
9.3381
9.36072
9.38334
9.40596
9.42858
9.4512
9.47382
9.49643
9.51904
9.54166
9.56427
9.58688
9.60948
9.63209
9.6547
9.6773
9.6999
9.72251
9.74511
9.7677
9.7903
9.81289
9.83549
9.85808
9.88067
9.90326
9.92584
9.94843
9.97101
9.99359
10.0162
10.0387
10.0613
10.0839
10.1065
10.129
10.1516
10.1742
10.1967
10.2193
10.2419
10.2644
10.287
10.3095
10.3321
10.3546
10.3772
10.3997
10.4222
10.4448
10.4673
10.4899
10.5124
10.5349
10.5574
10.58
10.6025
10.625
10.6475
10.67
10.6925
10.7151
10.7376
10.7601
10.7826
10.8051
10.8276
10.8501
10.8725
10.895
10.9175
10.94
10.9625
10.9849
11.0074
11.0299
11.0524
11.0748
11.0973
11.1197
11.1422
11.1646
11.1871
11.2095
11.232
11.2544
11.2768
11.2992
11.3217
11.3441
11.3665
11.3889
11.4113
11.4337
11.4561
11.4785
11.5009
11.5233
11.5457
11.568
11.5904
11.6128
11.6352
11.6575
11.6799
11.7022
11.7246
11.7469
11.7692
11.7916
11.8139
11.8362
11.8586
11.8809
11.9032
11.9255
11.9478
11.9701
11.9924
12.0147
12.0369
12.0592
12.0815
12.1038
12.126
12.1483
12.1705
12.1928
12.215
12.2373
12.2595
12.2817
12.3039
12.3261
12.3484
12.3706
12.3928
12.415
12.4371
12.4593
12.4815
12.5037
12.5258
12.548
12.5701
12.5923
12.6144
12.6366
12.6587
12.6808
12.7029
12.725
12.7471
12.7692
12.7913
12.8134
12.8355
12.8576
12.8796
12.9017
12.9237
12.9458
12.9678
12.9898
13.0119
13.0339
13.0559
13.0779
13.0999
13.1219
13.1439
13.1658
13.1878
13.2098
13.2317
13.2537
13.2756
13.2975
13.3194
13.3414
13.3633
13.3852
13.4071
13.4289
13.4508
13.4727
13.4945
13.5164
13.5382
13.5601
13.5819
13.6037
13.6255
13.6473
13.6691
13.6909
13.7127
13.7345
13.7562
13.778
13.7997
13.8214
13.8432
13.8649
13.8866
13.9083
13.93
13.9517
13.9733
13.995
14.0166
14.0383
14.0599
14.0815
14.1031
14.1247
14.1463
14.1679
14.1895
14.2111
14.2326
14.2542
14.2757
14.2972
14.3187
14.3402
14.3617
14.3832
14.4047
14.4261
14.4476
14.469
14.4904
14.5119
14.5333
14.5547
14.576
14.5974
14.6188
14.6401
14.6615
14.6828
14.7041
14.7254
14.7467
14.768
14.7893
14.8105
14.8318
14.853
14.8742
14.8954
14.9166
14.9378
14.959
14.9801
15.0013
15.0224
15.0435
15.0646
15.0857
15.1068
15.1279
15.1489
15.17
15.191
15.212
15.233
15.254
15.275
15.296
15.3169
15.3378
15.3588
15.3797
15.4006
15.4214
15.4423
15.4631
15.484
15.5048
15.5256
15.5464
15.5672
15.5879
15.6087
15.6294
15.6501
15.6708
15.6915
15.7122
15.7328
15.7535
15.7741
15.7947
15.8153
15.8359
15.8564
15.877
15.8975
15.918
15.9385
15.959
15.9795
15.9999
16.0203
16.0407
16.0611
16.0815
16.1019
16.1222
16.1425
16.1628
16.1831
16.2034
16.2237
16.2439
16.2641
16.2843
16.3045
16.3247
16.3448
16.3649
16.385
16.4051
16.4252
16.4452
16.4653
16.4853
16.5053
16.5253
16.5452
16.5652
16.5851
16.605
16.6248
16.6447
16.6645
16.6843
16.7041
16.7239
16.7437
16.7634
16.7831
16.8028
16.8225
16.8421
16.8618
16.8814
16.901
16.9205
16.9401
16.9596
16.9791
16.9986
17.018
17.0375
17.0569
17.0763
17.0956
17.115
17.1343
17.1536
17.1729
17.1921
17.2113
17.2305
17.2497
17.2689
17.288
17.3071
17.3262
17.3453
17.3643
17.3833
17.4023
17.4213
17.4402
17.4592
17.478
17.4969
17.5158
17.5346
17.5534
17.5721
17.5909
17.6096
17.6283
17.6469
17.6656
17.6842
17.7028
17.7213
17.7399
17.7584
17.7769
17.7953
17.8138
17.8322
17.8505
17.8689
17.8872
17.9055
17.9237
17.942
17.9602
17.9784
17.9965
18.0147
18.0328
18.0508
18.0689
18.0869
18.1049
18.1228
18.1407
18.1586
18.1765
18.1944
18.2122
18.2299
18.2477
18.2654
18.2831
18.3008
18.3184
18.336
18.3536
18.3711
18.3887
18.4061
18.4236
18.441
18.4584
18.4758
18.4931
18.5104
18.5277
18.5449
18.5621
18.5793
18.5965
18.6136
18.6307
18.6477
18.6648
18.6818
18.6987
18.7156
18.7325
18.7494
18.7662
18.783
18.7998
18.8166
18.8333
18.8499
18.8666
18.8832
18.8998
18.9163
18.9328
18.9493
18.9658
18.9822
18.9986
19.0149
19.0312
19.0475
19.0638
19.08
19.0962
19.1123
19.1285
19.1445
19.1606
19.1766
19.1926
19.2086
19.2245
19.2404
19.2563
19.2721
19.2879
19.3036
19.3194
19.3351
19.3507
19.3664
19.382
19.3975
19.4131
19.4286
19.444
19.4595
19.4749
19.4902
19.5056
19.5209
19.5361
19.5514
19.5666
19.5817
19.5969
19.612
19.6271
19.6421
19.6571
19.6721
19.687
19.7019
19.7168
19.7317
19.7465
19.7613
19.776
19.7907
19.8054
19.8201
19.8347
19.8493
19.8639
19.8784
19.8929
19.9074
19.9218
19.9362
19.9506
19.965
19.9793
19.9936
20.0078
20.022
20.0362
20.0504
20.0645
20.0786
20.0927
20.1068
20.1208
20.1348
20.1487
20.1627
20.1766
20.1904
20.2043
20.2181
20.2319
20.2456
20.2594
20.2731
20.2867
20.3004
20.314
20.3276
20.3412
20.3547
20.3682
20.3817
20.3952
20.4086
20.422
20.4354
20.4487
20.4621
20.4754
20.4887
20.5019
20.5151
20.5284
20.5415
20.5547
20.5678
20.5809
20.594
20.6071
20.6201
20.6331
20.6461
20.6591
20.6721
20.685
20.6979
20.7108
20.7236
20.7365
20.7493
20.7621
20.7749
20.7876
20.8004
20.8131
20.8258
20.8385
20.8511
20.8638
20.8764
20.889
20.9015
20.9141
20.9267
20.9392
20.9517
20.9642
20.9767
20.9891
21.0015
21.014
21.0264
21.0388
21.0511
21.0635
21.0758
21.0881
21.1005
21.1127
21.125
21.1373
21.1495
21.1618
21.174
21.1862
21.1984
21.2106
21.2227
21.2349
21.247
21.2591
21.2713
21.2834
21.2954
21.3075
21.3196
21.3316
21.3437
21.3557
21.3677
21.3797
21.3917
21.4037
21.4157
21.4276
21.4396
21.4515
21.4635
21.4754
21.4873
21.4992
21.5111
21.523
21.5349
21.5467
21.5586
21.5705
21.5823
21.5941
21.606
21.6178
21.6296
21.6414
21.6532
21.665
21.6768
21.6885
21.7003
21.7121
21.7238
21.7356
21.7473
21.7591
21.7708
21.7825
21.7942
21.8059
21.8177
21.8294
21.8411
21.8527
21.8644
21.8761
21.8878
21.8995
21.9111
21.9228
21.9344
21.9461
21.9578
21.9694
21.981
21.9927
22.0043
22.0159
22.0276
22.0392
22.0508
22.0624
22.074
22.0856
22.0972
22.1088
22.1204
22.132
22.1436
22.1552
22.1668
22.1784
22.19
22.2016
22.2131
22.2247
22.2363
22.2479
22.2594
22.271
22.2826
22.2941
22.3057
22.3173
22.3288
22.3404
22.3519
22.3635
22.375
22.3866
22.3981
22.4097
22.4212
22.4328
22.4443
22.4558
22.4674
22.4789
22.4905
22.502
22.5135
22.5251
22.5366
22.5481
22.5597
22.5712
22.5827
22.5943
22.6058
22.6173
22.6289
22.6404
22.6519
22.6634
22.675
22.6865
22.698
22.7095
22.7211
22.7326
22.7441
22.7556
22.7672
22.7787
22.7902
22.8017
22.8132
22.8248
22.8363
22.8478
22.8593
22.8708
22.8824
22.8939
22.9054
22.9169
22.9284
22.94
22.9515
22.963
22.9745
22.986
22.9976
23.0091
23.0206
23.0321
23.0437
23.0552
23.0667
23.0782
23.0897
23.1013
23.1128
23.1243
23.1358
23.1473
23.1589
23.1704
23.1819
23.1934
23.205
23.2165
23.228
23.2395
23.2511
23.2626
23.2741
23.2856
23.2971
23.3087
23.3202
23.3317
23.3433
23.3548
23.3663
23.3778
23.3894
23.4009
23.4124
23.4239
23.4355
23.447
23.4585
23.4701
23.4816
23.4931
23.5047
23.5162
23.5277
23.5393
23.5508
23.5623
23.5739
23.5854
23.5969
23.6085
23.62
23.6315
23.6431
23.6546
23.6661
23.6777
23.6892
23.7007
23.7123
23.7238
23.7354
23.7469
23.7584
23.77
23.7815
23.7931
23.8046
23.8161
23.8277
23.8392
23.8508
23.8623
23.8739
23.8854
23.897
23.9085
23.92
23.9316
23.9431
23.9547
23.9662
23.9778
23.9893
24.0009
24.0124
24.024
24.0355
24.0471
24.0586
24.0702
24.0817
24.0933
24.1048
24.1164
24.1279
24.1395
24.151
24.1626
24.1742
24.1857
24.1973
24.2088
24.2204
24.2319
24.2435
24.2551
24.2666
24.2782
24.2897
24.3013
24.3129
24.3244
24.336
24.3475
24.3591
24.3707
24.3822
24.3938
24.4053
24.4169
24.4285
24.44
24.4516
24.4632
24.4747
24.4863
24.4979
24.5094
24.521
24.5326
24.5441
24.5557
24.5673
24.5789
24.5904
24.602
24.6136
24.6251
24.6367
24.6483
24.6599
24.6714
24.683
24.6946
24.7062
24.7177
24.7293
24.7409
24.7525
24.764
24.7756
24.7872
24.7988
24.8103
24.8219
24.8335
24.8451
24.8567
24.8682
24.8798
24.8914
24.903
24.9146
24.9261
24.9377
24.9493
24.9609
24.9725
24.9841
24.9956
25.0072
25.0188
25.0304
25.042
25.0536
25.0652
25.0767
25.0883
25.0999
25.1115
25.1231
25.1347
25.1463
25.1579
25.1695
25.1811
25.1926
25.2042
25.2158
25.2274
25.239
25.2506
25.2622
25.2738
25.2854
25.297
25.3086
25.3202
25.3318
25.3434
25.355
25.3666
25.3782
25.3898
25.4014
25.413
25.4246
25.4362
25.4478
25.4594
25.471
25.4826
25.4942
25.5058
25.5174
25.529
25.5406
25.5522
25.5638
25.5754
25.587
25.5986
25.6102
25.6218
25.6334
25.645
25.6566
25.6682
25.6798
25.6914
25.7031
25.7147
25.7263
25.7379
25.7495
25.7611
25.7727
25.7843
25.7959
25.8076
25.8192
25.8308
25.8424
25.854
25.8656
25.8772
25.8888
25.9005
25.9121
25.9237
25.9353
25.9469
25.9585
25.9702
25.9818
25.9934
26.005
26.0166
26.0282
26.0399
26.0515
26.0631
26.0747
26.0863
26.098
26.1096
26.1212
26.1328
26.1445
26.1561
26.1677
26.1793
26.191
26.2026
26.2142
26.2258
26.2375
26.2491
26.2607
26.2723
26.284
26.2956
26.3072
26.3188
26.3305
26.3421
26.3537
26.3654
26.377
26.3886
26.4003
26.4119
26.4235
26.4351
26.4468
26.4584
26.47
26.4817
26.4933
26.5049
26.5166
26.5282
26.5398
26.5515
26.5631
26.5748
26.5864
26.598
26.6097
26.6213
26.6329
26.6446
26.6562
26.6679
26.6795
26.6911
26.7028
26.7144
26.7261
26.7377
26.7493
26.761
26.7726
26.7843
26.7959
26.8076
26.8192
26.8308
26.8425
26.8541
26.8658
26.8774
26.8891
26.9007
26.9124
26.924
26.9356
26.9473
26.9589
26.9706
26.9822
26.9939
27.0055
27.0172
27.0288
27.0405
27.0521
27.0638
27.0754
27.0871
27.0987
27.1104
27.122
27.1337
27.1454
27.157
27.1687
27.1803
27.192
27.2036
27.2153
27.2269
27.2386
27.2502
27.2619
27.2736
27.2852
27.2969
27.3085
27.3202
27.3318
27.3435
27.3552
27.3668
27.3785
27.3901
27.4018
27.4135
27.4251
27.4368
27.4485
27.4601
27.4718
27.4834
27.4951
27.5068
27.5184
27.5301
27.5418
27.5534
27.5651
27.5768
27.5884
27.6001
27.6118
27.6234
27.6351
27.6468
27.6584
27.6701
27.6818
27.6934
27.7051
27.7168
27.7284
27.7401
27.7518
27.7634
27.7751
27.7868
27.7985
27.8101
27.8218
27.8335
27.8451
27.8568
27.8685
27.8802
27.8918
27.9035
27.9152
27.9269
27.9385
27.9502
27.9619
27.9736
27.9853
27.9969
28.0086
28.0203
28.032
28.0436
28.0553
28.067
28.0787
28.0904
28.102
28.1137
28.1254
28.1371
28.1488
28.1604
28.1721
28.1838
28.1955
28.2072
28.2189
28.2305
28.2422
28.2539
28.2656
28.2773
28.289
28.3006
28.3123
28.324
28.3357
28.3474
28.3591
28.3708
28.3825
28.3941
28.4058
28.4175
28.4292
28.4409
28.4526
28.4643
28.476
28.4877
28.4994
28.511
28.5227
28.5344
28.5461
28.5578
28.5695
28.5812
28.5929
28.6046
28.6163
28.628
28.6397
28.6514
28.6631
28.6748
28.6865
28.6982
28.7098
28.7215
28.7332
28.7449
28.7566
28.7683
28.78
28.7917
28.8034
28.8151
28.8268
28.8385
28.8502
28.8619
28.8736
28.8853
28.897
28.9087
28.9204
28.9322
28.9439
28.9556
28.9673
28.979
28.9907
29.0024
29.0141
29.0258
29.0375
29.0492
29.0609
29.0726
29.0843
29.096
29.1077
29.1194
29.1311
29.1429
29.1546
29.1663
29.178
29.1897
29.2014
29.2131
29.2248
29.2365
29.2483
29.26
29.2717
29.2834
29.2951
29.3068
29.3185
29.3302
29.342
29.3537
29.3654
29.3771
29.3888
29.4005
29.4122
29.424
29.4357
29.4474
29.4591
29.4708
29.4825
29.4943
29.506
29.5177
29.5294
29.5411
29.5529
29.5646
29.5763
29.588
29.5997
29.6115
29.6232
29.6349
29.6466
29.6584
29.6701
29.6818
29.6935
29.7053
29.717
29.7287
29.7404
29.7522
29.7639
29.7756
29.7873
29.7991
29.8108
29.8225
29.8342
29.846
29.8577
29.8694
29.8812
29.8929
29.9046
29.9163
29.9281
29.9398
29.9515
29.9633
29.975
29.9867
29.9985
30.0102
30.0219
30.0337
30.0454
30.0571
30.0689
30.0806
30.0923
30.1041
30.1158
30.1275
30.1393
30.151
30.1627
30.1745
30.1862
30.1979
30.2097
30.2214
30.2332
30.2449
30.2566
30.2684
30.2801
30.2919
30.3036
30.3153
30.3271
30.3388
30.3506
30.3623
30.374
30.3858
30.3975
30.4093
30.421
30.4328
30.4445
30.4563
30.468
30.4797
30.4915
30.5032
30.515
30.5267
30.5385
30.5502
30.562
30.5737
30.5855
30.5972
30.609
30.6207
30.6325
30.6442
30.656
30.6677
30.6795
30.6912
30.703
30.7147
30.7265
30.7382
30.75
30.7617
30.7735
30.7852
30.797
30.8087
30.8205
30.8322
30.844
30.8558
30.8675
30.8793
30.891
30.9028
30.9145
30.9263
30.938
30.9498
30.9616
30.9733
30.9851
30.9968
31.0086
31.0204
31.0321
31.0439
31.0556
31.0674
31.0792
31.0909
31.1027
31.1144
31.1262
31.138
31.1497
31.1615
31.1733
31.185
31.1968
31.2085
31.2203
31.2321
31.2438
31.2556
31.2674
31.2791
31.2909
31.3027
31.3144
31.3262
31.338
31.3497
31.3615
31.3733
31.3851
31.3968
31.4086
31.4204
31.4321
31.4439
31.4557
31.4674
31.4792
31.491
31.5028
31.5145
31.5263
31.5381
31.5499
31.5616
31.5734
31.5852
31.5969
31.6087
31.6205
31.6323
31.644
31.6558
31.6676
31.6794
31.6912
31.7029
31.7147
31.7265
31.7383
31.75
31.7618
31.7736
31.7854
31.7972
31.8089
31.8207
31.8325
31.8443
31.8561
31.8678
31.8796
31.8914
31.9032
31.915
31.9268
31.9385
31.9503
31.9621
31.9739
31.9857
31.9975
32.0092
32.021
32.0328
32.0446
32.0564
32.0682
32.08
32.0917
32.1035
32.1153
32.1271
32.1389
32.1507
32.1625
32.1743
32.1861
32.1978
32.2096
32.2214
32.2332
32.245
32.2568
32.2686
32.2804
32.2922
32.304
32.3158
32.3276
32.3393
32.3511
32.3629
32.3747
32.3865
32.3983
32.4101
32.4219
32.4337
32.4455
32.4573
32.4691
32.4809
32.4927
32.5045
32.5163
32.5281
32.5399
32.5517
32.5635
32.5753
32.5871
32.5989
32.6107
32.6225
32.6343
32.6461
32.6579
32.6697
32.6815
32.6933
32.7051
32.7169
32.7287
32.7405
32.7523
32.7641
32.7759
32.7877
32.7995
32.8113
32.8231
32.8349
32.8467
32.8585
32.8703
32.8821
32.8939
32.9057
32.9176
32.9294
32.9412
32.953
32.9648
32.9766
32.9884
33.0002
33.012
33.0238
33.0356
33.0475
33.0593
33.0711
33.0829
33.0947
33.1065
33.1183
33.1301
33.1419
33.1538
33.1656
33.1774
33.1892
33.201
33.2128
33.2246
33.2364
33.2483
33.2601
33.2719
33.2837
33.2955
33.3073
33.3192
33.331
33.3428
33.3546
33.3664
33.3782
33.3901
33.4019
33.4137
33.4255
33.4373
33.4491
33.461
33.4728
33.4846
33.4964
33.5082
33.5201
33.5319
33.5437
33.5555
33.5674
33.5792
33.591
33.6028
33.6146
33.6265
33.6383
33.6501
33.6619
33.6738
33.6856
33.6974
33.7092
33.7211
33.7329
33.7447
33.7565
33.7684
33.7802
33.792
33.8038
33.8157
33.8275
33.8393
33.8512
33.863
33.8748
33.8866
33.8985
33.9103
33.9221
33.934
33.9458
33.9576
33.9695
33.9813
33.9931
34.0049
34.0168
34.0286
34.0404
34.0523
34.0641
34.0759
34.0878
34.0996
34.1114
34.1233
34.1351
34.1469
34.1588
34.1706
34.1825
34.1943
34.2061
34.218
34.2298
34.2416
34.2535
34.2653
34.2771
34.289
34.3008
34.3127
34.3245
34.3363
34.3482
34.36
34.3719
34.3837
34.3955
34.4074
34.4192
34.4311
34.4429
34.4547
34.4666
34.4784
34.4903
34.5021
34.5139
34.5258
34.5376
34.5495
34.5613
34.5732
34.585
34.5969
34.6087
34.6205
34.6324
34.6442
34.6561
34.6679
34.6798
34.6916
34.7035
34.7153
34.7272
34.739
34.7509
34.7627
34.7746
34.7864
34.7982
34.8101
34.8219
34.8338
34.8456
34.8575
34.8693
34.8812
34.893
34.9049
34.9168
34.9286
34.9405
34.9523
34.9642
34.976
34.9879
34.9997
35.0116
35.0234
35.0353
35.0471
35.059
35.0708
35.0827
35.0946
35.1064
35.1183
35.1301
35.142
35.1538
35.1657
35.1775
35.1894
35.2013
35.2131
35.225
35.2368
35.2487
35.2606
35.2724
35.2843
35.2961
35.308
35.3199
35.3317
35.3436
35.3554
35.3673
35.3792
35.391
35.4029
35.4147
35.4266
35.4385
35.4503
35.4622
35.4741
35.4859
35.4978
35.5097
35.5215
35.5334
35.5453
35.5571
35.569
35.5809
35.5927
35.6046
35.6165
35.6283
35.6402
35.6521
35.6639
35.6758
35.6877
35.6995
35.7114
35.7233
35.7351
35.747
35.7589
35.7707
35.7826
35.7945
35.8064
35.8182
35.8301
35.842
35.8538
35.8657
35.8776
35.8895
35.9013
35.9132
35.9251
35.937
35.9488
35.9607
35.9726
35.9845
35.9963
36.0082
36.0201
36.032
36.0438
36.0557
36.0676
36.0795
36.0913
36.1032
36.1151
36.127
36.1389
36.1507
36.1626
36.1745
36.1864
36.1983
36.2101
36.222
36.2339
36.2458
36.2577
36.2695
36.2814
36.2933
36.3052
36.3171
36.329
36.3408
36.3527
36.3646
36.3765
36.3884
36.4003
36.4121
36.424
36.4359
36.4478
36.4597
36.4716
36.4835
36.4953
36.5072
36.5191
36.531
36.5429
36.5548
36.5667
36.5786
36.5904
36.6023
36.6142
36.6261
36.638
36.6499
36.6618
36.6737
36.6856
36.6975
36.7093
36.7212
36.7331
36.745
36.7569
36.7688
36.7807
36.7926
36.8045
36.8164
36.8283
36.8402
36.8521
36.864
36.8759
36.8877
36.8996
36.9115
36.9234
36.9353
36.9472
36.9591
36.971
36.9829
36.9948
37.0067
37.0186
37.0305
37.0424
37.0543
37.0662
37.0781
37.09
37.1019
37.1138
37.1257
37.1376
37.1495
37.1614
37.1733
37.1852
37.1971
37.209
37.2209
37.2328
37.2447
37.2566
37.2685
37.2804
37.2923
37.3043
37.3162
37.3281
37.34
37.3519
37.3638
37.3757
37.3876
37.3995
37.4114
37.4233
37.4352
37.4471
37.459
37.4709
37.4829
37.4948
37.5067
37.5186
37.5305
37.5424
37.5543
37.5662
37.5781
37.59
37.602
37.6139
37.6258
37.6377
37.6496
37.6615
37.6734
37.6853
37.6973
37.7092
37.7211
37.733
37.7449
37.7568
37.7687
37.7807
37.7926
37.8045
37.8164
37.8283
37.8402
37.8522
37.8641
37.876
37.8879
37.8998
37.9118
37.9237
37.9356
37.9475
37.9594
37.9713
37.9833
37.9952
38.0071
38.019
38.031
38.0429
38.0548
38.0667
38.0786
38.0906
38.1025
38.1144
38.1263
38.1383
38.1502
38.1621
38.174
38.1859
38.1979
38.2098
38.2217
38.2336
38.2456
38.2575
38.2694
38.2814
38.2933
38.3052
38.3171
38.3291
38.341
38.3529
38.3648
38.3768
38.3887
38.4006
38.4126
38.4245
38.4364
38.4484
38.4603
38.4722
38.4841
38.4961
38.508
38.5199
38.5319
38.5438
38.5557
38.5677
38.5796
38.5915
38.6035
38.6154
38.6273
38.6393
38.6512
38.6631
38.6751
38.687
38.699
38.7109
38.7228
38.7348
38.7467
38.7586
38.7706
38.7825
38.7944
38.8064
38.8183
38.8303
38.8422
38.8541
38.8661
38.878
38.89
38.9019
38.9138
38.9258
38.9377
38.9497
38.9616
38.9735
38.9855
38.9974
39.0094
39.0213
39.0333
39.0452
39.0571
39.0691
39.081
39.093
39.1049
39.1169
39.1288
39.1408
39.1527
39.1647
39.1766
39.1885
39.2005
39.2124
39.2244
39.2363
39.2483
39.2602
39.2722
39.2841
39.2961
39.308
39.32
39.3319
39.3439
39.3558
39.3678
39.3797
39.3917
39.4036
39.4156
39.4275
39.4395
39.4514
39.4634
39.4753
39.4873
39.4992
39.5112
39.5232
39.5351
39.5471
39.559
39.571
39.5829
39.5949
39.6068
39.6188
39.6307
39.6427
39.6547
39.6666
39.6786
39.6905
39.7025
39.7144
39.7264
39.7384
39.7503
39.7623
39.7742
39.7862
39.7982
39.8101
39.8221
39.834
39.846
39.858
39.8699
39.8819
39.8938
39.9058
39.9178
39.9297
39.9417
39.9536
39.9656
39.9776
39.9895
40.0015
40.0135
40.0254
40.0374
40.0494
40.0613
40.0733
40.0852
40.0972
40.1092
40.1211
40.1331
40.1451
40.157
40.169
40.181
40.1929
40.2049
40.2169
40.2288
40.2408
40.2528
40.2648
40.2767
40.2887
40.3007
40.3126
40.3246
40.3366
40.3485
40.3605
40.3725
40.3845
40.3964
40.4084
40.4204
40.4323
40.4443
40.4563
40.4683
40.4802
40.4922
40.5042
40.5162
40.5281
40.5401
40.5521
40.5641
40.576
40.588
40.6
40.612
40.6239
40.6359
40.6479
40.6599
40.6718
40.6838
40.6958
40.7078
40.7198
40.7317
40.7437
40.7557
40.7677
40.7796
40.7916
40.8036
40.8156
40.8276
40.8395
40.8515
40.8635
40.8755
40.8875
40.8995
40.9114
40.9234
40.9354
40.9474
40.9594
40.9713
40.9833
40.9953
41.0073
41.0193
41.0313
41.0433
41.0552
41.0672
41.0792
41.0912
41.1032
41.1152
41.1271
41.1391
41.1511
41.1631
41.1751
41.1871
41.1991
41.2111
41.223
41.235
41.247
41.259
41.271
41.283
41.295
41.307
41.319
41.331
41.3429
41.3549
41.3669
41.3789
41.3909
41.4029
41.4149
41.4269
41.4389
41.4509
41.4629
41.4749
41.4868
41.4988
41.5108
41.5228
41.5348
41.5468
41.5588
41.5708
41.5828
41.5948
41.6068
41.6188
41.6308
41.6428
41.6548
41.6668
41.6788
41.6908
41.7028
41.7148
41.7268
41.7388
41.7508
41.7628
41.7748
41.7868
41.7988
41.8108
41.8228
41.8348
41.8468
41.8588
41.8708
41.8828
41.8948
41.9068
41.9188
41.9308
41.9428
41.9548
41.9668
41.9788
41.9908
42.0028
42.0148
42.0268
42.0388
42.0508
42.0628
42.0748
42.0868
42.0988
42.1108
42.1228
42.1348
42.1468
42.1589
42.1709
42.1829
42.1949
42.2069
42.2189
42.2309
42.2429
42.2549
42.2669
42.2789
42.2909
42.303
42.315
42.327
42.339
42.351
42.363
42.375
42.387
42.399
42.4111
42.4231
42.4351
42.4471
42.4591
42.4711
42.4831
42.4951
42.5072
42.5192
42.5312
42.5432
42.5552
42.5672
42.5792
42.5913
42.6033
42.6153
42.6273
42.6393
42.6513
42.6634
42.6754
42.6874
42.6994
42.7114
42.7234
42.7355
42.7475
42.7595
42.7715
42.7835
42.7956
42.8076
42.8196
42.8316
42.8436
42.8557
42.8677
42.8797
42.8917
42.9037
42.9158
42.9278
42.9398
42.9518
42.9638
42.9759
42.9879
42.9999
43.0119
43.024
43.036
43.048
43.06
43.0721
43.0841
43.0961
43.1081
43.1202
43.1322
43.1442
43.1562
43.1683
43.1803
43.1923
43.2044
43.2164
43.2284
43.2404
43.2525
43.2645
43.2765
43.2886
43.3006
43.3126
43.3246
43.3367
43.3487
43.3607
43.3728
43.3848
43.3968
43.4089
43.4209
43.4329
43.445
43.457
43.469
43.4811
43.4931
43.5051
43.5172
43.5292
43.5412
43.5533
43.5653
43.5773
43.5894
43.6014
43.6134
43.6255
43.6375
43.6495
43.6616
43.6736
43.6857
43.6977
43.7097
43.7218
43.7338
43.7458
43.7579
43.7699
43.782
43.794
43.806
43.8181
43.8301
43.8422
43.8542
43.8662
43.8783
43.8903
43.9024
43.9144
43.9264
43.9385
43.9505
43.9626
43.9746
43.9867
43.9987
44.0107
44.0228
44.0348
44.0469
44.0589
44.071
44.083
44.0951
44.1071
44.1191
44.1312
44.1432
44.1553
44.1673
44.1794
44.1914
44.2035
44.2155
44.2276
44.2396
44.2517
44.2637
44.2758
44.2878
44.2999
44.3119
44.324
44.336
44.3481
44.3601
44.3722
44.3842
44.3963
44.4083
44.4204
44.4324
44.4445
44.4565
44.4686
44.4806
44.4927
44.5047
44.5168
44.5288
44.5409
44.553
44.565
44.5771
44.5891
44.6012
44.6132
44.6253
44.6373
44.6494
44.6615
44.6735
44.6856
44.6976
44.7097
44.7217
44.7338
44.7459
44.7579
44.77
44.782
44.7941
44.8062
44.8182
44.8303
44.8423
44.8544
44.8665
44.8785
44.8906
44.9026
44.9147
44.9268
44.9388
44.9509
44.9629
44.975
44.9871
44.9991
45.0112
45.0233
45.0353
45.0474
45.0595
45.0715
45.0836
45.0957
45.1077
45.1198
45.1319
45.1439
45.156
45.1681
45.1801
45.1922
45.2043
45.2163
45.2284
45.2405
45.2525
45.2646
45.2767
45.2887
45.3008
45.3129
45.3249
45.337
45.3491
45.3611
45.3732
45.3853
45.3974
45.4094
45.4215
45.4336
45.4456
45.4577
45.4698
45.4819
45.4939
45.506
45.5181
45.5302
45.5422
45.5543
45.5664
45.5785
45.5905
45.6026
45.6147
45.6268
45.6388
45.6509
45.663
45.6751
45.6871
45.6992
45.7113
45.7234
45.7355
45.7475
45.7596
45.7717
45.7838
45.7958
45.8079
45.82
45.8321
45.8442
45.8562
45.8683
45.8804
45.8925
45.9046
45.9166
45.9287
45.9408
45.9529
45.965
45.9771
45.9891
46.0012
46.0133
46.0254
46.0375
46.0496
46.0616
46.0737
46.0858
46.0979
46.11
46.1221
46.1342
46.1462
46.1583
46.1704
46.1825
46.1946
46.2067
46.2188
46.2308
46.2429
46.255
46.2671
46.2792
46.2913
46.3034
46.3155
46.3276
46.3396
46.3517
46.3638
46.3759
46.388
46.4001
46.4122
46.4243
46.4364
46.4485
46.4606
46.4726
46.4847
46.4968
46.5089
46.521
46.5331
46.5452
46.5573
46.5694
46.5815
46.5936
46.6057
46.6178
46.6299
46.642
46.6541
46.6662
46.6783
46.6903
46.7024
46.7145
46.7266
46.7387
46.7508
46.7629
46.775
46.7871
46.7992
46.8113
46.8234
46.8355
46.8476
46.8597
46.8718
46.8839
46.896
46.9081
46.9202
46.9323
46.9444
46.9565
46.9686
46.9807
46.9928
47.0049
47.017
47.0291
47.0412
47.0534
47.0655
47.0776
47.0897
47.1018
47.1139
47.126
47.1381
47.1502
47.1623
47.1744
47.1865
47.1986
47.2107
47.2228
47.2349
47.247
47.2591
47.2713
47.2834
47.2955
47.3076
47.3197
47.3318
47.3439
47.356
47.3681
47.3802
47.3923
47.4045
47.4166
47.4287
47.4408
47.4529
47.465
47.4771
47.4892
47.5013
47.5135
47.5256
47.5377
47.5498
47.5619
47.574
47.5861
47.5982
47.6104
47.6225
47.6346
47.6467
47.6588
47.6709
47.6831
47.6952
47.7073
47.7194
47.7315
47.7436
47.7558
47.7679
47.78
47.7921
47.8042
47.8163
47.8285
47.8406
47.8527
47.8648
47.8769
47.8891
47.9012
47.9133
47.9254
47.9375
47.9497
47.9618
47.9739
47.986
47.9981
48.0103
48.0224
48.0345
48.0466
48.0587
48.0709
48.083
48.0951
48.1072
48.1194
48.1315
48.1436
48.1557
48.1679
48.18
48.1921
48.2042
48.2164
48.2285
48.2406
48.2527
48.2649
48.277
48.2891
48.3012
48.3134
48.3255
48.3376
48.3498
48.3619
48.374
48.3861
48.3983
48.4104
48.4225
48.4347
48.4468
48.4589
48.4711
48.4832
48.4953
48.5074
48.5196
48.5317
48.5438
48.556
48.5681
48.5802
48.5924
48.6045
48.6166
48.6288
48.6409
48.653
48.6652
48.6773
48.6894
48.7016
48.7137
48.7258
48.738
48.7501
48.7622
48.7744
48.7865
48.7987
48.8108
48.8229
48.8351
48.8472
48.8593
48.8715
48.8836
48.8958
48.9079
48.92
48.9322
48.9443
48.9565
48.9686
48.9807
48.9929
49.005
49.0172
49.0293
49.0414
49.0536
49.0657
49.0779
49.09
49.1021
49.1143
49.1264
49.1386
49.1507
49.1629
49.175
49.1871
49.1993
49.2114
49.2236
49.2357
49.2479
49.26
49.2722
49.2843
49.2964
49.3086
49.3207
49.3329
49.345
49.3572
49.3693
49.3815
49.3936
49.4058
49.4179
49.4301
49.4422
49.4544
49.4665
49.4787
49.4908
49.503
49.5151
49.5273
49.5394
49.5516
49.5637
49.5759
49.588
49.6002
49.6123
49.6245
49.6366
49.6488
49.6609
49.6731
49.6852
49.6974
49.7095
49.7217
49.7338
49.746
49.7582
49.7703
49.7825
49.7946
49.8068
49.8189
49.8311
49.8432
49.8554
49.8676
49.8797
49.8919
49.904
49.9162
49.9283
49.9405
49.9527
49.9648
49.977
49.9891
50.0013
50.0134
50.0256
50.0378
50.0499
50.0621
50.0742
50.0864
50.0986
50.1107
50.1229
50.135
50.1472
50.1594
50.1715
50.1837
50.1959
50.208
50.2202
50.2323
50.2445
50.2567
50.2688
50.281
50.2932
50.3053
50.3175
50.3297
50.3418
50.354
50.3662
50.3783
50.3905
50.4027
50.4148
50.427
50.4392
50.4513
50.4635
50.4757
50.4878
50.5
50.5122
50.5243
50.5365
50.5487
50.5608
50.573
50.5852
50.5973
50.6095
50.6217
50.6339
50.646
50.6582
50.6704
50.6825
50.6947
50.7069
50.7191
50.7312
50.7434
50.7556
50.7678
50.7799
50.7921
50.8043
50.8164
50.8286
50.8408
50.853
50.8651
50.8773
50.8895
50.9017
50.9138
50.926
50.9382
50.9504
50.9626
50.9747
50.9869
50.9991
51.0113
51.0234
51.0356
51.0478
51.06
51.0722
51.0843
51.0965
51.1087
51.1209
51.133
51.1452
51.1574
51.1696
51.1818
51.194
51.2061
51.2183
51.2305
51.2427
51.2549
51.267
51.2792
51.2914
51.3036
51.3158
51.328
51.3401
51.3523
51.3645
51.3767
51.3889
51.4011
51.4133
51.4254
51.4376
51.4498
51.462
51.4742
51.4864
51.4986
51.5107
51.5229
51.5351
51.5473
51.5595
51.5717
51.5839
51.5961
51.6082
51.6204
51.6326
51.6448
51.657
51.6692
51.6814
51.6936
51.7058
51.718
51.7301
51.7423
51.7545
51.7667
51.7789
51.7911
51.8033
51.8155
51.8277
51.8399
51.8521
51.8643
51.8765
51.8886
51.9008
51.913
51.9252
51.9374
51.9496
51.9618
51.974
51.9862
51.9984
52.0106
52.0228
52.035
52.0472
52.0594
52.0716
52.0838
52.096
52.1082
52.1204
52.1326
52.1448
52.157
52.1692
52.1814
52.1936
52.2058
52.218
52.2302
52.2424
52.2546
52.2668
52.279
52.2912
52.3034
52.3156
52.3278
52.34
52.3522
52.3644
52.3766
52.3888
52.401
52.4132
52.4254
52.4376
52.4498
52.462
52.4742
52.4864
52.4986
52.5108
52.523
52.5353
52.5475
52.5597
52.5719
52.5841
52.5963
52.6085
52.6207
52.6329
52.6451
52.6573
52.6695
52.6817
52.694
52.7062
52.7184
52.7306
52.7428
52.755
52.7672
52.7794
52.7916
52.8038
52.8161
52.8283
52.8405
52.8527
52.8649
52.8771
52.8893
52.9015
52.9138
52.926
52.9382
52.9504
52.9626
52.9748
52.987
52.9992
53.0115
53.0237
53.0359
53.0481
53.0603
53.0725
53.0848
53.097
53.1092
53.1214
53.1336
53.1458
53.1581
53.1703
53.1825
53.1947
53.2069
53.2192
53.2314
53.2436
53.2558
53.268
53.2802
53.2925
53.3047
53.3169
53.3291
53.3413
53.3536
53.3658
53.378
53.3902
53.4025
53.4147
53.4269
53.4391
53.4513
53.4636
53.4758
53.488
53.5002
53.5125
53.5247
53.5369
53.5491
53.5614
53.5736
53.5858
53.598
53.6103
53.6225
53.6347
53.6469
53.6592
53.6714
53.6836
53.6959
53.7081
53.7203
53.7325
53.7448
53.757
53.7692
53.7815
53.7937
53.8059
53.8181
53.8304
53.8426
53.8548
53.8671
53.8793
53.8915
53.9038
53.916
53.9282
53.9404
53.9527
53.9649
53.9771
53.9894
54.0016
54.0138
54.0261
54.0383
54.0505
54.0628
54.075
54.0872
54.0995
54.1117
54.124
54.1362
54.1484
54.1607
54.1729
54.1851
54.1974
54.2096
54.2218
54.2341
54.2463
54.2586
54.2708
54.283
54.2953
54.3075
54.3197
54.332
54.3442
54.3565
54.3687
54.3809
54.3932
54.4054
54.4177
54.4299
54.4421
54.4544
54.4666
54.4789
54.4911
54.5034
54.5156
54.5278
54.5401
54.5523
54.5646
54.5768
54.5891
54.6013
54.6135
54.6258
54.638
54.6503
54.6625
54.6748
54.687
54.6993
54.7115
54.7238
54.736
54.7482
54.7605
54.7727
54.785
54.7972
54.8095
54.8217
54.834
54.8462
54.8585
54.8707
54.883
54.8952
54.9075
54.9197
54.932
54.9442
54.9565
54.9687
54.981
54.9932
55.0055
55.0177
55.03
55.0422
55.0545
55.0667
55.079
55.0912
55.1035
55.1158
55.128
55.1403
55.1525
55.1648
55.177
55.1893
55.2015
55.2138
55.226
55.2383
55.2506
55.2628
55.2751
55.2873
55.2996
55.3118
55.3241
55.3364
55.3486
55.3609
55.3731
55.3854
55.3976
55.4099
55.4222
55.4344
55.4467
55.4589
55.4712
55.4835
55.4957
55.508
55.5202
55.5325
55.5448
55.557
55.5693
55.5815
55.5938
55.6061
55.6183
55.6306
55.6429
55.6551
55.6674
55.6796
55.6919
55.7042
55.7164
55.7287
55.741
55.7532
55.7655
55.7778
55.79
55.8023
55.8146
55.8268
55.8391
55.8514
55.8636
55.8759
55.8882
55.9004
55.9127
55.925
55.9372
55.9495
55.9618
55.974
55.9863
55.9986
56.0109
56.0231
56.0354
56.0477
56.0599
56.0722
56.0845
56.0967
56.109
56.1213
56.1336
56.1458
56.1581
56.1704
56.1826
56.1949
56.2072
56.2195
56.2317
56.244
56.2563
56.2686
56.2808
56.2931
56.3054
56.3177
56.3299
56.3422
56.3545
56.3668
56.379
56.3913
56.4036
56.4159
56.4281
56.4404
56.4527
56.465
56.4773
56.4895
56.5018
56.5141
56.5264
56.5387
56.5509
56.5632
56.5755
56.5878
56.6001
56.6123
56.6246
56.6369
56.6492
56.6615
56.6737
56.686
56.6983
56.7106
56.7229
56.7352
56.7474
56.7597
56.772
56.7843
56.7966
56.8089
56.8211
56.8334
56.8457
56.858
56.8703
56.8826
56.8948
56.9071
56.9194
56.9317
56.944
56.9563
56.9686
56.9809
56.9931
57.0054
57.0177
57.03
57.0423
57.0546
57.0669
57.0792
57.0914
57.1037
57.116
57.1283
57.1406
57.1529
57.1652
57.1775
57.1898
57.2021
57.2143
57.2266
57.2389
57.2512
57.2635
57.2758
57.2881
57.3004
57.3127
57.325
57.3373
57.3496
57.3619
57.3742
57.3864
57.3987
57.411
57.4233
57.4356
57.4479
57.4602
57.4725
57.4848
57.4971
57.5094
57.5217
57.534
57.5463
57.5586
57.5709
57.5832
57.5955
57.6078
57.6201
57.6324
57.6447
57.657
57.6693
57.6816
57.6939
57.7062
57.7185
57.7308
57.7431
57.7554
57.7677
57.78
57.7923
57.8046
57.8169
57.8292
57.8415
57.8538
57.8661
57.8784
57.8907
57.903
57.9153
57.9276
57.9399
57.9522
57.9645
57.9768
57.9891
58.0014
58.0138
58.0261
58.0384
58.0507
58.063
58.0753
58.0876
58.0999
58.1122
58.1245
58.1368
58.1491
58.1614
58.1737
58.1861
58.1984
58.2107
58.223
58.2353
58.2476
58.2599
58.2722
58.2845
58.2968
58.3091
58.3215
58.3338
58.3461
58.3584
58.3707
58.383
58.3953
58.4076
58.42
58.4323
58.4446
58.4569
58.4692
58.4815
58.4938
58.5062
58.5185
58.5308
58.5431
58.5554
58.5677
58.58
58.5924
58.6047
58.617
58.6293
58.6416
58.6539
58.6663
58.6786
58.6909
58.7032
58.7155
58.7278
58.7402
58.7525
58.7648
58.7771
58.7894
58.8018
58.8141
58.8264
58.8387
58.851
58.8634
58.8757
58.888
58.9003
58.9126
58.925
58.9373
58.9496
58.9619
58.9743
58.9866
58.9989
59.0112
59.0235
59.0359
59.0482
59.0605
59.0728
59.0852
59.0975
59.1098
59.1221
59.1345
59.1468
59.1591
59.1714
59.1838
59.1961
59.2084
59.2207
59.2331
59.2454
59.2577
59.2701
59.2824
59.2947
59.307
59.3194
59.3317
59.344
59.3564
59.3687
59.381
59.3933
59.4057
59.418
59.4303
59.4427
59.455
59.4673
59.4797
59.492
59.5043
59.5167
59.529
59.5413
59.5537
59.566
59.5783
59.5907
59.603
59.6153
59.6277
59.64
59.6523
59.6647
59.677
59.6893
59.7017
59.714
59.7263
59.7387
59.751
59.7633
59.7757
59.788
59.8004
59.8127
59.825
59.8374
59.8497
59.862
59.8744
59.8867
59.8991
59.9114
59.9237
59.9361
59.9484
59.9608
59.9731
59.9854
59.9978
60.0101
60.0225
60.0348
60.0471
60.0595
60.0718
60.0842
60.0965
60.1088
60.1212
60.1335
60.1459
60.1582
60.1706
60.1829
60.1952
60.2076
60.2199
60.2323
60.2446
60.257
60.2693
60.2817
60.294
60.3064
60.3187
60.331
60.3434
60.3557
60.3681
60.3804
60.3928
60.4051
60.4175
60.4298
60.4422
60.4545
60.4669
60.4792
60.4916
60.5039
60.5163
60.5286
60.541
60.5533
60.5657
60.578
60.5904
60.6027
60.6151
60.6274
60.6398
60.6521
60.6645
60.6768
60.6892
60.7015
60.7139
60.7262
60.7386
60.7509
60.7633
60.7757
60.788
60.8004
60.8127
60.8251
60.8374
60.8498
60.8621
60.8745
60.8869
60.8992
60.9116
60.9239
60.9363
60.9486
60.961
60.9734
60.9857
60.9981
61.0104
61.0228
61.0351
61.0475
61.0599
61.0722
61.0846
61.0969
61.1093
61.1217
61.134
61.1464
61.1587
61.1711
61.1835
61.1958
61.2082
61.2205
61.2329
61.2453
61.2576
61.27
61.2824
61.2947
61.3071
61.3194
61.3318
61.3442
61.3565
61.3689
61.3813
61.3936
61.406
61.4184
61.4307
61.4431
61.4555
61.4678
61.4802
61.4926
61.5049
61.5173
61.5297
61.542
61.5544
61.5668
61.5791
61.5915
61.6039
61.6162
61.6286
61.641
61.6533
61.6657
61.6781
61.6905
61.7028
61.7152
61.7276
61.7399
61.7523
61.7647
61.777
61.7894
61.8018
61.8142
61.8265
61.8389
61.8513
61.8637
61.876
61.8884
61.9008
61.9132
61.9255
61.9379
61.9503
61.9626
61.975
61.9874
61.9998
62.0121
62.0245
62.0369
62.0493
62.0617
62.074
62.0864
62.0988
62.1112
62.1235
62.1359
62.1483
62.1607
62.1731
62.1854
62.1978
62.2102
62.2226
62.2349
62.2473
62.2597
62.2721
62.2845
62.2968
62.3092
62.3216
62.334
62.3464
62.3588
62.3711
62.3835
62.3959
62.4083
62.4207
62.433
62.4454
62.4578
62.4702
62.4826
62.495
62.5073
62.5197
62.5321
62.5445
62.5569
62.5693
62.5817
62.594
62.6064
62.6188
62.6312
62.6436
62.656
62.6684
62.6807
62.6931
62.7055
62.7179
62.7303
62.7427
62.7551
62.7675
62.7799
62.7922
62.8046
62.817
62.8294
62.8418
62.8542
62.8666
62.879
62.8914
62.9038
62.9161
62.9285
62.9409
62.9533
62.9657
62.9781
62.9905
63.0029
63.0153
63.0277
63.0401
63.0525
63.0649
63.0772
63.0896
63.102
63.1144
63.1268
63.1392
63.1516
63.164
63.1764
63.1888
63.2012
63.2136
63.226
63.2384
63.2508
63.2632
63.2756
63.288
63.3004
63.3128
63.3252
63.3376
63.35
63.3624
63.3748
63.3872
63.3996
63.412
63.4244
63.4368
63.4492
63.4616
63.474
63.4864
63.4988
63.5112
63.5236
63.536
63.5484
63.5608
63.5732
63.5856
63.598
63.6104
63.6228
63.6352
63.6476
63.66
63.6724
63.6848
63.6972
63.7096
63.722
63.7344
63.7468
63.7592
63.7716
63.7841
63.7965
63.8089
63.8213
63.8337
63.8461
63.8585
63.8709
63.8833
63.8957
63.9081
63.9205
63.9329
63.9454
63.9578
63.9702
63.9826
63.995
64.0074
64.0198
64.0322
64.0446
64.057
64.0694
64.0819
64.0943
64.1067
64.1191
64.1315
64.1439
64.1563
64.1687
64.1812
64.1936
64.206
64.2184
64.2308
64.2432
64.2556
64.2681
64.2805
64.2929
64.3053
64.3177
64.3301
64.3425
64.355
64.3674
64.3798
64.3922
64.4046
64.417
64.4295
64.4419
64.4543
64.4667
64.4791
64.4915
64.504
64.5164
64.5288
64.5412
64.5536
64.5661
64.5785
64.5909
64.6033
64.6157
64.6282
64.6406
64.653
64.6654
64.6778
64.6903
64.7027
64.7151
64.7275
64.7399
64.7524
64.7648
64.7772
64.7896
64.8021
64.8145
64.8269
64.8393
64.8517
64.8642
64.8766
64.889
64.9014
64.9139
64.9263
64.9387
64.9511
64.9636
64.976
64.9884
65.0008
65.0133
65.0257
65.0381
65.0506
65.063
65.0754
65.0878
65.1003
65.1127
65.1251
65.1376
65.15
65.1624
65.1748
65.1873
65.1997
65.2121
65.2246
65.237
65.2494
65.2619
65.2743
65.2867
65.2991
65.3116
65.324
65.3364
65.3489
65.3613
65.3737
65.3862
65.3986
65.411
65.4235
65.4359
65.4483
65.4608
65.4732
65.4856
65.4981
65.5105
65.5229
65.5354
65.5478
65.5602
65.5727
65.5851
65.5976
65.61
65.6224
65.6349
65.6473
65.6597
65.6722
65.6846
65.6971
65.7095
65.7219
65.7344
65.7468
65.7592
65.7717
65.7841
65.7966
65.809
65.8214
65.8339
65.8463
65.8588
65.8712
65.8836
65.8961
65.9085
65.921
65.9334
65.9459
65.9583
65.9707
65.9832
65.9956
66.0081
66.0205
66.0329
66.0454
66.0578
66.0703
66.0827
66.0952
66.1076
66.1201
66.1325
66.1449
66.1574
66.1698
66.1823
66.1947
66.2072
66.2196
66.2321
66.2445
66.257
66.2694
66.2819
66.2943
66.3068
66.3192
66.3317
66.3441
66.3565
66.369
66.3814
66.3939
66.4063
66.4188
66.4312
66.4437
66.4561
66.4686
66.481
66.4935
66.5059
66.5184
66.5309
66.5433
66.5558
66.5682
66.5807
66.5931
66.6056
66.618
66.6305
66.6429
66.6554
66.6678
66.6803
66.6927
66.7052
66.7177
66.7301
66.7426
66.755
66.7675
66.7799
66.7924
66.8048
66.8173
66.8298
66.8422
66.8547
66.8671
66.8796
66.892
66.9045
66.917
66.9294
66.9419
66.9543
66.9668
66.9792
66.9917
67.0042
67.0166
67.0291
67.0415
67.054
67.0665
67.0789
67.0914
67.1038
67.1163
67.1288
67.1412
67.1537
67.1662
67.1786
67.1911
67.2035
67.216
67.2285
67.2409
67.2534
67.2659
67.2783
67.2908
67.3033
67.3157
67.3282
67.3406
67.3531
67.3656
67.378
67.3905
67.403
67.4154
67.4279
67.4404
67.4528
67.4653
67.4778
67.4902
67.5027
67.5152
67.5277
67.5401
67.5526
67.5651
67.5775
67.59
67.6025
67.6149
67.6274
67.6399
67.6523
67.6648
67.6773
67.6898
67.7022
67.7147
67.7272
67.7396
67.7521
67.7646
67.7771
67.7895
67.802
67.8145
67.827
67.8394
67.8519
67.8644
67.8768
67.8893
67.9018
67.9143
67.9267
67.9392
67.9517
67.9642
67.9766
67.9891
68.0016
68.0141
68.0266
68.039
68.0515
68.064
68.0765
68.0889
68.1014
68.1139
68.1264
68.1388
68.1513
68.1638
68.1763
68.1888
68.2012
68.2137
68.2262
68.2387
68.2512
68.2636
68.2761
68.2886
68.3011
68.3136
68.3261
68.3385
68.351
68.3635
68.376
68.3885
68.4009
68.4134
68.4259
68.4384
68.4509
68.4634
68.4758
68.4883
68.5008
68.5133
68.5258
68.5383
68.5508
68.5632
68.5757
68.5882
68.6007
68.6132
68.6257
68.6382
68.6506
68.6631
68.6756
68.6881
68.7006
68.7131
68.7256
68.7381
68.7506
68.763
68.7755
68.788
68.8005
68.813
68.8255
68.838
68.8505
68.863
68.8754
68.8879
68.9004
68.9129
68.9254
68.9379
68.9504
68.9629
68.9754
68.9879
69.0004
69.0129
69.0254
69.0378
69.0503
69.0628
69.0753
69.0878
69.1003
69.1128
69.1253
69.1378
69.1503
69.1628
69.1753
69.1878
69.2003
69.2128
69.2253
69.2378
69.2503
69.2628
69.2753
69.2878
69.3003
69.3128
69.3253
69.3378
69.3503
69.3628
69.3753
69.3878
69.4003
69.4128
69.4253
69.4378
69.4503
69.4628
69.4753
69.4878
69.5003
69.5128
69.5253
69.5378
69.5503
69.5628
69.5753
69.5878
69.6003
69.6128
69.6253
69.6378
69.6503
69.6628
69.6753
69.6878
69.7003
69.7128
69.7253
69.7378
69.7503
69.7628
69.7753
69.7878
69.8003
69.8129
69.8254
69.8379
69.8504
69.8629
69.8754
69.8879
69.9004
69.9129
69.9254
69.9379
69.9504
69.9629
69.9755
69.988
70.0005
70.013
70.0255
70.038
70.0505
70.063
70.0755
70.088
70.1006
70.1131
70.1256
70.1381
70.1506
70.1631
70.1756
70.1881
70.2007
70.2132
70.2257
70.2382
70.2507
70.2632
70.2757
70.2883
70.3008
70.3133
70.3258
70.3383
70.3508
70.3633
70.3759
70.3884
70.4009
70.4134
70.4259
70.4384
70.451
70.4635
70.476
70.4885
70.501
70.5135
70.5261
70.5386
70.5511
70.5636
70.5761
70.5887
70.6012
70.6137
70.6262
70.6387
70.6513
70.6638
70.6763
70.6888
70.7013
70.7139
70.7264
70.7389
70.7514
70.7639
70.7765
70.789
70.8015
70.814
70.8266
70.8391
70.8516
70.8641
70.8767
70.8892
70.9017
70.9142
70.9268
70.9393
70.9518
70.9643
70.9769
70.9894
71.0019
71.0144
71.027
71.0395
71.052
71.0645
71.0771
71.0896
71.1021
71.1146
71.1272
71.1397
71.1522
71.1648
71.1773
71.1898
71.2023
71.2149
71.2274
71.2399
71.2525
71.265
71.2775
71.2901
71.3026
71.3151
71.3277
71.3402
71.3527
71.3652
71.3778
71.3903
71.4028
71.4154
71.4279
71.4404
71.453
71.4655
71.478
71.4906
71.5031
71.5157
71.5282
71.5407
71.5533
71.5658
71.5783
71.5909
71.6034
71.6159
71.6285
71.641
71.6535
71.6661
71.6786
71.6912
71.7037
71.7162
71.7288
71.7413
71.7538
71.7664
71.7789
71.7915
71.804
71.8165
71.8291
71.8416
71.8542
71.8667
71.8792
71.8918
71.9043
71.9169
71.9294
71.9419
71.9545
71.967
71.9796
71.9921
72.0047
72.0172
72.0297
72.0423
72.0548
72.0674
72.0799
72.0925
72.105
72.1175
72.1301
72.1426
72.1552
72.1677
72.1803
72.1928
72.2054
72.2179
72.2305
72.243
72.2555
72.2681
72.2806
72.2932
72.3057
72.3183
72.3308
72.3434
72.3559
72.3685
72.381
72.3936
72.4061
72.4187
72.4312
72.4438
72.4563
72.4689
72.4814
72.494
72.5065
72.5191
72.5316
72.5442
72.5567
72.5693
72.5818
72.5944
72.6069
72.6195
72.632
72.6446
72.6571
72.6697
72.6823
72.6948
72.7074
72.7199
72.7325
72.745
72.7576
72.7701
72.7827
72.7952
72.8078
72.8204
72.8329
72.8455
72.858
72.8706
72.8831
72.8957
72.9083
72.9208
72.9334
72.9459
72.9585
72.971
72.9836
72.9962
73.0087
73.0213
73.0338
73.0464
73.059
73.0715
73.0841
73.0966
73.1092
73.1218
73.1343
73.1469
73.1594
73.172
73.1846
73.1971
73.2097
73.2223
73.2348
73.2474
73.2599
73.2725
73.2851
73.2976
73.3102
73.3228
73.3353
73.3479
73.3604
73.373
73.3856
73.3981
73.4107
73.4233
73.4358
73.4484
73.461
73.4735
73.4861
73.4987
73.5112
73.5238
73.5364
73.5489
73.5615
73.5741
73.5866
73.5992
73.6118
73.6244
73.6369
73.6495
73.6621
73.6746
73.6872
73.6998
73.7123
73.7249
73.7375
73.7501
73.7626
73.7752
73.7878
73.8003
73.8129
73.8255
73.8381
73.8506
73.8632
73.8758
73.8883
73.9009
73.9135
73.9261
73.9386
73.9512
73.9638
73.9764
73.9889
74.0015
74.0141
74.0267
74.0392
74.0518
74.0644
74.077
74.0895
74.1021
74.1147
74.1273
74.1398
74.1524
74.165
74.1776
74.1902
74.2027
74.2153
74.2279
74.2405
74.253
74.2656
74.2782
74.2908
74.3034
74.3159
74.3285
74.3411
74.3537
74.3663
74.3788
74.3914
74.404
74.4166
74.4292
74.4418
74.4543
74.4669
74.4795
74.4921
74.5047
74.5172
74.5298
74.5424
74.555
74.5676
74.5802
74.5927
74.6053
74.6179
74.6305
74.6431
74.6557
74.6683
74.6808
74.6934
74.706
74.7186
74.7312
74.7438
74.7564
74.7689
74.7815
74.7941
74.8067
74.8193
74.8319
74.8445
74.8571
74.8697
74.8822
74.8948
74.9074
74.92
74.9326
74.9452
74.9578
74.9704
74.983
74.9955
75.0081
75.0207
75.0333
75.0459
75.0585
75.0711
75.0837
75.0963
75.1089
75.1215
75.1341
75.1466
75.1592
75.1718
75.1844
75.197
75.2096
75.2222
75.2348
75.2474
75.26
75.2726
75.2852
75.2978
75.3104
75.323
75.3356
75.3482
75.3608
75.3734
75.386
75.3985
75.4111
75.4237
75.4363
75.4489
75.4615
75.4741
75.4867
75.4993
75.5119
75.5245
75.5371
75.5497
75.5623
75.5749
75.5875
75.6001
75.6127
75.6253
75.6379
75.6505
75.6631
75.6757
75.6883
75.7009
75.7135
75.7261
75.7387
75.7513
75.7639
75.7765
75.7892
75.8018
75.8144
75.827
75.8396
75.8522
75.8648
75.8774
75.89
75.9026
75.9152
75.9278
75.9404
75.953
75.9656
75.9782
75.9908
76.0034
76.016
76.0286
76.0413
76.0539
76.0665
76.0791
76.0917
76.1043
76.1169
76.1295
76.1421
76.1547
76.1673
76.1799
76.1926
76.2052
76.2178
76.2304
76.243
76.2556
76.2682
76.2808
76.2934
76.306
76.3187
76.3313
76.3439
76.3565
76.3691
76.3817
76.3943
76.4069
76.4196
76.4322
76.4448
76.4574
76.47
76.4826
76.4952
76.5079
76.5205
76.5331
76.5457
76.5583
76.5709
76.5835
76.5962
76.6088
76.6214
76.634
76.6466
76.6592
76.6719
76.6845
76.6971
76.7097
76.7223
76.7349
76.7476
76.7602
76.7728
76.7854
76.798
76.8107
76.8233
76.8359
76.8485
76.8611
76.8738
76.8864
76.899
76.9116
76.9242
76.9369
76.9495
76.9621
76.9747
76.9874
77
77.0126
77.0252
77.0378
77.0505
77.0631
77.0757
77.0883
77.101
77.1136
77.1262
77.1388
77.1515
77.1641
77.1767
77.1893
77.202
77.2146
77.2272
77.2398
77.2525
77.2651
77.2777
77.2903
77.303
77.3156
77.3282
77.3409
77.3535
77.3661
77.3787
77.3914
77.404
77.4166
77.4293
77.4419
77.4545
77.4671
77.4798
77.4924
77.505
77.5177
77.5303
77.5429
77.5556
77.5682
77.5808
77.5935
77.6061
77.6187
77.6314
77.644
77.6566
77.6692
77.6819
77.6945
77.7072
77.7198
77.7324
77.7451
77.7577
77.7703
77.783
77.7956
77.8082
77.8209
77.8335
77.8461
77.8588
77.8714
77.884
77.8967
77.9093
77.922
77.9346
77.9472
77.9599
77.9725
77.9851
77.9978
78.0104
78.0231
78.0357
78.0483
78.061
78.0736
78.0863
78.0989
78.1115
78.1242
78.1368
78.1495
78.1621
78.1747
78.1874
78.2
78.2127
78.2253
78.2379
78.2506
78.2632
78.2759
78.2885
78.3012
78.3138
78.3265
78.3391
78.3517
78.3644
78.377
78.3897
78.4023
78.415
78.4276
78.4403
78.4529
78.4655
78.4782
78.4908
78.5035
78.5161
78.5288
78.5414
78.5541
78.5667
78.5794
78.592
78.6047
78.6173
78.63
78.6426
78.6553
78.6679
78.6806
78.6932
78.7059
78.7185
78.7312
78.7438
78.7565
78.7691
78.7818
78.7944
78.8071
78.8197
78.8324
78.845
78.8577
78.8703
78.883
78.8956
78.9083
78.9209
78.9336
78.9462
78.9589
78.9715
78.9842
78.9969
79.0095
79.0222
79.0348
79.0475
79.0601
79.0728
79.0854
79.0981
79.1107
79.1234
79.1361
79.1487
79.1614
79.174
79.1867
79.1993
79.212
79.2247
79.2373
79.25
79.2626
79.2753
79.288
79.3006
79.3133
79.3259
79.3386
79.3513
79.3639
79.3766
79.3892
79.4019
79.4146
79.4272
79.4399
79.4525
79.4652
79.4779
79.4905
79.5032
79.5158
79.5285
79.5412
79.5538
79.5665
79.5792
79.5918
79.6045
79.6172
79.6298
79.6425
79.6551
79.6678
79.6805
79.6931
79.7058
79.7185
79.7311
79.7438
79.7565
79.7691
79.7818
79.7945
79.8071
79.8198
79.8325
79.8451
79.8578
79.8705
79.8831
79.8958
79.9085
79.9212
79.9338
79.9465
79.9592
79.9718
79.9845
79.9972
80.0098
80.0225
80.0352
80.0479
80.0605
80.0732
80.0859
80.0985
80.1112
80.1239
80.1366
80.1492
80.1619
80.1746
80.1872
80.1999
80.2126
80.2253
80.2379
80.2506
80.2633
80.276
80.2886
80.3013
80.314
80.3267
80.3393
80.352
80.3647
80.3774
80.39
80.4027
80.4154
80.4281
80.4407
80.4534
80.4661
80.4788
80.4915
80.5041
80.5168
80.5295
80.5422
80.5548
80.5675
80.5802
80.5929
80.6056
80.6182
80.6309
80.6436
80.6563
80.669
80.6816
80.6943
80.707
80.7197
80.7324
80.745
80.7577
80.7704
80.7831
80.7958
80.8085
80.8211
80.8338
80.8465
80.8592
80.8719
80.8846
80.8972
80.9099
80.9226
80.9353
80.948
80.9607
80.9733
80.986
80.9987
81.0114
81.0241
81.0368
81.0495
81.0622
81.0748
81.0875
81.1002
81.1129
81.1256
81.1383
81.151
81.1636
81.1763
81.189
81.2017
81.2144
81.2271
81.2398
81.2525
81.2652
81.2779
81.2905
81.3032
81.3159
81.3286
81.3413
81.354
81.3667
81.3794
81.3921
81.4048
81.4175
81.4301
81.4428
81.4555
81.4682
81.4809
81.4936
81.5063
81.519
81.5317
81.5444
81.5571
81.5698
81.5825
81.5952
81.6079
81.6206
81.6332
81.6459
81.6586
81.6713
81.684
81.6967
81.7094
81.7221
81.7348
81.7475
81.7602
81.7729
81.7856
81.7983
81.811
81.8237
81.8364
81.8491
81.8618
81.8745
81.8872
81.8999
81.9126
81.9253
81.938
81.9507
81.9634
81.9761
81.9888
82.0015
82.0142
82.0269
82.0396
82.0523
82.065
82.0777
82.0904
82.1031
82.1158
82.1285
82.1412
82.1539
82.1666
82.1793
82.192
82.2047
82.2174
82.2302
82.2429
82.2556
82.2683
82.281
82.2937
82.3064
82.3191
82.3318
82.3445
82.3572
82.3699
82.3826
82.3953
82.408
82.4207
82.4335
82.4462
82.4589
82.4716
82.4843
82.497
82.5097
82.5224
82.5351
82.5478
82.5605
82.5733
82.586
82.5987
82.6114
82.6241
82.6368
82.6495
82.6622
82.6749
82.6876
82.7004
82.7131
82.7258
82.7385
82.7512
82.7639
82.7766
82.7893
82.8021
82.8148
82.8275
82.8402
82.8529
82.8656
82.8783
82.8911
82.9038
82.9165
82.9292
82.9419
82.9546
82.9674
82.9801
82.9928
83.0055
83.0182
83.0309
83.0437
83.0564
83.0691
83.0818
83.0945
83.1072
83.12
83.1327
83.1454
83.1581
83.1708
83.1836
83.1963
83.209
83.2217
83.2344
83.2472
83.2599
83.2726
83.2853
83.298
83.3108
83.3235
83.3362
83.3489
83.3616
83.3744
83.3871
83.3998
83.4125
83.4253
83.438
83.4507
83.4634
83.4761
83.4889
83.5016
83.5143
83.527
83.5398
83.5525
83.5652
83.5779
83.5907
83.6034
83.6161
83.6288
83.6416
83.6543
83.667
83.6798
83.6925
83.7052
83.7179
83.7307
83.7434
83.7561
83.7688
83.7816
83.7943
83.807
83.8198
83.8325
83.8452
83.8579
83.8707
83.8834
83.8961
83.9089
83.9216
83.9343
83.9471
83.9598
83.9725
83.9853
83.998
84.0107
84.0235
84.0362
84.0489
84.0616
84.0744
84.0871
84.0998
84.1126
84.1253
84.138
84.1508
84.1635
84.1762
84.189
84.2017
84.2145
84.2272
84.2399
84.2527
84.2654
84.2781
84.2909
84.3036
84.3163
84.3291
84.3418
84.3545
84.3673
84.38
84.3928
84.4055
84.4182
84.431
84.4437
84.4565
84.4692
84.4819
84.4947
84.5074
84.5201
84.5329
84.5456
84.5584
84.5711
84.5838
84.5966
84.6093
84.6221
84.6348
84.6476
84.6603
84.673
84.6858
84.6985
84.7113
84.724
84.7367
84.7495
84.7622
84.775
84.7877
84.8005
84.8132
84.8259
84.8387
84.8514
84.8642
84.8769
84.8897
84.9024
84.9152
84.9279
84.9407
84.9534
84.9661
84.9789
84.9916
85.0044
85.0171
85.0299
85.0426
85.0554
85.0681
85.0809
85.0936
85.1064
85.1191
85.1319
85.1446
85.1574
85.1701
85.1829
85.1956
85.2084
85.2211
85.2339
85.2466
85.2594
85.2721
85.2849
85.2976
85.3104
85.3231
85.3359
85.3486
85.3614
85.3741
85.3869
85.3996
85.4124
85.4251
85.4379
85.4506
85.4634
85.4761
85.4889
85.5017
85.5144
85.5272
85.5399
85.5527
85.5654
85.5782
85.5909
85.6037
85.6164
85.6292
85.642
85.6547
85.6675
85.6802
85.693
85.7057
85.7185
85.7313
85.744
85.7568
85.7695
85.7823
85.7951
85.8078
85.8206
85.8333
85.8461
85.8588
85.8716
85.8844
85.8971
85.9099
85.9226
85.9354
85.9482
85.9609
85.9737
85.9865
85.9992
86.012
86.0247
86.0375
86.0503
86.063
86.0758
86.0885
86.1013
86.1141
86.1268
86.1396
86.1524
86.1651
86.1779
86.1907
86.2034
86.2162
86.229
86.2417
86.2545
86.2672
86.28
86.2928
86.3055
86.3183
86.3311
86.3438
86.3566
86.3694
86.3821
86.3949
86.4077
86.4205
86.4332
86.446
86.4588
86.4715
86.4843
86.4971
86.5098
86.5226
86.5354
86.5481
86.5609
86.5737
86.5865
86.5992
86.612
86.6248
86.6375
86.6503
86.6631
86.6759
86.6886
86.7014
86.7142
86.7269
86.7397
86.7525
86.7653
86.778
86.7908
86.8036
86.8164
86.8291
86.8419
86.8547
86.8674
86.8802
86.893
86.9058
86.9185
86.9313
86.9441
86.9569
86.9697
86.9824
86.9952
87.008
87.0208
87.0335
87.0463
87.0591
87.0719
87.0846
87.0974
87.1102
87.123
87.1358
87.1485
87.1613
87.1741
87.1869
87.1997
87.2124
87.2252
87.238
87.2508
87.2636
87.2763
87.2891
87.3019
87.3147
87.3275
87.3402
87.353
87.3658
87.3786
87.3914
87.4042
87.4169
87.4297
87.4425
87.4553
87.4681
87.4809
87.4936
87.5064
87.5192
87.532
87.5448
87.5576
87.5703
87.5831
87.5959
87.6087
87.6215
87.6343
87.6471
87.6598
87.6726
87.6854
87.6982
87.711
87.7238
87.7366
87.7494
87.7621
87.7749
87.7877
87.8005
87.8133
87.8261
87.8389
87.8517
87.8645
87.8772
87.89
87.9028
87.9156
87.9284
87.9412
87.954
87.9668
87.9796
87.9924
88.0051
88.0179
88.0307
88.0435
88.0563
88.0691
88.0819
88.0947
88.1075
88.1203
88.1331
88.1459
88.1587
88.1714
88.1842
88.197
88.2098
88.2226
88.2354
88.2482
88.261
88.2738
88.2866
88.2994
88.3122
88.325
88.3378
88.3506
88.3634
88.3762
88.389
88.4018
88.4146
88.4274
88.4401
88.4529
88.4657
88.4785
88.4913
88.5041
88.5169
88.5297
88.5425
88.5553
88.5681
88.5809
88.5937
88.6065
88.6193
88.6321
88.6449
88.6577
88.6705
88.6833
88.6961
88.7089
88.7217
88.7345
88.7473
88.7601
88.7729
88.7857
88.7985
88.8113
88.8241
88.8369
88.8497
88.8625
88.8753
88.8881
88.9009
88.9137
88.9265
88.9393
88.9521
88.9649
88.9777
88.9905
89.0033
89.0161
89.0289
89.0417
89.0545
89.0673
89.0801
89.0929
89.1057
89.1185
89.1313
89.1441
89.1569
89.1698
89.1826
89.1954
89.2082
89.221
89.2338
89.2466
89.2594
89.2722
89.285
89.2978
89.3106
89.3234
89.3362
89.349
89.3618
89.3746
89.3874
89.4002
89.413
89.4258
89.4386
89.4514
89.4642
89.477
89.4898
89.5026
89.5154
89.5282
89.541
89.5538
89.5666
89.5794
89.5922
89.605
89.6178
89.6306
89.6434
89.6562
89.669
89.6818
89.6946
89.7074
89.7202
89.733
89.7458
89.7586
89.7714
89.7842
89.7969
89.8097
89.8225
89.8353
89.8481
89.8609
89.8737
89.8865
89.8993
89.9121
89.9249
89.9377
89.9505
89.9632
89.976
89.9888
90.0016
90.0144
90.0272
90.04
90.0528
90.0655
90.0783
90.0911
90.1039
90.1167
90.1295
90.1422
90.155
90.1678
90.1806
90.1934
90.2061
90.2189
90.2317
90.2445
90.2572
90.27
90.2828
90.2955
90.3083
90.3211
90.3338
90.3466
90.3594
90.3721
90.3849
90.3977
90.4104
90.4232
90.4359
90.4487
90.4615
90.4742
90.487
90.4997
90.5125
90.5252
90.538
90.5507
90.5634
90.5762
90.5889
90.6017
90.6144
90.6271
90.6399
90.6526
90.6653
90.6781
90.6908
90.7035
90.7162
90.7289
90.7417
90.7544
90.7671
90.7798
90.7925
90.8052
90.8179
90.8306
90.8433
90.856
90.8687
90.8814
90.8941
90.9068
90.9195
90.9321
90.9448
90.9575
90.9702
90.9828
90.9955
91.0082
91.0208
91.0335
91.0461
91.0588
91.0714
91.0841
91.0967
91.1093
91.122
91.1346
91.1472
91.1598
91.1724
91.185
91.1976
91.2102
91.2228
91.2354
91.248
91.2606
91.2732
91.2858
91.2983
91.3109
91.3234
91.336
91.3485
91.3611
91.3736
91.3862
91.3987
91.4112
91.4237
91.4362
91.4487
91.4612
91.4737
91.4862
91.4987
91.5111
91.5236
91.536
91.5485
91.5609
91.5734
91.5858
91.5982
91.6106
91.623
91.6354
91.6478
91.6602
91.6726
91.6849
91.6973
91.7096
91.722
91.7343
91.7466
91.7589
91.7712
91.7835
91.7958
91.808
91.8203
91.8325
91.8448
91.857
91.8692
91.8814
91.8936
91.9058
91.918
91.9301
91.9423
91.9544
91.9665
91.9786
91.9907
92.0028
92.0149
92.0269
92.039
92.051
92.063
92.075
92.087
92.099
92.1109
92.1228
92.1348
92.1467
92.1586
92.1704
92.1823
92.1941
92.2059
92.2177
92.2295
92.2413
92.253
92.2648
92.2765
92.2882
92.2998
92.3115
92.3231
92.3347
92.3463
92.3579
92.3694
92.381
92.3924
92.4039
92.4154
92.4268
92.4382
92.4496
92.4609
92.4723
92.4836
92.4949
92.5061
92.5173
92.5285
92.5397
92.5508
92.562
92.573
92.5841
92.5951
92.6061
92.6171
92.628
92.6389
92.6498
92.6606
92.6714
92.6822
92.6929
92.7036
92.7142
92.7249
92.7354
92.746
92.7565
92.767
92.7774
92.7878
92.7981
92.8084
92.8187
92.8289
92.8391
92.8492
92.8593
92.8694
92.8794
92.8893
92.8992
92.9091
92.9189
92.9286
92.9383
92.948
92.9576
92.9671
92.9766
92.986
92.9954
93.0047
93.014
93.0232
93.0323
93.0414
93.0504
93.0594
93.0683
93.0771
93.0859
93.0946
93.1032
93.1117
93.1202
93.1286
93.137
93.1452
93.1534
93.1615
93.1696
93.1775
93.1854
93.1932
93.2009
93.2085
93.216
93.2235
93.2309
93.2381
93.2453
93.2524
93.2594
93.2663
93.273
93.2797
93.2863
93.2928
93.2992
93.3055
93.3116
93.3177
93.3236
93.3294
93.3351
93.3407
93.3462
93.3515
93.3568
93.3619
93.3668
93.3717
93.3764
93.3809
93.3854
93.3896
93.3938
93.3978
93.4016
93.4053
93.4089
93.4123
93.4155
93.4186
93.4215
93.4242
93.4268
93.4292
93.4314
93.4334
93.4353
93.437
93.4385
93.4398
93.4409
93.4418
93.4425
93.443
93.4433
93.4434
93.4432
93.4429
93.4423
93.4415
93.4404
93.4392
93.4377
93.4359
93.434
93.4317
93.4292
93.4265
93.4235
93.4202
93.4167
93.4129
93.4088
93.4044
93.3997
93.3948
93.3895
93.384
93.3781
93.372
93.3655
93.3587
93.3516
93.3442
93.3364
93.3283
93.3199
93.3111
93.302
93.2926
93.2827
93.2726
93.262
93.2511
93.2398
93.2282
93.2162
93.2038
93.191
93.1778
93.1642
93.1503
93.136
93.1212
93.1061
93.0906
93.0747
93.0583
93.0416
93.0245
93.0069
92.989
92.9707
92.9519
92.9328
92.9133
92.8934
92.8731
92.8524
92.8313
92.8098
92.7879
92.7657
92.7431
92.7202
92.6969
92.6732
92.6492
92.6249
92.6002
92.5753
92.55
92.5244
92.4986
92.4724
92.446
92.4194
92.3925
92.3654
92.3381
92.3105
92.2828
92.2549
92.2269
92.1987
92.1704
92.142
92.1135
92.0849
92.0563
92.0276
91.9989
91.9702
91.9414
91.9128
91.8841
91.8555
91.827
91.7985
91.7702
91.742
91.7139
91.686
91.6583
91.6307
91.6033
91.5762
91.5492
91.5225
91.4961
91.4699
91.444
91.4184
91.3931
91.3681
91.3434
91.319
91.295
91.2713
91.248
91.225
91.2024
91.1802
91.1583
91.1369
91.1158
91.0951
91.0748
91.0549
91.0354
91.0163
90.9977
90.9794
90.9615
90.9441
90.927
90.9104
90.8941
90.8783
90.8629
90.8479
90.8333
90.819
90.8052
90.7918
90.7788
90.7661
90.7539
90.742
90.7305
90.7194
90.7087
90.6983
90.6883
90.6787
90.6694
90.6605
90.6519
90.6436
90.6358
90.6282
90.621
90.6141
90.6075
90.6012
90.5953
90.5896
90.5843
90.5793
90.5745
90.5701
90.5659
90.5621
90.5585
90.5552
90.5521
90.5493
90.5468
90.5445
90.5425
90.5407
90.5392
90.5379
90.5369
90.5361
90.5355
90.5351
90.535
90.5351
90.5354
90.5359
90.5366
90.5375
90.5386
90.5399
90.5414
90.5431
90.545
90.547
90.5493
90.5517
90.5543
90.5571
90.56
90.5631
90.5663
90.5698
90.5733
90.5771
90.581
90.585
90.5892
90.5935
90.598
90.6026
90.6073
90.6122
90.6172
90.6224
90.6276
90.633
90.6386
90.6442
90.65
90.6558
90.6618
90.668
90.6742
90.6805
90.687
90.6935
90.7002
90.7069
90.7138
90.7207
90.7278
90.7349
90.7422
90.7495
90.7569
90.7645
90.7721
90.7798
90.7876
90.7954
90.8034
90.8114
90.8195
90.8277
90.836
90.8443
90.8528
90.8612
90.8698
90.8785
90.8872
90.8959
90.9048
90.9137
90.9227
90.9317
90.9409
90.95
90.9593
90.9686
90.9779
90.9873
90.9968
91.0063
91.0159
91.0256
91.0353
91.045
91.0548
91.0647
91.0746
91.0846
91.0946
91.1046
91.1147
91.1249
91.1351
91.1453
91.1556
91.166
91.1763
91.1868
91.1972
91.2077
91.2183
91.2289
91.2395
91.2502
91.2609
91.2716
91.2824
91.2932
91.3041
91.3149
91.3259
91.3368
91.3478
91.3589
91.3699
91.381
91.3921
91.4033
91.4145
91.4257
91.4369
91.4482
91.4595
91.4709
91.4822
91.4936
91.505
91.5165
91.528
91.5395
91.551
91.5625
91.5741
91.5857
91.5973
91.609
91.6207
91.6324
91.6441
91.6558
91.6676
91.6794
91.6912
91.703
91.7148
91.7267
91.7386
91.7505
91.7624
91.7744
91.7863
91.7983
91.8103
91.8224
91.8344
91.8464
91.8585
91.8706
91.8827
91.8948
91.907
91.9191
91.9313
91.9435
91.9557
91.9679
91.9801
91.9924
92.0046
92.0169
92.0292
92.0415
92.0538
92.0661
92.0785
92.0908
92.1032
92.1156
92.1279
92.1403
92.1528
92.1652
92.1776
92.1901
92.2025
92.215
92.2275
92.24
92.2525
92.265
92.2775
92.29
92.3026
92.3151
92.3277
92.3402
92.3528
92.3654
92.378
92.3906
92.4032
92.4158
92.4284
92.4411
92.4537
92.4664
92.479
92.4917
92.5044
92.517
92.5297
92.5424
92.5551
92.5678
92.5805
92.5933
92.606
92.6187
92.6315
92.6442
92.657
92.6697
92.6825
92.6952
92.708
92.7208
92.7336
92.7464
92.7592
92.772
92.7848
92.7976
92.8104
92.8232
92.836
92.8489
92.8617
92.8745
92.8874
92.9002
92.9131
92.9259
92.9388
92.9517
92.9645
92.9774
92.9903
93.0032
93.016
93.0289
93.0418
93.0547
93.0676
93.0805
93.0934
93.1063
93.1192
93.1321
93.145
93.158
93.1709
93.1838
93.1967
93.2097
93.2226
93.2355
93.2485
93.2614
93.2743
93.2873
93.3002
93.3132
93.3261
93.3391
93.352
93.365
93.3779
93.3909
93.4039
93.4168
93.4298
93.4428
93.4557
93.4687
93.4817
93.4947
93.5076
93.5206
93.5336
93.5466
93.5596
93.5725
93.5855
93.5985
93.6115
93.6245
93.6375
93.6505
93.6635
93.6765
93.6895
93.7025
93.7155
93.7285
93.7415
93.7545
93.7675
93.7805
93.7935
93.8065
93.8195
93.8325
93.8455
93.8585
93.8715
93.8846
93.8976
93.9106
93.9236
93.9366
93.9496
93.9626
93.9757
93.9887
94.0017
94.0147
94.0277
94.0408
94.0538
94.0668
94.0798
94.0929
94.1059
94.1189
94.1319
94.145
94.158
94.171
94.184
94.1971
94.2101
94.2231
94.2362
94.2492
94.2622
94.2752
94.2883
94.3013
94.3143
94.3274
94.3404
94.3534
94.3665
94.3795
94.3925
94.4056
94.4186
94.4317
94.4447
94.4577
94.4708
94.4838
94.4968
94.5099
94.5229
94.536
94.549
94.562
94.5751
94.5881
94.6011
94.6142
94.6272
94.6403
94.6533
94.6664
94.6794
94.6924
94.7055
94.7185
94.7316
94.7446
94.7577
94.7707
94.7837
94.7968
94.8098
94.8229
94.8359
94.849
94.862
94.8751
94.8881
94.9012
94.9142
94.9273
94.9403
94.9534
94.9664
94.9794
94.9925
95.0055
95.0186
95.0316
95.0447
95.0578
95.0708
95.0839
95.0969
95.11
95.123
95.1361
95.1491
95.1622
95.1752
95.1883
95.2013
95.2144
95.2275
95.2405
95.2536
95.2666
95.2797
95.2927
95.3058
95.3189
95.3319
95.345
95.358
95.3711
95.3842
95.3972
95.4103
95.4233
95.4364
95.4495
95.4625
95.4756
95.4887
95.5017
95.5148
95.5279
95.5409
95.554
95.5671
95.5801
95.5932
95.6063
95.6194
95.6324
95.6455
95.6586
95.6716
95.6847
95.6978
95.7109
95.7239
95.737
95.7501
95.7632
95.7763
95.7893
95.8024
95.8155
95.8286
95.8417
95.8547
95.8678
95.8809
95.894
95.9071
95.9202
95.9332
95.9463
95.9594
95.9725
95.9856
95.9987
96.0118
96.0249
96.038
96.0511
96.0642
96.0772
96.0903
96.1034
96.1165
96.1296
96.1427
96.1558
96.1689
96.182
96.1951
96.2082
96.2213
96.2345
96.2476
96.2607
96.2738
96.2869
96.3
96.3131
96.3262
96.3393
96.3524
96.3656
96.3787
96.3918
96.4049
96.418
96.4311
96.4443
96.4574
96.4705
96.4836
96.4967
96.5099
96.523
96.5361
96.5492
96.5624
96.5755
96.5886
96.6018
96.6149
96.628
96.6412
96.6543
96.6674
96.6806
96.6937
96.7068
96.72
96.7331
96.7463
96.7594
96.7725
96.7857
96.7988
96.812
96.8251
96.8383
96.8514
96.8646
96.8777
96.8909
96.904
96.9172
96.9303
96.9435
96.9566
96.9698
96.983
96.9961
97.0093
97.0224
97.0356
97.0488
97.0619
97.0751
97.0883
97.1014
97.1146
97.1278
97.1409
97.1541
97.1673
97.1805
97.1936
97.2068
97.22
97.2332
97.2463
97.2595
97.2727
97.2859
97.2991
97.3122
97.3254
97.3386
97.3518
97.365
97.3782
97.3914
97.4046
97.4177
97.4309
97.4441
97.4573
97.4705
97.4837
97.4969
97.5101
97.5233
97.5365
97.5497
97.5629
97.5761
97.5893
97.6025
97.6157
97.6289
97.6421
97.6553
97.6685
97.6817
97.695
97.7082
97.7214
97.7346
97.7478
97.761
97.7742
97.7874
97.8007
97.8139
97.8271
97.8403
97.8535
97.8668
97.88
97.8932
97.9064
97.9196
97.9329
97.9461
97.9593
97.9725
97.9858
97.999
98.0122
98.0254
98.0387
98.0519
98.0651
98.0784
98.0916
98.1048
98.1181
98.1313
98.1445
98.1578
98.171
98.1842
98.1975
98.2107
98.224
98.2372
98.2504
98.2637
98.2769
98.2902
98.3034
98.3166
98.3299
98.3431
98.3564
98.3696
98.3829
98.3961
98.4093
98.4226
98.4358
98.4491
98.4623
98.4756
98.4888
98.5021
98.5153
98.5286
98.5418
98.5551
98.5683
98.5816
98.5948
98.6081
98.6213
98.6346
98.6478
98.6611
98.6744
98.6876
98.7009
98.7141
98.7274
98.7406
98.7539
98.7671
98.7804
98.7937
98.8069
98.8202
98.8334
98.8467
98.8599
98.8732
98.8865
98.8997
98.913
98.9262
98.9395
98.9527
98.966
98.9793
98.9925
99.0058
99.019
99.0323
99.0456
99.0588
99.0721
99.0853
99.0986
99.1119
99.1251
99.1384
99.1516
99.1649
99.1782
99.1914
99.2047
99.2179
99.2312
99.2445
99.2577
99.271
99.2842
99.2975
99.3108
99.324
99.3373
99.3505
99.3638
99.3771
99.3903
99.4036
99.4169
99.4301
99.4434
99.4566
99.4699
99.4832
99.4964
99.5097
99.5229
99.5362
99.5494
99.5627
99.576
99.5892
99.6025
99.6157
99.629
99.6423
99.6555
99.6688
99.682
99.6953
99.7086
99.7218
99.7351
99.7483
99.7616
99.7748
99.7881
99.8014
99.8146
99.8279
99.8411
99.8544
99.8676
99.8809
99.8941
99.9074
99.9207
99.9339
99.9472
99.9604
99.9737
99.9869
100
100.013
100.027
100.04
100.053
100.066
100.08
100.093
100.106
100.119
100.133
100.146
100.159
100.172
100.186
100.199
100.212
100.225
100.239
100.252
100.265
100.278
100.292
100.305
100.318
100.331
100.345
100.358
100.371
100.384
100.398
100.411
100.424
100.437
100.451
100.464
100.477
100.49
100.504
100.517
100.53
100.543
100.557
100.57
100.583
100.596
100.61
100.623
100.636
100.649
100.663
100.676
100.689
100.702
100.716
100.729
100.742
100.755
100.769
100.782
100.795
100.808
100.821
100.835
100.848
100.861
100.874
100.888
100.901
100.914
100.927
100.941
100.954
100.967
100.98
100.994
101.007
101.02
101.033
101.047
101.06
101.073
101.086
101.099
101.113
101.126
101.139
101.152
101.166
101.179
101.192
101.205
101.219
101.232
101.245
101.258
101.272
101.285
101.298
101.311
101.324
101.338
101.351
101.364
101.377
101.391
101.404
101.417
101.43
101.444
101.457
101.47
101.483
101.496
101.51
101.523
101.536
101.549
101.563
101.576
101.589
101.602
101.616
101.629
101.642
101.655
101.668
101.682
101.695
101.708
101.721
101.735
101.748
101.761
101.774
101.788
101.801
101.814
101.827
101.84
101.854
101.867
101.88
101.893
101.907
101.92
101.933
101.946
101.96
101.973
101.986
101.999
102.012
102.026
102.039
102.052
102.065
102.079
102.092
102.105
102.118
102.132
102.145
102.158
102.171
102.184
102.198
102.211
102.224
102.237
102.251
102.264
102.277
102.29
102.304
102.317
102.33
102.343
102.356
102.37
102.383
102.396
102.409
102.423
102.436
102.449
102.462
102.476
102.489
102.502
102.515
102.528
102.542
102.555
102.568
102.581
102.595
102.608
102.621
102.634
102.648
102.661
102.674
102.687
102.7
102.714
102.727
102.74
102.753
102.767
102.78
102.793
102.806
102.82
102.833
102.846
102.859
102.872
102.886
102.899
102.912
102.925
102.939
102.952
102.965
102.978
102.992
103.005
103.018
103.031
103.045
103.058
103.071
103.084
103.097
103.111
103.124
103.137
103.15
103.164
103.177
103.19
103.203
103.217
103.23
103.243
103.256
103.27
103.283
103.296
103.309
103.322
103.336
103.349
103.362
103.375
103.389
103.402
103.415
103.428
103.442
103.455
103.468
103.481
103.495
103.508
103.521
103.534
103.548
103.561
103.574
103.587
103.6
103.614
103.627
103.64
103.653
103.667
103.68
103.693
103.706
103.72
103.733
103.746
103.759
103.773
103.786
103.799
103.812
103.825
103.839
103.852
103.865
103.878
103.892
103.905
103.918
103.931
103.945
103.958
103.971
103.984
103.997
104.011
104.024
104.037
104.05
104.064
104.077
104.09
104.103
104.116
104.13
104.143
104.156
104.169
104.182
104.196
104.209
104.222
104.235
104.248
104.261
104.275
104.288
104.301
104.314
104.327
104.34
104.353
104.367
104.38
104.393
104.406
104.419
104.432
104.445
104.458
104.471
104.484
104.498
104.511
104.524
104.537
104.55
104.563
104.576
104.589
104.602
104.614
104.627
104.64
104.653
104.666
104.679
104.692
104.705
104.718
104.73
104.743
104.756
104.769
104.781
104.794
104.807
104.819
104.832
104.845
104.857
104.87
104.882
104.895
104.907
104.919
104.932
104.944
104.956
104.969
104.981
104.993
105.005
105.017
105.03
105.042
105.054
105.066
105.077
105.089
105.101
105.113
105.124
105.136
105.148
105.159
105.171
105.182
105.193
105.205
105.216
105.227
105.238
105.249
105.26
105.271
105.282
105.293
105.303
105.314
105.324
105.335
105.345
105.355
105.366
105.376
105.386
105.396
105.405
105.415
105.425
105.434
105.444
105.453
105.462
105.471
105.48
105.489
105.498
105.507
105.515
105.524
105.532
105.541
105.549
105.557
105.565
105.573
105.58
105.588
105.595
105.603
105.61
105.617
105.624
105.631
105.638
105.644
105.651
105.657
105.663
105.669
105.675
105.681
105.687
105.693
105.698
105.703
105.709
105.714
105.719
105.724
105.728
105.733
105.738
105.742
105.746
105.75
105.754
105.758
105.762
105.766
105.769
105.773
105.776
105.779
105.783
105.786
105.789
105.791
105.794
105.797
105.799
105.802
105.804
105.806
105.809
105.811
105.813
105.815
105.817
105.818
105.82
105.822
105.823
105.825
105.826
105.828
105.829
105.83
105.831
105.833
105.834
105.835
105.836
105.837
105.838
105.839
105.84
105.841
105.841
105.842
105.843
105.844
105.844
105.845
105.846
105.847
105.847
105.848
105.849
105.849
105.85
105.851
105.851
105.852
105.853
105.853
105.854
105.855
105.856
105.856
105.857
105.858
105.859
105.859
105.86
105.861
105.862
105.863
105.864
105.865
105.866
105.867
105.868
105.869
105.87
105.871
105.873
105.874
105.875
105.876
105.878
105.879
105.88
105.882
105.883
105.885
105.886
105.888
105.89
105.891
105.893
105.895
105.897
105.899
105.9
105.902
105.904
105.906
105.908
105.911
105.913
105.915
105.917
105.919
105.922
105.924
105.926
105.929
105.931
105.934
105.936
105.939
105.942
105.944
105.947
105.95
105.953
105.956
105.958
105.961
105.964
105.967
105.97
105.974
105.977
105.98
105.983
105.986
105.99
105.993
105.996
106
106.003
106.007
106.01
106.014
106.017
106.021
106.024
106.028
106.032
106.036
106.039
106.043
106.047
106.051
106.055
106.059
106.063
106.067
106.071
106.075
106.079
106.084
106.088
106.092
106.096
106.101
106.105
106.109
106.114
106.118
106.123
106.127
106.132
106.136
106.141
106.145
106.15
106.155
106.159
106.164
106.169
106.174
106.179
106.184
106.188
106.193
106.198
106.203
106.208
106.213
106.218
106.223
106.229
106.234
106.239
106.244
106.249
106.255
106.26
106.265
106.271
106.276
106.281
106.287
106.292
106.298
106.303
106.309
106.314
106.32
106.325
106.331
106.337
106.342
106.348
106.354
106.36
106.365
106.371
106.377
106.383
106.389
106.395
106.401
106.407
106.413
106.419
106.425
106.431
106.437
106.443
106.449
106.455
106.461
106.467
106.474
106.48
106.486
106.492
106.499
106.505
106.511
106.518
106.524
106.531
106.537
106.543
106.55
106.556
106.563
106.57
106.576
106.583
106.589
106.596
106.603
106.609
106.616
106.623
106.629
106.636
106.643
106.65
106.656
106.663
106.67
106.677
106.684
106.691
106.698
106.705
106.712
106.719
106.726
106.733
106.74
106.747
106.754
106.761
106.768
106.775
106.783
106.79
106.797
106.804
106.811
106.819
106.826
106.833
106.841
106.848
106.855
106.863
106.87
106.877
106.885
106.892
106.9
106.907
106.915
106.922
106.93
106.937
106.945
106.953
106.96
106.968
106.975
106.983
106.991
106.998
107.006
107.014
107.022
107.029
107.037
107.045
107.053
107.061
107.069
107.076
107.084
107.092
107.1
107.108
107.116
107.124
107.132
107.14
107.148
107.156
107.164
107.172
107.18
107.188
107.196
107.204
107.213
107.221
107.229
107.237
107.245
107.253
107.262
107.27
107.278
107.287
107.295
107.303
107.311
107.32
107.328
107.337
107.345
107.353
107.362
107.37
107.379
107.387
107.396
107.404
107.413
107.421
107.43
107.438
107.447
107.455
107.464
107.472
107.481
107.49
107.498
107.507
107.516
107.524
107.533
107.542
107.551
107.559
107.568
107.577
107.586
107.594
107.603
107.612
107.621
107.63
107.639
107.648
107.656
107.665
107.674
107.683
107.692
107.701
107.71
107.719
107.728
107.737
107.746
107.755
107.764
107.773
107.782
107.792
107.801
107.81
107.819
107.828
107.837
107.846
107.856
107.865
107.874
107.883
107.892
107.902
107.911
107.92
107.93
107.939
107.948
107.957
107.967
107.976
107.986
107.995
108.004
108.014
108.023
108.033
108.042
108.051
108.061
108.07
108.08
108.089
108.099
108.108
108.118
108.127
108.137
108.147
108.156
108.166
108.175
108.185
108.195
108.204
108.214
108.224
108.233
108.243
108.253
108.262
108.272
108.282
108.292
108.301
108.311
108.321
108.331
108.34
108.35
108.36
108.37
108.38
108.39
108.399
108.409
108.419
108.429
108.439
108.449
108.459
108.469
108.479
108.489
108.499
108.509
108.519
108.529
108.539
108.549
108.559
108.569
108.579
108.589
108.599
108.609
108.619
108.629
108.64
108.65
108.66
108.67
108.68
108.69
108.701
108.711
108.721
108.731
108.741
108.752
108.762
108.772
108.782
108.793
108.803
108.813
108.824
108.834
108.844
108.855
108.865
108.875
108.886
108.896
108.907
108.917
108.927
108.938
108.948
108.959
108.969
108.98
108.99
109.001
109.011
109.022
109.032
109.043
109.053
109.064
109.074
109.085
109.095
109.106
109.117
109.127
109.138
109.148
109.159
109.17
109.18
109.191
109.202
109.212
109.223
109.234
109.244
109.255
109.266
109.277
109.287
109.298
109.309
109.32
109.33
109.341
109.352
109.363
109.374
109.384
109.395
109.406
109.417
109.428
109.439
109.449
109.46
109.471
109.482
109.493
109.504
109.515
109.526
109.537
109.548
109.559
109.57
109.581
109.592
109.603
109.614
109.625
109.636
109.647
109.658
109.669
109.68
109.691
109.702
109.713
109.724
109.735
109.747
109.758
109.769
109.78
109.791
109.802
109.813
109.825
109.836
109.847
109.858
109.869
109.881
109.892
109.903
109.914
109.926
109.937
109.948
109.959
109.971
109.982
109.993
110.005
110.016
110.027
110.039
110.05
110.061
110.073
110.084
110.095
110.107
110.118
110.13
110.141
110.152
110.164
110.175
110.187
110.198
110.21
110.221
110.233
110.244
110.256
110.267
110.279
110.29
110.302
110.313
110.325
110.336
110.348
110.359
110.371
110.382
110.394
110.406
110.417
110.429
110.44
110.452
110.464
110.475
110.487
110.499
110.51
110.522
110.534
110.545
110.557
110.569
110.58
110.592
110.604
110.616
110.627
110.639
110.651
110.663
110.674
110.686
110.698
110.71
110.721
110.733
110.745
110.757
110.769
110.781
110.792
110.804
110.816
110.828
110.84
110.852
110.864
110.876
110.887
110.899
110.911
110.923
110.935
110.947
110.959
110.971
110.983
110.995
111.007
111.019
111.031
111.043
111.055
111.067
111.079
111.091
111.103
111.115
111.127
111.139
111.151
111.163
111.175
111.187
111.199
111.211
111.224
111.236
111.248
111.26
111.272
111.284
111.296
111.308
111.321
111.333
111.345
111.357
111.369
111.382
111.394
111.406
111.418
111.43
111.443
111.455
111.467
111.479
111.492
111.504
111.516
111.528
111.541
111.553
111.565
111.577
111.59
111.602
111.614
111.627
111.639
111.651
111.664
111.676
111.688
111.701
111.713
111.726
111.738
111.75
111.763
111.775
111.788
111.8
111.812
111.825
111.837
111.85
111.862
111.875
111.887
111.9
111.912
111.925
111.937
111.95
111.962
111.975
111.987
112
112.012
112.025
112.037
112.05
112.062
112.075
112.087
112.1
112.113
112.125
112.138
112.15
112.163
112.176
112.188
112.201
112.213
112.226
112.239
112.251
112.264
112.277
112.289
112.302
112.315
112.327
112.34
112.353
112.365
112.378
112.391
112.404
112.416
112.429
112.442
112.455
112.467
112.48
112.493
112.506
112.518
112.531
112.544
112.557
112.57
112.582
112.595
112.608
112.621
112.634
112.647
112.659
112.672
112.685
112.698
112.711
112.724
112.737
112.749
112.762
112.775
112.788
112.801
112.814
112.827
112.84
112.853
112.866
112.879
112.892
112.904
112.917
112.93
112.943
112.956
112.969
112.982
112.995
113.008
113.021
113.034
113.047
113.06
113.073
113.086
113.099
113.113
113.126
113.139
113.152
113.165
113.178
113.191
113.204
113.217
113.23
113.243
113.256
113.27
113.283
113.296
113.309
113.322
113.335
113.348
113.362
113.375
113.388
113.401
113.414
113.427
113.441
113.454
113.467
113.48
113.493
113.507
113.52
113.533
113.546
113.559
113.573
113.586
113.599
113.612
113.626
113.639
113.652
113.666
113.679
113.692
113.705
113.719
113.732
113.745
113.759
113.772
113.785
113.799
113.812
113.825
113.839
113.852
113.865
113.879
113.892
113.906
113.919
113.932
113.946
113.959
113.972
113.986
113.999
114.013
114.026
114.04
114.053
114.066
114.08
114.093
114.107
114.12
114.134
114.147
114.161
114.174
114.188
114.201
114.215
114.228
114.242
114.255
114.269
114.282
114.296
114.309
114.323
114.336
114.35
114.363
114.377
114.391
114.404
114.418
114.431
114.445
114.458
114.472
114.486
114.499
114.513
114.526
114.54
114.554
114.567
114.581
114.595
114.608
114.622
114.636
114.649
114.663
114.677
114.69
114.704
114.718
114.731
114.745
114.759
114.772
114.786
114.8
114.813
114.827
114.841
114.855
114.868
114.882
114.896
114.91
114.923
114.937
114.951
114.965
114.978
114.992
115.006
115.02
115.034
115.047
115.061
115.075
115.089
115.103
115.117
115.13
115.144
115.158
115.172
115.186
115.2
115.213
115.227
115.241
115.255
115.269
115.283
115.297
115.311
115.324
115.338
115.352
115.366
115.38
115.394
115.408
115.422
115.436
115.45
115.464
115.478
115.492
115.506
115.52
115.533
115.547
115.561
115.575
115.589
115.603
115.617
115.631
115.645
115.659
115.673
115.687
115.701
115.715
115.729
115.744
115.758
115.772
115.786
115.8
115.814
115.828
115.842
115.856
115.87
115.884
115.898
115.912
115.926
115.941
115.955
115.969
115.983
115.997
116.011
116.025
116.039
116.053
116.068
116.082
116.096
116.11
116.124
116.138
116.153
116.167
116.181
116.195
116.209
116.223
116.238
116.252
116.266
116.28
116.294
116.309
116.323
116.337
116.351
116.366
116.38
116.394
116.408
116.423
116.437
116.451
116.465
116.48
116.494
116.508
116.522
116.537
116.551
116.565
116.58
116.594
116.608
116.623
116.637
116.651
116.665
116.68
116.694
116.708
116.723
116.737
116.752
116.766
116.78
116.795
116.809
116.823
116.838
116.852
116.866
116.881
116.895
116.91
116.924
116.938
116.953
116.967
116.982
116.996
117.011
117.025
117.039
117.054
117.068
117.083
117.097
117.112
117.126
117.141
117.155
117.169
117.184
117.198
117.213
117.227
117.242
117.256
117.271
117.285
117.3
117.314
117.329
117.343
117.358
117.373
117.387
117.402
117.416
117.431
117.445
117.46
117.474
117.489
117.503
117.518
117.533
117.547
117.562
117.576
117.591
117.606
117.62
117.635
117.649
117.664
117.679
117.693
117.708
117.722
117.737
117.752
117.766
117.781
117.796
117.81
117.825
117.84
117.854
117.869
117.884
117.898
117.913
117.928
117.942
117.957
117.972
117.986
118.001
118.016
118.031
118.045
118.06
118.075
118.089
118.104
118.119
118.134
118.148
118.163
118.178
118.193
118.207
118.222
118.237
118.252
118.266
118.281
118.296
118.311
118.326
118.34
118.355
118.37
118.385
118.4
118.414
118.429
118.444
118.459
118.474
118.489
118.503
118.518
118.533
118.548
118.563
118.578
118.592
118.607
118.622
118.637
118.652
118.667
118.682
118.697
118.711
118.726
118.741
118.756
118.771
118.786
118.801
118.816
118.831
118.846
118.861
118.875
118.89
118.905
118.92
118.935
118.95
118.965
118.98
118.995
119.01
119.025
119.04
119.055
119.07
119.085
119.1
119.115
119.13
119.145
119.16
119.175
119.19
119.205
119.22
119.235
119.25
119.265
119.28
119.295
119.31
119.325
119.34
119.355
119.37
119.385
119.4
119.415
119.43
119.446
119.461
119.476
119.491
119.506
119.521
119.536
119.551
119.566
119.581
119.596
119.612
119.627
119.642
119.657
119.672
119.687
119.702
119.717
119.733
119.748
119.763
119.778
119.793
119.808
119.823
119.839
119.854
119.869
119.884
119.899
119.914
119.93
119.945
119.96
119.975
119.99
120.006
120.021
120.036
120.051
120.066
120.082
120.097
120.112
120.127
120.143
120.158
120.173
120.188
120.204
120.219
120.234
120.249
120.265
120.28
120.295
120.31
120.326
120.341
120.356
120.372
120.387
120.402
120.417
120.433
120.448
120.463
120.479
120.494
120.509
120.525
120.54
120.555
120.571
120.586
120.601
120.617
120.632
120.647
120.663
120.678
120.693
120.709
120.724
120.739
120.755
120.77
120.786
120.801
120.816
120.832
120.847
120.863
120.878
120.893
120.909
120.924
120.94
120.955
120.97
120.986
121.001
121.017
121.032
121.048
121.063
121.078
121.094
121.109
121.125
121.14
121.156
121.171
121.187
121.202
121.218
121.233
121.249
121.264
121.279
121.295
121.31
121.326
121.341
121.357
121.372
121.388
121.403
121.419
121.435
121.45
121.466
121.481
121.497
121.512
121.528
121.543
121.559
121.574
121.59
121.605
121.621
121.637
121.652
121.668
121.683
121.699
121.714
121.73
121.746
121.761
121.777
121.792
121.808
121.824
121.839
121.855
121.87
121.886
121.902
121.917
121.933
121.948
121.964
121.98
121.995
122.011
122.027
122.042
122.058
122.074
122.089
122.105
122.121
122.136
122.152
122.168
122.183
122.199
122.215
122.23
122.246
122.262
122.277
122.293
122.309
122.324
122.34
122.356
122.372
122.387
122.403
122.419
122.434
122.45
122.466
122.482
122.497
122.513
122.529
122.545
122.56
122.576
122.592
122.608
122.623
122.639
122.655
122.671
122.686
122.702
122.718
122.734
122.75
122.765
122.781
122.797
122.813
122.829
122.844
122.86
122.876
122.892
122.908
122.923
122.939
122.955
122.971
122.987
123.003
123.018
123.034
123.05
123.066
123.082
123.098
123.114
123.129
123.145
123.161
123.177
123.193
123.209
123.225
123.24
123.256
123.272
123.288
123.304
123.32
123.336
123.352
123.368
123.384
123.399
123.415
123.431
123.447
123.463
123.479
123.495
123.511
123.527
123.543
123.559
123.575
123.591
123.607
123.623
123.638
123.654
123.67
123.686
123.702
123.718
123.734
123.75
123.766
123.782
123.798
123.814
123.83
123.846
123.862
123.878
123.894
123.91
123.926
123.942
123.958
123.974
123.99
124.006
124.022
124.038
124.054
124.07
124.086
124.103
124.119
124.135
124.151
124.167
124.183
124.199
124.215
124.231
124.247
124.263
124.279
124.295
124.311
124.327
124.343
124.36
124.376
124.392
124.408
124.424
124.44
124.456
124.472
124.488
124.504
124.521
124.537
124.553
124.569
124.585
124.601
124.617
124.634
124.65
124.666
124.682
124.698
124.714
124.73
124.747
124.763
124.779
124.795
124.811
124.827
124.844
124.86
124.876
124.892
124.908
124.924
124.941
124.957
124.973
124.989
125.005
125.022
125.038
125.054
125.07
125.087
125.103
125.119
125.135
125.151
125.168
125.184
125.2
125.216
125.233
125.249
125.265
125.281
125.298
125.314
125.33
125.346
125.363
125.379
125.395
125.411
125.428
125.444
125.46
125.477
125.493
125.509
125.525
125.542
125.558
125.574
125.591
125.607
125.623
125.64
125.656
125.672
125.688
125.705
125.721
125.737
125.754
125.77
125.786
125.803
125.819
125.835
125.852
125.868
125.885
125.901
125.917
125.934
125.95
125.966
125.983
125.999
126.015
126.032
126.048
126.065
126.081
126.097
126.114
126.13
126.147
126.163
126.179
126.196
126.212
126.229
126.245
126.261
126.278
126.294
126.311
126.327
126.343
126.36
126.376
126.393
126.409
126.426
126.442
126.459
126.475
126.491
126.508
126.524
126.541
126.557
126.574
126.59
126.607
126.623
126.64
126.656
126.673
126.689
126.706
126.722
126.739
126.755
126.772
126.788
126.805
126.821
126.838
126.854
126.871
126.887
126.904
126.92
126.937
126.953
126.97
126.986
127.003
127.019
127.036
127.052
127.069
127.085
127.102
127.119
127.135
127.152
127.168
127.185
127.201
127.218
127.235
127.251
127.268
127.284
127.301
127.317
127.334
127.351
127.367
127.384
127.4
127.417
127.434
127.45
127.467
127.483
127.5
127.517
127.533
127.55
127.566
127.583
127.6
127.616
127.633
127.65
127.666
127.683
127.7
127.716
127.733
127.749
127.766
127.783
127.799
127.816
127.833
127.849
127.866
127.883
127.899
127.916
127.933
127.949
127.966
127.983
128
128.016
128.033
128.05
128.066
128.083
128.1
128.116
128.133
128.15
128.167
128.183
128.2
128.217
128.233
128.25
128.267
128.284
128.3
128.317
128.334
128.351
128.367
128.384
128.401
128.418
128.434
128.451
128.468
128.485
128.501
128.518
128.535
128.552
128.568
128.585
128.602
128.619
128.636
128.652
128.669
128.686
128.703
128.719
128.736
128.753
128.77
128.787
128.803
128.82
128.837
128.854
128.871
128.888
128.904
128.921
128.938
128.955
128.972
128.989
129.005
129.022
129.039
129.056
129.073
129.09
129.106
129.123
129.14
129.157
129.174
129.191
129.208
129.224
129.241
129.258
129.275
129.292
129.309
129.326
129.343
129.36
129.376
129.393
129.41
129.427
129.444
129.461
129.478
129.495
129.512
129.529
129.545
129.562
129.579
129.596
129.613
129.63
129.647
129.664
129.681
129.698
129.715
129.732
129.749
129.766
129.783
129.8
129.828
)
;

boundaryField
{
    sides
    {
        type            calculated;
        value           nonuniform List<scalar> 2(129.828 8.91964);
    }
    empty
    {
        type            empty;
    }
}


// ************************************************************************* //
