/*--------------------------------*- C++ -*----------------------------------*\
  =========                 |
  \\      /  F ield         | OpenFOAM: The Open Source CFD Toolbox
   \\    /   O peration     | Website:  https://openfoam.org
    \\  /    A nd           | Version:  9
     \\/     M anipulation  |
\*---------------------------------------------------------------------------*/
FoamFile
{
    format      ascii;
    class       volScalarField;
    location    "0.008";
    object      p;
}
// * * * * * * * * * * * * * * * * * * * * * * * * * * * * * * * * * * * * * //

dimensions      [1 -1 -2 0 0 0 0];

internalField   nonuniform List<scalar> 
10000
(
100000
100000
100000
100000
100000
100000
100000
100000
100000
100000
100000
100000
100000
100000
100000
100000
100000
100000
100000
100000
100000
100000
100000
100000
100000
100000
100000
100000
100000
100000
100000
100000
100000
100000
100000
100000
100000
100000
100000
100000
100000
100000
100000
100000
100000
100000
100000
100000
100000
100000
100000
100000
100000
100000
100000
100000
100000
100000
100000
100000
100000
100000
100000
100000
100000
100000
100000
100000
100000
100000
100000
100000
100000
100000
100000
100000
100000
100000
100000
100000
100000
100000
100000
100000
100000
100000
100000
100000
100000
100000
100000
100000
100000
100000
100000
100000
100000
100000
100000
100000
100000
100000
100000
100000
100000
100000
100000
100000
100000
100000
100000
100000
100000
100000
100000
100000
100000
100000
100000
100000
100000
100000
100000
100000
100000
100000
100000
100000
100000
100000
100000
100000
100000
100000
100000
100000
100000
100000
100000
100000
100000
100000
100000
100000
100000
100000
100000
100000
100000
100000
100000
100000
100000
100000
100000
100000
100000
100000
100000
100000
100000
100000
100000
100000
100000
100000
100000
100000
100000
100000
100000
100000
100000
100000
100000
100000
100000
100000
100000
100000
100000
100000
100000
100000
100000
100000
100000
100000
100000
100000
100000
100000
100000
100000
100000
100000
100000
100000
100000
100000
100000
100000
100000
100000
100000
100000
100000
100000
100000
100000
100000
100000
100000
100000
100000
100000
100000
100000
100000
100000
100000
100000
100000
100000
100000
100000
100000
100000
100000
100000
100000
100000
100000
100000
100000
100000
100000
100000
100000
100000
100000
100000
100000
100000
100000
100000
100000
100000
100000
100000
100000
100000
100000
100000
100000
100000
100000
100000
100000
100000
100000
100000
100000
100000
100000
100000
100000
100000
100000
100000
100000
100000
100000
100000
100000
100000
100000
100000
100000
100000
100000
100000
100000
100000
100000
100000
100000
100000
100000
100000
100000
100000
100000
100000
100000
100000
100000
100000
100000
100000
100000
100000
100000
100000
100000
100000
100000
100000
100000
100000
100000
100000
100000
100000
100000
100000
100000
100000
100000
100000
100000
100000
100000
100000
100000
100000
100000
100000
100000
100000
100000
100000
100000
100000
100000
100000
100000
100000
100000
100000
100000
100000
100000
100000
100000
100000
100000
100000
100000
100000
100000
100000
100000
100000
100000
100000
100000
100000
100000
100000
100000
100000
100000
100000
100000
100000
100000
100000
100000
100000
100000
100000
100000
100000
100000
100000
100000
100000
100000
100000
100000
100000
100000
100000
100000
100000
100000
100000
100000
100000
100000
100000
100000
100000
100000
100000
100000
100000
100000
100000
100000
100000
100000
100000
100000
100000
100000
100000
100000
100000
100000
100000
100000
100000
100000
100000
100000
100000
100000
100000
100000
100000
100000
100000
100000
100000
100000
100000
100000
100000
100000
100000
100000
100000
100000
100000
100000
100000
100000
100000
100000
100000
100000
100000
100000
100000
100000
100000
100000
100000
100000
100000
100000
100000
100000
100000
100000
100000
100000
100000
100000
100000
100000
100000
100000
100000
100000
100000
100000
100000
100000
100000
100000
100000
100000
100000
100000
100000
100000
100000
100000
100000
100000
100000
100000
100000
100000
100000
100000
100000
100000
100000
100000
100000
100000
100000
100000
100000
100000
100000
100000
100000
100000
100000
100000
100000
100000
100000
100000
100000
100000
100000
100000
100000
100000
100000
100000
100000
100000
100000
100000
100000
100000
100000
100000
100000
100000
100000
100000
100000
100000
100000
100000
100000
100000
100000
100000
100000
100000
100000
100000
100000
100000
100000
100000
100000
100000
100000
100000
100000
100000
100000
100000
100000
100000
100000
100000
100000
100000
100000
100000
100000
100000
100000
100000
100000
100000
100000
100000
100000
100000
100000
100000
100000
100000
100000
100000
100000
100000
100000
100000
100000
100000
100000
100000
100000
100000
100000
100000
100000
100000
100000
100000
100000
100000
100000
100000
100000
100000
100000
100000
100000
100000
100000
100000
100000
100000
100000
100000
100000
100000
100000
100000
100000
100000
100000
100000
100000
100000
100000
100000
100000
100000
100000
100000
100000
100000
100000
100000
100000
100000
100000
100000
100000
100000
100000
100000
100000
100000
100000
100000
100000
100000
100000
100000
100000
100000
100000
100000
100000
100000
100000
100000
100000
100000
100000
100000
100000
100000
100000
100000
100000
100000
100000
100000
100000
100000
100000
100000
100000
100000
100000
100000
100000
100000
100000
100000
100000
100000
100000
100000
100000
100000
100000
100000
100000
100000
100000
100000
100000
100000
100000
100000
100000
100000
100000
100000
100000
100000
100000
100000
100000
100000
100000
100000
100000
100000
100000
100000
100000
100000
100000
100000
100000
100000
100000
100000
100000
100000
100000
100000
100000
100000
100000
100000
100000
100000
100000
100000
100000
100000
100000
100000
100000
100000
100000
100000
100000
100000
100000
100000
100000
100000
100000
100000
100000
100000
100000
100000
100000
100000
100000
100000
100000
100000
100000
100000
100000
100000
100000
100000
100000
100000
100000
100000
100000
100000
100000
100000
100000
100000
100000
100000
100000
100000
100000
100000
100000
100000
100000
100000
100000
100000
100000
100000
100000
100000
100000
100000
100000
100000
100000
100000
100000
100000
100000
100000
100000
100000
100000
100000
100000
100000
100000
100000
100000
100000
100000
100000
100000
100000
100000
100000
100000
100000
100000
100000
100000
100000
100000
100000
100000
100000
100000
100000
100000
100000
100000
100000
100000
100000
100000
100000
100000
100000
100000
100000
100000
100000
100000
100000
100000
100000
100000
100000
100000
100000
100000
100000
100000
100000
100000
100000
100000
100000
100000
100000
100000
100000
100000
100000
100000
100000
100000
100000
100000
100000
100000
100000
100000
100000
100000
100000
100000
100000
100000
100000
100000
100000
100000
100000
100000
100000
100000
100000
100000
100000
100000
100000
100000
100000
100000
100000
100000
100000
100000
100000
100000
100000
100000
100000
100000
100000
100000
100000
100000
100000
100000
100000
100000
100000
100000
100000
100000
100000
100000
100000
100000
100000
100000
100000
100000
100000
100000
100000
100000
100000
100000
100000
100000
100000
100000
100000
100000
100000
100000
100000
100000
100000
100000
100000
100000
100000
100000
100000
100000
100000
100000
100000
100000
100000
100000
100000
100000
100000
100000
100000
100000
100000
100000
100000
100000
100000
100000
100000
100000
100000
100000
100000
100000
100000
100000
100000
100000
100000
100000
100000
100000
100000
100000
100000
100000
100000
100000
100000
100000
100000
100000
100000
100000
100000
100000
100000
100000
100000
100000
100000
100000
100000
100000
100000
100000
100000
100000
100000
100000
100000
100000
100000
100000
100000
100000
100000
100000
100000
100000
100000
100000
100000
100000
100000
100000
100000
100000
100000
100000
100000
100000
100000
100000
100000
100000
100000
100000
100000
100000
100000
100000
100000
100000
100000
100000
100000
100000
100000
100000
100000
100000
100000
100000
100000
100000
100000
100000
100000
100000
100000
100000
100000
100000
100000
100000
100000
100000
100000
100000
100000
100000
100000
100000
100000
100000
100000
100000
100000
100000
100000
100000
100000
100000
100000
100000
100000
100000
100000
100000
100000
100000
100000
100000
100000
100000
100000
100000
100000
100000
100000
100000
100000
100000
100000
100000
100000
100000
100000
100000
100000
100000
100000
100000
100000
100000
100000
100000
100000
100000
100000
100000
100000
100000
100000
100000
100000
100000
100000
100000
100000
100000
100000
100000
100000
100000
100000
100000
100000
100000
100000
100000
100000
100000
100000
100000
100000
100000
100000
100000
100000
100000
100000
100000
100000
100000
100000
100000
100000
100000
100000
100000
100000
100000
100000
100000
100000
100000
100000
100000
100000
100000
100000
100000
100000
100000
100000
100000
100000
100000
100000
100000
100000
100000
100000
100000
100000
100000
100000
100000
100000
100000
100000
100000
100000
100000
100000
100000
100000
100000
100000
100000
100000
100000
100000
100000
100000
100000
100000
100000
100000
100000
100000
100000
100000
100000
100000
100000
100000
100000
100000
100000
100000
100000
100000
100000
100000
100000
100000
100000
100000
100000
100000
100000
100000
100000
100000
100000
100000
100000
100000
100000
100000
100000
100000
100000
100000
100000
100000
100000
100000
100000
100000
100000
100000
100000
100000
100000
100000
100000
100000
100000
100000
100000
100000
100000
100000
100000
100000
100000
100000
100000
100000
100000
100000
100000
100000
100000
100000
100000
100000
100000
100000
100000
100000
100000
100000
100000
100000
100000
100000
100000
100000
100000
100000
100000
100000
100000
100000
100000
100000
100000
100000
100000
100000
100000
100000
100000
100000
100000
100000
100000
100000
100000
100000
100000
100000
100000
100000
100000
100000
100000
100000
100000
100000
100000
100000
100000
100000
100000
100000
100000
100000
100000
100000
100000
100000
100000
100000
100000
100000
100000
100000
100000
100000
100000
100000
100000
100000
100000
100000
100000
100000
100000
100000
100000
100000
100000
100000
100000
100000
100000
100000
100000
100000
100000
100000
100000
100000
100000
100000
100000
100000
100000
100000
100000
100000
100000
100000
100000
100000
100000
100000
100000
100000
100000
100000
100000
100000
100000
100000
100000
100000
100000
100000
100000
100000
100000
100000
100000
100000
100000
100000
100000
100000
100000
100000
100000
100000
100000
100000
100000
100000
100000
100000
100000
100000
100000
100000
100000
100000
100000
100000
100000
100000
100000
100000
100000
100000
100000
100000
100000
100000
100000
100000
100000
100000
100000
100000
100000
100000
100000
100000
100000
100000
100000
100000
100000
100000
100000
100000
100000
100000
100000
100000
100000
100000
100000
100000
100000
100000
100000
100000
100000
100000
100000
100000
100000
100000
100000
100000
100000
100000
100000
100000
100000
100000
100000
100000
100000
100000
100000
100000
100000
100000
100000
100000
100000
100000
100000
100000
100000
100000
100000
100000
100000
100000
100000
100000
100000
100000
100000
100000
100000
100000
100000
100000
100000
100000
100000
100000
100000
100000
100000
100000
100000
100000
100000
100000
100000
100000
100000
100000
100000
100000
100000
100000
100000
100000
100000
100000
100000
100000
100000
100000
100000
100000
100000
100000
100000
100000
100000
100000
100000
100000
100000
100000
100000
100000
100000
100000
100000
100000
100000
100000
100000
100000
100000
100000
100000
100000
100000
100000
100000
100000
100000
100000
100000
100000
100000
100000
100000
100000
100000
100000
100000
100000
100000
100000
100000
100000
100000
100000
100000
100000
100000
100000
100000
100000
100000
100000
100000
100000
100000
100000
100000
100000
100000
100000
100000
100000
100000
100000
100000
100000
100000
100000
100000
100000
100000
100000
100000
100000
100000
100000
100000
100000
100000
100000
100000
100000
100000
100000
100000
100000
100000
100000
100000
100000
100000
100000
100000
100000
100000
100000
100000
100000
100000
100000
100000
100000
100000
100000
100000
100000
100000
100000
100000
100000
100000
100000
100000
100000
100000
100000
100000
100000
100000
100000
100000
100000
100000
100000
100000
100000
100000
100000
100000
100000
100000
100000
100000
100000
100000
100000
100000
100000
100000
100000
100000
100000
100000
100000
100000
100000
100000
100000
100000
100000
100000
100000
100000
100000
100000
100000
100000
100000
100000
100000
100000
100000
100000
100000
100000
100000
100000
100000
100000
100000
100000
100000
100000
100000
100000
100000
100000
100000
100000
100000
100000
100000
100000
100000
100000
100000
100000
100000
100000
100000
100000
100000
100000
100000
100000
100000
100000
100000
100000
100000
100000
100000
100000
100000
100000
100000
100000
100000
100000
100000
100000
100000
100000
100000
100000
100000
100000
100000
100000
100000
100000
100000
100000
100000
100000
100000
100000
100000
100000
100000
100000
100000
100000
100000
100000
100000
100000
100000
100000
100000
100000
100000
100000
100000
100000
100000
100000
100000
100000
100000
100000
100000
100000
100000
100000
100000
100000
100000
100000
100000
100000
100000
100000
100000
100000
100000
100000
100000
100000
100000
100000
100000
100000
100000
100000
100000
100000
100000
100000
100000
100000
100000
100000
100000
100000
100000
100000
100000
100000
100000
100000
100000
100000
100000
100000
100000
100000
100000
100000
100000
100000
100000
100000
100000
100000
100000
100000
100000
100000
100000
100000
100000
100000
100000
100000
100000
100000
100000
100000
100000
100000
100000
100000
100000
100000
100000
100000
100000
100000
100000
100000
100000
100000
100000
100000
100000
100000
100000
100000
100000
100000
100000
100000
100000
100000
100000
100000
100000
100000
100000
100000
100000
100000
100000
100000
100000
100000
100000
100000
100000
100000
100000
100000
100000
100000
100000
100000
100000
100000
100000
100000
100000
100000
100000
100000
100000
100000
100000
100000
100000
100000
100000
100000
100000
100000
100000
100000
100000
100000
100000
100000
100000
100000
100000
100000
100000
100000
100000
100000
100000
100000
100000
100000
100000
100000
100000
100000
100000
99999.9
99999.9
99999.9
99999.9
99999.9
99999.8
99999.8
99999.7
99999.7
99999.6
99999.5
99999.4
99999.2
99999
99998.8
99998.6
99998.2
99997.9
99997.4
99996.9
99996.2
99995.4
99994.5
99993.5
99992.2
99990.8
99989.1
99987.1
99984.8
99982.2
99979.2
99975.8
99971.9
99967.5
99962.5
99956.9
99950.7
99943.7
99936
99927.5
99918.2
99907.9
99896.8
99884.6
99871.6
99857.5
99842.4
99826.2
99809.1
99790.9
99771.7
99751.6
99730.4
99708.3
99685.3
99661.4
99636.7
99611.1
99584.8
99557.7
99529.9
99501.5
99472.5
99442.9
99412.8
99382.2
99351.1
99319.6
99287.7
99255.4
99222.8
99189.9
99156.6
99123.2
99089.4
99055.5
99021.3
98986.9
98952.4
98917.7
98882.8
98847.8
98812.6
98777.4
98742
98706.5
98670.9
98635.2
98599.5
98563.6
98527.7
98491.7
98455.7
98419.5
98383.4
98347.2
98310.9
98274.6
98238.2
98201.9
98165.4
98129
98092.5
98056
98019.4
97982.9
97946.3
97909.6
97873
97836.4
97799.7
97763
97726.3
97689.6
97652.9
97616.1
97579.4
97542.6
97505.8
97469.1
97432.3
97395.5
97358.7
97321.9
97285.1
97248.2
97211.4
97174.6
97137.8
97100.9
97064.1
97027.3
96990.4
96953.6
96916.8
96879.9
96843.1
96806.2
96769.4
96732.6
96695.7
96658.9
96622
96585.2
96548.4
96511.5
96474.7
96437.9
96401
96364.2
96327.4
96290.6
96253.8
96216.9
96180.1
96143.3
96106.5
96069.7
96032.9
95996.1
95959.3
95922.6
95885.8
95849
95812.2
95775.4
95738.7
95701.9
95665.2
95628.4
95591.7
95554.9
95518.2
95481.5
95444.7
95408
95371.3
95334.6
95297.9
95261.2
95224.5
95187.8
95151.1
95114.5
95077.8
95041.1
95004.5
94967.8
94931.2
94894.5
94857.9
94821.3
94784.7
94748
94711.4
94674.8
94638.2
94601.7
94565.1
94528.5
94491.9
94455.4
94418.8
94382.3
94345.8
94309.2
94272.7
94236.2
94199.7
94163.2
94126.7
94090.2
94053.8
94017.3
93980.8
93944.4
93907.9
93871.5
93835.1
93798.7
93762.3
93725.9
93689.5
93653.1
93616.7
93580.3
93544
93507.6
93471.3
93435
93398.6
93362.3
93326
93289.7
93253.4
93217.1
93180.9
93144.6
93108.4
93072.1
93035.9
92999.7
92963.4
92927.2
92891
92854.9
92818.7
92782.5
92746.4
92710.2
92674.1
92637.9
92601.8
92565.7
92529.6
92493.5
92457.4
92421.4
92385.3
92349.2
92313.2
92277.2
92241.2
92205.1
92169.1
92133.1
92097.2
92061.2
92025.2
91989.3
91953.3
91917.4
91881.5
91845.6
91809.7
91773.8
91737.9
91702
91666.2
91630.3
91594.5
91558.6
91522.8
91487
91451.2
91415.4
91379.7
91343.9
91308.1
91272.4
91236.6
91200.9
91165.2
91129.5
91093.8
91058.1
91022.5
90986.8
90951.1
90915.5
90879.9
90844.3
90808.6
90773
90737.5
90701.9
90666.3
90630.8
90595.2
90559.7
90524.2
90488.6
90453.1
90417.7
90382.2
90346.7
90311.2
90275.8
90240.4
90204.9
90169.5
90134.1
90098.7
90063.3
90028
89992.6
89957.3
89921.9
89886.6
89851.3
89816
89780.7
89745.4
89710.1
89674.9
89639.6
89604.4
89569.1
89533.9
89498.7
89463.5
89428.3
89393.2
89358
89322.8
89287.7
89252.6
89217.5
89182.3
89147.2
89112.2
89077.1
89042
89007
88971.9
88936.9
88901.9
88866.9
88831.9
88796.9
88761.9
88726.9
88692
88657
88622.1
88587.2
88552.3
88517.4
88482.5
88447.6
88412.8
88377.9
88343.1
88308.2
88273.4
88238.6
88203.8
88169
88134.2
88099.5
88064.7
88030
87995.3
87960.5
87925.8
87891.1
87856.4
87821.8
87787.1
87752.4
87717.8
87683.2
87648.6
87613.9
87579.3
87544.8
87510.2
87475.6
87441.1
87406.5
87372
87337.5
87303
87268.5
87234
87199.5
87165
87130.6
87096.2
87061.7
87027.3
86992.9
86958.5
86924.1
86889.7
86855.4
86821
86786.7
86752.4
86718
86683.7
86649.4
86615.2
86580.9
86546.6
86512.4
86478.1
86443.9
86409.7
86375.5
86341.3
86307.1
86272.9
86238.8
86204.6
86170.5
86136.3
86102.2
86068.1
86034
85999.9
85965.9
85931.8
85897.8
85863.7
85829.7
85795.7
85761.7
85727.7
85693.7
85659.7
85625.8
85591.8
85557.9
85523.9
85490
85456.1
85422.2
85388.3
85354.5
85320.6
85286.8
85252.9
85219.1
85185.3
85151.5
85117.7
85083.9
85050.1
85016.4
84982.6
84948.9
84915.2
84881.5
84847.8
84814.1
84780.4
84746.7
84713
84679.4
84645.8
84612.1
84578.5
84544.9
84511.3
84477.7
84444.2
84410.6
84377.1
84343.5
84310
84276.5
84243
84209.5
84176
84142.5
84109.1
84075.6
84042.2
84008.8
83975.4
83942
83908.6
83875.2
83841.8
83808.5
83775.1
83741.8
83708.4
83675.1
83641.8
83608.5
83575.3
83542
83508.7
83475.5
83442.2
83409
83375.8
83342.6
83309.4
83276.2
83243.1
83209.9
83176.8
83143.6
83110.5
83077.4
83044.3
83011.2
82978.1
82945
82912
82878.9
82845.9
82812.9
82779.8
82746.8
82713.8
82680.9
82647.9
82614.9
82582
82549
82516.1
82483.2
82450.3
82417.4
82384.5
82351.7
82318.8
82285.9
82253.1
82220.3
82187.5
82154.7
82121.9
82089.1
82056.3
82023.5
81990.8
81958.1
81925.3
81892.6
81859.9
81827.2
81794.5
81761.9
81729.2
81696.5
81663.9
81631.3
81598.7
81566
81533.5
81500.9
81468.3
81435.7
81403.2
81370.6
81338.1
81305.6
81273.1
81240.6
81208.1
81175.6
81143.2
81110.7
81078.3
81045.8
81013.4
80981
80948.6
80916.2
80883.8
80851.5
80819.1
80786.8
80754.4
80722.1
80689.8
80657.5
80625.2
80592.9
80560.7
80528.4
80496.2
80463.9
80431.7
80399.5
80367.3
80335.1
80302.9
80270.8
80238.6
80206.4
80174.3
80142.2
80110.1
80078
80045.9
80013.8
79981.7
79949.7
79917.6
79885.6
79853.5
79821.5
79789.5
79757.5
79725.5
79693.6
79661.6
79629.7
79597.7
79565.8
79533.9
79502
79470.1
79438.2
79406.3
79374.4
79342.6
79310.7
79278.9
79247.1
79215.3
79183.5
79151.7
79119.9
79088.1
79056.4
79024.6
78992.9
78961.2
78929.5
78897.8
78866.1
78834.4
78802.7
78771
78739.4
78707.8
78676.1
78644.5
78612.9
78581.3
78549.7
78518.2
78486.6
78455
78423.5
78392
78360.5
78328.9
78297.4
78266
78234.5
78203
78171.6
78140.1
78108.7
78077.3
78045.8
78014.4
77983.1
77951.7
77920.3
77888.9
77857.6
77826.3
77794.9
77763.6
77732.3
77701
77669.7
77638.5
77607.2
77575.9
77544.7
77513.5
77482.3
77451
77419.8
77388.7
77357.5
77326.3
77295.2
77264
77232.9
77201.8
77170.6
77139.5
77108.5
77077.4
77046.3
77015.2
76984.2
76953.2
76922.1
76891.1
76860.1
76829.1
76798.1
76767.1
76736.2
76705.2
76674.3
76643.4
76612.4
76581.5
76550.6
76519.7
76488.9
76458
76427.1
76396.3
76365.4
76334.6
76303.8
76273
76242.2
76211.4
76180.6
76149.9
76119.1
76088.4
76057.7
76026.9
75996.2
75965.5
75934.8
75904.2
75873.5
75842.8
75812.2
75781.6
75750.9
75720.3
75689.7
75659.1
75628.5
75598
75567.4
75536.8
75506.3
75475.8
75445.3
75414.7
75384.2
75353.8
75323.3
75292.8
75262.4
75231.9
75201.5
75171
75140.6
75110.2
75079.8
75049.4
75019.1
74988.7
74958.4
74928
74897.7
74867.4
74837
74806.7
74776.5
74746.2
74715.9
74685.7
74655.4
74625.2
74594.9
74564.7
74534.5
74504.3
74474.1
74444
74413.8
74383.6
74353.5
74323.4
74293.2
74263.1
74233
74202.9
74172.9
74142.8
74112.7
74082.7
74052.6
74022.6
73992.6
73962.6
73932.6
73902.6
73872.6
73842.6
73812.7
73782.7
73752.8
73722.9
73693
73663.1
73633.2
73603.3
73573.4
73543.5
73513.7
73483.8
73454
73424.2
73394.4
73364.6
73334.8
73305
73275.2
73245.5
73215.7
73186
73156.3
73126.5
73096.8
73067.1
73037.4
73007.8
72978.1
72948.4
72918.8
72889.2
72859.5
72829.9
72800.3
72770.7
72741.1
72711.5
72682
72652.4
72622.9
72593.3
72563.8
72534.3
72504.8
72475.3
72445.8
72416.4
72386.9
72357.4
72328
72298.6
72269.1
72239.7
72210.3
72180.9
72151.6
72122.2
72092.8
72063.5
72034.1
72004.8
71975.5
71946.2
71916.9
71887.6
71858.3
71829
71799.8
71770.5
71741.3
71712.1
71682.9
71653.6
71624.4
71595.3
71566.1
71536.9
71507.8
71478.6
71449.5
71420.3
71391.2
71362.1
71333
71303.9
71274.9
71245.8
71216.7
71187.7
71158.7
71129.6
71100.6
71071.6
71042.6
71013.6
70984.7
70955.7
70926.7
70897.8
70868.9
70839.9
70811
70782.1
70753.2
70724.3
70695.5
70666.6
70637.8
70608.9
70580.1
70551.3
70522.4
70493.6
70464.8
70436.1
70407.3
70378.5
70349.8
70321
70292.3
70263.6
70234.9
70206.2
70177.5
70148.8
70120.1
70091.4
70062.8
70034.1
70005.5
69976.9
69948.3
69919.7
69891.1
69862.5
69833.9
69805.4
69776.8
69748.3
69719.7
69691.2
69662.7
69634.2
69605.7
69577.2
69548.7
69520.3
69491.8
69463.4
69435
69406.5
69378.1
69349.7
69321.3
69292.9
69264.6
69236.2
69207.8
69179.5
69151.2
69122.8
69094.5
69066.2
69037.9
69009.6
68981.4
68953.1
68924.8
68896.6
68868.4
68840.1
68811.9
68783.7
68755.5
68727.3
68699.2
68671
68642.8
68614.7
68586.6
68558.4
68530.3
68502.2
68474.1
68446
68418
68389.9
68361.8
68333.8
68305.7
68277.7
68249.7
68221.7
68193.7
68165.7
68137.7
68109.8
68081.8
68053.8
68025.9
67998
67970.1
67942.1
67914.2
67886.4
67858.5
67830.6
67802.7
67774.9
67747.1
67719.2
67691.4
67663.6
67635.8
67608
67580.2
67552.4
67524.7
67496.9
67469.2
67441.4
67413.7
67386
67358.3
67330.6
67302.9
67275.2
67247.6
67219.9
67192.3
67164.6
67137
67109.4
67081.8
67054.2
67026.6
66999
66971.5
66943.9
66916.3
66888.8
66861.3
66833.8
66806.2
66778.7
66751.3
66723.8
66696.3
66668.8
66641.4
66613.9
66586.5
66559.1
66531.7
66504.3
66476.9
66449.5
66422.1
66394.8
66367.4
66340.1
66312.7
66285.4
66258.1
66230.8
66203.5
66176.2
66148.9
66121.6
66094.4
66067.1
66039.9
66012.7
65985.4
65958.2
65931
65903.8
65876.6
65849.5
65822.3
65795.2
65768
65740.9
65713.8
65686.6
65659.5
65632.4
65605.3
65578.3
65551.2
65524.1
65497.1
65470.1
65443
65416
65389
65362
65335
65308
65281.1
65254.1
65227.1
65200.2
65173.3
65146.3
65119.4
65092.5
65065.6
65038.7
65011.9
64985
64958.1
64931.3
64904.4
64877.6
64850.8
64824
64797.2
64770.4
64743.6
64716.8
64690.1
64663.3
64636.6
64609.8
64583.1
64556.4
64529.7
64503
64476.3
64449.6
64423
64396.3
64369.7
64343
64316.4
64289.8
64263.2
64236.6
64210
64183.4
64156.8
64130.2
64103.7
64077.1
64050.6
64024.1
63997.6
63971.1
63944.6
63918.1
63891.6
63865.1
63838.7
63812.2
63785.8
63759.3
63732.9
63706.5
63680.1
63653.7
63627.3
63600.9
63574.6
63548.2
63521.9
63495.5
63469.2
63442.9
63416.6
63390.3
63364
63337.7
63311.4
63285.2
63258.9
63232.7
63206.4
63180.2
63154
63127.8
63101.6
63075.4
63049.2
63023
62996.9
62970.7
62944.6
62918.4
62892.3
62866.2
62840.1
62814
62787.9
62761.8
62735.8
62709.7
62683.6
62657.6
62631.6
62605.6
62579.5
62553.5
62527.5
62501.6
62475.6
62449.6
62423.7
62397.7
62371.8
62345.8
62319.9
62294
62268.1
62242.2
62216.3
62190.5
62164.6
62138.7
62112.9
62087.1
62061.2
62035.4
62009.6
61983.8
61958
61932.2
61906.4
61880.7
61854.9
61829.2
61803.4
61777.7
61752
61726.3
61700.6
61674.9
61649.2
61623.5
61597.9
61572.2
61546.6
61521
61495.3
61469.7
61444.1
61418.5
61392.9
61367.3
61341.8
61316.2
61290.6
61265.1
61239.6
61214
61188.5
61163
61137.5
61112
61086.5
61061.1
61035.6
61010.2
60984.7
60959.3
60933.9
60908.4
60883
60857.6
60832.2
60806.9
60781.5
60756.1
60730.8
60705.4
60680.1
60654.8
60629.5
60604.2
60578.9
60553.6
60528.3
60503
60477.7
60452.5
60427.3
60402
60376.8
60351.6
60326.4
60301.2
60276
60250.8
60225.6
60200.5
60175.3
60150.2
60125
60099.9
60074.8
60049.7
60024.6
59999.5
59974.4
59949.3
59924.3
59899.2
59874.2
59849.1
59824.1
59799.1
59774.1
59749.1
59724.1
59699.1
59674.1
59649.1
59624.2
59599.2
59574.3
59549.4
59524.5
59499.5
59474.6
59449.7
59424.9
59400
59375.1
59350.3
59325.4
59300.6
59275.7
59250.9
59226.1
59201.3
59176.5
59151.7
59126.9
59102.2
59077.4
59052.7
59027.9
59003.2
58978.5
58953.7
58929
58904.3
58879.7
58855
58830.3
58805.6
58781
58756.3
58731.7
58707.1
58682.5
58657.9
58633.3
58608.7
58584.1
58559.5
58534.9
58510.4
58485.8
58461.3
58436.8
58412.3
58387.7
58363.2
58338.7
58314.3
58289.8
58265.3
58240.9
58216.4
58192
58167.5
58143.1
58118.7
58094.3
58069.9
58045.5
58021.1
57996.8
57972.4
57948
57923.7
57899.4
57875
57850.7
57826.4
57802.1
57777.8
57753.5
57729.3
57705
57680.7
57656.5
57632.2
57608
57583.8
57559.6
57535.4
57511.2
57487
57462.8
57438.6
57414.5
57390.3
57366.2
57342.1
57317.9
57293.8
57269.7
57245.6
57221.5
57197.4
57173.4
57149.3
57125.2
57101.2
57077.1
57053.1
57029.1
57005.1
56981.1
56957.1
56933.1
56909.1
56885.2
56861.2
56837.2
56813.3
56789.4
56765.4
56741.5
56717.6
56693.7
56669.8
56645.9
56622.1
56598.2
56574.3
56550.5
56526.6
56502.8
56479
56455.2
56431.4
56407.6
56383.8
56360
56336.2
56312.5
56288.7
56265
56241.2
56217.5
56193.8
56170.1
56146.4
56122.7
56099
56075.3
56051.7
56028
56004.4
55980.7
55957.1
55933.5
55909.8
55886.2
55862.6
55839
55815.5
55791.9
55768.3
55744.8
55721.2
55697.7
55674.1
55650.6
55627.1
55603.6
55580.1
55556.6
55533.1
55509.7
55486.2
55462.8
55439.3
55415.9
55392.4
55369
55345.6
55322.2
55298.8
55275.4
55252.1
55228.7
55205.3
55182
55158.6
55135.3
55112
55088.7
55065.3
55042
55018.7
54995.5
54972.2
54948.9
54925.7
54902.4
54879.2
54855.9
54832.7
54809.5
54786.3
54763.1
54739.9
54716.7
54693.5
54670.4
54647.2
54624.1
54600.9
54577.8
54554.7
54531.6
54508.5
54485.4
54462.3
54439.2
54416.1
54393
54370
54346.9
54323.9
54300.9
54277.8
54254.8
54231.8
54208.8
54185.8
54162.9
54139.9
54116.9
54094
54071
54048.1
54025.1
54002.2
53979.3
53956.4
53933.5
53910.6
53887.7
53864.9
53842
53819.1
53796.3
53773.5
53750.6
53727.8
53705
53682.2
53659.4
53636.6
53613.8
53591.1
53568.3
53545.5
53522.8
53500
53477.3
53454.6
53431.9
53409.2
53386.5
53363.8
53341.1
53318.4
53295.8
53273.1
53250.5
53227.8
53205.2
53182.6
53160
53137.3
53114.7
53092.2
53069.6
53047
53024.4
53001.9
52979.3
52956.8
52934.3
52911.7
52889.2
52866.7
52844.2
52821.7
52799.2
52776.8
52754.3
52731.8
52709.4
52687
52664.5
52642.1
52619.7
52597.3
52574.9
52552.5
52530.1
52507.7
52485.3
52463
52440.6
52418.3
52396
52373.6
52351.3
52329
52306.7
52284.4
52262.1
52239.8
52217.6
52195.3
52173.1
52150.8
52128.6
52106.3
52084.1
52061.9
52039.7
52017.5
51995.3
51973.1
51951
51928.8
51906.7
51884.5
51862.4
51840.2
51818.1
51796
51773.9
51751.8
51729.7
51707.6
51685.5
51663.5
51641.4
51619.4
51597.3
51575.3
51553.3
51531.3
51509.2
51487.2
51465.2
51443.3
51421.3
51399.3
51377.4
51355.4
51333.5
51311.5
51289.6
51267.7
51245.8
51223.9
51202
51180.1
51158.2
51136.3
51114.5
51092.6
51070.8
51048.9
51027.1
51005.3
50983.4
50961.6
50939.8
50918
50896.3
50874.5
50852.7
50831
50809.2
50787.5
50765.7
50744
50722.3
50700.6
50678.9
50657.2
50635.5
50613.8
50592.1
50570.5
50548.8
50527.2
50505.5
50483.9
50462.3
50440.6
50419
50397.4
50375.8
50354.3
50332.7
50311.1
50289.6
50268
50246.5
50224.9
50203.4
50181.9
50160.4
50138.9
50117.4
50095.9
50074.4
50052.9
50031.5
50010
49988.5
49967.1
49945.7
49924.2
49902.8
49881.4
49860
49838.6
49817.2
49795.9
49774.5
49753.1
49731.8
49710.4
49689.1
49667.8
49646.4
49625.1
49603.8
49582.5
49561.2
49539.9
49518.7
49497.4
49476.1
49454.9
49433.6
49412.4
49391.2
49370
49348.8
49327.5
49306.4
49285.2
49264
49242.8
49221.6
49200.5
49179.3
49158.2
49137.1
49115.9
49094.8
49073.7
49052.6
49031.5
49010.4
48989.3
48968.3
48947.2
48926.2
48905.1
48884.1
48863
48842
48821
48800
48779
48758
48737
48716
48695.1
48674.1
48653.1
48632.2
48611.3
48590.3
48569.4
48548.5
48527.6
48506.7
48485.8
48464.9
48444
48423.1
48402.3
48381.4
48360.6
48339.8
48318.9
48298.1
48277.3
48256.5
48235.7
48214.9
48194.1
48173.3
48152.6
48131.8
48111
48090.3
48069.6
48048.8
48028.1
48007.4
47986.7
47966
47945.3
47924.6
47903.9
47883.3
47862.6
47842
47821.3
47800.7
47780
47759.4
47738.8
47718.2
47697.6
47677
47656.4
47635.9
47615.3
47594.7
47574.2
47553.6
47533.1
47512.6
47492
47471.5
47451
47430.5
47410
47389.5
47369.1
47348.6
47328.1
47307.7
47287.2
47266.8
47246.4
47225.9
47205.5
47185.1
47164.7
47144.3
47123.9
47103.6
47083.2
47062.8
47042.5
47022.1
47001.8
46981.5
46961.1
46940.8
46920.5
46900.2
46879.9
46859.6
46839.3
46819.1
46798.8
46778.6
46758.3
46738.1
46717.8
46697.6
46677.4
46657.2
46637
46616.8
46596.6
46576.4
46556.2
46536.1
46515.9
46495.8
46475.6
46455.5
46435.4
46415.2
46395.1
46375
46354.9
46334.8
46314.8
46294.7
46274.6
46254.5
46234.5
46214.5
46194.4
46174.4
46154.4
46134.3
46114.3
46094.3
46074.3
46054.4
46034.4
46014.4
45994.5
45974.5
45954.6
45934.6
45914.7
45894.8
45874.8
45854.9
45835
45815.1
45795.2
45775.4
45755.5
45735.6
45715.8
45695.9
45676.1
45656.2
45636.4
45616.6
45596.8
45577
45557.2
45537.4
45517.6
45497.8
45478.1
45458.3
45438.5
45418.8
45399.1
45379.3
45359.6
45339.9
45320.2
45300.5
45280.8
45261.1
45241.4
45221.8
45202.1
45182.4
45162.8
45143.1
45123.5
45103.9
45084.3
45064.6
45045
45025.4
45005.8
44986.3
44966.7
44947.1
44927.6
44908
44888.5
44868.9
44849.4
44829.9
44810.4
44790.8
44771.3
44751.8
44732.4
44712.9
44693.4
44673.9
44654.5
44635
44615.6
44596.2
44576.7
44557.3
44537.9
44518.5
44499.1
44479.7
44460.3
44440.9
44421.6
44402.2
44382.8
44363.5
44344.2
44324.8
44305.5
44286.2
44266.9
44247.6
44228.3
44209
44189.7
44170.4
44151.2
44131.9
44112.6
44093.4
44074.2
44054.9
44035.7
44016.5
43997.3
43978.1
43958.9
43939.7
43920.5
43901.3
43882.2
43863
43843.9
43824.7
43805.6
43786.5
43767.3
43748.2
43729.1
43710
43690.9
43671.8
43652.8
43633.7
43614.6
43595.6
43576.5
43557.5
43538.4
43519.4
43500.4
43481.4
43462.4
43443.4
43424.4
43405.4
43386.4
43367.4
43348.5
43329.5
43310.6
43291.6
43272.7
43253.8
43234.9
43215.9
43197
43178.1
43159.3
43140.4
43121.5
43102.6
43083.8
43064.9
43046.1
43027.2
43008.4
42989.6
42970.7
42951.9
42933.1
42914.3
42895.5
42876.8
42858
42839.2
42820.4
42801.7
42782.9
42764.2
42745.5
42726.7
42708
42689.3
42670.6
42651.9
42633.2
42614.5
42595.9
42577.2
42558.5
42539.9
42521.2
42502.6
42484
42465.3
42446.7
42428.1
42409.5
42390.9
42372.3
42353.7
42335.2
42316.6
42298
42279.5
42260.9
42242.4
42223.8
42205.3
42186.8
42168.3
42149.8
42131.3
42112.8
42094.3
42075.8
42057.4
42038.9
42020.4
42002
41983.6
41965.1
41946.7
41928.3
41909.9
41891.5
41873.1
41854.7
41836.3
41817.9
41799.5
41781.2
41762.8
41744.5
41726.1
41707.8
41689.5
41671.1
41652.8
41634.5
41616.2
41597.9
41579.6
41561.4
41543.1
41524.8
41506.6
41488.3
41470.1
41451.8
41433.6
41415.4
41397.2
41378.9
41360.7
41342.6
41324.4
41306.2
41288
41269.8
41251.7
41233.5
41215.4
41197.2
41179.1
41161
41142.9
41124.8
41106.7
41088.6
41070.5
41052.4
41034.3
41016.2
40998.2
40980.1
40962.1
40944
40926
40908
40890
40871.9
40853.9
40835.9
40818
40800
40782
40764
40746.1
40728.1
40710.1
40692.2
40674.3
40656.3
40638.4
40620.5
40602.6
40584.7
40566.8
40548.9
40531
40513.2
40495.3
40477.4
40459.6
40441.7
40423.9
40406.1
40388.2
40370.4
40352.6
40334.8
40317
40299.2
40281.4
40263.7
40245.9
40228.1
40210.4
40192.6
40174.9
40157.1
40139.4
40121.7
40104
40086.3
40068.6
40050.9
40033.2
40015.5
39997.8
39980.2
39962.5
39944.9
39927.2
39909.6
39892
39874.3
39856.7
39839.1
39821.5
39803.9
39786.3
39768.7
39751.1
39733.6
39716
39698.5
39680.9
39663.4
39645.8
39628.3
39610.8
39593.3
39575.8
39558.3
39540.8
39523.3
39505.8
39488.3
39470.9
39453.4
39436
39418.5
39401.1
39383.6
39366.2
39348.8
39331.4
39314
39296.6
39279.2
39261.8
39244.4
39227.1
39209.7
39192.3
39175
39157.7
39140.3
39123
39105.7
39088.4
39071
39053.7
39036.5
39019.2
39001.9
38984.6
38967.3
38950.1
38932.8
38915.6
38898.3
38881.1
38863.9
38846.7
38829.5
38812.2
38795
38777.9
38760.7
38743.5
38726.3
38709.2
38692
38674.9
38657.7
38640.6
38623.4
38606.3
38589.2
38572.1
38555
38537.9
38520.8
38503.7
38486.6
38469.6
38452.5
38435.5
38418.4
38401.4
38384.3
38367.3
38350.3
38333.3
38316.3
38299.3
38282.3
38265.3
38248.3
38231.3
38214.4
38197.4
38180.4
38163.5
38146.6
38129.6
38112.7
38095.8
38078.9
38062
38045.1
38028.2
38011.3
37994.4
37977.5
37960.7
37943.8
37927
37910.1
37893.3
37876.5
37859.6
37842.8
37826
37809.2
37792.4
37775.6
37758.8
37742.1
37725.3
37708.5
37691.8
37675
37658.3
37641.6
37624.8
37608.1
37591.4
37574.7
37558
37541.3
37524.6
37507.9
37491.3
37474.6
37457.9
37441.3
37424.6
37408
37391.4
37374.7
37358.1
37341.5
37324.9
37308.3
37291.7
37275.1
37258.5
37242
37225.4
37208.9
37192.3
37175.8
37159.2
37142.7
37126.2
37109.7
37093.1
37076.6
37060.1
37043.7
37027.2
37010.7
36994.2
36977.8
36961.3
36944.9
36928.4
36912
36895.6
36879.1
36862.7
36846.3
36829.9
36813.5
36797.1
36780.8
36764.4
36748
36731.7
36715.3
36699
36682.6
36666.3
36650
36633.7
36617.4
36601.1
36584.8
36568.5
36552.2
36535.9
36519.6
36503.4
36487.1
36470.9
36454.6
36438.4
36422.2
36405.9
36389.7
36373.5
36357.3
36341.1
36324.9
36308.8
36292.6
36276.4
36260.3
36244.1
36228
36211.8
36195.7
36179.6
36163.5
36147.4
36131.3
36115.2
36099.1
36083
36066.9
36050.8
36034.8
36018.7
36002.7
35986.6
35970.6
35954.6
35938.6
35922.6
35906.6
35890.6
35874.6
35858.6
35842.6
35826.6
35810.7
35794.7
35778.8
35762.8
35746.9
35731
35715
35699.1
35683.2
35667.3
35651.4
35635.5
35619.7
35603.8
35587.9
35572.1
35556.2
35540.4
35524.6
35508.7
35492.9
35477.1
35461.3
35445.5
35429.7
35413.9
35398.1
35382.4
35366.6
35350.8
35335.1
35319.3
35303.6
35287.9
35272.2
35256.4
35240.7
35225
35209.4
35193.7
35178
35162.3
35146.7
35131
35115.4
35099.7
35084.1
35068.5
35052.8
35037.2
35021.6
35006
34990.4
34974.9
34959.3
34943.7
34928.2
34912.6
34897.1
34881.5
34866
34850.5
34835
34819.5
34804
34788.5
34773
34757.5
34742
34726.6
34711.1
34695.7
34680.2
34664.8
34649.4
34634
34618.6
34603.2
34587.8
34572.4
34557
34541.6
34526.3
34510.9
34495.6
34480.2
34464.9
34449.6
34434.3
34419
34403.7
34388.4
34373.1
34357.8
34342.6
34327.3
34312
34296.8
34281.6
34266.3
34251.1
34235.9
34220.7
34205.5
34190.3
34175.2
34160
34144.8
34129.7
34114.5
34099.4
34084.3
34069.1
34054
34038.9
34023.8
34008.7
33993.7
33978.6
33963.5
33948.5
33933.4
33918.4
33903.4
33888.3
33873.3
33858.3
33843.3
33828.3
33813.4
33798.4
33783.4
33768.5
33753.6
33738.6
33723.7
33708.8
33693.9
33679
33664.1
33649.2
33634.4
33619.5
33604.6
33589.8
33575
33560.2
33545.3
33530.5
33515.7
33501
33486.2
33471.4
33456.7
33441.9
33427.2
33412.5
33397.7
33383
33368.3
33353.6
33339
33324.3
33309.6
33295
33280.4
33265.7
33251.1
33236.5
33221.9
33207.3
33192.8
33178.2
33163.6
33149.1
33134.6
33120
33105.5
33091
33076.6
33062.1
33047.6
33033.2
33018.7
33004.3
32989.9
32975.4
32961.1
32946.7
32932.3
32917.9
32903.6
32889.2
32874.9
32860.6
32846.3
32832
32817.7
32803.5
32789.2
32775
32760.7
32746.5
32732.3
32718.1
32704
32689.8
32675.7
32661.5
32647.4
32633.3
32619.2
32605.1
32591
32577
32563
32548.9
32534.9
32520.9
32507
32493
32479
32465.1
32451.2
32437.3
32423.4
32409.5
32395.7
32381.8
32368
32354.2
32340.4
32326.6
32312.9
32299.1
32285.4
32271.7
32258
32244.4
32230.7
32217.1
32203.5
32189.9
32176.3
32162.7
32149.2
32135.7
32122.2
32108.7
32095.2
32081.8
32068.4
32055
32041.6
32028.2
32014.9
32001.6
31988.3
31975
31961.8
31948.6
31935.4
31922.2
31909
31895.9
31882.8
31869.7
31856.7
31843.6
31830.6
31817.7
31804.7
31791.8
31778.9
31766
31753.2
31740.4
31727.6
31714.8
31702.1
31689.4
31676.7
31664.1
31651.5
31638.9
31626.4
31613.9
31601.4
31589
31576.6
31564.2
31551.9
31539.6
31527.3
31515.1
31502.9
31490.7
31478.6
31466.5
31454.5
31442.5
31430.5
31418.6
31406.7
31394.9
31383.1
31371.4
31359.7
31348
31336.4
31324.8
31313.3
31301.8
31290.4
31279.1
31267.7
31256.5
31245.2
31234.1
31223
31211.9
31200.9
31190
31179.1
31168.2
31157.5
31146.7
31136.1
31125.5
31115
31104.5
31094.1
31083.7
31073.5
31063.2
31053.1
31043
31033
31023.1
31013.2
31003.4
30993.7
30984.1
30974.5
30965
30955.6
30946.3
30937
30927.8
30918.7
30909.7
30900.8
30891.9
30883.2
30874.5
30865.9
30857.4
30849
30840.7
30832.5
30824.3
30816.3
30808.4
30800.5
30792.8
30785.1
30777.5
30770.1
30762.7
30755.5
30748.3
30741.2
30734.3
30727.4
30720.7
30714
30707.5
30701.1
30694.7
30688.5
30682.4
30676.4
30670.5
30664.7
30659
30653.4
30648
30642.6
30637.4
30632.2
30627.2
30622.3
30617.5
30612.8
30608.2
30603.7
30599.3
30595
30590.8
30586.8
30582.8
30578.9
30575.2
30571.5
30568
30564.5
30561.2
30557.9
30554.8
30551.7
30548.7
30545.9
30543.1
30540.4
30537.8
30535.3
30532.9
30530.5
30528.3
30526.1
30524
30522
30520.1
30518.2
30516.5
30514.8
30513.1
30511.6
30510
30508.6
30507.2
30505.9
30504.7
30503.5
30502.3
30501.3
30500.2
30499.3
30498.3
30497.5
30496.6
30495.8
30495.1
30494.4
30493.7
30493.1
30492.5
30491.9
30491.4
30490.9
30490.5
30490
30489.6
30489.2
30488.9
30488.6
30488.3
30488
30487.7
30487.5
30487.2
30487
30486.8
30486.7
30486.5
30486.4
30486.2
30486.1
30486
30485.9
30485.8
30485.7
30485.6
30485.6
30485.5
30485.5
30485.4
30485.4
30485.4
30485.3
30485.3
30485.3
30485.3
30485.3
30485.3
30485.3
30485.3
30485.3
30485.3
30485.3
30485.3
30485.3
30485.3
30485.3
30485.3
30485.3
30485.3
30485.3
30485.4
30485.4
30485.4
30485.4
30485.4
30485.4
30485.5
30485.5
30485.5
30485.5
30485.5
30485.5
30485.6
30485.6
30485.6
30485.6
30485.6
30485.6
30485.6
30485.7
30485.7
30485.7
30485.7
30485.7
30485.7
30485.7
30485.7
30485.8
30485.8
30485.8
30485.8
30485.8
30485.8
30485.8
30485.8
30485.8
30485.8
30485.8
30485.8
30485.8
30485.8
30485.9
30485.9
30485.9
30485.9
30485.9
30485.9
30485.9
30485.9
30485.9
30485.9
30485.9
30485.9
30485.9
30485.9
30485.9
30485.9
30485.9
30485.9
30485.9
30485.9
30485.9
30485.9
30485.9
30485.9
30485.9
30485.9
30485.9
30485.9
30485.9
30485.9
30485.9
30485.9
30485.9
30485.9
30485.9
30485.9
30485.9
30485.9
30485.9
30485.9
30485.9
30485.9
30485.9
30485.9
30485.9
30485.9
30485.9
30485.9
30485.9
30485.9
30485.9
30485.9
30485.9
30485.9
30485.9
30485.9
30485.9
30485.9
30485.9
30485.9
30485.9
30485.9
30485.9
30485.9
30485.9
30485.9
30485.9
30485.9
30485.9
30485.9
30485.9
30485.9
30485.9
30485.9
30485.9
30485.9
30485.9
30485.9
30485.9
30485.9
30485.9
30485.9
30485.9
30485.9
30485.9
30485.9
30485.9
30485.9
30485.9
30485.9
30485.9
30485.9
30485.9
30485.9
30485.9
30485.9
30485.9
30485.9
30485.9
30485.9
30485.9
30485.9
30485.9
30485.9
30485.9
30485.9
30485.9
30485.9
30485.9
30485.9
30485.9
30485.9
30485.9
30485.9
30485.9
30485.9
30485.9
30485.9
30485.9
30485.9
30485.9
30485.9
30485.9
30485.9
30485.9
30485.9
30485.9
30485.9
30485.9
30485.9
30485.9
30485.9
30485.9
30485.9
30485.9
30485.9
30485.9
30485.9
30485.9
30485.9
30485.9
30485.9
30485.9
30485.9
30485.9
30485.9
30485.9
30485.9
30485.9
30485.9
30485.9
30485.9
30485.9
30485.9
30485.9
30485.9
30485.9
30485.9
30485.9
30485.9
30485.9
30485.9
30485.9
30485.9
30485.9
30485.9
30485.9
30485.9
30485.9
30485.9
30485.9
30485.9
30485.9
30485.9
30485.9
30485.9
30485.9
30485.9
30485.9
30485.9
30485.9
30485.9
30485.9
30485.9
30485.9
30485.9
30485.9
30485.9
30485.9
30485.9
30485.9
30485.9
30485.9
30485.9
30485.9
30485.9
30485.9
30485.9
30485.9
30485.9
30485.9
30485.9
30485.9
30485.9
30485.9
30485.9
30485.9
30485.9
30485.9
30485.9
30485.9
30485.9
30485.9
30485.9
30485.9
30485.9
30485.9
30485.9
30485.9
30485.9
30485.9
30485.9
30485.9
30485.9
30485.9
30485.9
30485.9
30485.9
30485.9
30485.9
30485.9
30485.9
30485.9
30485.9
30485.9
30485.9
30485.9
30485.9
30485.9
30485.9
30485.9
30485.9
30485.9
30485.9
30485.9
30485.9
30485.9
30485.9
30485.9
30485.9
30485.9
30485.9
30485.9
30485.9
30485.9
30485.9
30485.9
30485.9
30485.9
30485.9
30485.9
30485.9
30485.9
30485.9
30485.9
30485.9
30485.9
30485.9
30485.9
30485.9
30485.9
30485.9
30485.9
30485.9
30485.9
30485.9
30485.9
30485.9
30485.9
30485.9
30485.9
30485.9
30485.9
30485.9
30485.9
30485.9
30485.9
30485.9
30485.9
30485.9
30485.9
30485.9
30485.9
30485.9
30485.9
30485.9
30485.9
30485.9
30485.9
30485.9
30485.9
30485.9
30485.9
30485.9
30485.9
30485.9
30485.9
30485.9
30485.9
30485.9
30485.9
30485.9
30485.9
30485.9
30485.9
30485.9
30485.9
30485.9
30485.9
30485.9
30485.9
30485.9
30485.9
30485.9
30485.9
30485.9
30485.9
30485.9
30485.9
30485.9
30485.9
30485.9
30485.9
30485.9
30485.9
30485.9
30485.9
30485.9
30485.9
30485.9
30485.9
30485.9
30485.9
30485.9
30485.9
30485.9
30485.9
30485.9
30485.9
30485.9
30485.9
30485.9
30485.9
30485.9
30485.9
30485.9
30485.9
30485.9
30485.9
30485.9
30485.9
30485.9
30485.9
30485.9
30485.9
30485.9
30485.9
30485.9
30485.9
30485.9
30485.9
30485.9
30485.9
30485.9
30485.9
30485.9
30485.9
30485.9
30485.9
30485.9
30485.9
30485.9
30485.9
30485.9
30485.9
30485.9
30485.9
30485.9
30485.9
30485.9
30485.9
30485.9
30485.9
30485.9
30485.9
30485.9
30485.9
30485.9
30485.9
30485.9
30485.9
30485.9
30485.9
30485.9
30485.9
30485.9
30485.9
30485.9
30485.9
30485.9
30485.9
30485.9
30485.9
30485.9
30485.9
30485.9
30485.9
30485.9
30485.9
30485.9
30485.9
30485.9
30485.9
30485.9
30485.9
30485.9
30485.9
30485.9
30485.9
30485.9
30485.9
30485.9
30485.9
30485.9
30485.9
30485.9
30485.9
30485.9
30485.9
30485.9
30485.9
30485.9
30485.9
30485.9
30485.9
30485.9
30485.9
30485.9
30485.9
30485.9
30485.9
30485.9
30485.9
30485.9
30485.9
30485.9
30485.9
30485.9
30485.9
30485.9
30485.9
30485.9
30485.9
30485.9
30485.9
30485.9
30485.9
30485.9
30485.9
30485.9
30485.9
30485.9
30485.9
30485.9
30485.9
30485.9
30485.9
30485.9
30485.9
30485.9
30485.9
30485.9
30485.9
30485.9
30485.9
30485.9
30485.9
30485.9
30485.9
30485.9
30485.9
30485.9
30485.9
30485.9
30485.9
30485.9
30485.9
30485.9
30485.9
30485.9
30485.9
30485.9
30485.9
30485.9
30485.9
30485.9
30485.9
30485.9
30485.9
30485.9
30485.9
30485.9
30485.9
30485.9
30485.9
30485.9
30485.9
30485.9
30485.9
30485.9
30485.9
30485.9
30485.9
30485.9
30485.9
30485.9
30485.9
30485.9
30485.9
30485.9
30485.9
30485.9
30485.9
30485.9
30485.9
30485.9
30485.9
30485.9
30485.9
30485.9
30485.9
30485.9
30485.9
30485.9
30485.9
30485.9
30485.9
30485.9
30485.9
30485.9
30485.9
30485.9
30485.9
30485.9
30485.9
30485.9
30485.9
30485.9
30485.9
30485.9
30485.9
30485.9
30485.9
30485.9
30485.9
30485.9
30485.9
30485.9
30485.9
30485.9
30485.9
30485.9
30485.9
30485.9
30485.9
30485.9
30485.9
30485.9
30485.9
30485.9
30485.9
30485.9
30485.9
30485.9
30485.9
30485.9
30485.9
30485.9
30485.9
30485.9
30485.9
30485.9
30485.9
30485.9
30485.9
30485.9
30485.9
30485.9
30485.9
30485.9
30485.9
30485.9
30485.9
30485.9
30485.9
30485.9
30485.9
30485.9
30485.9
30485.9
30485.9
30485.9
30485.9
30485.9
30485.9
30485.9
30485.9
30485.9
30485.9
30485.9
30485.9
30485.9
30485.9
30485.9
30485.9
30485.9
30485.9
30485.9
30485.9
30485.9
30485.9
30485.9
30485.9
30485.9
30485.9
30485.9
30485.9
30485.9
30485.9
30485.9
30485.9
30485.9
30485.9
30485.9
30485.9
30485.9
30485.9
30485.9
30485.9
30485.9
30485.9
30485.9
30485.9
30485.9
30485.9
30485.9
30485.9
30485.9
30485.9
30485.9
30485.9
30485.9
30485.9
30485.9
30485.9
30485.9
30485.9
30485.9
30485.9
30485.9
30485.9
30485.9
30485.9
30485.9
30485.9
30485.9
30485.9
30485.9
30485.9
30485.9
30485.9
30485.9
30485.9
30485.9
30485.9
30485.9
30485.9
30485.9
30485.9
30485.9
30485.9
30485.9
30485.9
30485.9
30485.9
30485.9
30485.9
30485.9
30485.9
30485.9
30485.9
30485.9
30485.9
30485.9
30485.9
30485.9
30485.9
30485.9
30485.9
30485.9
30485.9
30485.9
30485.9
30485.9
30485.9
30485.9
30485.9
30485.9
30485.9
30485.9
30485.9
30485.9
30485.9
30485.9
30485.9
30485.9
30485.9
30485.9
30485.9
30485.9
30485.9
30485.9
30485.9
30485.9
30485.9
30485.9
30485.9
30485.8
30485.9
30485.9
30485.8
30485.8
30485.8
30485.8
30485.8
30485.8
30485.8
30485.8
30485.8
30485.8
30485.8
30485.8
30485.8
30485.8
30485.8
30485.8
30485.8
30485.8
30485.8
30485.8
30485.8
30485.8
30485.8
30485.8
30485.8
30485.8
30485.8
30485.8
30485.8
30485.8
30485.8
30485.8
30485.8
30485.8
30485.8
30485.8
30485.8
30485.8
30485.8
30485.8
30485.8
30485.8
30485.8
30485.8
30485.8
30485.8
30485.8
30485.8
30485.8
30485.8
30485.8
30485.8
30485.8
30485.8
30485.8
30485.8
30485.8
30485.8
30485.8
30485.8
30485.8
30485.8
30485.8
30485.8
30485.8
30485.8
30485.9
30485.9
30485.9
30485.9
30485.9
30485.9
30485.9
30485.9
30485.9
30485.9
30485.9
30485.9
30485.9
30485.9
30485.9
30485.9
30485.9
30485.9
30485.9
30485.9
30485.9
30485.9
30485.9
30485.9
30485.9
30485.9
30485.9
30485.9
30485.9
30485.9
30485.9
30485.9
30485.9
30485.9
30485.9
30485.9
30485.9
30485.9
30485.9
30485.9
30485.9
30485.9
30485.9
30485.9
30485.9
30485.9
30485.9
30485.9
30485.9
30485.9
30485.9
30485.9
30485.9
30485.9
30485.9
30485.9
30485.9
30485.9
30485.9
30485.9
30485.9
30485.9
30485.9
30485.9
30485.9
30485.9
30485.9
30485.9
30485.9
30485.9
30485.9
30485.9
30485.9
30485.9
30485.9
30485.9
30485.9
30485.9
30485.9
30485.9
30485.9
30485.9
30485.9
30485.9
30485.9
30485.9
30485.9
30485.9
30485.9
30485.9
30485.9
30485.9
30485.9
30485.9
30485.9
30485.9
30485.9
30485.9
30485.9
30485.9
30485.9
30485.9
30485.9
30485.9
30485.9
30485.9
30485.9
30485.9
30485.9
30485.9
30485.9
30485.9
30485.9
30485.9
30485.9
30485.9
30485.9
30485.9
30485.9
30485.9
30485.9
30485.9
30485.9
30485.9
30485.9
30485.9
30485.9
30485.9
30485.9
30485.9
30485.9
30485.9
30485.9
30485.9
30485.9
30485.9
30485.9
30485.9
30485.9
30485.9
30485.9
30485.9
30485.9
30485.9
30485.9
30485.9
30485.9
30485.9
30485.9
30485.9
30485.9
30485.9
30485.9
30485.9
30485.9
30485.9
30485.9
30485.9
30485.9
30485.9
30485.9
30485.9
30485.9
30485.9
30485.9
30485.9
30485.9
30485.9
30485.9
30485.9
30485.9
30485.9
30485.9
30485.9
30485.9
30485.9
30485.9
30485.9
30485.9
30485.9
30485.9
30485.9
30485.9
30485.9
30485.9
30485.9
30485.9
30485.9
30485.9
30485.9
30485.9
30485.9
30485.9
30485.9
30485.9
30485.9
30485.9
30485.9
30485.9
30485.9
30485.9
30485.9
30485.9
30485.9
30485.9
30485.9
30485.9
30485.9
30485.9
30485.9
30485.9
30485.9
30485.9
30485.9
30485.9
30485.9
30485.9
30485.9
30485.9
30485.9
30485.9
30485.9
30485.9
30485.9
30485.9
30485.9
30485.9
30485.9
30485.9
30485.9
30485.9
30485.9
30485.9
30485.9
30485.9
30485.9
30485.9
30485.9
30485.9
30485.9
30485.9
30485.9
30485.9
30485.9
30485.9
30485.9
30485.9
30485.9
30485.9
30485.9
30485.9
30485.9
30485.9
30485.9
30485.9
30485.9
30485.9
30485.9
30485.9
30485.9
30485.9
30485.9
30485.9
30485.9
30485.9
30485.9
30485.9
30485.9
30485.9
30485.9
30485.9
30485.9
30485.9
30485.9
30485.9
30485.9
30485.9
30485.9
30485.9
30485.9
30485.9
30485.9
30485.9
30485.9
30485.9
30485.9
30485.9
30485.9
30485.9
30485.9
30485.9
30485.9
30485.9
30485.9
30485.9
30485.8
30485.8
30485.8
30485.8
30485.8
30485.8
30485.8
30485.8
30485.8
30485.8
30485.8
30485.8
30485.8
30485.8
30485.8
30485.8
30485.8
30485.8
30485.8
30485.8
30485.8
30485.8
30485.8
30485.8
30485.8
30485.8
30485.8
30485.8
30485.8
30485.8
30485.8
30485.8
30485.8
30485.8
30485.8
30485.8
30485.8
30485.8
30485.8
30485.8
30485.8
30485.8
30485.8
30485.8
30485.8
30485.8
30485.8
30485.8
30485.8
30485.8
30485.8
30485.8
30485.8
30485.8
30485.8
30485.8
30485.8
30485.8
30485.8
30485.8
30485.8
30485.8
30485.8
30485.8
30485.8
30485.8
30485.8
30485.8
30485.8
30485.8
30485.8
30485.8
30485.8
30485.8
30485.8
30485.8
30485.8
30485.8
30485.8
30485.8
30485.8
30485.8
30485.8
30485.8
30485.8
30485.8
30485.8
30485.8
30485.8
30485.8
30485.8
30485.8
30485.8
30485.8
30485.8
30485.8
30485.8
30485.8
30485.8
30485.8
30485.8
30485.8
30485.8
30485.8
30485.8
30485.8
30485.8
30485.8
30485.8
30485.8
30485.8
30485.8
30485.8
30485.8
30485.8
30485.8
30485.8
30485.8
30485.8
30485.8
30485.8
30485.8
30485.8
30485.8
30485.8
30485.8
30485.8
30485.8
30485.8
30485.8
30485.8
30485.8
30485.8
30485.8
30485.8
30485.8
30485.8
30485.8
30485.8
30485.8
30485.8
30485.8
30485.8
30485.8
30485.8
30485.8
30485.8
30485.8
30485.8
30485.8
30485.8
30485.8
30485.8
30485.8
30485.8
30485.8
30485.8
30485.8
30485.8
30485.8
30485.8
30485.8
30485.8
30485.8
30485.8
30485.8
30485.8
30485.8
30485.8
30485.8
30485.8
30485.8
30485.8
30485.8
30485.8
30485.8
30485.8
30485.8
30485.8
30485.8
30485.8
30485.8
30485.8
30485.8
30485.8
30485.8
30485.8
30485.8
30485.8
30485.8
30485.8
30485.8
30485.8
30485.8
30485.8
30485.8
30485.8
30485.8
30485.8
30485.8
30485.8
30485.8
30485.8
30485.8
30485.8
30485.8
30485.8
30485.8
30485.8
30485.8
30485.8
30485.8
30485.8
30485.8
30485.8
30485.8
30485.8
30485.8
30485.8
30485.8
30485.8
30485.8
30485.8
30485.8
30485.8
30485.8
30485.8
30485.8
30485.8
30485.8
30485.8
30485.8
30485.8
30485.8
30485.8
30485.8
30485.8
30485.8
30485.8
30485.8
30485.8
30485.8
30485.8
30485.8
30485.8
30485.8
30485.8
30485.8
30485.8
30485.8
30485.8
30485.8
30485.8
30485.8
30485.8
30485.8
30485.8
30485.8
30485.8
30485.8
30485.8
30485.8
30485.8
30485.8
30485.8
30485.8
30485.8
30485.8
30485.8
30485.8
30485.8
30485.8
30485.8
30485.8
30485.8
30485.8
30485.8
30485.8
30485.8
30485.8
30485.8
30485.8
30485.8
30485.8
30485.8
30485.8
30485.8
30485.8
30485.8
30485.8
30485.8
30485.8
30485.8
30485.8
30485.8
30485.8
30485.8
30485.8
30485.8
30485.8
30485.8
30485.8
30485.8
30485.8
30485.8
30485.8
30485.8
30485.8
30485.8
30485.8
30485.8
30485.8
30485.8
30485.8
30485.8
30485.8
30485.8
30485.8
30485.8
30485.8
30485.8
30485.8
30485.8
30485.8
30485.8
30485.8
30485.8
30485.8
30485.8
30485.8
30485.8
30485.8
30485.8
30485.8
30485.8
30485.8
30485.8
30485.8
30485.8
30485.8
30485.8
30485.8
30485.8
30485.8
30485.8
30485.8
30485.8
30485.8
30485.8
30485.8
30485.8
30485.8
30485.8
30485.8
30485.8
30485.8
30485.8
30485.8
30485.8
30485.8
30485.8
30485.8
30485.8
30485.8
30485.8
30485.8
30485.8
30485.8
30485.8
30485.8
30485.8
30485.8
30485.8
30485.8
30485.8
30485.8
30485.8
30485.8
30485.8
30485.8
30485.8
30485.8
30485.8
30485.8
30485.8
30485.8
30485.8
30485.8
30485.8
30485.8
30485.8
30485.8
30485.8
30485.8
30485.8
30485.8
30485.8
30485.8
30485.8
30485.8
30485.8
30485.8
30485.8
30485.8
30485.8
30485.8
30485.8
30485.8
30485.8
30485.8
30485.8
30485.8
30485.8
30485.8
30485.8
30485.8
30485.8
30485.8
30485.8
30485.8
30485.8
30485.8
30485.8
30485.8
30485.8
30485.8
30485.8
30485.8
30485.8
30485.8
30485.8
30485.8
30485.8
30485.8
30485.8
30485.8
30485.8
30485.8
30485.8
30485.8
30485.8
30485.8
30485.8
30485.8
30485.8
30485.8
30485.8
30485.8
30485.8
30485.8
30485.8
30485.8
30485.8
30485.8
30485.8
30485.8
30485.8
30485.8
30485.8
30485.8
30485.8
30485.8
30485.8
30485.8
30485.8
30485.8
30485.8
30485.8
30485.8
30485.8
30485.8
30485.8
30485.8
30485.8
30485.8
30485.8
30485.8
30485.8
30485.8
30485.8
30485.8
30485.8
30485.8
30485.8
30485.8
30485.8
30485.8
30485.8
30485.8
30485.8
30485.8
30485.8
30485.8
30485.8
30485.8
30485.8
30485.8
30485.8
30485.8
30485.8
30485.8
30485.8
30485.8
30485.8
30485.8
30485.8
30485.8
30485.8
30485.8
30485.8
30485.8
30485.8
30485.8
30485.8
30485.8
30485.8
30485.8
30485.8
30485.8
30485.8
30485.8
30485.8
30485.8
30485.8
30485.8
30485.8
30485.8
30485.8
30485.8
30485.8
30485.8
30485.8
30485.8
30485.8
30485.8
30485.8
30485.8
30485.8
30485.8
30485.8
30485.8
30485.8
30485.8
30485.8
30485.8
30485.8
30485.8
30485.8
30485.8
30485.8
30485.8
30485.8
30485.8
30485.8
30485.8
30485.8
30485.8
30485.8
30485.8
30485.8
30485.8
30485.8
30485.8
30485.8
30485.8
30485.8
30485.8
30485.8
30485.8
30485.8
30485.8
30485.8
30485.8
30485.8
30485.8
30485.8
30485.8
30485.8
30485.8
30485.8
30485.8
30485.8
30485.8
30485.8
30485.8
30485.8
30485.8
30485.8
30485.8
30485.8
30485.8
30485.8
30485.8
30485.8
30485.8
30485.8
30485.8
30485.8
30485.8
30485.8
30485.8
30485.8
30485.8
30485.8
30485.8
30485.8
30485.8
30485.8
30485.8
30485.8
30485.8
30485.8
30485.8
30485.8
30485.8
30485.8
30485.8
30485.8
30485.8
30485.8
30485.8
30485.8
30485.8
30485.8
30485.8
30485.8
30485.8
30485.8
30485.8
30485.8
30485.8
30485.8
30485.8
30485.8
30485.8
30485.8
30485.8
30485.8
30485.8
30485.8
30485.8
30485.8
30485.8
30485.8
30485.8
30485.8
30485.8
30485.8
30485.8
30485.8
30485.8
30485.8
30485.8
30485.8
30485.8
30485.8
30485.8
30485.8
30485.8
30485.8
30485.8
30485.8
30485.8
30485.8
30485.8
30485.8
30485.8
30485.8
30485.8
30485.8
30485.8
30485.8
30485.8
30485.8
30485.8
30485.8
30485.8
30485.8
30485.8
30485.8
30485.8
30485.8
30485.8
30485.8
30485.8
30485.8
30485.8
30485.8
30485.8
30485.8
30485.8
30485.8
30485.8
30485.8
30485.8
30485.8
30485.8
30485.8
30485.8
30485.8
30485.8
30485.8
30485.8
30485.8
30485.8
30485.8
30485.8
30485.8
30485.8
30485.8
30485.8
30485.8
30485.8
30485.8
30485.8
30485.8
30485.8
30485.8
30485.8
30485.8
30485.8
30485.8
30485.8
30485.8
30485.8
30485.8
30485.8
30485.8
30485.8
30485.8
30485.8
30485.8
30485.8
30485.8
30485.8
30485.8
30485.8
30485.8
30485.8
30485.8
30485.8
30485.8
30485.8
30485.8
30485.8
30485.9
30485.9
30485.9
30485.9
30485.9
30485.9
30485.9
30485.9
30485.9
30485.9
30485.9
30485.9
30485.9
30485.9
30485.9
30485.9
30485.9
30485.9
30485.9
30485.9
30485.9
30485.9
30485.9
30485.9
30485.9
30485.9
30485.9
30485.9
30485.9
30485.9
30485.9
30485.9
30485.9
30485.9
30485.9
30485.9
30485.9
30485.9
30485.9
30485.9
30485.9
30485.9
30485.9
30485.8
30485.8
30485.8
30485.8
30485.8
30485.8
30485.8
30485.8
30485.8
30485.8
30485.8
30485.8
30485.8
30485.8
30485.8
30485.8
30485.8
30485.8
30485.8
30485.8
30485.8
30485.8
30485.8
30485.8
30485.8
30485.8
30485.8
30485.8
30485.8
30485.8
30485.8
30485.8
30485.8
30485.8
30485.8
30485.8
30485.8
30485.8
30485.8
30485.8
30485.8
30485.8
30485.8
30485.8
30485.8
30485.8
30485.8
30485.8
30485.8
30485.8
30485.8
30485.8
30485.8
30485.8
30485.8
30485.8
30485.8
30485.8
30485.8
30485.8
30485.8
30485.8
30485.8
30485.8
30485.8
30485.8
30485.8
30485.8
30485.8
30485.8
30485.8
30485.8
30485.8
30485.8
30485.8
30485.8
30485.8
30485.8
30485.8
30485.8
30485.8
30485.8
30485.8
30485.8
30485.8
30485.8
30485.8
30485.8
30485.8
30485.8
30485.8
30485.8
30485.8
30485.8
30485.8
30485.8
30485.8
30485.8
30485.8
30485.9
30485.9
30485.8
30485.9
30485.9
30485.9
30485.9
30485.9
30485.9
30485.9
30485.9
30485.9
30485.9
30485.9
30485.9
30485.9
30485.9
30485.9
30485.9
30485.9
30485.9
30485.9
30485.9
30485.9
30485.9
30485.9
30485.9
30485.9
30485.9
30485.9
30485.9
30485.9
30485.9
30485.9
30485.9
30485.9
30485.9
30485.9
30485.9
30485.9
30485.9
30485.9
30485.9
30485.9
30485.9
30485.9
30485.9
30485.9
30485.9
30485.9
30485.9
30485.9
30485.9
30485.9
30485.9
30485.9
30485.9
30485.9
30485.8
30485.8
30485.8
30485.8
30485.8
30485.8
30485.8
30485.8
30485.8
30485.8
30485.8
30485.8
30485.8
30485.8
30485.8
30485.8
30485.8
30485.8
30485.8
30485.8
30485.8
30485.8
30485.8
30485.8
30485.8
30485.8
30485.8
30485.8
30485.8
30485.8
30485.8
30485.8
30485.8
30485.8
30485.8
30485.8
30485.8
30485.8
30485.8
30485.8
30485.8
30485.8
30485.8
30485.8
30485.8
30485.8
30485.8
30485.8
30485.8
30485.8
30485.8
30485.8
30485.8
30485.8
30485.8
30485.8
30485.8
30485.8
30485.8
30485.8
30485.8
30485.8
30485.8
30485.8
30485.8
30485.8
30485.8
30485.8
30485.8
30485.8
30485.8
30485.8
30485.8
30485.8
30485.8
30485.8
30485.8
30485.8
30485.8
30485.8
30485.8
30485.8
30485.9
30485.8
30485.8
30485.9
30485.8
30485.8
30485.9
30485.9
30485.8
30485.9
30485.9
30485.9
30485.9
30485.9
30485.9
30485.9
30485.9
30485.9
30485.8
30485.9
30485.9
30485.8
30485.8
30485.8
30485.8
30485.8
30485.8
30485.8
30485.8
30485.8
30485.8
30485.8
30485.8
30485.8
30485.8
30485.8
30485.8
30485.8
30485.8
30485.8
30485.8
30485.8
30485.8
30485.8
30485.8
30485.8
30485.8
30485.8
30485.8
30485.8
30485.8
30485.8
30485.8
30485.8
30485.8
30485.8
30485.8
30485.8
30485.8
30485.8
30485.8
30485.8
30485.8
30485.8
30485.8
30485.8
30485.8
30485.8
30485.8
30485.8
30485.8
30485.8
30485.8
30485.8
30485.8
30485.8
30485.8
30485.8
30485.8
30485.8
30485.8
30485.8
30485.8
30485.8
30485.8
30485.8
30485.8
30485.8
30485.8
30485.8
30485.8
30485.8
30485.8
30485.8
30485.8
30485.8
30485.8
30485.8
30485.8
30485.8
30485.8
30485.8
30485.8
30485.8
30485.8
30485.8
30485.8
30485.8
30485.8
30485.8
30485.8
30485.8
30485.8
30485.8
30485.8
30485.8
30485.8
30485.8
30485.8
30485.8
30485.8
30485.8
30485.8
30485.8
30485.8
30485.8
30485.8
30485.8
30485.9
30485.9
30485.8
30485.9
30485.9
30485.9
30485.9
30485.9
30485.9
30485.9
30485.9
30485.9
30485.9
30485.9
30485.9
30485.9
30485.9
30485.9
30485.9
30485.8
30485.8
30485.9
30485.9
30485.9
30485.9
30485.9
30485.9
30485.9
30485.9
30485.9
30485.9
30485.9
30485.9
30485.9
30485.8
30485.9
30485.9
30485.8
30485.9
30485.9
30485.9
30485.8
30485.8
30485.8
30485.8
30485.8
30485.8
30485.8
30485.8
30485.8
30485.8
30485.8
30485.8
30485.8
30485.8
30485.8
30485.8
30485.8
30485.8
30485.8
30485.7
30485.7
30485.7
30485.9
30485.9
30486
30486.3
30486.3
30488.6
30487.3
30498.4
30479.5
30475.3
30480.1
30485.7
30486
30485.8
30485.8
30485.9
30485.9
30485.9
30485.9
30485.9
30485.9
30485.9
30485.9
30485.9
30485.9
30485.9
30485.9
30485.9
30485.9
30485.8
30485.8
30485.8
30485.8
30485.8
30485.8
30485.8
30485.8
30485.8
30485.8
30485.8
30485.8
30485.8
30485.8
30485.8
30485.8
30485.8
30485.8
30485.8
30485.8
30485.8
30485.8
30485.8
30485.8
30485.8
30485.8
30485.8
30485.8
30485.8
30485.8
30485.8
30485.8
30485.8
30485.8
30485.8
30485.8
30485.8
30485.8
30485.8
30485.8
30485.8
30485.8
30485.8
30485.8
30485.8
30485.8
30485.8
30485.8
30485.8
30485.8
30485.8
30485.8
30485.8
30485.8
30485.8
30485.8
30485.8
30485.8
30485.8
30485.8
30485.8
30485.8
30485.8
30485.8
30485.8
30485.9
30485.8
30485.8
30485.9
30485.9
30485.8
30485.9
30485.9
30485.9
30485.9
30485.9
30485.9
30485.9
30485.9
30485.9
30485.9
30485.9
30485.9
30485.9
30485.9
30485.9
30485.9
30485.8
30485.8
30485.8
30485.8
30485.8
30485.8
30485.8
30485.8
30485.8
30485.8
30485.8
30485.8
30485.8
30485.8
30485.8
30485.8
30485.8
30485.8
30485.8
30485.8
30485.8
30485.8
30485.8
30485.8
30485.8
30485.8
30485.8
30485.8
30485.8
30485.8
30485.8
30485.8
30485.8
30485.8
30485.8
30485.8
30485.8
30485.8
30485.8
30485.8
30485.8
30485.8
30485.8
30485.8
30485.8
30485.8
30485.8
30485.8
30485.8
30485.8
30485.8
30485.8
30485.8
30485.8
30485.8
30485.8
30485.7
30485.8
30485.7
30485.7
30485.7
30485.7
30485.7
30485.7
30485.7
30485.7
30485.7
30485.7
30485.7
30485.7
30485.7
30485.7
30485.7
30485.7
30485.7
30485.7
30485.7
30485.7
30485.7
30485.7
30485.7
30485.7
30485.7
30485.7
30485.7
30485.7
30485.7
30485.7
30485.7
30485.7
30485.7
30485.7
30485.7
30485.7
30485.7
30485.8
30485.8
30485.8
30485.8
30485.8
30485.8
30485.8
30485.8
30485.8
30485.8
30485.8
30485.8
30485.8
30485.8
30485.8
30485.8
30485.8
30485.8
30485.8
30485.8
30485.8
30485.8
30485.8
30485.8
30485.8
30485.8
30485.8
30485.8
30485.8
30485.8
30485.8
30485.8
30485.8
30485.8
30485.8
30485.8
30485.8
30485.8
30485.8
30485.8
30485.8
30485.8
30485.8
30485.8
30485.8
30485.8
30485.8
30485.8
30485.8
30485.8
30485.8
30485.8
30485.8
30485.8
30485.8
30485.8
30485.8
30485.8
30485.8
30485.8
30485.8
30485.8
30485.8
30485.8
30485.8
30485.8
30485.9
30485.8
30485.8
30485.8
30485.9
30485.8
30485.8
30485.8
30485.8
30485.8
30485.8
30485.8
30485.8
30485.8
30485.8
30485.8
30485.8
30485.8
30485.8
30485.8
30485.8
30485.8
30485.8
30485.8
30485.8
30485.8
30485.8
30485.8
30485.8
30485.8
30485.8
30485.8
30485.8
30485.8
30485.8
30485.8
30485.8
30485.8
30485.8
30485.8
30485.8
30485.8
30485.8
30485.8
30485.8
30485.8
30485.8
30485.8
30485.8
30485.8
30485.8
30485.8
30485.8
30485.8
30485.8
30485.8
30485.8
30485.8
30485.8
30485.7
30485.7
30485.7
30485.7
30485.7
30485.7
30485.7
30485.7
30485.7
30485.7
30485.7
30485.7
30485.7
30485.7
30485.7
30485.7
30485.7
30485.7
30485.7
30485.7
30485.7
30485.7
30485.7
30485.7
30485.7
30485.7
30485.7
30485.7
30485.7
30485.7
30485.7
30485.7
30485.7
30485.7
30485.7
30485.7
30485.7
30485.7
30485.7
30485.7
30485.7
30485.7
30485.7
30485.7
30485.7
30485.7
30485.7
30485.7
30485.7
30485.7
30485.7
30485.7
30485.7
30485.7
30485.7
30485.7
30485.7
30485.7
30485.7
30485.7
30485.7
30485.7
30485.7
30485.7
30485.7
30485.7
30485.7
30485.7
30485.7
30485.7
30485.7
30485.7
30485.7
30485.7
30485.7
30485.7
30485.7
30485.7
30485.7
30485.7
30485.7
30485.7
30485.7
30485.7
30485.8
30485.8
30485.8
30485.8
30485.8
30485.8
30485.8
30485.8
30485.8
30485.8
30485.8
30485.8
30485.8
30485.8
30485.8
30485.8
30485.8
30485.8
30485.8
30485.8
30485.8
30485.8
30485.8
30485.8
30485.8
30485.8
30485.8
30485.8
30485.8
30485.8
30485.8
30485.8
30485.8
30485.8
30485.8
30485.8
30485.8
30485.8
30485.8
30485.8
30485.8
30485.8
30485.8
30485.8
30485.8
30485.8
30485.8
30485.8
30485.8
30485.8
30485.8
30485.8
30485.8
30485.8
30485.8
30485.8
30485.8
30485.8
30485.8
30485.8
30485.8
30485.8
30485.8
30485.8
30485.8
30485.8
30485.8
30485.8
30485.8
30485.8
30485.8
30485.8
30485.8
30485.8
30485.8
30485.8
30485.8
30485.8
30485.8
30485.8
30485.8
30485.8
30485.8
30485.8
30485.8
30485.8
30485.8
30485.8
30485.8
30485.8
30485.8
30485.8
30485.8
30485.8
30485.8
30485.8
30485.8
30485.8
30485.8
30485.8
30485.8
30485.8
30485.8
30485.8
30485.8
30485.8
30485.8
30485.8
30485.8
30485.8
30485.8
30485.8
30485.8
30485.8
30485.8
30485.8
30485.8
30485.8
30485.8
30485.8
30485.8
30485.8
30485.8
30485.8
30485.8
30485.8
30485.8
30485.8
30485.8
30485.8
30485.8
30485.8
30485.8
30485.8
30485.8
30485.8
30485.8
30485.8
30485.8
30485.8
30485.8
30485.8
30485.8
30485.8
30485.8
30485.8
30485.8
30485.8
30485.8
30485.8
30485.8
30485.8
30485.8
30485.8
30485.8
30485.8
30485.8
30485.8
30485.8
30485.8
30485.8
30485.8
30485.8
30485.8
30485.8
30485.8
30485.8
30485.8
30485.8
30485.8
30485.8
30485.8
30485.8
30485.8
30485.8
30485.8
30485.8
30485.8
30485.8
30485.8
30485.8
30485.8
30485.8
30485.8
30485.8
30485.8
30485.8
30485.8
30485.8
30485.8
30485.8
30485.8
30485.8
30485.8
30485.8
30485.8
30485.8
30485.8
30485.8
30485.8
30485.8
30485.8
30485.8
30485.8
30485.8
30485.8
30485.8
30485.8
30485.8
30485.8
30485.8
30485.8
30485.8
30485.8
30485.8
30485.8
30485.8
30485.8
30485.8
30485.8
30485.8
30485.8
30485.8
30485.8
30485.8
30485.8
30485.8
30485.8
30485.8
30485.8
30485.8
30485.8
30485.8
30485.8
30485.8
30485.8
30485.8
30485.8
30485.8
30485.8
30485.8
30485.8
30485.8
30485.8
30485.8
30485.8
30485.8
30485.8
30485.8
30485.8
30485.8
30485.8
30485.8
30485.8
30485.8
30485.8
30485.8
30485.8
30485.8
30485.8
30485.8
30485.8
30485.8
30485.8
30485.8
30485.8
30485.8
30485.8
30485.8
30485.8
30485.8
30485.8
30485.8
30485.8
30485.8
30485.8
30485.8
30485.8
30485.8
30485.8
30485.8
30485.8
30485.8
30485.8
30485.8
30485.8
30485.8
30485.8
30485.8
30485.8
30485.8
30485.8
30485.8
30485.8
30485.8
30485.8
30485.8
30485.8
30485.8
30485.8
30485.8
30485.8
30485.8
30485.8
30485.7
30485.7
30485.7
30485.7
30485.7
30485.7
30485.7
30485.7
30485.7
30485.7
30485.7
30485.7
30485.7
30485.7
30485.7
30485.7
30485.7
30485.7
30485.7
30485.7
30485.7
30485.7
30485.7
30485.7
30485.7
30485.7
30485.7
30485.7
30485.7
30485.7
30485.7
30485.7
30485.7
30485.7
30485.7
30485.7
30485.7
30485.7
30485.7
30485.7
30485.7
30485.7
30485.7
30485.7
30485.7
30485.7
30485.7
30485.7
30485.7
30485.7
30485.7
30485.7
30485.7
30485.7
30485.7
30485.7
30485.7
30485.7
30485.7
30485.7
30485.7
30485.7
30485.7
30485.7
30485.7
30485.7
30485.7
30485.7
30485.7
30485.7
30485.7
30485.7
30485.8
30485.8
30485.8
30485.8
30485.8
30485.8
30485.8
30485.8
30485.8
30485.8
30485.8
30485.8
30485.8
30485.8
30485.8
30485.8
30485.8
30485.8
30485.8
30485.8
30485.8
30485.8
30485.8
30485.8
30485.8
30485.8
30485.8
30485.8
30485.8
30485.8
30485.8
30485.8
30485.8
30485.8
30485.8
30485.8
30485.8
30485.8
30485.8
30485.8
30485.8
30485.8
30485.8
30485.8
30485.8
30485.8
30485.8
30485.8
30485.8
30485.8
30485.8
30485.8
30485.8
30485.8
30485.8
30485.8
30485.8
30485.8
30485.8
30485.8
30485.8
30485.8
30485.8
30485.8
30485.8
30485.8
30485.8
30485.8
30485.8
30485.8
30485.8
30485.8
30485.8
30485.8
30485.8
30485.8
30485.8
30485.8
30485.8
30485.8
30485.8
30485.8
30485.8
30485.8
30485.8
30485.8
30485.8
30485.8
30485.8
30485.8
30485.8
30485.8
30485.8
30485.8
30485.7
30485.7
30485.7
30485.7
30485.7
30485.7
30485.7
30485.7
30485.7
30485.7
30485.7
30485.7
30485.7
30485.7
30485.7
30485.7
30485.7
30485.7
30485.7
30485.7
30485.7
30485.7
30485.7
30485.7
30485.7
30485.7
30485.7
30485.7
30485.7
30485.7
30485.7
30485.7
30485.7
30485.7
30485.7
30485.7
30485.7
30485.7
30485.7
30485.7
30485.7
30485.7
30485.7
30485.7
30485.7
30485.7
30485.7
30485.7
30485.7
30485.7
30485.7
30485.7
30485.7
30485.7
30485.7
30485.7
30485.7
30485.7
30485.7
30485.7
30485.7
30485.7
30485.7
30485.7
30485.7
30485.7
30485.7
30485.7
30485.7
30485.7
30485.7
30485.7
30485.7
30485.7
30485.7
30485.7
30485.7
30485.8
30485.7
30485.8
30485.8
30485.8
30485.8
30485.8
30485.8
30485.8
30485.8
30485.8
30485.8
30485.8
30485.8
30485.8
30485.8
30485.8
30485.8
30485.8
30485.8
30485.8
30485.8
30485.8
30485.8
30485.8
30485.8
30485.8
30485.8
30485.8
30485.8
30485.8
30485.8
30485.8
30485.8
30485.8
30485.8
30485.9
30485.9
30485.8
30485.9
30485.9
30485.9
30485.9
30485.9
30485.9
30485.9
30485.9
30485.9
30485.9
30485.9
30485.9
30485.9
30485.9
30485.9
30485.8
30485.8
30485.8
30485.8
30485.8
30485.8
30485.8
30485.8
30485.8
30485.8
30485.8
30485.8
30485.8
30485.8
30485.8
30485.8
30485.8
30485.8
30485.8
30485.8
30485.8
30485.8
30485.8
30485.8
30485.8
30485.8
30485.8
30485.8
30485.8
30485.8
30485.8
30485.8
30485.7
30485.7
30485.7
30485.7
30485.7
30485.7
30485.7
30485.7
30485.7
30485.7
30485.7
30485.7
30485.7
30485.7
30485.7
30485.7
30485.7
30485.7
30485.7
30485.7
30485.6
30485.6
30485.6
30485.6
30485.6
30485.6
30485.6
30485.6
30485.6
30485.6
30485.6
30485.6
30485.6
30485.6
30485.6
30485.6
30485.6
30485.6
30485.6
30485.6
30485.6
30485.6
30485.6
30485.6
30485.6
30485.6
30485.6
30485.6
30485.6
30485.6
30485.6
30485.6
30485.6
30485.6
30485.6
30485.6
30485.6
30485.6
30485.6
30485.6
30485.6
30485.6
30485.6
30485.6
30485.6
30485.6
30485.6
30485.6
30485.6
30485.6
30485.6
30485.6
30485.6
30485.6
30485.6
30485.6
30485.6
30485.6
30485.6
30485.7
30485.7
30485.7
30485.7
30485.7
30485.7
30485.7
30485.7
30485.7
30485.7
30485.7
30485.7
30485.7
30485.7
30485.7
30485.7
30485.7
30485.7
30485.7
30485.7
30485.7
30485.7
30485.7
30485.7
30485.7
30485.7
30485.7
30485.7
30485.7
30485.7
30485.7
30485.8
30485.7
30485.8
30485.8
30485.8
30485.8
30485.8
30485.8
30485.8
30485.8
30485.8
30485.8
30485.8
30485.8
30485.8
30485.8
30485.8
30485.8
30485.8
30485.8
30485.8
30485.8
30485.8
30485.8
30485.8
30485.8
30485.8
30485.8
30485.8
30485.8
30485.8
30485.8
30485.8
30485.8
30485.8
30485.8
30485.8
30485.8
30485.8
30485.8
30485.8
30485.8
30485.8
30485.8
30485.8
30485.8
30485.8
30485.8
30485.8
30485.8
30485.8
30485.8
30485.8
30485.8
30485.8
30485.8
30485.8
30485.8
30485.8
30485.8
30485.8
30485.8
30485.8
30485.8
30485.8
30485.8
30485.8
30485.8
30485.8
30485.8
30485.8
30485.8
30485.8
30485.8
30485.8
30485.8
30485.8
30485.8
30485.8
30485.8
30485.8
30485.8
30485.8
30485.8
30485.8
30485.8
30485.8
30485.8
30485.8
30485.8
30485.8
30485.8
30485.7
30485.7
30485.7
30485.7
30485.7
30485.7
30485.7
30485.7
30485.7
30485.7
30485.7
30485.7
30485.7
30485.7
30485.7
30485.7
30485.7
30485.7
30485.7
30485.7
30485.7
30485.7
30485.7
30485.7
30485.7
30485.7
30485.7
30485.7
30485.7
30485.7
30485.7
30485.7
30485.7
30485.7
30485.7
30485.7
30485.7
30485.7
30485.7
30485.7
30485.7
30485.7
30485.7
30485.7
30485.7
30485.7
30485.7
30485.7
30485.7
30485.7
30485.7
30485.7
30485.7
30485.7
30485.7
30485.7
30485.7
30485.7
30485.7
30485.7
30485.7
30485.7
30485.7
30485.7
30485.7
30485.7
30485.7
30485.7
30485.7
30485.7
30485.7
30485.7
30485.7
30485.7
30485.7
30485.7
30485.7
30485.7
30485.7
30485.7
30485.7
30485.7
30485.7
30485.7
30485.7
30485.7
30485.7
30485.7
30485.7
30485.7
30485.7
30485.7
30485.7
30485.7
30485.7
30485.7
30485.7
30485.7
30485.7
30485.7
30485.7
30485.7
30485.8
30485.7
30485.7
30485.8
30485.8
30485.8
30485.8
30485.8
30485.8
30485.8
30485.8
30485.8
30485.8
30485.8
30485.8
30485.8
30485.8
30485.8
30485.8
30485.8
30485.8
30485.8
30485.8
30485.8
30485.8
30485.8
30485.8
30485.8
30485.8
30485.7
30485.7
30485.7
30485.7
30485.7
30485.7
30485.7
30485.7
30485.7
30485.7
30485.7
30485.7
30485.7
30485.7
30485.7
30485.7
30485.7
30485.7
30485.7
30485.7
30485.7
30485.7
30485.7
30485.7
30485.7
30485.7
30485.7
30485.7
30485.7
30485.7
30485.7
30485.7
30485.7
30485.7
30485.7
30485.7
30485.7
30485.7
30485.7
30485.7
30485.7
30485.7
30485.7
30485.7
30485.7
30485.7
30485.7
30485.7
30485.7
30485.7
30485.7
30485.7
30485.7
30485.7
30485.7
30485.7
30485.7
30485.7
30485.7
30485.7
30485.7
30485.7
30485.7
30485.7
30485.7
30485.7
30485.7
30485.7
30485.7
30485.7
30485.7
30485.7
30485.7
30485.7
30485.7
30485.7
30485.7
30485.7
30485.7
30485.7
30485.7
30485.7
30485.7
30485.7
30485.7
30485.7
30485.7
30485.7
30485.7
30485.7
30485.7
30485.7
30485.7
30485.7
30485.7
30485.7
30485.7
30485.6
30485.6
30485.6
30485.6
30485.6
30485.6
30485.6
30485.6
30485.6
30485.6
30485.6
30485.6
30485.6
30485.6
30485.6
30485.6
30485.6
30485.6
30485.6
30485.6
30485.6
30485.6
30485.6
30485.6
30485.6
30485.6
30485.6
30485.6
30485.6
30485.6
30485.6
30485.6
30485.6
30485.6
30485.6
30485.6
30485.7
30485.7
30485.7
30485.7
30485.7
30485.7
30485.7
30485.7
30485.7
30485.7
30485.7
30485.7
30485.7
30485.7
30485.7
30485.8
30485.8
30485.8
30485.8
30485.7
30485.8
30485.8
30485.7
30485.7
30485.7
30485.7
30485.7
30485.7
30485.7
30485.7
30485.7
30485.7
30485.7
30485.7
30485.7
30485.7
30485.7
30485.7
30485.7
30485.7
30485.7
30485.7
30485.7
30485.7
30485.7
30485.7
30485.7
30485.6
30485.6
30485.7
30485.7
30485.7
30485.7
30485.7
30485.7
30485.7
30485.7
30485.7
30485.7
30485.7
30485.7
30485.7
30485.7
30485.7
30485.7
30485.8
30485.8
30485.8
30485.8
30485.8
30485.8
30485.8
30485.8
30485.8
30485.8
30485.8
30485.8
30485.8
30485.8
30485.8
30485.8
30485.8
30485.8
30485.8
30485.8
30485.8
30485.8
30485.8
30485.8
30485.8
30485.8
30485.8
30485.8
30485.8
30485.8
30485.7
30485.7
30485.7
30485.7
30485.7
30485.7
30485.7
30485.7
30485.7
30485.7
30485.7
30485.7
30485.7
30485.6
30485.6
30485.6
30485.6
30485.6
30485.6
30485.6
30485.6
30485.6
30485.6
30485.6
30485.6
30485.6
30485.6
30485.6
30485.6
30485.6
30485.6
30485.6
30485.6
30485.6
30485.6
30485.5
30485.5
30485.5
30485.5
30485.5
30485.5
30485.5
30485.5
30485.5
30485.5
30485.5
30485.5
30485.5
30485.4
30485.4
30485.4
30485.4
30485.4
30485.4
30485.4
30485.4
30485.4
30485.4
30485.4
30485.4
30485.4
30485.4
30485.4
30485.4
30485.4
30485.5
30485.5
30485.5
30485.5
30485.5
30485.5
30485.5
30485.6
30485.6
30485.6
30485.6
30485.6
30485.7
30485.7
30485.7
30485.7
30485.7
30485.7
30485.8
30485.8
30485.8
30485.8
30485.8
30485.8
30485.8
30485.8
30485.8
30485.8
30485.8
30485.8
30485.8
30485.8
30485.8
30485.8
30485.8
30485.8
30485.7
30485.7
30485.7
30485.7
30485.7
30485.7
30485.7
30485.7
30485.7
30485.7
30485.7
30485.6
30485.6
30485.6
30485.6
30485.6
30485.6
30485.6
30485.6
30485.6
30485.7
30485.7
30485.7
30485.7
30485.7
30485.7
30485.7
30485.8
30485.8
30485.8
30485.8
30485.9
30485.9
30485.9
30485.9
30485.9
30486
30485.9
30485.9
30486
30486
30486
30486
30486
30486
30486
30486
30486
30486
30486
30486
30486
30485.9
30485.9
30485.9
30485.9
30485.9
30485.8
30485.8
30485.8
30485.7
30485.7
30485.7
30485.7
30485.6
30485.6
30485.6
30485.6
30485.5
30485.6
30485.6
30485.5
30485.5
30485.5
30485.5
30485.5
30485.4
30485.5
30485.5
30485.4
30485.4
30485.5
30485.5
30485.5
30485.5
30485.5
30485.5
30485.5
30485.5
30485.5
30485.5
30485.5
30485.6
30485.6
30485.6
30485.6
30485.6
30485.6
30485.6
30485.6
30485.7
30485.6
30485.6
30485.6
30485.6
30485.6
30485.6
30485.6
30485.5
30485.5
30485.5
30485.4
30485.4
30485.4
30485.3
30485.2
30485.3
30485.2
30485.2
30485.1
30485.1
30485.1
30485.1
30485
30485
30485
30485
30485
30485
30485
30485
30485
30485.1
30485.1
30485.1
30485.2
30485.2
30485.2
30485.3
30485.4
30485.4
30485.4
30485.5
30485.6
30485.6
30485.6
30485.7
30485.8
30485.8
30485.8
30485.9
30485.9
30485.9
30485.9
30486
30486.1
30486
30486
30486.1
30486.1
30486
30486
30486
30486.1
30486
30486
30486
30486
30485.9
30485.9
30485.9
30485.8
30485.7
30485.7
30485.7
30485.5
30485.4
30485.4
30485.4
30485.4
30485.2
30485.1
30485.2
30485.2
30485.1
30485.1
30485.1
30485.2
30485.1
30485.1
30485.2
30485.3
30485.2
30485.2
30485.3
30485.4
30485.4
30485.5
30485.4
30485.5
30485.6
30485.6
30485.6
30485.8
30485.8
30485.8
30485.9
30485.9
30486
30486
30486.1
30486.2
30486.2
30486.1
30486.2
30486.3
30486.3
30486.3
30486.3
30486.3
30486.4
30486.3
30486.3
30486.4
30486.3
30486.2
30486.2
30486.2
30486.1
30486
30485.9
30486
30485.7
30485.6
30485.7
30485.6
30485.3
30485.4
30485.3
30485.2
30485.1
30485.1
30485.1
30485.1
30484.8
30484.9
30485.1
30485
30484.9
30485
30485
30485
30485.1
30485.1
30485.2
30485.2
30485.2
30485.3
30485.3
30485.3
30485.3
30485.3
30485.4
30485.4
30485.3
30485.4
30485.5
30485.5
30485.7
30485.8
30485.9
30486.2
30486.5
30486.8
30486.8
30487
30487.4
30487
30487.1
30487.6
30487.6
30487.5
30487.8
30487.7
30487.3
30487
30486
30484.4
30483.5
30482
30482.8
30481.4
30482.3
30482.1
30480.5
30479.8
30478
30472
30473.1
30466.6
30470.6
30473.2
30466.5
30474.2
30469.8
30458.2
30458.5
30434.8
30391.1
30417.9
30318.2
30348.5
30333.6
30242.9
30298.7
30220.3
29992.5
30173.2
29643.2
29609
29695.2
28041
29603.8
21827.2
12943.5
10552.4
10080.7
10010.9
10001.5
10000.2
10000
10000
10000
10000
10000
10000
10000
10000
10000
10000
10000
10000
10000
10000
10000
10000
10000
10000
10000
10000
10000
10000
10000
10000
10000
10000
10000
10000
10000
10000
10000
10000
10000
10000
10000
10000
10000
10000
10000
10000
10000
10000
10000
10000
10000
10000
10000
10000
10000
10000
10000
10000
10000
10000
10000
10000
10000
10000
10000
10000
10000
10000
10000
10000
10000
10000
10000
10000
10000
10000
10000
10000
10000
10000
10000
10000
10000
10000
10000
10000
10000
10000
10000
10000
10000
10000
10000
10000
10000
10000
10000
10000
10000
10000
10000
10000
10000
10000
10000
10000
10000
10000
10000
10000
10000
10000
10000
10000
10000
10000
10000
10000
10000
10000
10000
10000
10000
10000
10000
10000
10000
10000
10000
10000
10000
10000
10000
10000
10000
10000
10000
10000
10000
10000
10000
10000
10000
10000
10000
10000
10000
10000
10000
10000
10000
10000
10000
10000
10000
10000
10000
10000
10000
10000
10000
10000
10000
10000
10000
10000
10000
10000
10000
10000
10000
10000
10000
10000
10000
10000
10000
10000
10000
10000
10000
10000
10000
10000
10000
10000
10000
10000
10000
10000
10000
10000
10000
10000
10000
10000
10000
10000
10000
10000
10000
10000
10000
10000
10000
10000
10000
10000
10000
10000
10000
10000
10000
10000
10000
10000
10000
10000
10000
10000
10000
10000
10000
10000
10000
10000
10000
10000
10000
10000
10000
10000
10000
10000
10000
10000
10000
10000
10000
10000
10000
10000
10000
10000
10000
10000
10000
10000
10000
10000
10000
10000
10000
10000
10000
10000
10000
10000
10000
10000
10000
10000
10000
10000
10000
10000
10000
10000
10000
10000
10000
10000
10000
10000
10000
10000
10000
10000
10000
10000
10000
10000
10000
10000
10000
10000
10000
10000
10000
10000
10000
10000
10000
10000
10000
10000
10000
10000
10000
10000
10000
10000
10000
10000
10000
10000
10000
10000
10000
10000
10000
10000
10000
10000
10000
10000
10000
10000
10000
10000
10000
10000
10000
10000
10000
10000
10000
10000
10000
10000
10000
10000
10000
10000
10000
10000
10000
10000
10000
10000
10000
10000
10000
10000
10000
10000
10000
10000
10000
10000
10000
10000
10000
10000
10000
10000
10000
10000
10000
10000
10000
10000
10000
10000
10000
10000
10000
10000
10000
10000
10000
10000
10000
10000
10000
10000
10000
10000
10000
10000
10000
10000
10000
10000
10000
10000
10000
10000
10000
10000
10000
10000
10000
10000
10000
10000
10000
10000
10000
10000
10000
10000
10000
10000
10000
10000
10000
10000
10000
10000
10000
10000
10000
10000
10000
10000
10000
10000
10000
10000
10000
10000
10000
10000
10000
10000
10000
10000
10000
10000
10000
10000
10000
10000
10000
10000
10000
10000
10000
10000
10000
10000
10000
10000
10000
10000
10000
10000
10000
10000
10000
10000
10000
10000
10000
10000
10000
10000
10000
10000
10000
10000
10000
10000
10000
10000
10000
10000
10000
10000
10000
10000
10000
10000
10000
10000
10000
10000
10000
10000
10000
10000
10000
10000
10000
10000
10000
10000
10000
10000
10000
10000
10000
10000
10000
10000
10000
10000
10000
10000
10000
10000
10000
10000
10000
10000
10000
10000
10000
10000
10000
10000
10000
10000
10000
10000
10000
10000
10000
10000
10000
10000
10000
10000
10000
10000
10000
10000
10000
10000
10000
10000
10000
10000
10000
10000
10000
10000
10000
10000
10000
10000
10000
10000
10000
10000
10000
10000
10000
10000
10000
10000
10000
10000
10000
10000
10000
10000
10000
10000
10000
10000
10000
10000
10000
10000
10000
10000
10000
10000
10000
10000
10000
10000
10000
10000
10000
10000
10000
10000
10000
10000
10000
10000
10000
10000
10000
10000
10000
10000
10000
10000
10000
10000
10000
10000
10000
10000
10000
10000
10000
10000
10000
10000
10000
10000
10000
10000
10000
10000
10000
10000
10000
10000
10000
10000
10000
10000
10000
10000
10000
10000
10000
10000
10000
10000
10000
10000
10000
10000
10000
10000
10000
10000
10000
10000
10000
10000
10000
10000
10000
10000
10000
10000
)
;

boundaryField
{
    sides
    {
        type            zeroGradient;
    }
    empty
    {
        type            empty;
    }
}


// ************************************************************************* //
