/*--------------------------------*- C++ -*----------------------------------*\
  =========                 |
  \\      /  F ield         | OpenFOAM: The Open Source CFD Toolbox
   \\    /   O peration     | Website:  https://openfoam.org
    \\  /    A nd           | Version:  9
     \\/     M anipulation  |
\*---------------------------------------------------------------------------*/
FoamFile
{
    format      ascii;
    class       volScalarField;
    location    "0.024";
    object      p_0;
}
// * * * * * * * * * * * * * * * * * * * * * * * * * * * * * * * * * * * * * //

dimensions      [1 -1 -2 0 0 0 0];

internalField   nonuniform List<scalar> 
10000
(
28959.4
28959.1
28958.9
28958.7
28958.5
28958.3
28958
28957.8
28957.6
28957.4
28957.2
28957
28956.7
28956.5
28956.3
28956.1
28955.9
28955.7
28955.4
28955.2
28955
28954.8
28954.6
28954.3
28954.1
28953.9
28953.7
28953.5
28953.2
28953
28952.8
28952.6
28952.4
28952.1
28951.9
28951.7
28951.5
28951.3
28951
28950.8
28950.6
28950.4
28950.2
28949.9
28949.7
28949.5
28949.3
28949.1
28948.8
28948.6
28948.4
28948.2
28947.9
28947.7
28947.5
28947.3
28947
28946.8
28946.6
28946.4
28946.2
28945.9
28945.7
28945.5
28945.3
28945
28944.8
28944.6
28944.4
28944.1
28943.9
28943.7
28943.5
28943.2
28943
28942.8
28942.6
28942.3
28942.1
28941.9
28941.7
28941.4
28941.2
28941
28940.7
28940.5
28940.3
28940.1
28939.8
28939.6
28939.4
28939.2
28938.9
28938.7
28938.5
28938.2
28938
28937.8
28937.6
28937.3
28937.1
28936.9
28936.6
28936.4
28936.2
28936
28935.7
28935.5
28935.3
28935
28934.8
28934.6
28934.3
28934.1
28933.9
28933.7
28933.4
28933.2
28933
28932.7
28932.5
28932.3
28932
28931.8
28931.6
28931.3
28931.1
28930.9
28930.6
28930.4
28930.2
28929.9
28929.7
28929.5
28929.2
28929
28928.8
28928.5
28928.3
28928.1
28927.8
28927.6
28927.4
28927.1
28926.9
28926.7
28926.4
28926.2
28926
28925.7
28925.5
28925.3
28925
28924.8
28924.5
28924.3
28924.1
28923.8
28923.6
28923.4
28923.1
28922.9
28922.7
28922.4
28922.2
28921.9
28921.7
28921.5
28921.2
28921
28920.7
28920.5
28920.3
28920
28919.8
28919.6
28919.3
28919.1
28918.8
28918.6
28918.4
28918.1
28917.9
28917.6
28917.4
28917.2
28916.9
28916.7
28916.4
28916.2
28916
28915.7
28915.5
28915.2
28915
28914.8
28914.5
28914.3
28914
28913.8
28913.5
28913.3
28913.1
28912.8
28912.6
28912.3
28912.1
28911.8
28911.6
28911.4
28911.1
28910.9
28910.6
28910.4
28910.1
28909.9
28909.6
28909.4
28909.2
28908.9
28908.7
28908.4
28908.2
28907.9
28907.7
28907.4
28907.2
28906.9
28906.7
28906.5
28906.2
28906
28905.7
28905.5
28905.2
28905
28904.7
28904.5
28904.2
28904
28903.7
28903.5
28903.2
28903
28902.7
28902.5
28902.3
28902
28901.8
28901.5
28901.3
28901
28900.8
28900.5
28900.3
28900
28899.8
28899.5
28899.3
28899
28898.8
28898.5
28898.3
28898
28897.8
28897.5
28897.3
28897
28896.8
28896.5
28896.3
28896
28895.7
28895.5
28895.2
28895
28894.7
28894.5
28894.2
28894
28893.7
28893.5
28893.2
28893
28892.7
28892.5
28892.2
28892
28891.7
28891.4
28891.2
28890.9
28890.7
28890.4
28890.2
28889.9
28889.7
28889.4
28889.2
28888.9
28888.6
28888.4
28888.1
28887.9
28887.6
28887.4
28887.1
28886.8
28886.6
28886.3
28886.1
28885.8
28885.6
28885.3
28885
28884.8
28884.5
28884.3
28884
28883.8
28883.5
28883.2
28883
28882.7
28882.5
28882.2
28881.9
28881.7
28881.4
28881.2
28880.9
28880.6
28880.4
28880.1
28879.9
28879.6
28879.3
28879.1
28878.8
28878.6
28878.3
28878
28877.8
28877.5
28877.3
28877
28876.7
28876.5
28876.2
28875.9
28875.7
28875.4
28875.2
28874.9
28874.6
28874.4
28874.1
28873.8
28873.6
28873.3
28873.1
28872.8
28872.5
28872.3
28872
28871.7
28871.5
28871.2
28870.9
28870.7
28870.4
28870.1
28869.9
28869.6
28869.3
28869.1
28868.8
28868.6
28868.3
28868
28867.8
28867.5
28867.2
28867
28866.7
28866.4
28866.2
28865.9
28865.6
28865.3
28865.1
28864.8
28864.5
28864.3
28864
28863.7
28863.5
28863.2
28862.9
28862.7
28862.4
28862.1
28861.9
28861.6
28861.3
28861
28860.8
28860.5
28860.2
28860
28859.7
28859.4
28859.2
28858.9
28858.6
28858.3
28858.1
28857.8
28857.5
28857.3
28857
28856.7
28856.4
28856.2
28855.9
28855.6
28855.4
28855.1
28854.8
28854.5
28854.3
28854
28853.7
28853.4
28853.2
28852.9
28852.6
28852.3
28852.1
28851.8
28851.5
28851.2
28851
28850.7
28850.4
28850.1
28849.9
28849.6
28849.3
28849
28848.8
28848.5
28848.2
28847.9
28847.7
28847.4
28847.1
28846.8
28846.6
28846.3
28846
28845.7
28845.4
28845.2
28844.9
28844.6
28844.3
28844.1
28843.8
28843.5
28843.2
28842.9
28842.7
28842.4
28842.1
28841.8
28841.5
28841.3
28841
28840.7
28840.4
28840.1
28839.9
28839.6
28839.3
28839
28838.7
28838.5
28838.2
28837.9
28837.6
28837.3
28837.1
28836.8
28836.5
28836.2
28835.9
28835.6
28835.4
28835.1
28834.8
28834.5
28834.2
28833.9
28833.7
28833.4
28833.1
28832.8
28832.5
28832.2
28832
28831.7
28831.4
28831.1
28830.8
28830.5
28830.3
28830
28829.7
28829.4
28829.1
28828.8
28828.5
28828.3
28828
28827.7
28827.4
28827.1
28826.8
28826.5
28826.3
28826
28825.7
28825.4
28825.1
28824.8
28824.5
28824.2
28824
28823.7
28823.4
28823.1
28822.8
28822.5
28822.2
28821.9
28821.6
28821.4
28821.1
28820.8
28820.5
28820.2
28819.9
28819.6
28819.3
28819
28818.7
28818.5
28818.2
28817.9
28817.6
28817.3
28817
28816.7
28816.4
28816.1
28815.8
28815.5
28815.3
28815
28814.7
28814.4
28814.1
28813.8
28813.5
28813.2
28812.9
28812.6
28812.3
28812
28811.7
28811.4
28811.2
28810.9
28810.6
28810.3
28810
28809.7
28809.4
28809.1
28808.8
28808.5
28808.2
28807.9
28807.6
28807.3
28807
28806.7
28806.4
28806.1
28805.8
28805.5
28805.2
28804.9
28804.7
28804.4
28804.1
28803.8
28803.5
28803.2
28802.9
28802.6
28802.3
28802
28801.7
28801.4
28801.1
28800.8
28800.5
28800.2
28799.9
28799.6
28799.3
28799
28798.7
28798.4
28798.1
28797.8
28797.5
28797.2
28796.9
28796.6
28796.3
28796
28795.7
28795.4
28795.1
28794.8
28794.5
28794.2
28793.9
28793.6
28793.3
28793
28792.7
28792.4
28792.1
28791.8
28791.5
28791.1
28790.8
28790.5
28790.2
28789.9
28789.6
28789.3
28789
28788.7
28788.4
28788.1
28787.8
28787.5
28787.2
28786.9
28786.6
28786.3
28786
28785.7
28785.4
28785.1
28784.8
28784.4
28784.1
28783.8
28783.5
28783.2
28782.9
28782.6
28782.3
28782
28781.7
28781.4
28781.1
28780.8
28780.5
28780.1
28779.8
28779.5
28779.2
28778.9
28778.6
28778.3
28778
28777.7
28777.4
28777.1
28776.7
28776.4
28776.1
28775.8
28775.5
28775.2
28774.9
28774.6
28774.3
28774
28773.6
28773.3
28773
28772.7
28772.4
28772.1
28771.8
28771.5
28771.2
28770.8
28770.5
28770.2
28769.9
28769.6
28769.3
28769
28768.6
28768.3
28768
28767.7
28767.4
28767.1
28766.8
28766.5
28766.1
28765.8
28765.5
28765.2
28764.9
28764.6
28764.2
28763.9
28763.6
28763.3
28763
28762.7
28762.4
28762
28761.7
28761.4
28761.1
28760.8
28760.5
28760.1
28759.8
28759.5
28759.2
28758.9
28758.6
28758.2
28757.9
28757.6
28757.3
28757
28756.6
28756.3
28756
28755.7
28755.4
28755
28754.7
28754.4
28754.1
28753.8
28753.5
28753.1
28752.8
28752.5
28752.2
28751.8
28751.5
28751.2
28750.9
28750.6
28750.2
28749.9
28749.6
28749.3
28749
28748.6
28748.3
28748
28747.7
28747.3
28747
28746.7
28746.4
28746.1
28745.7
28745.4
28745.1
28744.8
28744.4
28744.1
28743.8
28743.5
28743.1
28742.8
28742.5
28742.2
28741.8
28741.5
28741.2
28740.9
28740.5
28740.2
28739.9
28739.6
28739.2
28738.9
28738.6
28738.3
28737.9
28737.6
28737.3
28737
28736.6
28736.3
28736
28735.6
28735.3
28735
28734.7
28734.3
28734
28733.7
28733.3
28733
28732.7
28732.4
28732
28731.7
28731.4
28731
28730.7
28730.4
28730.1
28729.7
28729.4
28729.1
28728.7
28728.4
28728.1
28727.7
28727.4
28727.1
28726.7
28726.4
28726.1
28725.7
28725.4
28725.1
28724.8
28724.4
28724.1
28723.8
28723.4
28723.1
28722.8
28722.4
28722.1
28721.8
28721.4
28721.1
28720.8
28720.4
28720.1
28719.8
28719.4
28719.1
28718.7
28718.4
28718.1
28717.7
28717.4
28717.1
28716.7
28716.4
28716.1
28715.7
28715.4
28715.1
28714.7
28714.4
28714
28713.7
28713.4
28713
28712.7
28712.4
28712
28711.7
28711.3
28711
28710.7
28710.3
28710
28709.7
28709.3
28709
28708.6
28708.3
28708
28707.6
28707.3
28706.9
28706.6
28706.3
28705.9
28705.6
28705.2
28704.9
28704.6
28704.2
28703.9
28703.5
28703.2
28702.9
28702.5
28702.2
28701.8
28701.5
28701.1
28700.8
28700.5
28700.1
28699.8
28699.4
28699.1
28698.7
28698.4
28698.1
28697.7
28697.4
28697
28696.7
28696.3
28696
28695.7
28695.3
28695
28694.6
28694.3
28693.9
28693.6
28693.2
28692.9
28692.5
28692.2
28691.9
28691.5
28691.2
28690.8
28690.5
28690.1
28689.8
28689.4
28689.1
28688.7
28688.4
28688
28687.7
28687.3
28687
28686.7
28686.3
28686
28685.6
28685.3
28684.9
28684.6
28684.2
28683.9
28683.5
28683.2
28682.8
28682.5
28682.1
28681.8
28681.4
28681.1
28680.7
28680.4
28680
28679.7
28679.3
28679
28678.6
28678.3
28677.9
28677.6
28677.2
28676.8
28676.5
28676.1
28675.8
28675.4
28675.1
28674.7
28674.4
28674
28673.7
28673.3
28673
28672.6
28672.3
28671.9
28671.5
28671.2
28670.8
28670.5
28670.1
28669.8
28669.4
28669.1
28668.7
28668.4
28668
28667.6
28667.3
28666.9
28666.6
28666.2
28665.9
28665.5
28665.1
28664.8
28664.4
28664.1
28663.7
28663.4
28663
28662.6
28662.3
28661.9
28661.6
28661.2
28660.9
28660.5
28660.1
28659.8
28659.4
28659.1
28658.7
28658.3
28658
28657.6
28657.3
28656.9
28656.5
28656.2
28655.8
28655.5
28655.1
28654.7
28654.4
28654
28653.7
28653.3
28652.9
28652.6
28652.2
28651.8
28651.5
28651.1
28650.8
28650.4
28650
28649.7
28649.3
28648.9
28648.6
28648.2
28647.9
28647.5
28647.1
28646.8
28646.4
28646
28645.7
28645.3
28644.9
28644.6
28644.2
28643.8
28643.5
28643.1
28642.8
28642.4
28642
28641.7
28641.3
28640.9
28640.6
28640.2
28639.8
28639.5
28639.1
28638.7
28638.4
28638
28637.6
28637.3
28636.9
28636.5
28636.1
28635.8
28635.4
28635
28634.7
28634.3
28633.9
28633.6
28633.2
28632.8
28632.5
28632.1
28631.7
28631.3
28631
28630.6
28630.2
28629.9
28629.5
28629.1
28628.8
28628.4
28628
28627.6
28627.3
28626.9
28626.5
28626.2
28625.8
28625.4
28625
28624.7
28624.3
28623.9
28623.5
28623.2
28622.8
28622.4
28622
28621.7
28621.3
28620.9
28620.6
28620.2
28619.8
28619.4
28619.1
28618.7
28618.3
28617.9
28617.6
28617.2
28616.8
28616.4
28616.1
28615.7
28615.3
28614.9
28614.5
28614.2
28613.8
28613.4
28613
28612.7
28612.3
28611.9
28611.5
28611.1
28610.8
28610.4
28610
28609.6
28609.3
28608.9
28608.5
28608.1
28607.7
28607.4
28607
28606.6
28606.2
28605.8
28605.5
28605.1
28604.7
28604.3
28603.9
28603.6
28603.2
28602.8
28602.4
28602
28601.7
28601.3
28600.9
28600.5
28600.1
28599.7
28599.4
28599
28598.6
28598.2
28597.8
28597.5
28597.1
28596.7
28596.3
28595.9
28595.5
28595.1
28594.8
28594.4
28594
28593.6
28593.2
28592.8
28592.5
28592.1
28591.7
28591.3
28590.9
28590.5
28590.1
28589.8
28589.4
28589
28588.6
28588.2
28587.8
28587.4
28587.1
28586.7
28586.3
28585.9
28585.5
28585.1
28584.7
28584.3
28584
28583.6
28583.2
28582.8
28582.4
28582
28581.6
28581.2
28580.8
28580.5
28580.1
28579.7
28579.3
28578.9
28578.5
28578.1
28577.7
28577.3
28576.9
28576.5
28576.2
28575.8
28575.4
28575
28574.6
28574.2
28573.8
28573.4
28573
28572.6
28572.2
28571.8
28571.5
28571.1
28570.7
28570.3
28569.9
28569.5
28569.1
28568.7
28568.3
28567.9
28567.5
28567.1
28566.7
28566.3
28565.9
28565.5
28565.2
28564.8
28564.4
28564
28563.6
28563.2
28562.8
28562.4
28562
28561.6
28561.2
28560.8
28560.4
28560
28559.6
28559.2
28558.8
28558.4
28558
28557.6
28557.2
28556.8
28556.4
28556
28555.6
28555.2
28554.8
28554.4
28554
28553.6
28553.2
28552.8
28552.4
28552
28551.6
28551.2
28550.8
28550.4
28550
28549.6
28549.2
28548.8
28548.4
28548
28547.6
28547.2
28546.8
28546.4
28546
28545.6
28545.2
28544.8
28544.4
28544
28543.6
28543.2
28542.8
28542.4
28542
28541.6
28541.2
28540.8
28540.4
28540
28539.6
28539.2
28538.8
28538.3
28537.9
28537.5
28537.1
28536.7
28536.3
28535.9
28535.5
28535.1
28534.7
28534.3
28533.9
28533.5
28533.1
28532.7
28532.3
28531.8
28531.4
28531
28530.6
28530.2
28529.8
28529.4
28529
28528.6
28528.2
28527.8
28527.4
28526.9
28526.5
28526.1
28525.7
28525.3
28524.9
28524.5
28524.1
28523.7
28523.3
28522.9
28522.4
28522
28521.6
28521.2
28520.8
28520.4
28520
28519.6
28519.2
28518.7
28518.3
28517.9
28517.5
28517.1
28516.7
28516.3
28515.9
28515.4
28515
28514.6
28514.2
28513.8
28513.4
28513
28512.5
28512.1
28511.7
28511.3
28510.9
28510.5
28510.1
28509.6
28509.2
28508.8
28508.4
28508
28507.6
28507.1
28506.7
28506.3
28505.9
28505.5
28505.1
28504.6
28504.2
28503.8
28503.4
28503
28502.6
28502.1
28501.7
28501.3
28500.9
28500.5
28500
28499.6
28499.2
28498.8
28498.4
28498
28497.5
28497.1
28496.7
28496.3
28495.9
28495.4
28495
28494.6
28494.2
28493.8
28493.3
28492.9
28492.5
28492.1
28491.6
28491.2
28490.8
28490.4
28490
28489.5
28489.1
28488.7
28488.3
28487.8
28487.4
28487
28486.6
28486.2
28485.7
28485.3
28484.9
28484.5
28484
28483.6
28483.2
28482.8
28482.3
28481.9
28481.5
28481.1
28480.6
28480.2
28479.8
28479.4
28478.9
28478.5
28478.1
28477.7
28477.2
28476.8
28476.4
28476
28475.5
28475.1
28474.7
28474.2
28473.8
28473.4
28473
28472.5
28472.1
28471.7
28471.2
28470.8
28470.4
28470
28469.5
28469.1
28468.7
28468.2
28467.8
28467.4
28467
28466.5
28466.1
28465.7
28465.2
28464.8
28464.4
28463.9
28463.5
28463.1
28462.6
28462.2
28461.8
28461.3
28460.9
28460.5
28460
28459.6
28459.2
28458.8
28458.3
28457.9
28457.5
28457
28456.6
28456.2
28455.7
28455.3
28454.8
28454.4
28454
28453.5
28453.1
28452.7
28452.2
28451.8
28451.4
28450.9
28450.5
28450.1
28449.6
28449.2
28448.8
28448.3
28447.9
28447.4
28447
28446.6
28446.1
28445.7
28445.3
28444.8
28444.4
28443.9
28443.5
28443.1
28442.6
28442.2
28441.8
28441.3
28440.9
28440.4
28440
28439.6
28439.1
28438.7
28438.2
28437.8
28437.4
28436.9
28436.5
28436
28435.6
28435.2
28434.7
28434.3
28433.8
28433.4
28433
28432.5
28432.1
28431.6
28431.2
28430.7
28430.3
28429.9
28429.4
28429
28428.5
28428.1
28427.6
28427.2
28426.8
28426.3
28425.9
28425.4
28425
28424.5
28424.1
28423.6
28423.2
28422.8
28422.3
28421.9
28421.4
28421
28420.5
28420.1
28419.6
28419.2
28418.7
28418.3
28417.9
28417.4
28417
28416.5
28416.1
28415.6
28415.2
28414.7
28414.3
28413.8
28413.4
28412.9
28412.5
28412
28411.6
28411.1
28410.7
28410.2
28409.8
28409.3
28408.9
28408.4
28408
28407.5
28407.1
28406.6
28406.2
28405.7
28405.3
28404.8
28404.4
28403.9
28403.5
28403
28402.6
28402.1
28401.7
28401.2
28400.8
28400.3
28399.9
28399.4
28399
28398.5
28398.1
28397.6
28397.1
28396.7
28396.2
28395.8
28395.3
28394.9
28394.4
28394
28393.5
28393.1
28392.6
28392.1
28391.7
28391.2
28390.8
28390.3
28389.9
28389.4
28389
28388.5
28388
28387.6
28387.1
28386.7
28386.2
28385.8
28385.3
28384.8
28384.4
28383.9
28383.5
28383
28382.6
28382.1
28381.6
28381.2
28380.7
28380.3
28379.8
28379.3
28378.9
28378.4
28378
28377.5
28377
28376.6
28376.1
28375.7
28375.2
28374.7
28374.3
28373.8
28373.4
28372.9
28372.4
28372
28371.5
28371.1
28370.6
28370.1
28369.7
28369.2
28368.7
28368.3
28367.8
28367.4
28366.9
28366.4
28366
28365.5
28365
28364.6
28364.1
28363.6
28363.2
28362.7
28362.2
28361.8
28361.3
28360.9
28360.4
28359.9
28359.5
28359
28358.5
28358.1
28357.6
28357.1
28356.7
28356.2
28355.7
28355.3
28354.8
28354.3
28353.9
28353.4
28352.9
28352.5
28352
28351.5
28351
28350.6
28350.1
28349.6
28349.2
28348.7
28348.2
28347.8
28347.3
28346.8
28346.4
28345.9
28345.4
28344.9
28344.5
28344
28343.5
28343.1
28342.6
28342.1
28341.6
28341.2
28340.7
28340.2
28339.8
28339.3
28338.8
28338.3
28337.9
28337.4
28336.9
28336.5
28336
28335.5
28335
28334.6
28334.1
28333.6
28333.1
28332.7
28332.2
28331.7
28331.2
28330.8
28330.3
28329.8
28329.3
28328.9
28328.4
28327.9
28327.4
28327
28326.5
28326
28325.5
28325.1
28324.6
28324.1
28323.6
28323.1
28322.7
28322.2
28321.7
28321.2
28320.8
28320.3
28319.8
28319.3
28318.8
28318.4
28317.9
28317.4
28316.9
28316.5
28316
28315.5
28315
28314.5
28314.1
28313.6
28313.1
28312.6
28312.1
28311.7
28311.2
28310.7
28310.2
28309.7
28309.2
28308.8
28308.3
28307.8
28307.3
28306.8
28306.4
28305.9
28305.4
28304.9
28304.4
28303.9
28303.5
28303
28302.5
28302
28301.5
28301
28300.6
28300.1
28299.6
28299.1
28298.6
28298.1
28297.6
28297.2
28296.7
28296.2
28295.7
28295.2
28294.7
28294.2
28293.8
28293.3
28292.8
28292.3
28291.8
28291.3
28290.8
28290.3
28289.9
28289.4
28288.9
28288.4
28287.9
28287.4
28286.9
28286.4
28286
28285.5
28285
28284.5
28284
28283.5
28283
28282.5
28282
28281.6
28281.1
28280.6
28280.1
28279.6
28279.1
28278.6
28278.1
28277.6
28277.1
28276.6
28276.1
28275.7
28275.2
28274.7
28274.2
28273.7
28273.2
28272.7
28272.2
28271.7
28271.2
28270.7
28270.2
28269.7
28269.2
28268.8
28268.3
28267.8
28267.3
28266.8
28266.3
28265.8
28265.3
28264.8
28264.3
28263.8
28263.3
28262.8
28262.3
28261.8
28261.3
28260.8
28260.3
28259.8
28259.3
28258.8
28258.3
28257.8
28257.4
28256.9
28256.4
28255.9
28255.4
28254.9
28254.4
28253.9
28253.4
28252.9
28252.4
28251.9
28251.4
28250.9
28250.4
28249.9
28249.4
28248.9
28248.4
28247.9
28247.4
28246.9
28246.4
28245.9
28245.4
28244.9
28244.4
28243.9
28243.4
28242.9
28242.4
28241.9
28241.4
28240.9
28240.4
28239.8
28239.3
28238.8
28238.3
28237.8
28237.3
28236.8
28236.3
28235.8
28235.3
28234.8
28234.3
28233.8
28233.3
28232.8
28232.3
28231.8
28231.3
28230.8
28230.3
28229.8
28229.3
28228.7
28228.2
28227.7
28227.2
28226.7
28226.2
28225.7
28225.2
28224.7
28224.2
28223.7
28223.2
28222.7
28222.2
28221.7
28221.1
28220.6
28220.1
28219.6
28219.1
28218.6
28218.1
28217.6
28217.1
28216.6
28216.1
28215.5
28215
28214.5
28214
28213.5
28213
28212.5
28212
28211.5
28210.9
28210.4
28209.9
28209.4
28208.9
28208.4
28207.9
28207.4
28206.8
28206.3
28205.8
28205.3
28204.8
28204.3
28203.8
28203.3
28202.7
28202.2
28201.7
28201.2
28200.7
28200.2
28199.7
28199.1
28198.6
28198.1
28197.6
28197.1
28196.6
28196.1
28195.5
28195
28194.5
28194
28193.5
28193
28192.4
28191.9
28191.4
28190.9
28190.4
28189.9
28189.3
28188.8
28188.3
28187.8
28187.3
28186.7
28186.2
28185.7
28185.2
28184.7
28184.2
28183.6
28183.1
28182.6
28182.1
28181.6
28181
28180.5
28180
28179.5
28179
28178.4
28177.9
28177.4
28176.9
28176.3
28175.8
28175.3
28174.8
28174.3
28173.7
28173.2
28172.7
28172.2
28171.6
28171.1
28170.6
28170.1
28169.6
28169
28168.5
28168
28167.5
28166.9
28166.4
28165.9
28165.4
28164.8
28164.3
28163.8
28163.3
28162.7
28162.2
28161.7
28161.2
28160.6
28160.1
28159.6
28159.1
28158.5
28158
28157.5
28157
28156.4
28155.9
28155.4
28154.8
28154.3
28153.8
28153.3
28152.7
28152.2
28151.7
28151.1
28150.6
28150.1
28149.6
28149
28148.5
28148
28147.4
28146.9
28146.4
28145.9
28145.3
28144.8
28144.3
28143.7
28143.2
28142.7
28142.1
28141.6
28141.1
28140.5
28140
28139.5
28138.9
28138.4
28137.9
28137.3
28136.8
28136.3
28135.8
28135.2
28134.7
28134.2
28133.6
28133.1
28132.5
28132
28131.5
28130.9
28130.4
28129.9
28129.3
28128.8
28128.3
28127.7
28127.2
28126.7
28126.1
28125.6
28125.1
28124.5
28124
28123.5
28122.9
28122.4
28121.8
28121.3
28120.8
28120.2
28119.7
28119.2
28118.6
28118.1
28117.5
28117
28116.5
28115.9
28115.4
28114.8
28114.3
28113.8
28113.2
28112.7
28112.2
28111.6
28111.1
28110.5
28110
28109.5
28108.9
28108.4
28107.8
28107.3
28106.7
28106.2
28105.7
28105.1
28104.6
28104
28103.5
28103
28102.4
28101.9
28101.3
28100.8
28100.2
28099.7
28099.2
28098.6
28098.1
28097.5
28097
28096.4
28095.9
28095.4
28094.8
28094.3
28093.7
28093.2
28092.6
28092.1
28091.5
28091
28090.4
28089.9
28089.4
28088.8
28088.3
28087.7
28087.2
28086.6
28086.1
28085.5
28085
28084.4
28083.9
28083.3
28082.8
28082.2
28081.7
28081.1
28080.6
28080.1
28079.5
28079
28078.4
28077.9
28077.3
28076.8
28076.2
28075.7
28075.1
28074.6
28074
28073.5
28072.9
28072.4
28071.8
28071.3
28070.7
28070.2
28069.6
28069.1
28068.5
28067.9
28067.4
28066.8
28066.3
28065.7
28065.2
28064.6
28064.1
28063.5
28063
28062.4
28061.9
28061.3
28060.8
28060.2
28059.7
28059.1
28058.5
28058
28057.4
28056.9
28056.3
28055.8
28055.2
28054.7
28054.1
28053.5
28053
28052.4
28051.9
28051.3
28050.8
28050.2
28049.7
28049.1
28048.5
28048
28047.4
28046.9
28046.3
28045.8
28045.2
28044.6
28044.1
28043.5
28043
28042.4
28041.8
28041.3
28040.7
28040.2
28039.6
28039
28038.5
28037.9
28037.4
28036.8
28036.2
28035.7
28035.1
28034.6
28034
28033.4
28032.9
28032.3
28031.8
28031.2
28030.6
28030.1
28029.5
28028.9
28028.4
28027.8
28027.3
28026.7
28026.1
28025.6
28025
28024.4
28023.9
28023.3
28022.8
28022.2
28021.6
28021.1
28020.5
28019.9
28019.4
28018.8
28018.2
28017.7
28017.1
28016.5
28016
28015.4
28014.8
28014.3
28013.7
28013.1
28012.6
28012
28011.4
28010.9
28010.3
28009.7
28009.2
28008.6
28008
28007.5
28006.9
28006.3
28005.8
28005.2
28004.6
28004.1
28003.5
28002.9
28002.3
28001.8
28001.2
28000.6
28000.1
27999.5
27998.9
27998.4
27997.8
27997.2
27996.6
27996.1
27995.5
27994.9
27994.4
27993.8
27993.2
27992.6
27992.1
27991.5
27990.9
27990.4
27989.8
27989.2
27988.6
27988.1
27987.5
27986.9
27986.3
27985.8
27985.2
27984.6
27984
27983.5
27982.9
27982.3
27981.8
27981.2
27980.6
27980
27979.4
27978.9
27978.3
27977.7
27977.1
27976.6
27976
27975.4
27974.8
27974.3
27973.7
27973.1
27972.5
27972
27971.4
27970.8
27970.2
27969.6
27969.1
27968.5
27967.9
27967.3
27966.8
27966.2
27965.6
27965
27964.4
27963.9
27963.3
27962.7
27962.1
27961.5
27961
27960.4
27959.8
27959.2
27958.6
27958.1
27957.5
27956.9
27956.3
27955.7
27955.1
27954.6
27954
27953.4
27952.8
27952.2
27951.7
27951.1
27950.5
27949.9
27949.3
27948.7
27948.2
27947.6
27947
27946.4
27945.8
27945.2
27944.6
27944.1
27943.5
27942.9
27942.3
27941.7
27941.1
27940.6
27940
27939.4
27938.8
27938.2
27937.6
27937
27936.4
27935.9
27935.3
27934.7
27934.1
27933.5
27932.9
27932.3
27931.8
27931.2
27930.6
27930
27929.4
27928.8
27928.2
27927.6
27927
27926.5
27925.9
27925.3
27924.7
27924.1
27923.5
27922.9
27922.3
27921.7
27921.1
27920.6
27920
27919.4
27918.8
27918.2
27917.6
27917
27916.4
27915.8
27915.2
27914.6
27914
27913.5
27912.9
27912.3
27911.7
27911.1
27910.5
27909.9
27909.3
27908.7
27908.1
27907.5
27906.9
27906.3
27905.7
27905.1
27904.6
27904
27903.4
27902.8
27902.2
27901.6
27901
27900.4
27899.8
27899.2
27898.6
27898
27897.4
27896.8
27896.2
27895.6
27895
27894.4
27893.8
27893.2
27892.6
27892
27891.4
27890.8
27890.2
27889.6
27889
27888.4
27887.8
27887.2
27886.6
27886
27885.4
27884.8
27884.2
27883.6
27883
27882.4
27881.8
27881.2
27880.6
27880
27879.4
27878.8
27878.2
27877.6
27877
27876.4
27875.8
27875.2
27874.6
27874
27873.4
27872.8
27872.2
27871.6
27871
27870.4
27869.8
27869.2
27868.6
27868
27867.4
27866.8
27866.2
27865.6
27865
27864.4
27863.8
27863.2
27862.5
27861.9
27861.3
27860.7
27860.1
27859.5
27858.9
27858.3
27857.7
27857.1
27856.5
27855.9
27855.3
27854.7
27854.1
27853.5
27852.8
27852.2
27851.6
27851
27850.4
27849.8
27849.2
27848.6
27848
27847.4
27846.8
27846.2
27845.5
27844.9
27844.3
27843.7
27843.1
27842.5
27841.9
27841.3
27840.7
27840.1
27839.4
27838.8
27838.2
27837.6
27837
27836.4
27835.8
27835.2
27834.5
27833.9
27833.3
27832.7
27832.1
27831.5
27830.9
27830.3
27829.6
27829
27828.4
27827.8
27827.2
27826.6
27826
27825.3
27824.7
27824.1
27823.5
27822.9
27822.3
27821.7
27821
27820.4
27819.8
27819.2
27818.6
27818
27817.3
27816.7
27816.1
27815.5
27814.9
27814.3
27813.6
27813
27812.4
27811.8
27811.2
27810.6
27809.9
27809.3
27808.7
27808.1
27807.5
27806.9
27806.2
27805.6
27805
27804.4
27803.8
27803.1
27802.5
27801.9
27801.3
27800.7
27800
27799.4
27798.8
27798.2
27797.6
27796.9
27796.3
27795.7
27795.1
27794.4
27793.8
27793.2
27792.6
27792
27791.3
27790.7
27790.1
27789.5
27788.8
27788.2
27787.6
27787
27786.3
27785.7
27785.1
27784.5
27783.9
27783.2
27782.6
27782
27781.4
27780.7
27780.1
27779.5
27778.9
27778.2
27777.6
27777
27776.3
27775.7
27775.1
27774.5
27773.8
27773.2
27772.6
27772
27771.3
27770.7
27770.1
27769.5
27768.8
27768.2
27767.6
27766.9
27766.3
27765.7
27765.1
27764.4
27763.8
27763.2
27762.5
27761.9
27761.3
27760.6
27760
27759.4
27758.8
27758.1
27757.5
27756.9
27756.2
27755.6
27755
27754.3
27753.7
27753.1
27752.4
27751.8
27751.2
27750.6
27749.9
27749.3
27748.7
27748
27747.4
27746.8
27746.1
27745.5
27744.9
27744.2
27743.6
27743
27742.3
27741.7
27741.1
27740.4
27739.8
27739.1
27738.5
27737.9
27737.2
27736.6
27736
27735.3
27734.7
27734.1
27733.4
27732.8
27732.2
27731.5
27730.9
27730.2
27729.6
27729
27728.3
27727.7
27727.1
27726.4
27725.8
27725.1
27724.5
27723.9
27723.2
27722.6
27722
27721.3
27720.7
27720
27719.4
27718.8
27718.1
27717.5
27716.8
27716.2
27715.6
27714.9
27714.3
27713.6
27713
27712.4
27711.7
27711.1
27710.4
27709.8
27709.1
27708.5
27707.9
27707.2
27706.6
27705.9
27705.3
27704.6
27704
27703.4
27702.7
27702.1
27701.4
27700.8
27700.1
27699.5
27698.9
27698.2
27697.6
27696.9
27696.3
27695.6
27695
27694.3
27693.7
27693.1
27692.4
27691.8
27691.1
27690.5
27689.8
27689.2
27688.5
27687.9
27687.2
27686.6
27685.9
27685.3
27684.6
27684
27683.4
27682.7
27682.1
27681.4
27680.8
27680.1
27679.5
27678.8
27678.2
27677.5
27676.9
27676.2
27675.6
27674.9
27674.3
27673.6
27673
27672.3
27671.7
27671
27670.4
27669.7
27669.1
27668.4
27667.8
27667.1
27666.5
27665.8
27665.2
27664.5
27663.9
27663.2
27662.6
27661.9
27661.3
27660.6
27659.9
27659.3
27658.6
27658
27657.3
27656.7
27656
27655.4
27654.7
27654.1
27653.4
27652.8
27652.1
27651.4
27650.8
27650.1
27649.5
27648.8
27648.2
27647.5
27646.9
27646.2
27645.5
27644.9
27644.2
27643.6
27642.9
27642.3
27641.6
27641
27640.3
27639.6
27639
27638.3
27637.7
27637
27636.3
27635.7
27635
27634.4
27633.7
27633.1
27632.4
27631.7
27631.1
27630.4
27629.8
27629.1
27628.4
27627.8
27627.1
27626.5
27625.8
27625.1
27624.5
27623.8
27623.2
27622.5
27621.8
27621.2
27620.5
27619.9
27619.2
27618.5
27617.9
27617.2
27616.5
27615.9
27615.2
27614.6
27613.9
27613.2
27612.6
27611.9
27611.2
27610.6
27609.9
27609.2
27608.6
27607.9
27607.3
27606.6
27605.9
27605.3
27604.6
27603.9
27603.3
27602.6
27601.9
27601.3
27600.6
27599.9
27599.3
27598.6
27597.9
27597.3
27596.6
27595.9
27595.3
27594.6
27593.9
27593.3
27592.6
27591.9
27591.3
27590.6
27589.9
27589.3
27588.6
27587.9
27587.3
27586.6
27585.9
27585.3
27584.6
27583.9
27583.2
27582.6
27581.9
27581.2
27580.6
27579.9
27579.2
27578.6
27577.9
27577.2
27576.5
27575.9
27575.2
27574.5
27573.9
27573.2
27572.5
27571.8
27571.2
27570.5
27569.8
27569.2
27568.5
27567.8
27567.1
27566.5
27565.8
27565.1
27564.4
27563.8
27563.1
27562.4
27561.7
27561.1
27560.4
27559.7
27559.1
27558.4
27557.7
27557
27556.4
27555.7
27555
27554.3
27553.7
27553
27552.3
27551.6
27550.9
27550.3
27549.6
27548.9
27548.2
27547.6
27546.9
27546.2
27545.5
27544.9
27544.2
27543.5
27542.8
27542.1
27541.5
27540.8
27540.1
27539.4
27538.8
27538.1
27537.4
27536.7
27536
27535.4
27534.7
27534
27533.3
27532.6
27532
27531.3
27530.6
27529.9
27529.2
27528.6
27527.9
27527.2
27526.5
27525.8
27525.2
27524.5
27523.8
27523.1
27522.4
27521.7
27521.1
27520.4
27519.7
27519
27518.3
27517.6
27517
27516.3
27515.6
27514.9
27514.2
27513.5
27512.9
27512.2
27511.5
27510.8
27510.1
27509.4
27508.8
27508.1
27507.4
27506.7
27506
27505.3
27504.6
27504
27503.3
27502.6
27501.9
27501.2
27500.5
27499.8
27499.2
27498.5
27497.8
27497.1
27496.4
27495.7
27495
27494.3
27493.7
27493
27492.3
27491.6
27490.9
27490.2
27489.5
27488.8
27488.2
27487.5
27486.8
27486.1
27485.4
27484.7
27484
27483.3
27482.6
27481.9
27481.3
27480.6
27479.9
27479.2
27478.5
27477.8
27477.1
27476.4
27475.7
27475
27474.4
27473.7
27473
27472.3
27471.6
27470.9
27470.2
27469.5
27468.8
27468.1
27467.4
27466.7
27466
27465.3
27464.7
27464
27463.3
27462.6
27461.9
27461.2
27460.5
27459.8
27459.1
27458.4
27457.7
27457
27456.3
27455.6
27454.9
27454.2
27453.5
27452.9
27452.2
27451.5
27450.8
27450.1
27449.4
27448.7
27448
27447.3
27446.6
27445.9
27445.2
27444.5
27443.8
27443.1
27442.4
27441.7
27441
27440.3
27439.6
27438.9
27438.2
27437.5
27436.8
27436.1
27435.4
27434.7
27434
27433.3
27432.6
27431.9
27431.2
27430.5
27429.8
27429.1
27428.4
27427.7
27427
27426.3
27425.6
27424.9
27424.2
27423.5
27422.8
27422.1
27421.4
27420.7
27420
27419.3
27418.6
27417.9
27417.2
27416.5
27415.8
27415.1
27414.4
27413.7
27413
27412.3
27411.6
27410.9
27410.2
27409.5
27408.8
27408.1
27407.4
27406.7
27406
27405.3
27404.6
27403.8
27403.1
27402.4
27401.7
27401
27400.3
27399.6
27398.9
27398.2
27397.5
27396.8
27396.1
27395.4
27394.7
27394
27393.3
27392.6
27391.9
27391.1
27390.4
27389.7
27389
27388.3
27387.6
27386.9
27386.2
27385.5
27384.8
27384.1
27383.4
27382.7
27381.9
27381.2
27380.5
27379.8
27379.1
27378.4
27377.7
27377
27376.3
27375.6
27374.9
27374.1
27373.4
27372.7
27372
27371.3
27370.6
27369.9
27369.2
27368.5
27367.8
27367
27366.3
27365.6
27364.9
27364.2
27363.5
27362.8
27362.1
27361.4
27360.6
27359.9
27359.2
27358.5
27357.8
27357.1
27356.4
27355.7
27354.9
27354.2
27353.5
27352.8
27352.1
27351.4
27350.7
27350
27349.2
27348.5
27347.8
27347.1
27346.4
27345.7
27345
27344.2
27343.5
27342.8
27342.1
27341.4
27340.7
27340
27339.2
27338.5
27337.8
27337.1
27336.4
27335.7
27334.9
27334.2
27333.5
27332.8
27332.1
27331.4
27330.6
27329.9
27329.2
27328.5
27327.8
27327.1
27326.3
27325.6
27324.9
27324.2
27323.5
27322.8
27322
27321.3
27320.6
27319.9
27319.2
27318.4
27317.7
27317
27316.3
27315.6
27314.9
27314.1
27313.4
27312.7
27312
27311.3
27310.5
27309.8
27309.1
27308.4
27307.7
27306.9
27306.2
27305.5
27304.8
27304.1
27303.3
27302.6
27301.9
27301.2
27300.4
27299.7
27299
27298.3
27297.6
27296.8
27296.1
27295.4
27294.7
27294
27293.2
27292.5
27291.8
27291.1
27290.3
27289.6
27288.9
27288.2
27287.4
27286.7
27286
27285.3
27284.6
27283.8
27283.1
27282.4
27281.7
27280.9
27280.2
27279.5
27278.8
27278
27277.3
27276.6
27275.9
27275.1
27274.4
27273.7
27273
27272.2
27271.5
27270.8
27270.1
27269.3
27268.6
27267.9
27267.2
27266.4
27265.7
27265
27264.3
27263.5
27262.8
27262.1
27261.4
27260.6
27259.9
27259.2
27258.4
27257.7
27257
27256.3
27255.5
27254.8
27254.1
27253.4
27252.6
27251.9
27251.2
27250.4
27249.7
27249
27248.3
27247.5
27246.8
27246.1
27245.3
27244.6
27243.9
27243.2
27242.4
27241.7
27241
27240.2
27239.5
27238.8
27238.1
27237.3
27236.6
27235.9
27235.1
27234.4
27233.7
27233
27232.2
27231.5
27230.8
27230
27229.3
27228.6
27227.8
27227.1
27226.4
27225.6
27224.9
27224.2
27223.5
27222.7
27222
27221.3
27220.5
27219.8
27219.1
27218.3
27217.6
27216.9
27216.1
27215.4
27214.7
27213.9
27213.2
27212.5
27211.8
27211
27210.3
27209.6
27208.8
27208.1
27207.4
27206.6
27205.9
27205.2
27204.4
27203.7
27203
27202.2
27201.5
27200.8
27200
27199.3
27198.6
27197.8
27197.1
27196.4
27195.6
27194.9
27194.2
27193.4
27192.7
27192
27191.2
27190.5
27189.8
27189
27188.3
27187.6
27186.8
27186.1
27185.3
27184.6
27183.9
27183.1
27182.4
27181.7
27180.9
27180.2
27179.5
27178.7
27178
27177.3
27176.5
27175.8
27175.1
27174.3
27173.6
27172.9
27172.1
27171.4
27170.6
27169.9
27169.2
27168.4
27167.7
27167
27166.2
27165.5
27164.8
27164
27163.3
27162.5
27161.8
27161.1
27160.3
27159.6
27158.9
27158.1
27157.4
27156.7
27155.9
27155.2
27154.4
27153.7
27153
27152.2
27151.5
27150.8
27150
27149.3
27148.6
27147.8
27147.1
27146.3
27145.6
27144.9
27144.1
27143.4
27142.7
27141.9
27141.2
27140.4
27139.7
27139
27138.2
27137.5
27136.8
27136
27135.3
27134.5
27133.8
27133.1
27132.3
27131.6
27130.9
27130.1
27129.4
27128.6
27127.9
27127.2
27126.4
27125.7
27125
27124.2
27123.5
27122.7
27122
27121.3
27120.5
27119.8
27119
27118.3
27117.6
27116.8
27116.1
27115.4
27114.6
27113.9
27113.1
27112.4
27111.7
27110.9
27110.2
27109.5
27108.7
27108
27107.2
27106.5
27105.8
27105
27104.3
27103.5
27102.8
27102.1
27101.3
27100.6
27099.9
27099.1
27098.4
27097.6
27096.9
27096.2
27095.4
27094.7
27094
27093.2
27092.5
27091.7
27091
27090.3
27089.5
27088.8
27088.1
27087.3
27086.6
27085.8
27085.1
27084.4
27083.6
27082.9
27082.1
27081.4
27080.7
27079.9
27079.2
27078.5
27077.7
27077
27076.2
27075.5
27074.8
27074
27073.3
27072.6
27071.8
27071.1
27070.4
27069.6
27068.9
27068.1
27067.4
27066.7
27065.9
27065.2
27064.5
27063.7
27063
27062.2
27061.5
27060.8
27060
27059.3
27058.6
27057.8
27057.1
27056.4
27055.6
27054.9
27054.1
27053.4
27052.7
27051.9
27051.2
27050.5
27049.7
27049
27048.3
27047.5
27046.8
27046.1
27045.3
27044.6
27043.9
27043.1
27042.4
27041.7
27040.9
27040.2
27039.4
27038.7
27038
27037.2
27036.5
27035.8
27035
27034.3
27033.6
27032.8
27032.1
27031.4
27030.6
27029.9
27029.2
27028.4
27027.7
27027
27026.2
27025.5
27024.8
27024.1
27023.3
27022.6
27021.9
27021.1
27020.4
27019.7
27018.9
27018.2
27017.5
27016.7
27016
27015.3
27014.5
27013.8
27013.1
27012.4
27011.6
27010.9
27010.2
27009.4
27008.7
27008
27007.3
27006.5
27005.8
27005.1
27004.3
27003.6
27002.9
27002.2
27001.4
27000.7
27000
26999.2
26998.5
26997.8
26997.1
26996.3
26995.6
26994.9
26994.2
26993.4
26992.7
26992
26991.3
26990.5
26989.8
26989.1
26988.4
26987.6
26986.9
26986.2
26985.5
26984.8
26984
26983.3
26982.6
26981.9
26981.1
26980.4
26979.7
26979
26978.3
26977.5
26976.8
26976.1
26975.4
26974.7
26973.9
26973.2
26972.5
26971.8
26971.1
26970.3
26969.6
26968.9
26968.2
26967.5
26966.8
26966
26965.3
26964.6
26963.9
26963.2
26962.5
26961.8
26961
26960.3
26959.6
26958.9
26958.2
26957.5
26956.8
26956.1
26955.3
26954.6
26953.9
26953.2
26952.5
26951.8
26951.1
26950.4
26949.7
26949
26948.3
26947.5
26946.8
26946.1
26945.4
26944.7
26944
26943.3
26942.6
26941.9
26941.2
26940.5
26939.8
26939.1
26938.4
26937.7
26937
26936.3
26935.6
26934.9
26934.2
26933.5
26932.8
26932.1
26931.4
26930.7
26930
26929.3
26928.6
26927.9
26927.2
26926.5
26925.8
26925.1
26924.4
26923.7
26923.1
26922.4
26921.7
26921
26920.3
26919.6
26918.9
26918.2
26917.5
26916.9
26916.2
26915.5
26914.8
26914.1
26913.4
26912.7
26912.1
26911.4
26910.7
26910
26909.3
26908.7
26908
26907.3
26906.6
26905.9
26905.3
26904.6
26903.9
26903.2
26902.6
26901.9
26901.2
26900.5
26899.9
26899.2
26898.5
26897.9
26897.2
26896.5
26895.9
26895.2
26894.5
26893.9
26893.2
26892.5
26891.9
26891.2
26890.6
26889.9
26889.2
26888.6
26887.9
26887.3
26886.6
26886
26885.3
26884.7
26884
26883.3
26882.7
26882
26881.4
26880.8
26880.1
26879.5
26878.8
26878.2
26877.5
26876.9
26876.2
26875.6
26875
26874.3
26873.7
26873.1
26872.4
26871.8
26871.2
26870.5
26869.9
26869.3
26868.6
26868
26867.4
26866.7
26866.1
26865.5
26864.9
26864.3
26863.6
26863
26862.4
26861.8
26861.2
26860.6
26859.9
26859.3
26858.7
26858.1
26857.5
26856.9
26856.3
26855.7
26855.1
26854.5
26853.9
26853.3
26852.7
26852.1
26851.5
26850.9
26850.3
26849.7
26849.2
26848.6
26848
26847.4
26846.8
26846.2
26845.7
26845.1
26844.5
26843.9
26843.4
26842.8
26842.2
26841.6
26841.1
26840.5
26840
26839.4
26838.8
26838.3
26837.7
26837.2
26836.6
26836.1
26835.5
26835
26834.4
26833.9
26833.3
26832.8
26832.3
26831.7
26831.2
26830.7
26830.1
26829.6
26829.1
26828.6
26828
26827.5
26827
26826.5
26826
26825.5
26825
26824.5
26824
26823.5
26823
26822.5
26822
26821.5
26821
26820.5
26820
26819.5
26819.1
26818.6
26818.1
26817.6
26817.2
26816.7
26816.2
26815.8
26815.3
26814.9
26814.4
26814
26813.5
26813.1
26812.6
26812.2
26811.7
26811.3
26810.9
26810.5
26810
26809.6
26809.2
26808.8
26808.4
26808
26807.6
26807.2
26806.8
26806.4
26806
26805.6
26805.2
26804.8
26804.4
26804.1
26803.7
26803.3
26803
26802.6
26802.2
26801.9
26801.5
26801.2
26800.9
26800.5
26800.2
26799.9
26799.5
26799.2
26798.9
26798.6
26798.3
26798
26797.7
26797.4
26797.1
26796.8
26796.5
26796.2
26796
26795.7
26795.4
26795.2
26794.9
26794.7
26794.4
26794.2
26793.9
26793.7
26793.5
26793.3
26793.1
26792.8
26792.6
26792.4
26792.2
26792.1
26791.9
26791.7
26791.5
26791.4
26791.2
26791
26790.9
26790.7
26790.6
26790.5
26790.4
26790.2
26790.1
26790
26789.9
26789.8
26789.7
26789.6
26789.6
26789.5
26789.4
26789.4
26789.3
26789.3
26789.3
26789.2
26789.2
26789.2
26789.2
26789.2
26789.2
26789.2
26789.2
26789.2
26789.3
26789.3
26789.4
26789.4
26789.5
26789.6
26789.7
26789.8
26789.9
26790
26790.1
26790.2
26790.4
26790.5
26790.7
26790.8
26791
26791.2
26791.4
26791.6
26791.8
26792
26792.2
26792.4
26792.7
26792.9
26793.2
26793.5
26793.8
26794.1
26794.4
26794.7
26795
26795.3
26795.7
26796
26796.4
26796.8
26797.2
26797.6
26798
26798.4
26798.8
26799.3
26799.7
26800.2
26800.7
26801.1
26801.6
26802.2
26802.7
26803.2
26803.8
26804.3
26804.9
26805.5
26806.1
26806.7
26807.3
26807.9
26808.6
26809.3
26809.9
26810.6
26811.3
26812
26812.8
26813.5
26814.3
26815
26815.8
26816.6
26817.4
26818.2
26819.1
26819.9
26820.8
26821.7
26822.6
26823.5
26824.4
26825.4
26826.3
26827.3
26828.3
26829.3
26830.3
26831.3
26832.4
26833.4
26834.5
26835.6
26836.7
26837.8
26839
26840.1
26841.3
26842.5
26843.7
26844.9
26846.2
26847.4
26848.7
26850
26851.3
26852.6
26853.9
26855.3
26856.7
26858
26859.4
26860.9
26862.3
26863.8
26865.2
26866.7
26868.2
26869.7
26871.3
26872.8
26874.4
26876
26877.6
26879.2
26880.9
26882.5
26884.2
26885.9
26887.6
26889.3
26891.1
26892.8
26894.6
26896.4
26898.2
26900.1
26901.9
26903.8
26905.7
26907.6
26909.5
26911.4
26913.4
26915.3
26917.3
26919.3
26921.3
26923.3
26925.4
26927.5
26929.5
26931.6
26933.8
26935.9
26938
26940.2
26942.4
26944.6
26946.8
26949
26951.3
26953.5
26955.8
26958.1
26960.4
26962.7
26965.1
26967.4
26969.8
26972.2
26974.6
26977
26979.4
26981.8
26984.3
26986.7
26989.2
26991.7
26994.2
26996.8
26999.3
27001.8
27004.4
27007
27009.6
27012.2
27014.8
27017.4
27020
27022.7
27025.4
27028
27030.7
27033.4
27036.1
27038.8
27041.6
27044.3
27047.1
27049.8
27052.6
27055.4
27058.2
27061
27063.8
27066.6
27069.4
27072.3
27075.1
27078
27080.9
27083.7
27086.6
27089.5
27092.4
27095.3
27098.3
27101.2
27104.1
27107.1
27110
27113
27115.9
27118.9
27121.9
27124.9
27127.9
27130.9
27133.9
27136.9
27139.9
27142.9
27145.9
27149
27152
27155.1
27158.1
27161.2
27164.2
27167.3
27170.4
27173.4
27176.5
27179.6
27182.7
27185.8
27188.9
27192
27195.1
27198.2
27201.3
27204.4
27207.5
27210.7
27213.8
27216.9
27220
27223.2
27226.3
27229.5
27232.6
27235.8
27238.9
27242.1
27245.2
27248.4
27251.5
27254.7
27257.9
27261
27264.2
27267.4
27270.5
27273.7
27276.9
27280.1
27283.2
27286.4
27289.6
27292.8
27296
27299.2
27302.4
27305.5
27308.7
27311.9
27315.1
27318.3
27321.5
27324.7
27327.9
27331.1
27334.3
27337.5
27340.7
27343.9
27347.2
27350.4
27353.6
27356.8
27360
27363.2
27366.4
27369.6
27372.8
27376.1
27379.3
27382.5
27385.7
27388.9
27392.2
27395.4
27398.6
27401.8
27405
27408.3
27411.5
27414.7
27417.9
27421.2
27424.4
27427.6
27430.8
27434.1
27437.3
27440.5
27443.7
27447
27450.2
27453.4
27456.7
27459.9
27463.1
27466.4
27469.6
27472.8
27476.1
27479.3
27482.5
27485.8
27489
27492.2
27495.5
27498.7
27502
27505.2
27508.4
27511.7
27514.9
27518.1
27521.4
27524.6
27527.9
27531.1
27534.4
27537.6
27540.8
27544.1
27547.3
27550.6
27553.8
27557.1
27560.3
27563.5
27566.8
27570
27573.3
27576.5
27579.8
27583
27586.3
27589.5
27592.8
27596
27599.3
27602.5
27605.8
27609
27612.3
27615.5
27618.8
27622
27625.3
27628.5
27631.8
27635
27638.3
27641.5
27644.8
27648.1
27651.3
27654.6
27657.8
27661.1
27664.3
27667.6
27670.9
27674.1
27677.4
27680.6
27683.9
27687.1
27690.4
27693.7
27696.9
27700.2
27703.5
27706.7
27710
27713.2
27716.5
27719.8
27723
27726.3
27729.6
27732.8
27736.1
27739.4
27742.6
27745.9
27749.2
27752.4
27755.7
27759
27762.2
27765.5
27768.8
27772
27775.3
27778.6
27781.8
27785.1
27788.4
27791.7
27794.9
27798.2
27801.5
27804.8
27808
27811.3
27814.6
27817.8
27821.1
27824.4
27827.7
27831
27834.2
27837.5
27840.8
27844.1
27847.3
27850.6
27853.9
27857.2
27860.5
27863.7
27867
27870.3
27873.6
27876.9
27880.1
27883.4
27886.7
27890
27893.3
27896.6
27899.8
27903.1
27906.4
27909.7
27913
27916.3
27919.6
27922.8
27926.1
27929.4
27932.7
27936
27939.3
27942.6
27945.9
27949.2
27952.4
27955.7
27959
27962.3
27965.6
27968.9
27972.2
27975.5
27978.8
27982.1
27985.4
27988.7
27992
27995.3
27998.6
28001.8
28005.1
28008.4
28011.7
28015
28018.3
28021.6
28024.9
28028.2
28031.5
28034.8
28038.1
28041.4
28044.7
28048
28051.3
28054.6
28057.9
28061.2
28064.5
28067.9
28071.2
28074.5
28077.8
28081.1
28084.4
28087.7
28091
28094.3
28097.6
28100.9
28104.2
28107.5
28110.8
28114.1
28117.5
28120.8
28124.1
28127.4
28130.7
28134
28137.3
28140.6
28143.9
28147.3
28150.6
28153.9
28157.2
28160.5
28163.8
28167.1
28170.4
28173.8
28177.1
28180.4
28183.7
28187
28190.3
28193.7
28197
28200.3
28203.6
28206.9
28210.3
28213.6
28216.9
28220.2
28223.5
28226.9
28230.2
28233.5
28236.8
28240.2
28243.5
28246.8
28250.1
28253.5
28256.8
28260.1
28263.4
28266.8
28270.1
28273.4
28276.7
28280.1
28283.4
28286.7
28290
28293.4
28296.7
28300
28303.4
28306.7
28310
28313.4
28316.7
28320
28323.4
28326.7
28330
28333.4
28336.7
28340
28343.4
28346.7
28350
28353.4
28356.7
28360
28363.4
28366.7
28370
28373.4
28376.7
28380.1
28383.4
28386.7
28390.1
28393.4
28396.8
28400.1
28403.4
28406.8
28410.1
28413.5
28416.8
28420.2
28423.5
28426.8
28430.2
28433.5
28436.9
28440.2
28443.6
28446.9
28450.3
28453.6
28457
28460.3
28463.6
28467
28470.3
28473.7
28477
28480.4
28483.7
28487.1
28490.4
28493.8
28497.1
28500.5
28503.9
28507.2
28510.6
28513.9
28517.3
28520.6
28524
28527.3
28530.7
28534
28537.4
28540.7
28544.1
28547.5
28550.8
28554.2
28557.5
28560.9
28564.3
28567.6
28571
28574.3
28577.7
28581.1
28584.4
28587.8
28591.1
28594.5
28597.9
28601.2
28604.6
28607.9
28611.3
28614.7
28618
28621.4
28624.8
28628.1
28631.5
28634.9
28638.2
28641.6
28645
28648.3
28651.7
28655.1
28658.4
28661.8
28665.2
28668.5
28671.9
28675.3
28678.7
28682
28685.4
28688.8
28692.1
28695.5
28698.9
28702.3
28705.6
28709
28712.4
28715.8
28719.1
28722.5
28725.9
28729.3
28732.6
28736
28739.4
28742.8
28746.1
28749.5
28752.9
28756.3
28759.7
28763
28766.4
28769.8
28773.2
28776.6
28779.9
28783.3
28786.7
28790.1
28793.5
28796.9
28800.2
28803.6
28807
28810.4
28813.8
28817.2
28820.5
28823.9
28827.3
28830.7
28834.1
28837.5
28840.9
28844.2
28847.6
28851
28854.4
28857.8
28861.2
28864.6
28868
28871.4
28874.7
28878.1
28881.5
28884.9
28888.3
28891.7
28895.1
28898.5
28901.9
28905.3
28908.7
28912.1
28915.5
28918.8
28922.2
28925.6
28929
28932.4
28935.8
28939.2
28942.6
28946
28949.4
28952.8
28956.2
28959.6
28963
28966.4
28969.8
28973.2
28976.6
28980
28983.4
28986.8
28990.2
28993.6
28997
29000.4
29003.8
29007.2
29010.6
29014
29017.4
29020.8
29024.2
29027.6
29031
29034.4
29037.8
29041.3
29044.7
29048.1
29051.5
29054.9
29058.3
29061.7
29065.1
29068.5
29071.9
29075.3
29078.7
29082.1
29085.6
29089
29092.4
29095.8
29099.2
29102.6
29106
29109.4
29112.8
29116.2
29119.7
29123.1
29126.5
29129.9
29133.3
29136.7
29140.1
29143.6
29147
29150.4
29153.8
29157.2
29160.6
29164
29167.5
29170.9
29174.3
29177.7
29181.1
29184.5
29188
29191.4
29194.8
29198.2
29201.6
29205.1
29208.5
29211.9
29215.3
29218.7
29222.2
29225.6
29229
29232.4
29235.8
29239.3
29242.7
29246.1
29249.5
29253
29256.4
29259.8
29263.2
29266.7
29270.1
29273.5
29276.9
29280.4
29283.8
29287.2
29290.6
29294.1
29297.5
29300.9
29304.3
29307.8
29311.2
29314.6
29318
29321.5
29324.9
29328.3
29331.8
29335.2
29338.6
29342
29345.5
29348.9
29352.3
29355.8
29359.2
29362.6
29366.1
29369.5
29372.9
29376.4
29379.8
29383.2
29386.6
29390.1
29393.5
29396.9
29400.4
29403.8
29407.2
29410.7
29414.1
29417.6
29421
29424.4
29427.9
29431.3
29434.7
29438.2
29441.6
29445
29448.5
29451.9
29455.3
29458.8
29462.2
29465.7
29469.1
29472.5
29476
29479.4
29482.8
29486.3
29489.7
29493.2
29496.6
29500
29503.5
29506.9
29510.4
29513.8
29517.2
29520.7
29524.1
29527.6
29531
29534.4
29537.9
29541.3
29544.8
29548.2
29551.7
29555.1
29558.5
29562
29565.4
29568.9
29572.3
29575.8
29579.2
29582.6
29586.1
29589.5
29593
29596.4
29599.9
29603.3
29606.7
29610.2
29613.6
29617.1
29620.5
29624
29627.4
29630.9
29634.3
29637.7
29641.2
29644.6
29648.1
29651.5
29655
29658.4
29661.9
29665.3
29668.8
29672.2
29675.6
29679.1
29682.5
29686
29689.4
29692.9
29696.3
29699.8
29703.2
29706.7
29710.1
29713.6
29717
29720.4
29723.9
29727.3
29730.8
29734.2
29737.7
29741.1
29744.6
29748
29751.5
29754.9
29758.4
29761.8
29765.2
29768.7
29772.1
29775.6
29779
29782.5
29785.9
29789.4
29792.8
29796.3
29799.7
29803.1
29806.6
29810
29813.5
29816.9
29820.4
29823.8
29827.3
29830.7
29834.1
29837.6
29841
29844.5
29847.9
29851.3
29854.8
29858.2
29861.7
29865.1
29868.5
29872
29875.4
29878.9
29882.3
29885.7
29889.2
29892.6
29896.1
29899.5
29902.9
29906.4
29909.8
29913.2
29916.7
29920.1
29923.5
29927
29930.4
29933.8
29937.3
29940.7
29944.1
29947.5
29951
29954.4
29957.8
29961.2
29964.7
29968.1
29971.5
29974.9
29978.4
29981.8
29985.2
29988.6
29992
29995.4
29998.9
30002.3
30005.7
30009.1
30012.5
30015.9
30019.3
30022.7
30026.1
30029.5
30032.9
30036.3
30039.7
30043.1
30046.5
30049.9
30053.3
30056.7
30060.1
30063.5
30066.9
30070.2
30073.6
30077
30080.4
30083.7
30087.1
30090.5
30093.8
30097.2
30100.6
30103.9
30107.3
30110.6
30114
30117.3
30120.7
30124
30127.3
30130.7
30134
30137.3
30140.7
30144
30147.3
30150.6
30153.9
30157.2
30160.5
30163.8
30167.1
30170.4
30173.6
30176.9
30180.2
30183.4
30186.7
30189.9
30193.2
30196.4
30199.7
30202.9
30206.1
30209.3
30212.5
30215.7
30218.9
30222.1
30225.3
30228.4
30231.6
30234.7
30237.9
30241
30244.1
30247.2
30250.4
30253.4
30256.5
30259.6
30262.7
30265.7
30268.8
30271.8
30274.8
30277.8
30280.8
30283.8
30286.8
30289.7
30292.7
30295.6
30298.5
30301.4
30304.3
30307.2
30310
30312.9
30315.7
30318.5
30321.3
30324.1
30326.8
30329.6
30332.3
30335
30337.7
30340.3
30343
30345.6
30348.2
30350.8
30353.4
30355.9
30358.4
30360.9
30363.4
30365.9
30368.3
30370.7
30373.1
30375.5
30377.8
30380.1
30382.4
30384.7
30386.9
30389.1
30391.3
30393.5
30395.6
30397.7
30399.8
30401.9
30403.9
30405.9
30407.9
30409.8
30411.8
30413.7
30415.5
30417.4
30419.2
30421
30422.7
30424.4
30426.1
30427.8
30429.4
30431
30432.6
30434.2
30435.7
30437.2
30438.6
30440.1
30441.5
30442.9
30444.2
30445.5
30446.8
30448.1
30449.3
30450.5
30451.7
30452.8
30454
30455.1
30456.1
30457.2
30458.2
30459.2
30460.1
30461.1
30462
30462.9
30463.7
30464.6
30465.4
30466.2
30467
30467.7
30468.4
30469.1
30469.8
30470.5
30471.1
30471.7
30472.3
30472.9
30473.4
30474
30474.5
30475
30475.5
30475.9
30476.4
30476.8
30477.2
30477.6
30478
30478.4
30478.8
30479.1
30479.4
30479.7
30480
30480.3
30480.6
30480.9
30481.1
30481.4
30481.6
30481.8
30482
30482.2
30482.4
30482.6
30482.8
30483
30483.1
30483.3
30483.4
30483.6
30483.7
30483.8
30483.9
30484.1
30484.2
30484.3
30484.4
30484.5
30484.5
30484.6
30484.7
30484.8
30484.8
30484.9
30485
30485
30485.1
30485.1
30485.2
30485.2
30485.3
30485.3
30485.4
30485.4
30485.4
30485.5
30485.5
30485.5
30485.5
30485.6
30485.6
30485.6
30485.6
30485.7
30485.7
30485.7
30485.7
30485.7
30485.7
30485.8
30485.8
30485.8
30485.8
30485.8
30485.8
30485.8
30485.8
30485.8
30485.8
30485.8
30485.8
30485.9
30485.9
30485.9
30485.9
30485.9
30485.9
30485.9
30485.9
30485.9
30485.9
30485.9
30485.9
30485.9
30485.9
30485.9
30485.9
30485.9
30485.9
30485.9
30485.9
30485.9
30485.9
30485.9
30485.9
30485.9
30485.9
30485.9
30485.9
30485.9
30485.9
30485.9
30485.9
30485.9
30485.9
30485.9
30485.9
30485.9
30485.9
30485.9
30485.9
30485.9
30485.9
30485.9
30485.9
30485.9
30485.9
30485.9
30485.9
30485.9
30485.9
30485.9
30485.9
30485.9
30485.9
30485.9
30485.9
30485.9
30485.9
30485.9
30485.9
30485.9
30485.9
30485.9
30485.9
30485.9
30485.9
30485.9
30485.9
30485.9
30485.9
30485.9
30485.9
30485.9
30485.9
30485.9
30485.9
30485.9
30485.9
30485.9
30485.9
30485.9
30485.9
30485.9
30485.9
30485.9
30485.9
30485.9
30485.9
30485.9
30485.9
30485.9
30485.9
30485.9
30485.9
30485.9
30485.9
30485.9
30485.9
30485.9
30485.9
30485.9
30485.9
30485.9
30485.9
30485.9
30485.9
30485.9
30485.9
30485.9
30485.9
30485.9
30485.9
30485.9
30485.9
30485.9
30485.9
30485.9
30485.9
30485.9
30485.9
30485.9
30485.9
30485.9
30485.9
30485.9
30485.9
30485.9
30485.9
30485.9
30485.9
30485.9
30485.9
30485.9
30485.9
30485.9
30485.9
30485.9
30485.9
30485.9
30485.9
30485.9
30485.9
30485.9
30485.9
30485.9
30485.9
30485.9
30485.9
30485.9
30485.9
30485.9
30485.9
30485.9
30485.9
30485.9
30485.9
30485.9
30485.9
30485.9
30485.9
30485.9
30485.9
30485.9
30485.9
30485.9
30485.9
30485.9
30485.9
30485.9
30485.9
30485.9
30485.9
30485.9
30485.9
30485.9
30485.9
30485.9
30485.9
30485.9
30485.9
30485.9
30485.9
30485.9
30485.9
30485.9
30485.9
30485.9
30485.9
30485.9
30485.9
30485.9
30485.9
30485.9
30485.9
30485.9
30485.9
30485.9
30485.9
30485.9
30485.9
30485.9
30485.9
30485.9
30485.9
30485.9
30485.9
30485.9
30485.9
30485.9
30485.9
30485.9
30485.9
30485.9
30485.9
30485.9
30485.9
30485.9
30485.9
30485.9
30485.9
30485.9
30485.9
30485.9
30485.9
30485.9
30485.9
30485.9
30485.9
30485.9
30485.9
30485.9
30485.9
30485.9
30485.9
30485.9
30485.9
30485.9
30485.9
30485.9
30485.9
30485.9
30485.9
30485.9
30485.9
30485.9
30485.9
30485.9
30485.9
30485.9
30485.9
30485.9
30485.9
30485.9
30485.9
30485.9
30485.9
30485.9
30485.9
30485.9
30485.9
30485.9
30485.9
30485.9
30485.9
30485.9
30485.9
30485.9
30485.9
30485.9
30485.9
30485.9
30485.9
30485.9
30485.9
30485.9
30485.9
30485.9
30485.9
30485.9
30485.9
30485.9
30485.9
30485.9
30485.9
30485.9
30485.9
30485.9
30485.9
30485.9
30485.9
30485.9
30485.9
30485.9
30485.9
30485.9
30485.9
30485.9
30485.9
30485.9
30485.9
30485.9
30485.9
30485.9
30485.9
30485.9
30485.9
30485.9
30485.9
30485.9
30485.9
30485.9
30485.9
30485.9
30485.9
30485.9
30485.9
30485.9
30485.9
30485.9
30485.9
30485.9
30485.9
30485.9
30485.9
30485.9
30485.9
30485.9
30485.9
30485.9
30485.9
30485.9
30485.9
30485.9
30485.9
30485.9
30485.9
30485.9
30485.9
30485.9
30485.9
30485.9
30485.9
30485.9
30485.9
30485.9
30485.9
30485.9
30485.9
30485.9
30485.9
30485.9
30485.9
30485.9
30485.9
30485.9
30485.9
30485.9
30485.9
30485.9
30485.9
30485.9
30485.9
30485.9
30485.9
30485.9
30485.9
30485.9
30485.9
30485.9
30485.9
30485.9
30485.9
30485.9
30485.9
30485.9
30485.9
30485.9
30485.9
30485.9
30485.9
30485.9
30485.9
30485.9
30485.9
30485.9
30485.9
30485.9
30485.9
30485.9
30485.9
30485.9
30485.9
30485.9
30485.9
30485.9
30485.9
30485.9
30485.9
30485.9
30485.9
30485.9
30485.9
30485.9
30485.9
30485.9
30485.9
30485.9
30485.9
30485.9
30485.9
30485.9
30485.9
30485.9
30485.9
30485.9
30485.9
30485.9
30485.9
30485.9
30485.9
30485.9
30485.9
30485.9
30485.9
30485.9
30485.9
30485.9
30485.9
30485.9
30485.9
30485.9
30485.9
30485.9
30485.9
30485.9
30485.9
30485.9
30485.9
30485.9
30485.9
30485.9
30485.9
30485.9
30485.9
30485.9
30485.9
30485.9
30485.9
30485.9
30485.9
30485.9
30485.9
30485.9
30485.9
30485.9
30485.9
30485.9
30485.9
30485.9
30485.9
30485.9
30485.9
30485.9
30485.9
30485.9
30485.9
30485.9
30485.9
30485.9
30485.9
30485.9
30485.9
30485.9
30485.9
30485.9
30485.9
30485.9
30485.9
30485.9
30485.9
30485.9
30485.9
30485.9
30485.9
30485.9
30485.9
30485.9
30485.9
30485.9
30485.9
30485.9
30485.9
30485.9
30485.9
30485.9
30485.9
30485.9
30485.9
30485.9
30485.9
30485.9
30485.9
30485.9
30485.9
30485.9
30485.9
30485.9
30485.9
30485.9
30485.9
30485.9
30485.9
30485.9
30485.9
30485.9
30485.9
30485.9
30485.9
30485.9
30485.9
30485.9
30485.9
30485.9
30485.9
30485.9
30485.9
30485.9
30485.9
30485.9
30485.9
30485.9
30485.9
30485.9
30485.9
30485.9
30485.9
30485.9
30485.9
30485.9
30485.9
30485.9
30485.9
30485.9
30485.9
30485.9
30485.9
30485.9
30485.9
30485.9
30485.9
30485.9
30485.9
30485.9
30485.9
30485.9
30485.9
30485.9
30485.9
30485.9
30485.9
30485.9
30485.9
30485.9
30485.9
30485.9
30485.9
30485.9
30485.9
30485.9
30485.9
30485.9
30485.9
30485.9
30485.9
30485.9
30485.9
30485.9
30485.9
30485.9
30485.9
30485.9
30485.9
30485.9
30485.9
30485.9
30485.9
30485.9
30485.9
30485.9
30485.9
30485.9
30485.9
30485.9
30485.9
30485.9
30485.9
30485.9
30485.9
30485.9
30485.9
30485.9
30485.9
30485.9
30485.9
30485.9
30485.9
30485.9
30485.9
30485.9
30485.9
30485.9
30485.9
30485.9
30485.9
30485.9
30485.9
30485.9
30485.9
30485.9
30485.9
30485.9
30485.9
30485.9
30485.9
30485.9
30485.9
30485.9
30485.9
30485.9
30485.9
30485.9
30485.9
30485.9
30485.9
30485.9
30485.9
30485.9
30485.9
30485.9
30485.9
30485.9
30485.9
30485.9
30485.9
30485.9
30485.9
30485.9
30485.9
30485.9
30485.9
30485.9
30485.9
30485.9
30485.9
30485.9
30485.9
30485.9
30485.9
30485.9
30485.9
30485.9
30485.9
30485.9
30485.9
30485.9
30485.9
30485.9
30485.9
30485.9
30485.9
30485.9
30485.9
30485.9
30485.9
30485.9
30485.9
30485.9
30485.9
30485.9
30485.9
30485.9
30485.9
30485.9
30485.9
30485.9
30485.9
30485.9
30485.9
30485.9
30485.9
30485.9
30485.9
30485.9
30485.9
30485.9
30485.9
30485.9
30485.9
30485.9
30485.9
30485.9
30485.9
30485.9
30485.9
30485.9
30485.9
30485.9
30485.9
30485.9
30485.9
30485.9
30485.9
30485.9
30485.9
30485.9
30485.9
30485.9
30485.9
30485.9
30485.9
30485.9
30485.9
30485.9
30485.9
30485.9
30485.9
30485.9
30485.9
30485.9
30485.9
30485.9
30485.9
30485.9
30485.9
30485.9
30485.9
30485.9
30485.9
30485.9
30485.9
30485.9
30485.9
30485.9
30485.9
30485.9
30485.9
30485.9
30485.9
30485.9
30485.9
30485.9
30485.9
30485.9
30485.9
30485.9
30485.9
30485.9
30485.9
30485.9
30485.9
30485.9
30485.9
30485.9
30485.9
30485.9
30485.9
30485.9
30485.9
30485.9
30485.9
30485.9
30485.9
30485.9
30485.9
30485.9
30485.9
30485.9
30485.9
30485.9
30485.9
30485.9
30485.9
30485.9
30485.9
30485.9
30485.9
30485.9
30485.9
30485.9
30485.9
30485.9
30485.9
30485.9
30485.9
30485.9
30485.9
30485.9
30485.9
30485.9
30485.9
30485.9
30485.9
30485.9
30485.9
30485.9
30485.9
30485.9
30485.9
30485.9
30485.9
30485.9
30485.9
30485.9
30485.9
30485.9
30485.9
30485.9
30485.9
30485.9
30485.9
30485.9
30485.9
30485.9
30485.9
30485.9
30485.9
30485.9
30485.9
30485.9
30485.9
30485.9
30485.9
30485.9
30485.9
30485.9
30485.9
30485.9
30485.9
30485.9
30485.9
30485.9
30485.9
30485.9
30485.9
30485.9
30485.9
30485.9
30485.9
30485.9
30485.9
30485.9
30485.9
30485.9
30485.9
30485.9
30485.9
30485.9
30485.9
30485.9
30485.9
30485.9
30485.9
30485.9
30485.9
30485.9
30485.9
30485.9
30485.9
30485.9
30485.9
30485.9
30485.9
30485.9
30485.9
30485.9
30485.9
30485.9
30485.9
30485.9
30485.9
30485.9
30485.9
30485.9
30485.9
30485.9
30485.9
30485.9
30485.9
30485.9
30485.9
30485.9
30485.9
30485.9
30485.9
30485.9
30485.9
30485.9
30485.9
30485.9
30485.9
30485.9
30485.9
30485.9
30485.9
30485.9
30485.9
30485.9
30485.9
30485.9
30485.9
30485.9
30485.9
30485.9
30485.9
30485.9
30485.9
30485.9
30485.9
30485.9
30485.9
30485.9
30485.9
30485.9
30485.9
30485.9
30485.9
30485.9
30485.9
30485.9
30485.9
30485.9
30485.9
30485.9
30485.9
30485.9
30485.9
30485.9
30485.9
30485.9
30485.9
30485.9
30485.9
30485.9
30485.9
30485.9
30485.9
30485.9
30485.9
30485.9
30485.9
30485.9
30485.9
30485.9
30485.9
30485.9
30485.9
30485.9
30485.9
30485.9
30485.9
30485.9
30485.9
30485.9
30485.9
30485.9
30485.9
30485.9
30485.9
30485.9
30485.9
30485.9
30485.9
30485.9
30485.9
30485.9
30485.9
30485.9
30485.9
30485.9
30485.9
30485.9
30485.9
30485.9
30485.9
30485.9
30485.9
30485.9
30485.9
30485.9
30485.9
30485.9
30485.9
30485.9
30485.9
30485.9
30485.9
30485.9
30485.9
30485.9
30485.9
30485.9
30485.9
30485.9
30485.9
30485.9
30485.9
30485.9
30485.9
30485.9
30485.9
30485.9
30485.9
30485.9
30485.9
30485.9
30485.9
30485.9
30485.9
30485.9
30485.9
30485.9
30485.9
30485.9
30485.9
30485.9
30485.9
30485.9
30485.9
30485.9
30485.9
30485.9
30485.9
30485.9
30485.9
30485.9
30485.9
30485.9
30485.9
30485.9
30485.9
30485.9
30485.9
30485.9
30485.9
30485.9
30485.9
30485.9
30485.9
30485.9
30485.9
30485.9
30485.9
30485.9
30485.9
30485.9
30485.9
30485.9
30485.9
30485.9
30485.9
30485.9
30485.9
30485.9
30485.9
30485.9
30485.9
30485.9
30485.9
30485.9
30485.9
30485.9
30485.9
30485.9
30485.9
30485.9
30485.9
30485.9
30485.9
30485.9
30485.9
30485.9
30485.9
30485.9
30485.9
30485.9
30485.9
30485.9
30485.9
30485.9
30485.9
30485.9
30485.9
30485.9
30485.9
30485.9
30485.9
30485.9
30485.9
30485.9
30485.9
30485.9
30485.9
30485.9
30485.9
30485.9
30485.9
30485.9
30485.9
30485.9
30485.9
30485.9
30485.9
30485.9
30485.9
30485.9
30485.9
30485.9
30485.9
30485.9
30485.9
30485.9
30485.9
30485.9
30485.9
30485.9
30485.9
30485.9
30485.9
30485.9
30485.9
30485.9
30485.9
30485.9
30485.9
30485.9
30485.9
30485.9
30485.9
30485.9
30485.9
30485.9
30485.9
30485.9
30485.9
30485.9
30485.9
30485.9
30485.9
30485.9
30485.9
30485.9
30485.9
30485.9
30485.9
30485.9
30485.9
30485.9
30485.9
30485.9
30485.9
30485.9
30485.9
30485.9
30485.9
30485.9
30485.9
30485.9
30485.9
30485.9
30485.9
30485.9
30485.9
30485.9
30485.9
30485.9
30485.9
30485.9
30485.9
30485.9
30485.9
30485.9
30485.9
30485.9
30485.9
30485.9
30485.9
30485.9
30485.9
30485.9
30485.9
30485.9
30485.9
30485.9
30485.9
30485.9
30485.9
30485.9
30485.9
30485.9
30485.9
30485.9
30485.9
30485.9
30485.9
30485.9
30485.9
30485.9
30485.9
30485.9
30485.9
30485.9
30485.9
30485.9
30485.9
30485.9
30485.9
30485.9
30485.9
30485.9
30485.9
30485.9
30485.9
30485.9
30485.9
30485.9
30485.9
30485.9
30485.9
30485.9
30485.9
30485.9
30485.9
30485.9
30485.9
30485.9
30485.9
30485.9
30485.9
30485.9
30485.9
30485.9
30485.9
30485.9
30485.9
30485.9
30485.9
30485.9
30485.9
30485.9
30485.9
30485.9
30485.9
30485.9
30485.9
30485.9
30485.9
30485.9
30485.9
30485.9
30485.9
30485.9
30485.9
30485.9
30485.9
30485.9
30485.9
30485.9
30485.9
30485.9
30485.9
30485.9
30485.9
30485.9
30485.9
30485.9
30485.9
30485.9
30485.9
30485.9
30485.9
30485.9
30485.9
30485.9
30485.9
30485.9
30485.9
30485.9
30485.9
30485.9
30485.9
30485.9
30485.9
30485.9
30485.9
30485.9
30485.9
30485.9
30485.9
30485.9
30485.9
30485.9
30485.9
30485.9
30485.9
30485.9
30485.9
30485.9
30485.9
30485.9
30485.9
30485.9
30485.9
30485.9
30485.9
30485.9
30485.9
30485.9
30485.9
30485.9
30485.9
30485.9
30485.9
30485.9
30485.9
30485.9
30485.9
30485.9
30485.9
30485.9
30485.9
30485.9
30485.9
30485.9
30485.9
30485.9
30485.9
30485.9
30485.9
30485.9
30485.9
30485.9
30485.9
30485.9
30485.9
30485.9
30485.9
30485.9
30485.9
30485.9
30485.9
30485.9
30485.9
30485.9
30485.9
30485.9
30485.9
30485.9
30485.9
30485.9
30485.9
30485.9
30485.9
30485.9
30485.9
30485.9
30485.9
30485.9
30485.9
30485.9
30485.9
30485.9
30485.9
30485.9
30485.9
30485.9
30485.9
30485.9
30485.9
30485.9
30485.9
30485.9
30485.9
30485.9
30485.9
30485.9
30485.9
30485.9
30485.9
30485.9
30485.9
30485.9
30485.9
30485.9
30485.9
30485.9
30485.9
30485.9
30485.9
30485.9
30485.9
30485.9
30485.9
30485.9
30485.9
30485.9
30485.9
30485.9
30485.9
30485.9
30485.9
30485.9
30485.9
30485.9
30485.9
30485.9
30485.9
30485.9
30485.9
30485.9
30485.9
30485.9
30485.9
30485.9
30485.9
30485.9
30485.9
30485.9
30485.9
30485.9
30485.9
30485.9
30485.9
30485.9
30485.9
30485.9
30485.9
30485.9
30485.9
30485.9
30485.9
30485.9
30485.9
30485.9
30485.9
30485.9
30485.9
30485.9
30485.9
30485.9
30485.9
30485.9
30485.9
30485.9
30485.9
30485.9
30485.9
30485.9
30485.9
30485.9
30485.9
30485.9
30485.9
30485.9
30485.9
30485.9
30485.9
30485.9
30485.9
30485.9
30485.9
30485.9
30485.9
30485.9
30485.9
30485.9
30485.9
30485.9
30485.9
30485.9
30485.9
30485.9
30485.9
30485.9
30485.9
30485.9
30485.9
30485.9
30485.9
30485.9
30485.9
30485.9
30485.9
30485.9
30485.9
30485.9
30485.9
30485.9
30485.9
30485.9
30485.9
30485.9
30485.9
30485.9
30485.9
30485.9
30485.9
30485.9
30485.9
30485.9
30485.9
30485.9
30485.9
30485.9
30485.9
30485.9
30485.9
30485.9
30485.9
30485.9
30485.9
30485.9
30485.9
30485.9
30485.9
30485.9
30485.9
30485.9
30485.9
30485.9
30485.9
30485.9
30485.9
30485.9
30485.9
30485.9
30485.9
30485.9
30485.9
30485.9
30485.9
30485.9
30485.9
30485.9
30485.9
30485.9
30485.9
30485.9
30485.9
30485.9
30485.9
30485.9
30485.9
30485.9
30485.9
30485.9
30485.9
30485.9
30485.9
30485.9
30485.9
30485.9
30485.9
30485.9
30485.9
30485.9
30485.9
30485.9
30485.9
30485.9
30485.9
30485.9
30485.9
30485.9
30485.9
30485.9
30485.9
30485.9
30485.9
30485.9
30485.9
30485.9
30485.9
30485.9
30485.9
30485.9
30485.9
30485.9
30485.9
30485.9
30485.9
30485.9
30485.9
30485.9
30485.9
30485.9
30485.9
30485.9
30485.9
30485.9
30485.9
30485.9
30485.9
30485.9
30485.9
30485.9
30485.9
30485.9
30485.9
30485.9
30485.9
30485.9
30485.9
30485.9
30485.9
30485.9
30485.9
30485.9
30485.9
30485.9
30485.9
30485.9
30485.9
30485.9
30485.9
30485.9
30485.9
30485.9
30485.9
30485.9
30485.9
30485.9
30485.9
30485.9
30485.9
30485.9
30485.9
30485.9
30485.9
30485.9
30485.9
30485.9
30485.9
30485.9
30485.9
30485.9
30485.9
30485.9
30485.9
30485.9
30485.9
30485.9
30485.9
30485.9
30485.9
30485.9
30485.9
30485.9
30485.9
30485.9
30485.9
30485.9
30485.9
30485.9
30485.9
30485.9
30485.9
30485.9
30485.9
30485.9
30485.9
30485.9
30485.9
30485.9
30485.9
30485.9
30485.9
30485.9
30485.9
30485.9
30485.9
30485.9
30485.9
30485.9
30485.9
30485.9
30485.9
30485.9
30485.9
30485.9
30485.9
30485.9
30485.9
30485.9
30485.9
30485.9
30485.9
30485.9
30485.9
30485.9
30485.9
30485.9
30485.9
30485.9
30485.9
30485.9
30485.9
30485.9
30485.9
30485.9
30485.9
30485.9
30485.9
30485.9
30485.9
30485.9
30485.9
30485.9
30485.9
30485.9
30485.9
30485.9
30485.9
30485.9
30485.9
30485.9
30485.9
30485.9
30485.9
30485.9
30485.9
30485.9
30485.9
30485.9
30485.9
30485.9
30485.9
30485.9
30485.9
30485.9
30485.9
30485.9
30485.9
30485.9
30485.9
30485.9
30485.9
30485.9
30485.9
30485.9
30485.9
30485.9
30485.9
30485.9
30485.9
30485.9
30485.9
30485.9
30485.9
30485.9
30485.9
30485.9
30485.9
30485.9
30485.9
30485.9
30485.9
30485.9
30485.9
30485.9
30485.9
30485.9
30485.9
30485.9
30485.9
30485.9
30485.9
30485.9
30485.9
30485.9
30485.9
30485.9
30485.9
30485.9
30485.9
30485.9
30485.9
30485.9
30485.9
30485.9
30485.9
30485.9
30485.9
30485.9
30485.9
30485.9
30485.9
30485.9
30485.9
30485.9
30485.9
30485.9
30485.9
30485.9
30485.9
30485.9
30485.9
30485.9
30485.9
30485.9
30485.9
30485.9
30485.9
30485.9
30485.9
30485.9
30485.9
30485.9
30485.9
30485.9
30485.9
30485.9
30485.9
30485.9
30485.9
30485.9
30485.9
30485.9
30485.9
30485.9
30485.9
30485.9
30485.9
30485.9
30485.9
30485.9
30485.9
30485.9
30485.9
30485.9
30485.9
30485.9
30485.9
30485.9
30485.9
30485.9
30485.9
30485.9
30485.9
30485.9
30485.9
30485.9
30485.9
30485.9
30485.9
30485.9
30485.9
30485.9
30485.9
30485.9
30485.9
30485.9
30485.9
30485.9
30485.9
30485.9
30485.9
30485.9
30485.9
30485.9
30485.9
30485.9
30485.9
30485.9
30485.9
30485.9
30485.9
30485.9
30485.9
30485.9
30485.9
30485.9
30485.9
30485.9
30485.9
30485.9
30485.9
30485.9
30485.9
30485.9
30485.9
30485.9
30485.9
30485.9
30485.9
30485.9
30485.9
30485.9
30485.9
30485.9
30485.9
30485.9
30485.9
30485.9
30485.9
30485.9
30485.9
30485.9
30485.9
30485.9
30485.9
30485.9
30485.9
30485.9
30485.9
30485.9
30485.9
30485.9
30485.9
30485.9
30485.9
30485.9
30485.9
30485.9
30485.9
30485.9
30485.9
30485.9
30485.9
30485.9
30485.9
30485.9
30485.9
30485.9
30485.9
30485.9
30485.9
30485.9
30485.9
30485.9
30485.9
30485.9
30485.9
30485.9
30485.9
30485.9
30485.9
30485.9
30485.9
30485.9
30485.9
30485.9
30485.9
30485.9
30485.9
30485.9
30485.9
30485.9
30485.9
30485.9
30485.9
30485.9
30485.9
30485.9
30485.9
30485.9
30485.9
30485.9
30485.9
30485.9
30485.9
30485.9
30485.9
30485.9
30485.9
30485.9
30485.9
30485.9
30485.9
30485.9
30485.9
30485.9
30485.9
30485.9
30485.9
30485.9
30485.9
30485.9
30485.9
30485.9
30485.9
30485.9
30485.9
30485.9
30485.9
30485.9
30485.9
30485.9
30485.9
30485.9
30485.9
30485.9
30485.9
30485.9
30485.9
30485.9
30485.9
30485.9
30485.9
30485.9
30485.9
30485.9
30485.9
30485.9
30485.9
30485.9
30485.9
30485.9
30485.9
30485.9
30485.9
30485.9
30485.9
30485.9
30485.9
30485.9
30485.9
30485.9
30485.9
30485.9
30485.9
30485.9
30485.9
30485.9
30485.9
30485.9
30485.9
30485.9
30485.9
30485.9
30485.9
30485.9
30485.9
30485.9
30485.9
30485.9
30485.9
30485.9
30485.9
30485.9
30485.9
30485.9
30485.9
30485.9
30485.9
30485.9
30485.9
30485.9
30485.9
30485.9
30485.9
30485.9
30485.9
30485.9
30485.9
30485.9
30485.9
30485.9
30485.9
30485.9
30485.9
30485.9
30485.9
30485.9
30485.9
30485.9
30485.9
30485.9
30485.9
30485.9
30485.9
30485.9
30485.9
30485.9
30485.9
30485.9
30485.9
30485.9
30485.9
30485.9
30485.9
30485.9
30485.9
30485.9
30485.9
30485.9
30485.9
30485.9
30485.9
30485.9
30485.9
30485.9
30485.9
30485.9
30485.9
30485.9
30485.9
30485.9
30485.9
30485.9
30485.9
30485.9
30485.9
30485.9
30485.9
30485.9
30485.9
30485.9
30485.9
30485.9
30485.9
30485.9
30485.9
30485.9
30485.9
30485.9
30485.9
30485.9
30485.9
30485.9
30485.9
30485.9
30485.9
30485.9
30485.9
30485.9
30485.9
30485.9
30485.9
30485.9
30485.9
30485.9
30485.9
30485.9
30485.9
30485.9
30485.9
30485.9
30485.9
30485.9
30485.9
30485.9
30485.9
30485.9
30485.9
30485.9
30485.9
30485.9
30485.9
30485.9
30485.9
30485.9
30485.9
30485.9
30485.9
30485.9
30485.9
30485.9
30485.9
30485.9
30485.9
30485.9
30485.9
30485.9
30485.9
30485.9
30485.9
30485.9
30485.9
30485.9
30485.9
30485.9
30485.9
30485.9
30485.9
30485.9
30485.9
30485.9
30485.9
30485.9
30485.9
30485.9
30485.9
30485.9
30485.9
30485.9
30485.9
30485.9
30485.9
30485.9
30485.9
30485.9
30485.9
30485.9
30485.9
30485.9
30485.9
30485.9
30485.9
30485.9
30485.9
30485.9
30485.9
30485.9
30485.9
30485.9
30485.9
30485.9
30485.9
30485.9
30485.9
30485.9
30485.9
30485.9
30485.9
30485.9
30485.9
30485.9
30485.9
30485.9
30485.9
30485.9
30485.9
30485.9
30485.9
30485.9
30485.9
30485.9
30485.9
30485.9
30485.9
30485.9
30485.9
30485.9
30485.9
30485.9
30485.9
30485.9
30485.9
30485.9
30485.9
30485.9
30485.9
30485.9
30485.9
30485.9
30485.9
30485.9
30485.9
30485.9
30485.9
30485.9
30485.9
30485.9
30485.9
30485.9
30485.9
30485.9
30485.9
30485.9
30485.9
30485.9
30485.9
30485.9
30485.9
30485.9
30485.9
30485.9
30485.9
30485.9
30485.9
30485.9
30485.9
30485.9
30485.9
30485.9
30485.9
30485.9
30485.9
30485.9
30485.9
30485.9
30485.9
30485.9
30485.9
30485.9
30485.9
30485.9
30485.9
30485.9
30485.9
30485.9
30485.9
30485.9
30485.9
30485.9
30485.9
30485.9
30485.9
30485.9
30485.9
30485.9
30485.9
30485.9
30485.9
30485.9
30485.9
30485.9
30485.9
30485.9
30485.9
30485.9
30485.9
30485.9
30485.9
30485.9
30485.9
30485.9
30485.9
30485.9
30485.9
30485.9
30485.9
30485.9
30485.9
30485.9
30485.9
30485.9
30485.9
30485.9
30485.9
30485.9
30485.9
30485.9
30485.9
30485.9
30485.9
30485.9
30485.9
30485.9
30485.9
30485.9
30485.9
30485.9
30485.9
30485.9
30485.9
30485.9
30485.9
30485.9
30485.9
30485.9
30485.9
30485.9
30485.9
30485.9
30485.9
30485.9
30485.9
30485.9
30485.9
30485.9
30485.9
30485.9
30485.9
30485.9
30485.9
30485.9
30485.9
30485.9
30485.9
30485.9
30485.9
30485.9
30485.9
30485.9
30485.9
30485.9
30485.9
30485.9
30485.9
30485.9
30485.9
30485.9
30485.9
30485.9
30485.9
30485.9
30485.9
30485.9
30485.9
30485.9
30485.9
30485.9
30485.9
30485.9
30485.9
30485.9
30485.9
30485.9
30485.9
30485.9
30485.9
30485.9
30485.9
30485.9
30485.9
30485.9
30485.9
30485.9
30485.9
30485.9
30485.9
30485.9
30485.9
30485.9
30485.9
30485.9
30485.9
30485.9
30485.9
30485.9
30485.9
30485.9
30485.9
30485.9
30485.9
30485.9
30485.9
30485.9
30485.9
30485.9
30485.9
30485.9
30485.9
30485.9
30485.9
30485.9
30485.9
30485.9
30485.9
30485.9
30485.9
30485.9
30485.9
30485.9
30485.9
30485.9
30485.9
30485.9
30485.9
30485.9
30485.9
30485.9
30485.9
30485.9
30485.9
30485.9
30485.9
30485.9
30485.9
30485.9
30485.9
30485.9
30485.9
30485.9
30485.9
30485.9
30485.9
30485.9
30485.9
30485.9
30485.9
30485.9
30485.9
30485.9
30485.9
30485.9
30485.9
30485.9
30485.9
30485.9
30485.9
30485.9
30485.9
30485.9
30485.9
30485.9
30485.9
30485.9
30485.9
30485.9
30485.9
30485.9
30485.9
30485.9
30485.9
30485.9
30485.9
30485.9
30485.9
30485.9
30485.9
30485.9
30485.9
30485.9
30485.9
30485.9
30485.9
30485.9
30485.9
30485.9
30485.9
30485.9
30485.9
30485.9
30485.9
30485.9
30485.9
30485.9
30485.9
30485.9
30485.9
30485.9
30485.9
30485.9
30485.9
30485.9
30485.9
30485.9
30485.9
30485.9
30485.9
30485.9
30485.9
30485.9
30485.9
30485.9
30485.9
30485.9
30485.9
30485.9
30485.9
30485.9
30485.9
30485.9
30485.9
30485.9
30485.9
30485.9
30485.9
30485.9
30485.9
30485.9
30485.9
30485.9
30485.9
30485.9
30485.9
30485.9
30485.9
30485.9
30485.9
30485.9
30485.9
30485.9
30485.9
30485.9
30485.9
30485.9
30485.9
30485.9
30485.9
30485.9
30485.9
30485.9
30485.9
30485.9
30485.9
30485.9
30485.9
30485.9
30485.9
30485.9
30485.9
30485.9
30485.9
30485.9
30485.9
30485.9
30485.9
30485.9
30485.9
30485.9
30485.9
30485.9
30485.9
30485.9
30485.9
30485.9
30485.9
30485.9
30485.9
30485.9
30485.9
30485.9
30485.9
30485.9
30485.9
30485.9
30485.9
30485.9
30485.9
30485.9
30485.9
30485.9
30485.9
30485.9
30485.9
30485.9
30485.9
30485.9
30485.9
30485.9
30485.9
30485.9
30485.9
30485.9
30485.9
30485.9
30485.9
30485.9
30485.9
30485.9
30485.9
30485.9
30485.9
30485.9
30485.9
30485.9
30485.9
30485.9
30485.9
30485.9
30485.9
30485.9
30485.9
30485.9
30485.9
30485.9
30485.9
30485.9
30485.9
30485.9
30485.9
30485.9
30485.9
30485.9
30485.9
30485.9
30485.9
30485.9
30485.9
30485.9
30485.9
30485.9
30485.9
30485.9
30485.9
30485.9
30485.9
30485.9
30485.9
30485.9
30485.9
30485.9
30485.9
30485.9
30485.9
30485.9
30485.9
30485.9
30485.9
30485.9
30485.9
30485.9
30485.9
30485.9
30485.9
30485.9
30485.9
30485.9
30485.9
30485.9
30485.9
30485.9
30485.9
30485.9
30485.9
30485.9
30485.9
30485.9
30485.9
30485.9
30485.9
30485.9
30485.9
30485.9
30485.9
30485.9
30485.9
30485.9
30485.9
30485.9
30485.9
30485.9
30485.9
30485.9
30485.9
30485.9
30485.9
30485.9
30485.9
30485.9
30485.9
30485.9
30485.9
30485.9
30485.9
30485.9
30485.9
30485.9
30485.9
30485.9
30485.9
30485.9
30485.9
30485.9
30485.9
30485.9
30485.9
30485.9
30485.9
30485.9
30485.9
30485.9
30485.9
30485.9
30485.9
30485.9
30485.9
30485.9
30485.9
30485.9
30485.9
30485.9
30485.9
30485.9
30485.9
30485.9
30485.9
30485.9
30485.9
30485.9
30485.9
30485.9
30485.9
30485.9
30485.9
30485.9
30485.9
30485.9
30485.9
30485.9
30485.9
30485.9
30485.9
30485.9
30485.9
30485.9
30485.9
30485.9
30485.9
30485.9
30485.9
30485.9
30485.9
30485.9
30485.9
30485.9
30485.9
30485.9
30485.9
30485.9
30485.9
30485.9
30485.9
30485.9
30485.9
30485.9
30485.9
30485.9
30485.9
30485.9
30485.9
30485.9
30485.9
30485.9
30485.9
30485.9
30485.9
30485.9
30485.9
30485.9
30485.9
30485.9
30485.9
30485.9
30485.9
30485.9
30485.9
30485.9
30485.9
30485.9
30485.9
30485.9
30485.9
30485.9
30485.9
30485.9
30485.9
30485.9
30485.9
30485.9
30485.9
30485.9
30485.9
30485.9
30485.9
30485.9
30485.9
30485.9
30485.9
30485.9
30485.9
30485.9
30485.9
30485.9
30485.9
30485.9
30485.9
30485.9
30485.9
30485.9
30485.9
30485.9
30485.9
30485.9
30485.9
30485.9
30485.9
30485.9
30485.9
30485.9
30485.9
30485.9
30485.9
30485.9
30485.9
30485.9
30485.9
30485.9
30485.9
30485.9
30485.9
30485.9
30485.9
30485.9
30485.9
30485.9
30485.9
30485.9
30485.9
30485.9
30485.9
30485.9
30485.9
30485.9
30485.9
30485.9
30485.9
30485.9
30485.9
30485.9
30485.9
30485.9
30485.9
30485.9
30485.9
30485.9
30485.9
30485.9
30485.9
30485.9
30485.9
30485.9
30485.9
30485.9
30485.9
30485.9
30485.9
30485.9
30485.9
30485.9
30485.9
30485.9
30485.9
30485.9
30485.9
30485.9
30485.9
30485.9
30485.9
30485.9
30485.9
30485.9
30485.9
30485.9
30485.9
30485.9
30485.9
30485.9
30485.9
30485.9
30485.9
30485.9
30485.9
30485.9
30485.9
30485.9
30485.9
30485.9
30485.9
30485.9
30485.9
30485.9
30485.9
30485.9
30485.9
30485.9
30485.9
30485.9
30485.9
30485.9
30485.9
30485.9
30485.9
30485.9
30485.9
30485.9
30485.9
30485.9
30485.9
30485.9
30485.9
30485.9
30485.9
30485.9
30485.9
30485.9
30485.9
30485.9
30485.9
30485.9
30485.9
30485.9
30485.9
30485.9
30485.9
30485.9
30485.9
30485.9
30485.9
30485.9
30485.9
30485.9
30485.9
30485.9
30485.9
30485.9
30485.9
30485.9
30485.9
30485.9
30485.9
30485.9
30485.9
30485.9
30485.9
30485.9
30485.9
30485.9
30485.9
30485.9
30485.9
30485.9
30485.9
30485.9
30485.9
30485.9
30486
30486
30486
30486
30486
30486
30486
30486
30486
30486
30486
30486
30486
30486
30486
30486
30486
30486
30486
30486
30486
30486
30486
30486
30486
30486
30486
30486
30486
30486.1
30486.1
30486.1
30486.1
30486.1
30486.1
30486.1
30486.1
30486.1
30486.1
30486.1
30486.1
30486.1
30486.1
30486.2
30486.2
30486.2
30486.2
30486.2
30486.2
30486.2
30486.2
30486.2
30486.2
30486.3
30486.3
30486.3
30486.3
30486.3
30486.3
30486.3
30486.4
30486.4
30486.4
30486.4
30486.4
30486.5
30486.5
30486.5
30486.5
30486.5
30486.5
30486.6
30486.6
30486.6
30486.6
30486.7
30486.7
30486.7
30486.8
30486.8
30486.8
30486.8
30486.9
30486.9
30486.9
30487
30487
30487
30487.1
30487.1
30487.1
30487.2
30487.2
30487.2
30487.3
30487.4
30487.4
30487.4
30487.5
30487.5
30487.6
30487.7
30487.7
30487.7
30487.9
30487.8
30487.9
30488
30488
30488.1
30488.3
30488.3
30488.3
30488.5
30488.5
30488.5
30488.7
30488.7
30488.7
30488.9
30489
30489
30489.2
30489.3
30489.3
30489.5
30489.6
30489.6
30489.7
30490
30490
30490
30490.3
30490.4
30490.4
30490.7
30490.9
30490.8
30491
30491.4
30491.3
30491.4
30491.8
30491.9
30491.8
30492.2
30492.5
30492.4
30492.7
30493
30493
30493.2
30493.7
30493.7
30493.8
30494.3
30494.4
30494.3
30494.9
30495.2
30495.1
30495.4
30496.1
30496
30496.2
30496.8
30497
30496.8
30497.6
30498
30497.9
30498.2
30499.1
30499
30499.1
30499.9
30500.4
30500.1
30500.8
30501.6
30501.5
30501.8
30502.8
30502.9
30502.7
30503.9
30504.5
30504.3
30504.8
30506
30505.8
30506.2
30507.4
30507.7
30507.5
30508.8
30509.5
30509.3
30509.9
30511.5
30511.4
30511.5
30512.9
30513.6
30513.2
30514.7
30515.7
30515.5
30516.2
30518.2
30518.1
30518.1
30519.9
30520.8
30520.3
30522.2
30523.3
30523.1
30523.9
30526.2
30526.1
30526.4
30528.4
30529.2
30528.7
30531.2
30532.5
30532.2
30533.2
30535.9
30535.7
30536.2
30538.7
30539.5
30538.9
30542
30543.4
30543.1
30544.3
30547.6
30547.3
30547.9
30550.8
30551.8
30551.1
30554.8
30556.5
30556
30557.5
30561.4
30561
30561.7
30565.2
30566.4
30565.6
30569.7
30571.8
30571.1
30572.9
30577.3
30577
30578
30582.1
30583.2
30582.4
30587.4
30589.9
30588.7
30591.6
30595.7
30595.3
30596.9
30602.3
30602.4
30602
30607.5
30610.2
30608.8
30613.4
30616.7
30616.1
30618.3
30624.6
30624.2
30624.8
30630.5
30633.2
30631.8
30637.9
30641.2
30640.3
30642.9
30650
30649.5
30650.5
30656.5
30659.1
30657.6
30664.8
30668.3
30667.4
30670.5
30678.3
30677.6
30679.1
30685.9
30688.2
30686.6
30694.9
30698.9
30697.5
30701.1
30709.7
30708.8
30710.6
30718.2
30720.4
30718.7
30727.9
30732.4
30730.7
30734.6
30743.8
30742.7
30744.8
30753.3
30755.5
30753.7
30763.6
30768.5
30766.4
30770.9
30780.4
30779.3
30781.8
30791.2
30793.1
30791.3
30801.9
30807
30804.6
30810.1
30819.4
30818.3
30821.1
30831.3
30832.9
30831.2
30842.5
30847.8
30845.1
30851.3
30860.4
30859.2
30862.2
30872.8
30874.6
30872.7
30884.6
30890
30887.2
30893.3
30902.7
30901.5
30904.7
30916
30916.8
30915.2
30927.4
30932.9
30930
30938.1
30945.9
30944.8
30948.9
30960.9
30960.1
30960.6
30971.2
30976.2
30973.5
30983.7
30989.7
30987.8
30992.3
31004.3
31003.3
31005.2
31015.2
31017.9
31015.9
31027.7
31033.4
31030.7
31037
31046.1
31045
31048.5
31059.9
31059.6
31059.1
31070.2
31075.3
31072.4
31081.5
31087.6
31086.2
31090.2
31101.5
31100.8
31102
31110.9
31115
31112.6
31123
31127.9
31126.2
31130.4
31141.1
31140.1
31141.9
31150.9
31153
31151.2
31161.6
31166.4
31164
31169.7
31177.5
31176.3
31179
31188.3
31189.4
31187.7
31197.7
31202.1
31199.8
31205.2
31211.8
31211
31213.9
31222.9
31222.6
31222.3
31230.7
31234.3
31231.9
31238.4
31243.7
31242.7
31245.6
31253.9
31253.5
31253.4
31260.7
31264
31262
31268.4
31272.5
31271.6
31274.3
31281.9
31281.4
31281.2
31287.8
31290.8
31288.9
31294.8
31298.4
31297.7
31300
31306.6
31305.9
31306.3
31312
31314.6
31313
31318.2
31321.3
31320.5
31322.6
31328.6
31327.9
31328.2
31333.2
31335.4
31334.1
31338.8
31341.4
31340.5
31342.4
31347.4
31346.8
31347.8
31352
31352.9
31352
31356.8
31358.9
31357.8
31360.2
31363.4
31362.9
31364.2
31368.3
31368.4
31367.8
31371.8
31373.4
31372.2
31375
31377.5
31377.2
31378.3
31381.8
31381.7
31381.6
31384.6
31385.9
31385.1
31387.8
31389.4
31388.9
31390.1
31393.2
31392.9
31392.9
31395.4
31396.5
31395.8
31398.1
31399.4
31399
31399.9
31402.4
31402.1
31402.4
31404.3
31405.1
31404.5
31406.7
31407.7
31407.3
31408.1
31410.1
31409.8
31410
31411.7
31412.4
31411.9
31413.5
31414.4
31414.2
31414.8
31416.4
31416.3
31416.2
31417.7
31418.3
31417.9
31418.9
31419.9
31419.7
31420.1
31421.4
31421.5
31421.3
31422.6
31423.1
31422.8
31423.4
31424.3
31424.1
31424.4
31425.4
31425.7
31425.4
31426.4
31426.8
31426.6
31427
31427.9
31427.7
31427.8
31428.6
31429
31428.7
31429.3
31429.8
31429.7
31429.9
31430.6
31430.7
31430.5
31431.2
31431.5
31431.4
31431.6
31432.2
31432.1
31432.2
31432.7
31432.9
31432.7
31433.2
31433.4
31433.4
31433.5
31434
31434
31433.9
31434.4
31434.6
31434.5
31434.6
31435
31435
31435
31435.3
31435.4
31435.3
31435.6
31435.8
31435.7
31435.9
31436.1
31436.1
31436.2
31436.4
31436.4
31436.4
31436.6
31436.7
31436.7
31436.8
31437
31437
31437
31437.2
31437.2
31437.2
31437.4
31437.4
31437.4
31437.6
31437.6
31437.6
31437.7
31437.8
31437.8
31437.9
31438
31437.9
31438
31438.1
31438.1
31438.2
31438.3
31438.2
31438.3
31438.4
31438.4
31438.4
31438.4
31438.5
31438.5
31438.5
31438.6
31438.7
31438.6
31438.7
31438.7
31438.7
31438.8
31438.8
31438.8
31438.9
31438.9
31438.9
31438.9
31439
31438.9
31439
31439
31439
31439
31439.1
31439.1
31439.1
31439.1
31439.2
31439.2
31439.2
31439.2
31439.2
31439.2
31439.2
31439.2
31439.3
31439.3
31439.3
31439.3
31439.3
31439.3
31439.3
31439.3
31439.3
31439.3
31439.4
31439.4
31439.4
31439.4
31439.4
31439.4
31439.4
31439.4
31439.4
31439.4
31439.5
31439.5
31439.5
31439.5
31439.5
31439.5
31439.5
31439.5
31439.5
31439.5
31439.5
31439.5
31439.5
31439.5
31439.5
31439.5
31439.6
31439.6
31439.6
31439.6
31439.6
31439.6
31439.6
31439.6
31439.6
31439.6
31439.6
31439.6
31439.6
31439.6
31439.6
31439.6
31439.6
31439.6
31439.7
31439.7
31439.7
31439.7
31439.7
31439.7
31439.7
31439.7
31439.7
31439.7
31439.7
31439.7
31439.7
31439.7
31439.8
31439.8
31439.8
31439.8
31439.8
31439.8
31439.8
31439.8
31439.8
31439.8
31439.8
31439.8
31439.8
31439.9
31439.9
31439.9
31439.9
31439.9
31439.9
31439.9
31439.9
31439.9
31439.9
31440
31439.9
31440
31440
31440
31440
31440
31440
31440
31440.1
31440.1
31440.1
31440.1
31440.1
31440.1
31440.1
31440.1
31440.2
31440.2
31440.2
31440.2
31440.2
31440.3
31440.3
31440.3
31440.3
31440.3
31440.3
31440.3
31440.4
31440.4
31440.4
31440.4
31440.5
31440.5
31440.5
31440.5
31440.5
31440.6
31440.6
31440.6
31440.6
31440.7
31440.7
31440.7
31440.7
31440.8
31440.8
31440.8
31440.8
31440.8
31440.9
31440.9
31440.9
31440.9
31441
31441
31441
31441
31441
31441.1
31441.1
31441.1
31441.1
31441.2
31441.2
31441.2
31441.3
31441.3
31441.3
31441.3
31441.3
31441.3
31441.4
31441.4
31441.4
31441.5
31441.5
31441.5
31441.5
31441.5
31441.5
31441.6
31441.6
31441.6
31441.6
31441.7
31441.7
31441.7
31441.7
31441.8
31441.8
31441.7
31441.8
31441.8
31441.8
31441.8
31441.8
31441.9
31441.9
31441.9
31441.9
31442
31442
31442
31442
31442
31442
31442
31442
31442.1
31442.1
31442.1
31442.1
31442.1
31442.1
31442.1
31442.2
31442.2
31442.2
31442.2
31442.2
31442.2
31442.2
31442.2
31442.2
31442.3
31442.3
31442.3
31442.3
31442.3
31442.3
31442.3
31442.3
31442.3
31442.3
31442.3
31442.3
31442.4
31442.4
31442.4
31442.4
31442.4
31442.4
31442.4
31442.4
31442.4
31442.4
31442.4
31442.4
31442.4
31442.5
31442.5
31442.5
31442.5
31442.5
31442.5
31442.5
31442.5
31442.5
31442.5
31442.5
31442.5
31442.5
31442.5
31442.5
31442.5
31442.5
31442.5
31442.5
31442.5
31442.5
31442.5
31442.5
31442.5
31442.5
31442.5
31442.5
31442.5
31442.5
31442.5
31442.5
31442.5
31442.5
31442.5
31442.5
31442.5
31442.5
31442.5
31442.5
31442.5
31442.5
31442.5
31442.5
31442.5
31442.5
31442.5
31442.5
31442.5
31442.4
31442.4
31442.4
31442.4
31442.4
31442.4
31442.4
31442.4
31442.4
31442.4
31442.3
31442.3
31442.3
31442.3
31442.3
31442.3
31442.2
31442.3
31442.2
31442.2
31442.2
31442.2
31442.2
31442.1
31442.1
31442.1
31442.1
31442.1
31442.1
31442
31442
31442
31442
31441.9
31442
31441.9
31441.9
31441.9
31441.9
31441.8
31441.8
31441.8
31441.8
31441.8
31441.7
31441.7
31441.7
31441.7
31441.6
31441.6
31441.6
31441.6
31441.5
31441.5
31441.5
31441.5
31441.4
31441.4
31441.4
31441.4
31441.3
31441.3
31441.3
31441.3
31441.2
31441.2
31441.3
31441.2
31441.1
31441.1
31441.2
31441.1
31441
31441.1
31441.1
31441
31440.9
31441
31441
31440.9
31440.9
31440.9
31440.8
31440.8
31440.8
31440.8
31440.7
31440.7
31440.7
31440.7
31440.7
31440.6
31440.6
31440.6
31440.6
31440.5
31440.5
31440.5
31440.5
31440.4
31440.4
31440.4
31440.4
31440.3
31440.4
31440.4
31440.3
31440.3
31440.3
31440.3
31440.2
31440.2
31440.2
31440.2
31440.2
31440.2
31440.1
31440.1
31440.1
31440.1
31440.1
31440.1
31440.1
31440
31440
31440
31440
31440
31439.9
31439.9
31439.9
31439.9
31439.9
31439.9
31439.9
31439.9
31439.9
31439.8
31439.8
31439.8
31439.8
31439.8
31439.8
31439.8
31439.8
31439.8
31439.7
31439.7
31439.7
31439.7
31439.7
31439.7
31439.7
31439.7
31439.7
31439.7
31439.7
31439.7
31439.7
31439.6
31439.6
31439.6
31439.6
31439.6
31439.6
31439.6
31439.6
31439.6
31439.6
31439.6
31439.6
31439.6
31439.6
31439.6
31439.6
31439.6
31439.6
31439.6
31439.5
31439.5
31439.5
31439.5
31439.5
31439.5
31439.5
31439.5
31439.5
31439.5
31439.5
31439.5
31439.5
31439.5
31439.5
31439.5
31439.5
31439.5
31439.5
31439.5
31439.5
31439.5
31439.5
31439.5
31439.5
31439.5
31439.5
31439.5
31439.4
31439.4
31439.4
31439.4
31439.4
31439.4
31439.4
31439.4
31439.4
31439.4
31439.4
31439.4
31439.4
31439.4
31439.4
31439.4
31439.4
31439.4
31439.4
31439.4
31439.4
31439.4
31439.4
31439.3
31439.3
31439.3
31439.3
31439.3
31439.3
31439.3
31439.3
31439.3
31439.3
31439.3
31439.3
31439.3
31439.3
31439.3
31439.3
31439.3
31439.3
31439.3
31439.2
31439.2
31439.2
31439.2
31439.2
31439.2
31439.2
31439.2
31439.2
31439.2
31439.2
31439.2
31439.2
31439.2
31439.2
31439.2
31439.2
31439.2
31439.1
31439.1
31439.1
31439.1
31439.1
31439.1
31439.1
31439.1
31439.1
31439.1
31439.1
31439.1
31439.1
31439.1
31439.1
31439.1
31439.1
31439.1
31439.1
)
;

boundaryField
{
    sides
    {
        type            zeroGradient;
    }
    empty
    {
        type            empty;
    }
}


// ************************************************************************* //
