/*--------------------------------*- C++ -*----------------------------------*\
  =========                 |
  \\      /  F ield         | OpenFOAM: The Open Source CFD Toolbox
   \\    /   O peration     | Website:  https://openfoam.org
    \\  /    A nd           | Version:  9
     \\/     M anipulation  |
\*---------------------------------------------------------------------------*/
FoamFile
{
    format      ascii;
    class       volScalarField;
    location    "0.042";
    object      rho;
}
// * * * * * * * * * * * * * * * * * * * * * * * * * * * * * * * * * * * * * //

dimensions      [1 -3 0 0 0 0 0];

internalField   nonuniform List<scalar> 
10000
(
0.563343
0.56329
0.563258
0.563223
0.563189
0.563155
0.56312
0.563086
0.563052
0.563017
0.562983
0.562949
0.562915
0.56288
0.562846
0.562812
0.562777
0.562743
0.562709
0.562674
0.56264
0.562606
0.562572
0.562537
0.562503
0.562469
0.562435
0.5624
0.562366
0.562332
0.562297
0.562263
0.562229
0.562194
0.56216
0.562126
0.562091
0.562057
0.562023
0.561988
0.561954
0.56192
0.561886
0.561851
0.561817
0.561783
0.561749
0.561715
0.56168
0.561646
0.561612
0.561578
0.561543
0.561509
0.561475
0.561441
0.561406
0.561372
0.561338
0.561304
0.56127
0.561235
0.561201
0.561167
0.561133
0.561098
0.561064
0.56103
0.560996
0.560961
0.560927
0.560893
0.560859
0.560824
0.56079
0.560756
0.560722
0.560687
0.560653
0.560619
0.560585
0.56055
0.560516
0.560482
0.560448
0.560413
0.560379
0.560345
0.560311
0.560277
0.560243
0.560208
0.560174
0.56014
0.560106
0.560072
0.560038
0.560004
0.559969
0.559935
0.5599
0.559866
0.559832
0.559799
0.559765
0.559731
0.559696
0.559661
0.559626
0.559592
0.559559
0.559525
0.559492
0.559457
0.559422
0.559387
0.559353
0.559319
0.559285
0.559252
0.559218
0.559183
0.559149
0.559115
0.55908
0.559046
0.559012
0.558978
0.558944
0.55891
0.558876
0.558842
0.558808
0.558773
0.558739
0.558705
0.558671
0.558637
0.558603
0.558569
0.558535
0.558502
0.558467
0.558432
0.558397
0.558362
0.558329
0.558297
0.558264
0.55823
0.558194
0.558159
0.558123
0.558089
0.558057
0.558025
0.557991
0.557957
0.557921
0.557886
0.557852
0.557819
0.557787
0.557752
0.557716
0.55768
0.557645
0.557612
0.557583
0.557552
0.557517
0.55748
0.557442
0.557405
0.55737
0.557338
0.557308
0.557277
0.557244
0.557209
0.557174
0.557138
0.557102
0.557066
0.557033
0.557007
0.556981
0.556944
0.556905
0.556866
0.556827
0.556789
0.556755
0.556732
0.556709
0.556672
0.556632
0.556592
0.556553
0.556514
0.556478
0.55645
0.556431
0.556401
0.556362
0.556323
0.556285
0.556246
0.556209
0.556176
0.556149
0.556124
0.55609
0.556053
0.556017
0.555982
0.555955
0.555923
0.555885
0.555846
0.555807
0.55577
0.555738
0.555716
0.555687
0.555649
0.555609
0.55557
0.55553
0.555493
0.555457
0.555429
0.555417
0.555395
0.555357
0.555317
0.555277
0.555237
0.555197
0.555158
0.555122
0.555093
0.555076
0.555046
0.555006
0.554966
0.554926
0.554887
0.55485
0.55482
0.554804
0.554774
0.554735
0.554695
0.554656
0.554618
0.554587
0.554566
0.554534
0.554495
0.554455
0.554416
0.554377
0.554343
0.55432
0.554298
0.554261
0.554221
0.554181
0.554142
0.554103
0.554068
0.554045
0.554026
0.55399
0.55395
0.553909
0.553869
0.553829
0.55379
0.553753
0.553721
0.553711
0.553704
0.553669
0.553628
0.553586
0.553545
0.553505
0.553466
0.553427
0.55339
0.553358
0.553343
0.553318
0.55328
0.55324
0.553199
0.55316
0.553122
0.553087
0.553068
0.553052
0.553017
0.552978
0.552936
0.552896
0.552857
0.552819
0.552786
0.552768
0.552743
0.552705
0.552665
0.552625
0.552586
0.552548
0.552517
0.552498
0.55247
0.552431
0.552392
0.552352
0.552313
0.552276
0.552245
0.552222
0.552193
0.552157
0.552122
0.552092
0.552066
0.552031
0.551992
0.551953
0.551913
0.551874
0.551838
0.551808
0.55179
0.551761
0.551722
0.551682
0.551643
0.551603
0.551566
0.551534
0.551516
0.55149
0.551452
0.551412
0.551373
0.551334
0.551296
0.551265
0.551249
0.551223
0.551185
0.551145
0.551106
0.551067
0.55103
0.551002
0.550983
0.55095
0.550911
0.550871
0.550831
0.550792
0.550753
0.550716
0.550684
0.550662
0.550641
0.550614
0.550585
0.550552
0.550514
0.550475
0.550435
0.550396
0.550358
0.550321
0.550293
0.550274
0.550242
0.550203
0.550164
0.550125
0.550086
0.55005
0.550024
0.550005
0.54997
0.549931
0.549892
0.549853
0.549815
0.549781
0.549761
0.549738
0.549701
0.549662
0.549623
0.549584
0.549547
0.549518
0.5495
0.549469
0.54943
0.54939
0.549351
0.549313
0.549278
0.549253
0.549231
0.549196
0.549157
0.549118
0.549079
0.549043
0.549014
0.548993
0.548959
0.54892
0.548881
0.548842
0.548806
0.548774
0.548755
0.548726
0.548688
0.548649
0.54861
0.548571
0.548535
0.548505
0.548489
0.54846
0.548422
0.548382
0.548343
0.548305
0.548269
0.548244
0.548222
0.548186
0.548147
0.548108
0.548069
0.548033
0.548003
0.547984
0.547953
0.547915
0.547875
0.547836
0.547797
0.54776
0.547729
0.547713
0.547689
0.547651
0.547611
0.547572
0.547533
0.547495
0.547461
0.547439
0.547418
0.547382
0.547343
0.547304
0.547265
0.547228
0.547197
0.547176
0.547146
0.547108
0.547069
0.54703
0.546993
0.546961
0.54694
0.54691
0.546871
0.546832
0.546792
0.546753
0.546714
0.546675
0.54664
0.546612
0.54661
0.546599
0.546563
0.546523
0.546479
0.546437
0.546398
0.546359
0.546321
0.546286
0.546261
0.546242
0.546208
0.546169
0.54613
0.546091
0.546054
0.546019
0.545996
0.545976
0.545941
0.545902
0.545863
0.545825
0.545788
0.545757
0.545735
0.545702
0.545664
0.545625
0.545586
0.54555
0.545519
0.545499
0.545469
0.545431
0.545392
0.545353
0.545315
0.545278
0.545245
0.545227
0.545204
0.545167
0.545128
0.545089
0.545051
0.545015
0.544984
0.544965
0.544935
0.544897
0.544858
0.54482
0.544782
0.544748
0.544725
0.544705
0.54467
0.544631
0.544592
0.544553
0.544516
0.544484
0.544462
0.544435
0.544397
0.544359
0.54432
0.544281
0.544245
0.544212
0.544193
0.544168
0.544131
0.544092
0.544053
0.544015
0.543978
0.543946
0.543924
0.543895
0.543858
0.543819
0.54378
0.543743
0.543709
0.543684
0.543658
0.543622
0.543583
0.543544
0.543505
0.543466
0.543429
0.543397
0.543383
0.543384
0.543355
0.543316
0.543272
0.54322
0.543174
0.543135
0.543096
0.543059
0.543025
0.543004
0.543011
0.542997
0.54296
0.542919
0.542871
0.542823
0.542783
0.542744
0.542706
0.54267
0.542641
0.542627
0.542602
0.542565
0.542525
0.542485
0.542446
0.542408
0.542372
0.54234
0.542326
0.542308
0.542272
0.542233
0.542194
0.542156
0.542118
0.542083
0.542056
0.542027
0.54199
0.541952
0.541914
0.541878
0.541848
0.541826
0.541794
0.541756
0.541718
0.541679
0.54164
0.541602
0.541567
0.541538
0.541529
0.541511
0.541474
0.541435
0.541394
0.541355
0.541317
0.541281
0.541252
0.541231
0.541199
0.541161
0.541122
0.541084
0.541046
0.541009
0.540977
0.540958
0.540934
0.540898
0.540859
0.540821
0.540782
0.540745
0.540711
0.540687
0.540663
0.540627
0.540589
0.54055
0.540512
0.540476
0.540446
0.540431
0.540409
0.540372
0.540333
0.540295
0.540256
0.540219
0.540185
0.540159
0.540132
0.540096
0.540058
0.54002
0.539982
0.539946
0.539916
0.539899
0.539872
0.539834
0.539796
0.539758
0.53972
0.539684
0.539653
0.539625
0.539589
0.539551
0.539512
0.539474
0.539436
0.539399
0.539366
0.539348
0.539355
0.539337
0.5393
0.539259
0.539213
0.539171
0.539132
0.539094
0.539058
0.539027
0.538998
0.538962
0.538924
0.538887
0.53885
0.538818
0.538799
0.538777
0.538741
0.538703
0.538664
0.538626
0.538588
0.538552
0.538521
0.538503
0.538477
0.53844
0.538402
0.538364
0.538326
0.53829
0.538259
0.538229
0.538193
0.538155
0.538117
0.538078
0.538041
0.538006
0.537979
0.537978
0.537978
0.537946
0.537907
0.537863
0.537815
0.537774
0.537736
0.537699
0.537665
0.53764
0.537613
0.537577
0.537539
0.537501
0.537463
0.537428
0.5374
0.53738
0.537348
0.537311
0.537273
0.537235
0.537197
0.537162
0.537133
0.53711
0.537077
0.537039
0.537
0.536961
0.536923
0.536885
0.536848
0.536815
0.536794
0.536802
0.536791
0.536756
0.536715
0.536668
0.53662
0.53658
0.536542
0.536506
0.536473
0.53645
0.536425
0.536389
0.536351
0.536313
0.536276
0.536241
0.536212
0.53619
0.536157
0.536119
0.536081
0.536044
0.536007
0.535974
0.535952
0.535927
0.535891
0.535853
0.535815
0.535777
0.535741
0.535709
0.535688
0.535664
0.535627
0.53559
0.535552
0.535514
0.535477
0.535442
0.535414
0.535401
0.535375
0.535338
0.5353
0.535261
0.535223
0.535185
0.535149
0.535119
0.535099
0.535069
0.535032
0.534994
0.534954
0.534915
0.534877
0.53484
0.534804
0.534774
0.534767
0.534763
0.53473
0.534691
0.534648
0.5346
0.534558
0.53452
0.534483
0.53445
0.534426
0.534415
0.534386
0.534349
0.53431
0.534267
0.534225
0.534187
0.534149
0.534113
0.53408
0.534062
0.534063
0.534038
0.534
0.533959
0.533912
0.53387
0.533832
0.533794
0.533759
0.533729
0.533711
0.533684
0.533648
0.53361
0.533572
0.533534
0.533497
0.533462
0.533433
0.533422
0.533403
0.533367
0.533329
0.533287
0.533245
0.533207
0.533169
0.533134
0.533102
0.533085
0.533066
0.533031
0.532994
0.532956
0.532919
0.532884
0.532856
0.532838
0.532808
0.532771
0.532733
0.532695
0.532657
0.532619
0.532583
0.532549
0.532524
0.532502
0.532468
0.53243
0.532393
0.532356
0.532319
0.532285
0.532257
0.532226
0.53219
0.532152
0.532115
0.532078
0.532041
0.532007
0.531983
0.531986
0.531977
0.531942
0.531903
0.531858
0.531807
0.531764
0.531726
0.531688
0.531651
0.531614
0.53158
0.531553
0.53155
0.531537
0.531502
0.531464
0.531421
0.531376
0.531338
0.5313
0.531263
0.531229
0.531201
0.531186
0.53116
0.531123
0.531085
0.531048
0.53101
0.530974
0.530941
0.530917
0.530901
0.530869
0.530832
0.530794
0.530753
0.530712
0.530675
0.530637
0.5306
0.530564
0.530532
0.530513
0.530513
0.530489
0.530452
0.530412
0.530367
0.530326
0.530288
0.530251
0.530215
0.530182
0.530159
0.530136
0.530101
0.530064
0.530027
0.529989
0.529952
0.529915
0.52988
0.529852
0.529848
0.529842
0.529809
0.529771
0.529728
0.529679
0.529637
0.529599
0.529562
0.529524
0.529487
0.529452
0.52942
0.529404
0.529404
0.529378
0.529341
0.529301
0.529258
0.529217
0.52918
0.529143
0.529107
0.529074
0.52905
0.529029
0.528995
0.528958
0.528921
0.528884
0.528847
0.528811
0.52878
0.528762
0.528741
0.528707
0.52867
0.528632
0.528595
0.528558
0.528523
0.528493
0.528469
0.528436
0.5284
0.528363
0.528326
0.528291
0.52826
0.528241
0.528217
0.528182
0.528145
0.528108
0.528071
0.528034
0.528
0.527972
0.52795
0.527917
0.52788
0.527843
0.527806
0.527771
0.527739
0.527717
0.527688
0.527652
0.527615
0.527578
0.527542
0.527508
0.52748
0.527457
0.527423
0.527386
0.52735
0.527313
0.527277
0.527244
0.527221
0.527203
0.52717
0.527134
0.527097
0.52706
0.527024
0.52699
0.526964
0.526944
0.526911
0.526874
0.526836
0.526798
0.526758
0.526721
0.526684
0.526647
0.526612
0.526582
0.526568
0.526567
0.526538
0.526501
0.526461
0.526417
0.526376
0.526339
0.526302
0.526267
0.526235
0.526217
0.526197
0.526163
0.526126
0.526088
0.52605
0.526012
0.525975
0.525939
0.525903
0.525869
0.525846
0.525839
0.525815
0.525778
0.525741
0.525702
0.525663
0.525627
0.52559
0.525554
0.525519
0.525492
0.525473
0.525443
0.525406
0.52537
0.525333
0.525296
0.525261
0.52523
0.525208
0.525182
0.525146
0.52511
0.525073
0.525037
0.525001
0.524969
0.524938
0.524903
0.524866
0.524829
0.524792
0.524756
0.524719
0.524685
0.524655
0.524644
0.524657
0.524637
0.524601
0.524561
0.524512
0.524449
0.5244
0.524362
0.524325
0.524289
0.524257
0.524235
0.524244
0.524251
0.524222
0.524184
0.524143
0.524093
0.524047
0.524009
0.523973
0.523937
0.523904
0.523879
0.523852
0.523816
0.52378
0.523742
0.523704
0.523665
0.523629
0.523592
0.523556
0.523524
0.523504
0.523506
0.523488
0.523452
0.523413
0.523369
0.523324
0.523285
0.523249
0.523213
0.523179
0.523155
0.523141
0.523113
0.523077
0.52304
0.523003
0.522966
0.52293
0.522896
0.522866
0.522835
0.522799
0.522763
0.522726
0.52269
0.522653
0.522618
0.522585
0.522564
0.522565
0.522546
0.52251
0.522471
0.522426
0.522375
0.522333
0.522296
0.52226
0.522225
0.522194
0.522179
0.522189
0.522172
0.522136
0.522098
0.522053
0.522001
0.521958
0.521921
0.521885
0.521848
0.521812
0.521778
0.521748
0.521734
0.52173
0.5217
0.521664
0.521625
0.521582
0.521543
0.521506
0.52147
0.521434
0.521401
0.521373
0.52134
0.521304
0.521267
0.521231
0.521195
0.521159
0.521125
0.521097
0.52109
0.521104
0.521084
0.521048
0.521008
0.520961
0.520901
0.520853
0.520815
0.520779
0.520743
0.520707
0.520674
0.520647
0.520644
0.520642
0.520612
0.520574
0.520534
0.520487
0.520445
0.520408
0.520372
0.520337
0.520306
0.520287
0.520268
0.520234
0.520198
0.520162
0.520125
0.52009
0.520055
0.520025
0.519999
0.519966
0.51993
0.519893
0.519856
0.519819
0.519783
0.519747
0.519711
0.519678
0.519653
0.519651
0.51964
0.519606
0.519569
0.519528
0.519483
0.519444
0.519407
0.519372
0.519337
0.519308
0.519291
0.519267
0.519232
0.519196
0.51916
0.519124
0.519089
0.519057
0.519031
0.519002
0.518966
0.51893
0.518893
0.518856
0.51882
0.518783
0.518748
0.518713
0.518682
0.518664
0.518664
0.518639
0.518603
0.518565
0.518522
0.51848
0.518443
0.518407
0.518372
0.518339
0.518314
0.518293
0.51826
0.518224
0.518187
0.51815
0.518112
0.518076
0.51804
0.518005
0.517974
0.517953
0.517957
0.51794
0.517905
0.517867
0.517824
0.517777
0.517737
0.517701
0.517666
0.517632
0.517604
0.517589
0.517564
0.517529
0.517493
0.517457
0.517421
0.517385
0.517351
0.517321
0.517294
0.51726
0.517224
0.517188
0.517152
0.517116
0.51708
0.517044
0.51701
0.516979
0.516964
0.516967
0.516944
0.516908
0.51687
0.516826
0.516783
0.516746
0.51671
0.516675
0.516641
0.516615
0.516592
0.516559
0.516523
0.516487
0.516451
0.516416
0.516384
0.516359
0.516335
0.516302
0.516266
0.51623
0.516194
0.516158
0.516122
0.516086
0.516051
0.516016
0.515983
0.51595
0.515916
0.515882
0.515852
0.515833
0.515845
0.515839
0.515807
0.51577
0.515729
0.515679
0.515629
0.51559
0.515554
0.515518
0.515482
0.515447
0.515411
0.515378
0.51535
0.515338
0.515323
0.515289
0.515253
0.515217
0.515179
0.515143
0.515107
0.515072
0.515037
0.515003
0.514974
0.514957
0.514931
0.514897
0.514861
0.514825
0.51479
0.514755
0.514722
0.514696
0.51467
0.514636
0.514601
0.514565
0.514529
0.514493
0.514458
0.514423
0.514391
0.514366
0.514357
0.514334
0.514299
0.514262
0.514224
0.514184
0.514147
0.514111
0.514076
0.514042
0.514014
0.513998
0.513977
0.513943
0.513907
0.513871
0.513836
0.5138
0.513765
0.513733
0.513707
0.513679
0.513645
0.513609
0.513573
0.513538
0.513502
0.513466
0.513431
0.513399
0.513373
0.513363
0.513343
0.513308
0.513272
0.513234
0.513193
0.513154
0.513118
0.513082
0.513047
0.513013
0.512983
0.512967
0.512965
0.512939
0.512903
0.512866
0.512825
0.512783
0.512746
0.51271
0.512675
0.512639
0.512604
0.51257
0.512538
0.512517
0.512507
0.512479
0.512444
0.512408
0.512372
0.512336
0.512301
0.512266
0.512232
0.512202
0.512179
0.512148
0.512113
0.512078
0.512043
0.512008
0.511976
0.51195
0.511928
0.511896
0.511861
0.511825
0.51179
0.511755
0.51172
0.511685
0.511654
0.511623
0.511589
0.511553
0.511518
0.511482
0.511447
0.511413
0.511382
0.511361
0.511368
0.51136
0.511328
0.511292
0.511253
0.511206
0.511163
0.511126
0.511091
0.511055
0.51102
0.510985
0.51095
0.510915
0.510879
0.510844
0.510808
0.510773
0.510738
0.510704
0.510672
0.51065
0.510657
0.510671
0.510647
0.510611
0.510573
0.510529
0.510473
0.510429
0.510392
0.510357
0.510322
0.510288
0.510259
0.510235
0.510204
0.510169
0.510133
0.510098
0.510062
0.510027
0.509992
0.509956
0.509922
0.509889
0.509862
0.509852
0.509836
0.509803
0.509767
0.509731
0.509693
0.509656
0.509621
0.509586
0.509551
0.509516
0.509483
0.509457
0.509453
0.509448
0.509417
0.509381
0.509343
0.509297
0.509246
0.509207
0.509171
0.509136
0.509101
0.509066
0.509032
0.509001
0.508983
0.508984
0.508963
0.508928
0.508892
0.508852
0.508812
0.508775
0.50874
0.508705
0.508672
0.508644
0.508622
0.508593
0.508558
0.508523
0.508487
0.508449
0.508407
0.50837
0.508334
0.508299
0.508264
0.508229
0.508195
0.508164
0.508142
0.508151
0.508167
0.508144
0.508109
0.508072
0.508029
0.50797
0.507915
0.507876
0.507841
0.507806
0.507771
0.507736
0.507701
0.507667
0.507636
0.507615
0.507615
0.507597
0.507562
0.507526
0.507487
0.507443
0.507403
0.507367
0.507332
0.507298
0.507265
0.507239
0.507235
0.507235
0.507207
0.507172
0.507134
0.507089
0.507035
0.506993
0.506957
0.506922
0.506887
0.506853
0.50682
0.506793
0.506785
0.506774
0.506742
0.506707
0.50667
0.506631
0.506593
0.506557
0.506522
0.506487
0.506453
0.50642
0.506389
0.506356
0.506322
0.506288
0.506254
0.506221
0.506195
0.506189
0.50618
0.506149
0.506113
0.506076
0.50603
0.505981
0.505942
0.505907
0.505872
0.505839
0.505809
0.505792
0.505798
0.505781
0.505747
0.505711
0.505671
0.505621
0.505575
0.505538
0.505503
0.505468
0.505433
0.505398
0.505364
0.505329
0.505294
0.505261
0.505231
0.505214
0.505228
0.505229
0.5052
0.505165
0.505127
0.50508
0.505017
0.504967
0.50493
0.504895
0.50486
0.504826
0.504794
0.504769
0.504768
0.504768
0.504739
0.504704
0.504667
0.504624
0.504577
0.504539
0.504504
0.50447
0.504435
0.504403
0.504374
0.504344
0.50431
0.504275
0.504241
0.504206
0.504172
0.504139
0.504112
0.504104
0.504112
0.50409
0.504055
0.504019
0.503977
0.503921
0.503867
0.503829
0.503794
0.503759
0.503725
0.503691
0.503661
0.503642
0.50365
0.503643
0.503611
0.503575
0.503537
0.50349
0.503437
0.503397
0.503362
0.503328
0.503293
0.503261
0.503233
0.50322
0.503206
0.503175
0.50314
0.503104
0.503064
0.503019
0.502981
0.502946
0.502911
0.502877
0.502845
0.502819
0.502817
0.502833
0.502813
0.50278
0.502744
0.502703
0.502648
0.502588
0.502547
0.502512
0.502477
0.502443
0.502408
0.502374
0.502341
0.502314
0.502304
0.502312
0.502292
0.502258
0.502222
0.502183
0.502136
0.502094
0.502059
0.502024
0.50199
0.501955
0.501921
0.501889
0.50186
0.501845
0.50183
0.501799
0.501765
0.501731
0.501696
0.501661
0.501626
0.501591
0.501554
0.501517
0.501481
0.501447
0.501412
0.501378
0.501345
0.501313
0.50129
0.50129
0.501282
0.501251
0.501216
0.501179
0.501136
0.501091
0.501053
0.501019
0.500984
0.50095
0.500916
0.500881
0.500847
0.500813
0.50078
0.500748
0.500716
0.500685
0.50066
0.500653
0.500661
0.500638
0.500604
0.500568
0.500528
0.500475
0.500426
0.500388
0.500354
0.50032
0.500286
0.500256
0.500237
0.500239
0.500222
0.500189
0.500154
0.500117
0.500075
0.500037
0.500002
0.499968
0.499934
0.499901
0.49987
0.499839
0.499805
0.499771
0.499737
0.499702
0.499668
0.499635
0.499603
0.499578
0.499569
0.499549
0.499516
0.499482
0.499447
0.49941
0.499372
0.499337
0.499302
0.499268
0.499234
0.4992
0.499166
0.499132
0.499099
0.49907
0.499053
0.499044
0.499017
0.498983
0.498949
0.498914
0.49888
0.498845
0.498809
0.498772
0.498737
0.498703
0.498669
0.498634
0.4986
0.498566
0.498532
0.498498
0.498464
0.498433
0.498407
0.498402
0.49842
0.498404
0.498371
0.498336
0.498297
0.498249
0.498187
0.498142
0.498106
0.498071
0.498037
0.498003
0.49797
0.497937
0.497909
0.497897
0.497903
0.497881
0.497848
0.497813
0.497774
0.497724
0.497671
0.497632
0.497598
0.497564
0.49753
0.497496
0.497464
0.497437
0.497429
0.497429
0.497402
0.497368
0.497332
0.497292
0.497245
0.497205
0.49717
0.497136
0.497103
0.497072
0.497049
0.497051
0.497043
0.497012
0.496978
0.496941
0.496897
0.496844
0.496803
0.496768
0.496734
0.496701
0.496669
0.496643
0.496638
0.49663
0.4966
0.496566
0.49653
0.496491
0.496451
0.496415
0.496381
0.496347
0.496314
0.496281
0.49625
0.496225
0.496201
0.496169
0.496135
0.496102
0.496068
0.496033
0.495999
0.495964
0.495929
0.495895
0.495861
0.495828
0.495794
0.49576
0.495728
0.495699
0.495685
0.495694
0.495679
0.495647
0.495612
0.495575
0.495532
0.495486
0.495449
0.495415
0.495381
0.495347
0.495314
0.495281
0.495252
0.495233
0.495211
0.495179
0.495145
0.495111
0.495077
0.495043
0.495008
0.49497
0.49493
0.494895
0.494861
0.494827
0.494793
0.494759
0.494726
0.494693
0.494664
0.494647
0.494659
0.494659
0.49463
0.494596
0.49456
0.494518
0.494464
0.494415
0.494379
0.494345
0.494311
0.494278
0.494248
0.494225
0.494225
0.494214
0.494183
0.494149
0.494114
0.494074
0.494028
0.493991
0.493956
0.493922
0.493889
0.493855
0.493822
0.493788
0.493755
0.493722
0.493693
0.493675
0.493667
0.49364
0.493607
0.493573
0.493538
0.4935
0.493464
0.49343
0.493396
0.493363
0.49333
0.493298
0.493273
0.493252
0.493223
0.493189
0.493156
0.493122
0.493087
0.49305
0.493014
0.49298
0.492946
0.492912
0.492879
0.492845
0.492812
0.492781
0.492755
0.492749
0.492766
0.49275
0.492718
0.492683
0.492647
0.492602
0.492544
0.492498
0.492463
0.492429
0.492395
0.492362
0.492329
0.492297
0.49227
0.49226
0.492251
0.492222
0.492189
0.492155
0.492118
0.492078
0.49204
0.492006
0.491972
0.491939
0.491905
0.491872
0.491839
0.491807
0.491777
0.491758
0.491746
0.491717
0.491684
0.491651
0.491617
0.491584
0.491551
0.491518
0.491486
0.491459
0.491432
0.4914
0.491367
0.491333
0.4913
0.491266
0.491231
0.491195
0.491161
0.491128
0.491094
0.491061
0.491029
0.490998
0.490976
0.490966
0.490943
0.49091
0.490876
0.490842
0.490806
0.490767
0.490732
0.490698
0.490665
0.490632
0.4906
0.490571
0.490557
0.490556
0.490533
0.4905
0.490466
0.490429
0.490384
0.490339
0.490303
0.490269
0.490236
0.490203
0.490174
0.490153
0.490154
0.490138
0.490106
0.490073
0.490037
0.489997
0.489952
0.489915
0.489881
0.489848
0.489815
0.489782
0.489749
0.489719
0.489694
0.489682
0.489657
0.489625
0.489591
0.489558
0.489523
0.489487
0.489453
0.48942
0.489386
0.489353
0.489321
0.489291
0.489265
0.489235
0.489202
0.489169
0.489135
0.489101
0.489066
0.48903
0.488996
0.488963
0.48893
0.488897
0.488866
0.48884
0.488833
0.488841
0.48882
0.488787
0.488754
0.488717
0.488672
0.488624
0.488587
0.488553
0.48852
0.488488
0.488457
0.488434
0.488424
0.488401
0.488368
0.488335
0.4883
0.488261
0.488215
0.488177
0.488143
0.48811
0.488077
0.488046
0.48802
0.488014
0.488012
0.487986
0.487952
0.487919
0.487882
0.48784
0.487802
0.487768
0.487735
0.487702
0.487669
0.487638
0.487607
0.487575
0.487542
0.487509
0.487476
0.487443
0.487408
0.487374
0.487341
0.487308
0.487275
0.487242
0.487211
0.487184
0.487174
0.487189
0.487176
0.487144
0.487111
0.487076
0.487034
0.486977
0.486921
0.486883
0.486849
0.486816
0.486783
0.486751
0.48672
0.486695
0.486691
0.486704
0.486685
0.486653
0.486619
0.486584
0.486545
0.486493
0.486447
0.486412
0.486379
0.486346
0.486313
0.48628
0.486247
0.486214
0.486181
0.486148
0.486115
0.486082
0.48605
0.486021
0.486001
0.486006
0.486001
0.485972
0.485939
0.485905
0.485868
0.485821
0.485769
0.485731
0.485697
0.485664
0.485631
0.485598
0.485565
0.485533
0.4855
0.485467
0.485435
0.485407
0.485388
0.485396
0.485392
0.485363
0.48533
0.485296
0.485259
0.485215
0.485173
0.485139
0.485106
0.485073
0.485041
0.485009
0.48498
0.484949
0.484917
0.484884
0.484851
0.484817
0.484781
0.484741
0.484705
0.484672
0.484639
0.484606
0.484574
0.484542
0.484515
0.484501
0.484513
0.484503
0.484473
0.48444
0.484406
0.484367
0.484321
0.484281
0.484247
0.484214
0.484182
0.484151
0.484123
0.484107
0.484091
0.484062
0.484029
0.483996
0.483961
0.483923
0.483886
0.483852
0.483819
0.483787
0.483755
0.483727
0.483707
0.483686
0.483656
0.483623
0.483591
0.483558
0.483525
0.483493
0.48346
0.483428
0.483397
0.483369
0.483339
0.483307
0.483274
0.483241
0.483209
0.483176
0.483142
0.483108
0.483075
0.483043
0.48301
0.482978
0.482945
0.482914
0.482886
0.48287
0.48287
0.482848
0.482816
0.482783
0.482749
0.482713
0.482675
0.482641
0.482609
0.482576
0.482544
0.482512
0.482481
0.482449
0.482416
0.482384
0.48235
0.482315
0.482276
0.482241
0.482208
0.482176
0.482144
0.482113
0.482088
0.48208
0.482095
0.48208
0.482049
0.482016
0.481981
0.481942
0.48189
0.481842
0.481807
0.481774
0.481742
0.48171
0.48168
0.481657
0.481646
0.481623
0.481592
0.481559
0.481526
0.48149
0.48145
0.481413
0.48138
0.481348
0.481316
0.481285
0.48126
0.481244
0.48122
0.481188
0.481156
0.481123
0.481088
0.481049
0.481013
0.48098
0.480948
0.480916
0.480886
0.480861
0.480854
0.480844
0.480815
0.480783
0.480749
0.480714
0.480674
0.480637
0.480603
0.480571
0.480539
0.480507
0.480478
0.480452
0.480421
0.480389
0.480357
0.480324
0.48029
0.480254
0.480221
0.480188
0.480156
0.480125
0.480096
0.480075
0.480071
0.480052
0.480021
0.479988
0.479955
0.479919
0.479881
0.479847
0.479814
0.479782
0.479751
0.479722
0.479702
0.479695
0.479671
0.47964
0.479607
0.479574
0.479537
0.479492
0.479446
0.47941
0.479377
0.479345
0.479313
0.47928
0.479248
0.479216
0.479184
0.479152
0.479123
0.479102
0.479102
0.479096
0.479068
0.479036
0.479003
0.478969
0.47893
0.478889
0.478855
0.478822
0.47879
0.478758
0.478726
0.478694
0.478662
0.47863
0.478597
0.478565
0.478533
0.478501
0.478469
0.478437
0.478408
0.478385
0.478376
0.478358
0.478327
0.478295
0.478263
0.47823
0.478195
0.478159
0.478126
0.478094
0.478062
0.47803
0.477997
0.477965
0.477933
0.477901
0.477869
0.477836
0.477803
0.47777
0.477738
0.477705
0.477673
0.477642
0.477612
0.477588
0.477584
0.477582
0.477555
0.477523
0.47749
0.477456
0.477416
0.477369
0.477332
0.477299
0.477267
0.477235
0.477204
0.477176
0.477159
0.477151
0.477126
0.477094
0.477062
0.47703
0.476996
0.47696
0.476926
0.476894
0.476862
0.47683
0.476798
0.476766
0.476734
0.476702
0.47667
0.476638
0.476606
0.476573
0.47654
0.476508
0.476476
0.476444
0.476412
0.476382
0.476356
0.476346
0.476349
0.476326
0.476295
0.476263
0.476229
0.476193
0.47615
0.476109
0.476076
0.476044
0.476012
0.47598
0.475949
0.475918
0.475893
0.475873
0.475845
0.475813
0.475781
0.475749
0.475717
0.475684
0.47565
0.475615
0.475583
0.475551
0.475519
0.475487
0.475455
0.475424
0.475396
0.475375
0.475371
0.475353
0.475323
0.475291
0.475259
0.475225
0.475189
0.47515
0.475115
0.475083
0.475051
0.475019
0.474987
0.474955
0.474924
0.474892
0.474859
0.474827
0.474793
0.474761
0.474729
0.474697
0.474665
0.474634
0.474603
0.474576
0.474559
0.474567
0.474561
0.474532
0.474501
0.474468
0.474433
0.474392
0.474334
0.474286
0.474251
0.474219
0.474187
0.474156
0.474125
0.474098
0.474083
0.474088
0.474073
0.474043
0.474011
0.473979
0.473945
0.473905
0.47386
0.473824
0.473792
0.47376
0.473728
0.473696
0.473665
0.473634
0.473604
0.473579
0.473556
0.473526
0.473495
0.473463
0.473431
0.473399
0.473367
0.473333
0.473298
0.473265
0.473233
0.473202
0.47317
0.473139
0.473108
0.473081
0.473064
0.473068
0.473055
0.473026
0.472994
0.472962
0.472928
0.472888
0.472844
0.472809
0.472777
0.472745
0.472714
0.472683
0.472655
0.472635
0.472616
0.472587
0.472556
0.472524
0.472492
0.472461
0.472429
0.472396
0.472363
0.472331
0.472299
0.472267
0.472236
0.472204
0.472172
0.472139
0.472103
0.472066
0.472033
0.472001
0.471969
0.471938
0.471906
0.471875
0.471844
0.471817
0.4718
0.471809
0.471805
0.471777
0.471746
0.471714
0.47168
0.471642
0.471592
0.471547
0.471513
0.471481
0.47145
0.471419
0.471388
0.471362
0.471347
0.471341
0.471315
0.471284
0.471253
0.471221
0.471189
0.471153
0.47111
0.471065
0.47103
0.470998
0.470967
0.470935
0.470904
0.470872
0.470841
0.470809
0.470778
0.470747
0.470716
0.470687
0.470666
0.470666
0.470663
0.470636
0.470605
0.470573
0.47054
0.470504
0.470458
0.470411
0.470377
0.470345
0.470314
0.470282
0.470252
0.470223
0.470201
0.470184
0.470156
0.470125
0.470093
0.470062
0.470029
0.469994
0.469958
0.469925
0.469894
0.469862
0.469831
0.469802
0.469778
0.46977
0.469761
0.469734
0.469703
0.469671
0.469639
0.469607
0.469574
0.469543
0.469511
0.46948
0.469449
0.46942
0.469393
0.469363
0.469332
0.4693
0.469269
0.469237
0.469203
0.469165
0.469126
0.469093
0.469062
0.46903
0.468999
0.468968
0.468937
0.468906
0.468875
0.468849
0.468832
0.468832
0.468813
0.468783
0.468751
0.46872
0.468687
0.468652
0.468608
0.468567
0.468534
0.468503
0.468472
0.46844
0.468409
0.468378
0.468347
0.468316
0.468288
0.468265
0.468256
0.468238
0.468208
0.468177
0.468146
0.468115
0.468083
0.468051
0.468017
0.467983
0.467951
0.46792
0.467889
0.467857
0.467826
0.467795
0.467764
0.467733
0.467702
0.467672
0.467644
0.467626
0.467617
0.467593
0.467563
0.467531
0.4675
0.467468
0.467432
0.467388
0.46734
0.467305
0.467274
0.467242
0.467211
0.46718
0.467149
0.467119
0.467092
0.467074
0.467074
0.467059
0.467029
0.466998
0.466967
0.466935
0.4669
0.466863
0.46683
0.466799
0.466768
0.466737
0.466706
0.466678
0.466652
0.466623
0.466592
0.466561
0.46653
0.466499
0.466468
0.466436
0.466405
0.466374
0.466344
0.466316
0.466295
0.466282
0.466257
0.466226
0.466195
0.466164
0.466132
0.466099
0.466059
0.466017
0.465983
0.465952
0.465921
0.46589
0.465859
0.465828
0.465797
0.465766
0.465735
0.465707
0.465684
0.46568
0.465673
0.465646
0.465615
0.465584
0.465553
0.465521
0.465486
0.465445
0.465408
0.465376
0.465345
0.465314
0.465283
0.465252
0.46522
0.465188
0.465154
0.465118
0.465086
0.465055
0.465024
0.464993
0.464962
0.464931
0.464902
0.464876
0.464864
0.464866
0.464845
0.464815
0.464784
0.464753
0.46472
0.464683
0.464642
0.464607
0.464576
0.464545
0.464514
0.464484
0.464457
0.464438
0.464424
0.464398
0.464367
0.464337
0.464306
0.464274
0.464239
0.464195
0.46415
0.464116
0.464084
0.464053
0.464023
0.463992
0.463961
0.46393
0.463899
0.463869
0.463838
0.463809
0.463785
0.463777
0.463778
0.463755
0.463725
0.463695
0.463663
0.463631
0.463595
0.463554
0.46352
0.463488
0.463458
0.463427
0.463396
0.463367
0.463339
0.463309
0.463278
0.463248
0.463217
0.463185
0.46315
0.463117
0.463086
0.463055
0.463025
0.462995
0.462968
0.46295
0.462949
0.462931
0.462902
0.462871
0.46284
0.462807
0.46277
0.462722
0.462681
0.462648
0.462618
0.462587
0.462557
0.462528
0.462506
0.462499
0.462485
0.462457
0.462426
0.462396
0.462364
0.462332
0.462294
0.462248
0.462211
0.46218
0.462149
0.462118
0.462088
0.462057
0.462026
0.461996
0.461966
0.461936
0.461911
0.461898
0.46189
0.461865
0.461835
0.461804
0.461773
0.461742
0.461708
0.461672
0.46164
0.461609
0.461578
0.461548
0.461518
0.461489
0.461464
0.461436
0.461406
0.461375
0.461345
0.461313
0.46128
0.461243
0.461207
0.461176
0.461145
0.461115
0.461085
0.461056
0.461033
0.461027
0.461018
0.460992
0.460961
0.460931
0.460899
0.460865
0.460824
0.460776
0.460741
0.460709
0.460679
0.460648
0.460619
0.460592
0.460572
0.460562
0.460538
0.460508
0.460478
0.460447
0.460416
0.460383
0.460351
0.46032
0.46029
0.46026
0.46023
0.460204
0.460186
0.460168
0.460141
0.46011
0.46008
0.460049
0.460017
0.459981
0.459935
0.45989
0.459856
0.459825
0.459795
0.459764
0.459734
0.459703
0.459673
0.459643
0.459615
0.459593
0.459588
0.459582
0.459557
0.459527
0.459496
0.459466
0.459434
0.4594
0.459361
0.459327
0.459296
0.459265
0.459235
0.459205
0.459175
0.459147
0.459123
0.459097
0.459067
0.459037
0.459007
0.458976
0.458946
0.458915
0.458882
0.458845
0.458807
0.458775
0.458745
0.458714
0.458684
0.458654
0.458624
0.458595
0.458571
0.458561
0.458552
0.458527
0.458497
0.458466
0.458436
0.458404
0.458369
0.458329
0.458294
0.458263
0.458233
0.458203
0.458173
0.458146
0.458126
0.458116
0.458094
0.458065
0.458034
0.458004
0.457973
0.457941
0.457905
0.457861
0.457823
0.457791
0.457761
0.457731
0.4577
0.45767
0.45764
0.45761
0.45758
0.45755
0.457521
0.457496
0.45748
0.457464
0.457437
0.457407
0.457377
0.457347
0.457316
0.457286
0.457255
0.457225
0.457195
0.457165
0.457135
0.457108
0.457082
0.457053
0.457024
0.456993
0.456963
0.456932
0.456899
0.45686
0.456821
0.456789
0.456759
0.456729
0.456699
0.45667
0.456643
0.456625
0.456625
0.456612
0.456584
0.456554
0.456524
0.456493
0.456461
0.456423
0.456383
0.45635
0.45632
0.45629
0.45626
0.45623
0.456202
0.456181
0.456165
0.456139
0.45611
0.45608
0.45605
0.45602
0.45599
0.45596
0.455929
0.455898
0.455865
0.455824
0.455778
0.455743
0.455712
0.455681
0.455651
0.455621
0.455591
0.455561
0.455531
0.455501
0.455471
0.455443
0.455417
0.4554
0.455409
0.455407
0.455381
0.455352
0.455322
0.455291
0.45526
0.455225
0.455177
0.455114
0.455071
0.455038
0.455008
0.454978
0.454948
0.454918
0.454888
0.454858
0.45483
0.454805
0.454793
0.454796
0.454778
0.454749
0.454719
0.454689
0.454659
0.454628
0.454593
0.454559
0.454528
0.454498
0.454468
0.454438
0.454409
0.45438
0.454353
0.454324
0.454294
0.454264
0.454234
0.454204
0.454173
0.454143
0.454113
0.454083
0.454054
0.454025
0.454001
0.453987
0.45397
0.453943
0.453913
0.453883
0.453853
0.453823
0.453791
0.453754
0.453703
0.453657
0.453623
0.453593
0.453563
0.453533
0.453503
0.453473
0.453443
0.453414
0.453384
0.453354
0.453326
0.453302
0.453292
0.453296
0.453277
0.453249
0.453219
0.453189
0.453159
0.453129
0.453098
0.453066
0.453027
0.452989
0.452957
0.452927
0.452896
0.452865
0.452832
0.452797
0.452765
0.452735
0.452705
0.452675
0.452645
0.452616
0.452586
0.452558
0.452535
0.452527
0.452531
0.452511
0.452482
0.452452
0.452423
0.452392
0.45236
0.452322
0.452273
0.452233
0.452201
0.452171
0.452142
0.452112
0.452083
0.452055
0.452031
0.452011
0.451984
0.451955
0.451925
0.451895
0.451865
0.451834
0.451799
0.451757
0.451721
0.451691
0.451661
0.451631
0.451602
0.451573
0.451546
0.451526
0.451523
0.451514
0.451487
0.451458
0.451428
0.451399
0.451368
0.451335
0.451294
0.451244
0.451207
0.451176
0.451146
0.451117
0.451087
0.451057
0.451028
0.450999
0.450972
0.450952
0.450943
0.450923
0.450895
0.450865
0.450836
0.450806
0.450777
0.450747
0.450717
0.450685
0.450649
0.450617
0.450586
0.450557
0.450527
0.450497
0.450468
0.450438
0.450409
0.450379
0.45035
0.45032
0.450291
0.450264
0.450243
0.450233
0.450213
0.450185
0.450156
0.450126
0.450097
0.450067
0.450037
0.450005
0.449969
0.449932
0.4499
0.44987
0.449841
0.449811
0.449781
0.449752
0.449722
0.449693
0.449664
0.449635
0.44961
0.449589
0.449564
0.449535
0.449505
0.449476
0.449446
0.449417
0.449387
0.449358
0.449328
0.449299
0.44927
0.449243
0.449221
0.449196
0.449168
0.449138
0.449109
0.449079
0.44905
0.44902
0.448991
0.44896
0.448928
0.448897
0.448867
0.448838
0.448808
0.448779
0.448749
0.448718
0.448684
0.448649
0.448618
0.448589
0.448559
0.44853
0.448501
0.448472
0.448444
0.448419
0.448405
0.448389
0.448362
0.448333
0.448304
0.448275
0.448245
0.448215
0.448185
0.448156
0.448126
0.448097
0.448068
0.448039
0.448011
0.447984
0.447955
0.447925
0.447896
0.447867
0.447837
0.447807
0.447778
0.447749
0.447719
0.44769
0.447662
0.447635
0.447615
0.447595
0.447567
0.447538
0.447509
0.447479
0.44745
0.44742
0.447389
0.447354
0.44731
0.44727
0.447239
0.447209
0.44718
0.44715
0.447121
0.447092
0.447062
0.447033
0.447005
0.446978
0.446956
0.446951
0.446947
0.446923
0.446895
0.446865
0.446836
0.446806
0.446775
0.44674
0.446698
0.446664
0.446634
0.446604
0.446575
0.446546
0.446517
0.446489
0.44646
0.446431
0.446401
0.446372
0.446342
0.446312
0.446278
0.446241
0.44621
0.446181
0.446151
0.446122
0.446094
0.446066
0.446042
0.446029
0.446015
0.445989
0.44596
0.445931
0.445902
0.445872
0.445843
0.445814
0.445785
0.445756
0.445727
0.445699
0.445673
0.445651
0.445625
0.445597
0.445568
0.445538
0.445509
0.445479
0.445446
0.445405
0.445356
0.44532
0.44529
0.44526
0.445231
0.445202
0.445173
0.445144
0.445115
0.445087
0.445061
0.445044
0.445041
0.445024
0.444997
0.444968
0.444939
0.44491
0.444881
0.444852
0.444823
0.444794
0.444765
0.444736
0.444708
0.444682
0.444655
0.444627
0.444598
0.444569
0.44454
0.44451
0.444479
0.444444
0.444398
0.444356
0.444325
0.444295
0.444266
0.444237
0.444208
0.444179
0.44415
0.444122
0.444095
0.444074
0.444064
0.444045
0.444017
0.443989
0.44396
0.443931
0.443902
0.443872
0.44384
0.44381
0.443781
0.443752
0.443723
0.443694
0.443666
0.443639
0.443614
0.443586
0.443557
0.443528
0.4435
0.44347
0.443441
0.443409
0.443375
0.443345
0.443315
0.443286
0.443258
0.443229
0.4432
0.443173
0.44315
0.443132
0.443108
0.44308
0.443051
0.443022
0.442993
0.442964
0.442934
0.442903
0.442873
0.442844
0.442815
0.442787
0.442758
0.442731
0.442707
0.442692
0.44267
0.442642
0.442614
0.442585
0.442556
0.442527
0.442498
0.442469
0.44244
0.44241
0.442377
0.442336
0.442289
0.442254
0.442224
0.442195
0.442166
0.442137
0.442108
0.44208
0.442051
0.442022
0.441993
0.441965
0.441937
0.441912
0.441893
0.441873
0.441846
0.441817
0.441789
0.44176
0.441731
0.441703
0.441673
0.441644
0.441616
0.441587
0.441559
0.441533
0.441511
0.441489
0.441463
0.441435
0.441406
0.441378
0.441349
0.44132
0.441291
0.441261
0.441232
0.441202
0.441173
0.441145
0.441116
0.441087
0.441059
0.44103
0.441001
0.440971
0.440942
0.440913
0.440884
0.440855
0.440826
0.440798
0.440771
0.440748
0.440723
0.440695
0.440666
0.440638
0.440609
0.44058
0.440551
0.440522
0.440493
0.440464
0.440436
0.440407
0.440379
0.440351
0.440323
0.440295
0.440266
0.440237
0.440208
0.440179
0.440149
0.440115
0.440073
0.440037
0.440008
0.439979
0.439951
0.439922
0.439894
0.439866
0.439839
0.439815
0.439801
0.439803
0.439786
0.439759
0.43973
0.439702
0.439673
0.439645
0.439615
0.439582
0.439542
0.439503
0.439473
0.439444
0.439415
0.439386
0.439356
0.439327
0.439298
0.439269
0.439239
0.439209
0.439176
0.439144
0.439115
0.439087
0.439059
0.43903
0.439002
0.438975
0.438949
0.438931
0.438926
0.438908
0.438882
0.438854
0.438826
0.438797
0.438768
0.438738
0.438702
0.438651
0.438601
0.438567
0.438537
0.438508
0.43848
0.438451
0.438423
0.438395
0.438367
0.438342
0.438326
0.438329
0.438321
0.438296
0.438268
0.43824
0.438212
0.438184
0.438155
0.438126
0.438094
0.438054
0.437997
0.437954
0.437921
0.437891
0.437862
0.437834
0.437806
0.437778
0.437751
0.437724
0.437697
0.437669
0.437641
0.437612
0.437586
0.437565
0.437561
0.437553
0.43753
0.437504
0.437477
0.43745
0.437423
0.437396
0.437364
0.437322
0.437269
0.437229
0.437195
0.437164
0.437134
0.437105
0.437077
0.43705
0.437029
0.437016
0.437001
0.436977
0.436949
0.436921
0.436892
0.436862
0.436829
0.436789
0.436747
0.436715
0.436686
0.436658
0.436631
0.436604
0.436581
0.436564
0.436567
0.436559
0.436533
0.436504
0.436475
0.436446
0.436416
0.436385
0.436351
0.436305
0.436257
0.436225
0.436196
0.436168
0.436139
0.43611
0.436081
0.436052
0.436023
0.435995
0.435968
0.435942
0.435919
0.435906
0.4359
0.435878
0.43585
0.435821
0.435793
0.435763
0.435733
0.435702
0.435666
0.435614
0.435565
0.435534
0.435506
0.435479
0.435452
0.435425
0.435398
0.435371
0.435346
0.435327
0.435324
0.435333
0.435318
0.435294
0.43527
0.435246
0.435222
0.435198
0.435175
0.43515
0.435121
0.435082
0.435027
0.434984
0.434949
0.434916
0.434886
0.43486
0.434838
0.43482
0.434807
0.434799
0.434798
0.434801
0.434804
0.43481
0.434824
0.434857
0.434921
0.435018
0.435113
0.435189
0.435245
0.435287
0.435321
0.435343
0.435357
0.435362
0.435355
0.435341
0.435324
0.435303
0.435285
0.435266
0.435249
0.435236
0.435226
0.435215
0.4352
0.43518
0.435156
0.435132
0.435112
0.435097
0.435088
0.435085
0.435087
0.435099
0.435127
0.435164
0.435188
0.43521
0.435232
0.43525
0.435261
0.435263
0.435248
0.435246
0.435258
0.435272
0.435287
0.435303
0.43532
0.435335
0.435337
0.435329
0.435317
0.435297
0.435272
0.435243
0.435212
0.435194
0.435182
0.435175
0.435173
0.435176
0.435181
0.435192
0.43519
0.43518
0.435169
0.43516
0.435154
0.43515
0.435147
0.435139
0.435127
0.435138
0.435156
0.435176
0.435194
0.435206
0.435214
0.435222
0.435235
0.435266
0.435306
0.435322
0.435329
0.435336
0.435339
0.435337
0.435327
0.435303
0.435256
0.435196
0.435164
0.435149
0.435137
0.43513
0.435129
0.435131
0.435132
0.435132
0.435138
0.435161
0.435175
0.435169
0.435163
0.435158
0.435156
0.435155
0.435156
0.435151
0.435119
0.43511
0.435122
0.435135
0.435144
0.435148
0.435155
0.435165
0.43518
0.435207
0.435252
0.435287
0.4353
0.435303
0.435301
0.435289
0.435268
0.435231
0.435201
0.435188
0.435177
0.435171
0.43517
0.435179
0.435187
0.435182
0.435169
0.435143
0.435101
0.435071
0.435048
0.435034
0.435029
0.435028
0.435032
0.435041
0.435056
0.435078
0.435109
0.435159
0.435216
0.435239
0.435251
0.435259
0.435263
0.435261
0.435242
0.435193
0.43517
0.435171
0.435176
0.435184
0.435196
0.435214
0.435218
0.435213
0.435202
0.435186
0.435163
0.435137
0.435122
0.435111
0.435105
0.435104
0.435111
0.435126
0.435138
0.43514
0.435136
0.435126
0.435105
0.435071
0.435046
0.435036
0.435036
0.435042
0.435059
0.435092
0.43515
0.435199
0.435219
0.435232
0.435239
0.435239
0.435227
0.43519
0.435138
0.435125
0.435125
0.435127
0.435134
0.435144
0.435163
0.435204
0.435225
0.435221
0.435209
0.435193
0.435175
0.435152
0.43512
0.435068
0.435042
0.435036
0.435035
0.435034
0.435036
0.435042
0.435042
0.43504
0.435036
0.435031
0.435027
0.435033
0.435045
0.435066
0.435101
0.435166
0.435225
0.435242
0.435248
0.435249
0.435243
0.435226
0.435179
0.435105
0.435081
0.43508
0.435083
0.435089
0.435099
0.435103
0.435097
0.435086
0.435071
0.435053
0.435043
0.435037
0.435037
0.43505
0.43509
0.435141
0.435155
0.435156
0.43515
0.435139
0.435116
0.435069
0.435007
0.434989
0.434992
0.435003
0.43502
0.435046
0.435086
0.435151
0.435191
0.435201
0.435204
0.435201
0.435193
0.435183
0.435163
0.435118
0.435065
0.435054
0.435055
0.435054
0.435051
0.435051
0.435049
0.435041
0.435031
0.435025
0.43503
0.435066
0.435109
0.435129
0.435142
0.435146
0.435145
0.435139
0.435125
0.43509
0.435011
0.434948
0.434934
0.434937
0.434945
0.434959
0.434976
0.434998
0.435029
0.43509
0.435173
0.435196
0.435199
0.435199
0.435199
0.435198
0.435191
0.435178
0.435141
0.435056
0.435008
0.434992
0.434983
0.434972
0.434957
0.434945
0.434938
0.434945
0.434996
0.435088
0.435131
0.435161
0.435177
0.43518
0.435179
0.435171
0.435148
0.435088
0.434994
0.434939
0.434919
0.434917
0.434922
0.434934
0.434949
0.434969
0.434995
0.435034
0.435103
0.435157
0.43517
0.435171
0.435168
0.435159
0.435144
0.43512
0.435075
0.434994
0.434952
0.434944
0.434942
0.434943
0.434949
0.434961
0.434992
0.435065
0.43513
0.435137
0.435131
0.435122
0.435113
0.4351
0.435078
0.435026
0.434943
0.434915
0.434912
0.434915
0.43492
0.434923
0.434924
0.434925
0.434929
0.434948
0.435005
0.435091
0.435132
0.435152
0.43516
0.435163
0.435161
0.435149
0.435117
0.435045
0.434972
0.434951
0.434945
0.434943
0.434948
0.434961
0.434992
0.43506
0.435112
0.435118
0.435114
0.435103
0.435085
0.435059
0.43501
0.434914
0.434849
0.434839
0.434843
0.434853
0.434868
0.434886
0.434913
0.434962
0.435057
0.435111
0.43512
0.435121
0.435121
0.435119
0.435113
0.435095
0.435051
0.434968
0.434932
0.434925
0.434922
0.434919
0.434918
0.43492
0.434938
0.435001
0.435077
0.435093
0.435095
0.435094
0.435094
0.435093
0.435087
0.435063
0.434989
0.434918
0.434901
0.434896
0.434895
0.434896
0.434902
0.434921
0.43495
0.434962
0.434968
0.434974
0.434977
0.434975
0.434966
0.434965
0.434966
0.434966
0.434966
0.434977
0.435022
0.435057
0.435063
0.435063
0.435064
0.435064
0.435056
0.435015
0.43497
0.434957
0.434949
0.434942
0.434935
0.434936
0.434957
0.434969
0.434972
0.434977
0.434982
0.434985
0.434969
0.434904
0.434864
0.434855
0.434847
0.434837
0.434833
0.434833
0.43485
0.434912
0.435023
0.43507
0.435094
0.43511
0.435118
0.435122
0.43512
0.4351
0.435033
0.434941
0.434905
0.43488
0.434861
0.434852
0.434848
0.434848
0.434858
0.43488
0.434894
0.434905
0.434915
0.434923
0.434934
0.434957
0.434997
0.435009
0.435007
0.435001
0.434992
0.434977
0.43494
0.434893
0.434884
0.434889
0.434899
0.434913
0.434933
0.434964
0.434977
0.434979
0.434975
0.434965
0.434948
0.434911
0.434886
0.434883
0.434884
0.434892
0.434908
0.434942
0.434977
0.434984
0.434981
0.434971
0.43495
0.434907
0.434853
0.434835
0.43483
0.43483
0.434839
0.434867
0.434931
0.434986
0.435001
0.435004
0.435005
0.434998
0.434976
0.434916
0.434844
0.434825
0.434823
0.434825
0.43483
0.434841
0.434869
0.434939
0.43499
0.435
0.435003
0.435005
0.435007
0.435006
0.434984
0.434904
0.434847
0.434826
0.434808
0.434795
0.434788
0.434788
0.434805
0.434867
0.434948
0.434996
0.435019
0.435025
0.435026
0.43502
0.435004
0.434962
0.434872
0.434779
0.434752
0.434749
0.434753
0.434762
0.434778
0.434797
0.434821
0.434864
0.434952
0.435019
0.435029
0.435026
0.435019
0.435011
0.435003
0.434991
0.434971
0.434924
0.434827
0.434778
0.434764
0.434759
0.434755
0.434749
0.434743
0.434739
0.434748
0.434795
0.434904
0.43498
0.435012
0.435025
0.435029
0.435028
0.435021
0.435001
0.434953
0.434845
0.434769
0.434757
0.43476
0.434767
0.434782
0.434803
0.434838
0.434867
0.434873
0.434872
0.434865
0.434846
0.434829
0.434824
0.434826
0.434841
0.434886
0.434949
0.434979
0.434987
0.434989
0.434981
0.434956
0.43489
0.434764
0.434689
0.434671
0.434668
0.43467
0.43468
0.4347
0.434741
0.434833
0.434974
0.435022
0.435027
0.435024
0.435017
0.43501
0.434998
0.434975
0.434918
0.434798
0.434742
0.43473
0.434727
0.434726
0.434723
0.434716
0.434709
0.434705
0.434715
0.434762
0.434866
0.434939
0.434978
0.434995
0.434999
0.434996
0.434985
0.434961
0.434907
0.434792
0.434702
0.434684
0.434683
0.434688
0.434703
0.434728
0.43477
0.434853
0.434919
0.43493
0.434928
0.434918
0.434902
0.434877
0.434827
0.434745
0.434716
0.434719
0.434729
0.434742
0.434759
0.434793
0.434864
0.434927
0.434932
0.434925
0.434917
0.434909
0.434892
0.434857
0.434774
0.43471
0.434698
0.434694
0.434693
0.434693
0.434694
0.434705
0.434761
0.43486
0.434895
0.434904
0.434912
0.434922
0.434933
0.434934
0.434884
0.434784
0.434754
0.434741
0.434725
0.434713
0.434706
0.434721
0.434768
0.434787
0.434797
0.434808
0.434817
0.434817
0.434799
0.434793
0.434791
0.434789
0.434795
0.434828
0.434848
0.434851
0.43485
0.434847
0.434835
0.434779
0.434687
0.434656
0.434649
0.434647
0.434645
0.434645
0.434671
0.434788
0.43491
0.43494
0.434954
0.434968
0.434977
0.434982
0.434963
0.434868
0.434713
0.434642
0.434599
0.434582
0.43458
0.434584
0.434595
0.434616
0.434644
0.434685
0.434767
0.43491
0.434968
0.434968
0.434956
0.43494
0.434925
0.434901
0.434857
0.434757
0.434674
0.434663
0.434665
0.434667
0.43467
0.434681
0.434715
0.4348
0.434853
0.434867
0.434871
0.434874
0.434877
0.434875
0.434827
0.434676
0.43459
0.434571
0.43456
0.434542
0.434525
0.434515
0.434529
0.434623
0.434823
0.434921
0.434977
0.435015
0.435028
0.43503
0.43502
0.434982
0.434884
0.434682
0.434528
0.43449
0.434485
0.434487
0.4345
0.434527
0.434565
0.434597
0.434624
0.434659
0.434723
0.434864
0.434956
0.434958
0.434949
0.434944
0.43494
0.43493
0.434916
0.434889
0.43479
0.434619
0.434552
0.434536
0.434529
0.434518
0.434495
0.434473
0.434462
0.434494
0.434655
0.434849
0.434911
0.434952
0.435009
0.435047
0.435061
0.435059
0.435026
0.434912
0.434683
0.434529
0.434419
0.434356
0.434338
0.434334
0.434344
0.434367
0.434414
0.434499
0.434666
0.434942
0.435079
0.435103
0.435104
0.435092
0.43506
0.435007
0.434921
0.434744
0.43449
0.434408
0.434401
0.43441
0.434439
0.43449
0.434579
0.434733
0.43481
0.434818
0.434812
0.434789
0.434739
0.434664
0.434631
0.43462
0.43463
0.434684
0.434791
0.434863
0.434896
0.434913
0.434913
0.434858
0.434688
0.434565
0.434517
0.434493
0.434481
0.434488
0.434559
0.434717
0.434804
0.434843
0.434861
0.434868
0.434846
0.434736
0.434534
0.434427
0.434385
0.434368
0.434365
0.434389
0.434483
0.434719
0.43494
0.435012
0.435031
0.435034
0.435018
0.434966
0.434837
0.434566
0.434378
0.434336
0.434331
0.43434
0.434372
0.434438
0.434583
0.434852
0.434988
0.435009
0.435007
0.43499
0.434952
0.434875
0.434704
0.434427
0.434327
0.434316
0.434322
0.434341
0.434377
0.43445
0.434619
0.434876
0.434956
0.434962
0.434956
0.434945
0.43492
0.43486
0.434702
0.434471
0.4344
0.434387
0.434384
0.434383
0.434385
0.434416
0.434561
0.434776
0.43484
0.434867
0.434887
0.4349
0.434903
0.43486
0.434691
0.434513
0.434441
0.434407
0.434393
0.43439
0.434412
0.4345
0.434701
0.434852
0.434904
0.43492
0.434923
0.434909
0.434855
0.434709
0.434477
0.434379
0.434356
0.434351
0.434359
0.43439
0.43447
0.434658
0.434825
0.434865
0.43487
0.434864
0.434842
0.434789
0.434662
0.434449
0.43437
0.434359
0.434363
0.434375
0.434406
0.434479
0.434658
0.434845
0.434884
0.434887
0.434884
0.434877
0.434854
0.434791
0.434607
0.434417
0.434371
0.43436
0.434353
0.434346
0.434342
0.434372
0.434528
0.434758
0.434838
0.434877
0.434897
0.434907
0.434905
0.434874
0.434759
0.434508
0.434348
0.434301
0.434289
0.434289
0.434302
0.434338
0.434427
0.434637
0.43484
0.434885
0.434888
0.434881
0.43486
0.434823
0.43475
0.434581
0.434354
0.434294
0.434295
0.434306
0.434322
0.434345
0.434394
0.434502
0.434733
0.434848
0.434861
0.434859
0.434856
0.434851
0.434835
0.434788
0.434636
0.434442
0.434386
0.434373
0.434368
0.434363
0.434356
0.434366
0.434455
0.43455
0.434575
0.43459
0.434611
0.434631
0.434642
0.434649
0.434662
0.434692
0.434741
0.43475
0.434744
0.434739
0.434731
0.434704
0.434631
0.434444
0.434316
0.434289
0.434282
0.434281
0.434279
0.434277
0.434285
0.434351
0.434577
0.434775
0.434821
0.434837
0.434855
0.434876
0.43489
0.434891
0.434835
0.434619
0.4344
0.434323
0.434274
0.434249
0.434238
0.43424
0.434268
0.434366
0.434579
0.434739
0.434792
0.434807
0.434808
0.434795
0.434757
0.434667
0.434484
0.434365
0.434341
0.43434
0.434352
0.434383
0.434444
0.434571
0.434695
0.434722
0.434722
0.434708
0.434672
0.434606
0.434479
0.434379
0.434358
0.434359
0.434377
0.434418
0.434499
0.434622
0.434677
0.434691
0.434688
0.434662
0.434594
0.434484
0.434406
0.434377
0.434364
0.434371
0.434424
0.434562
0.434664
0.43471
0.434733
0.434746
0.434741
0.434673
0.434464
0.434312
0.434267
0.434247
0.434237
0.434235
0.43426
0.434373
0.434652
0.434802
0.434831
0.434835
0.434834
0.434826
0.434798
0.434713
0.434469
0.434252
0.434219
0.43422
0.434223
0.434225
0.434232
0.43425
0.434322
0.434541
0.434712
0.434757
0.434769
0.43478
0.434798
0.434819
0.434831
0.434765
0.434494
0.434289
0.43424
0.434211
0.434169
0.434123
0.434096
0.434093
0.434171
0.434433
0.434618
0.434681
0.434743
0.434809
0.434842
0.434856
0.434831
0.434694
0.434471
0.434377
0.434308
0.434238
0.434202
0.434184
0.434203
0.434322
0.434506
0.434585
0.434647
0.434701
0.434731
0.434743
0.434697
0.434521
0.434401
0.434353
0.434306
0.434271
0.434248
0.434261
0.434402
0.434591
0.43465
0.434691
0.434731
0.434757
0.434765
0.434687
0.434412
0.434234
0.434171
0.434111
0.434065
0.434041
0.434043
0.434121
0.434397
0.434683
0.434816
0.434927
0.434983
0.435003
0.435001
0.434956
0.434806
0.434499
0.434225
0.434052
0.433982
0.433959
0.433964
0.434009
0.434129
0.434327
0.434508
0.434621
0.43467
0.434692
0.434679
0.434603
0.434525
0.434479
0.434435
0.434395
0.434373
0.434436
0.434525
0.434542
0.434544
0.434543
0.434515
0.434369
0.434245
0.434235
0.434241
0.434251
0.434275
0.434356
0.434588
0.434788
0.434798
0.434779
0.434763
0.434741
0.434671
0.434488
0.434176
0.434093
0.434105
0.434123
0.434139
0.434186
0.43432
0.434524
0.434559
0.434534
0.434508
0.434475
0.434379
0.43424
0.434222
0.434253
0.434309
0.434386
0.434542
0.434814
0.434917
0.434908
0.434861
0.434765
0.434612
0.434285
0.4339
0.43381
0.433813
0.433857
0.433964
0.434141
0.43448
0.434846
0.43494
0.434949
0.43491
0.434806
0.434611
0.434271
0.433984
0.433895
0.433869
0.433898
0.434029
0.434316
0.43459
0.434767
0.434864
0.43492
0.434917
0.434734
0.434349
0.434192
0.434106
0.434032
0.433972
0.433954
0.434146
0.43452
0.43463
0.434662
0.434692
0.434729
0.43472
0.434483
0.434216
0.434153
0.434143
0.43414
0.434143
0.434234
0.43451
0.434628
0.434643
0.434637
0.434622
0.434556
0.434324
0.434067
0.434052
0.434078
0.434102
0.434154
0.434322
0.434696
0.434867
0.434838
0.434783
0.434726
0.434612
0.434324
0.433836
0.433679
0.433706
0.433773
0.433865
0.434016
0.434353
0.434974
0.435272
0.435292
0.435253
0.435172
0.435043
0.434789
0.43424
0.433575
0.433395
0.433379
0.433396
0.433433
0.433486
0.433562
0.433684
0.433924
0.434526
0.435097
0.435244
0.435318
0.435384
0.43542
0.435437
0.435426
0.435347
0.435098
0.434493
0.433679
0.433273
0.433156
0.433128
0.433148
0.433214
0.433358
0.433644
0.434246
0.435108
0.435447
0.435513
0.435511
0.435456
0.435326
0.435081
0.434588
0.433757
0.433342
0.43326
0.433258
0.433313
0.43345
0.433711
0.434241
0.435015
0.435322
0.43538
0.43537
0.435292
0.435113
0.43476
0.434061
0.433431
0.433269
0.43324
0.433278
0.433396
0.433649
0.434154
0.435013
0.435518
0.435637
0.435657
0.435608
0.435462
0.435137
0.434478
0.433502
0.432932
0.432773
0.432733
0.432756
0.432852
0.433082
0.433601
0.434487
0.435323
0.435808
0.435964
0.436012
0.436005
0.435933
0.435736
0.435235
0.434327
0.433651
0.433128
0.43283
0.432737
0.432707
0.432724
0.432802
0.432987
0.433408
0.434223
0.435092
0.435707
0.435965
0.436042
0.436057
0.436016
0.435883
0.435547
0.434795
0.433756
0.433019
0.432701
0.432604
0.432581
0.432624
0.432771
0.43314
0.433943
0.435012
0.43567
0.435909
0.435987
0.435989
0.435904
0.435647
0.435018
0.433936
0.433134
0.43282
0.432721
0.4327
0.432766
0.432984
0.43353
0.434579
0.43544
0.43576
0.435857
0.435874
0.435799
0.435553
0.434939
0.433815
0.43306
0.432828
0.432764
0.432776
0.43289
0.433198
0.433911
0.435073
0.435667
0.435816
0.435848
0.435799
0.435623
0.435198
0.434249
0.43312
0.43275
0.432671
0.432676
0.43277
0.433004
0.433514
0.434611
0.435642
0.435903
0.435943
0.435913
0.43579
0.435521
0.434934
0.433708
0.432877
0.432727
0.432722
0.432767
0.43289
0.433136
0.433675
0.434805
0.43548
0.43557
0.435544
0.435502
0.435431
0.435263
0.434845
0.433893
0.433379
0.433276
0.433254
0.433249
0.433235
0.433222
0.433364
0.434086
0.434931
0.435164
0.435234
0.435303
0.435414
0.435532
0.435566
0.435068
0.433857
0.433388
0.433263
0.433162
0.432983
0.432788
0.432653
0.432684
0.433327
0.434638
0.435116
0.435292
0.435489
0.435782
0.435973
0.436076
0.435951
0.4351
0.433822
0.433413
0.433183
0.432875
0.432608
0.432463
0.43244
0.432781
0.43398
0.434903
0.435234
0.435556
0.435875
0.436044
0.436115
0.435911
0.43491
0.433667
0.433245
0.432921
0.432578
0.432389
0.432294
0.432406
0.433146
0.434539
0.435144
0.435521
0.435882
0.43608
0.43618
0.436077
0.435351
0.433982
0.433376
0.432992
0.432669
0.432496
0.432417
0.432585
0.433459
0.434622
0.435099
0.435454
0.435703
0.435849
0.43586
0.435418
0.434227
0.43361
0.433305
0.433046
0.432873
0.432781
0.433027
0.434063
0.434732
0.434963
0.435155
0.435314
0.435426
0.435214
0.434214
0.433654
0.433529
0.433444
0.43335
0.433283
0.433614
0.434521
0.434872
0.434936
0.434946
0.434955
0.434846
0.434159
0.433327
0.433154
0.433141
0.43316
0.433226
0.433479
0.434361
0.435543
0.435795
0.435802
0.435769
0.435713
0.435495
0.434819
0.433126
0.43213
0.431978
0.431987
0.432021
0.432092
0.432309
0.432884
0.434427
0.436117
0.436496
0.436515
0.436459
0.436342
0.436161
0.435791
0.434915
0.433101
0.432209
0.432159
0.432257
0.432371
0.432494
0.432725
0.433188
0.434316
0.435465
0.435646
0.435648
0.435628
0.4356
0.435514
0.43525
0.434365
0.433317
0.433029
0.43296
0.432951
0.432945
0.432952
0.433176
0.434118
0.434968
0.435202
0.435261
0.435287
0.435336
0.435333
0.434842
0.433708
0.433254
0.433151
0.433113
0.433059
0.432999
0.433228
0.43424
0.43491
0.43506
0.435113
0.435179
0.435265
0.435138
0.434302
0.433702
0.433574
0.433538
0.433486
0.433419
0.433613
0.434219
0.43447
0.434517
0.43452
0.434512
0.434363
0.433748
0.433444
0.433439
0.433476
0.433525
0.433701
0.434261
0.435397
0.435676
0.435561
0.43545
0.435359
0.435113
0.434433
0.432775
0.431701
0.431749
0.431952
0.432094
0.432237
0.432548
0.433125
0.434455
0.436293
0.436561
0.436415
0.436314
0.436253
0.436156
0.435958
0.435665
0.434876
0.433074
0.432273
0.432078
0.432019
0.432019
0.432024
0.432002
0.431937
0.431956
0.432611
0.434596
0.435889
0.436227
0.436369
0.436552
0.436893
0.437216
0.437401
0.436729
0.434075
0.432384
0.431981
0.431737
0.431347
0.430807
0.430466
0.430345
0.430942
0.433378
0.435627
0.436334
0.436921
0.437704
0.438175
0.438396
0.438248
0.436993
0.433908
0.432273
0.431496
0.430595
0.429969
0.429707
0.429687
0.430159
0.431925
0.43486
0.436443
0.437701
0.438566
0.438891
0.438977
0.43871
0.437556
0.43461
0.432256
0.430864
0.429645
0.429163
0.429013
0.429046
0.429316
0.430014
0.431598
0.434536
0.437689
0.439324
0.439799
0.439917
0.439844
0.439537
0.438819
0.43722
0.433949
0.430262
0.428853
0.428498
0.428426
0.428561
0.428937
0.429712
0.431328
0.434567
0.437978
0.43923
0.439574
0.439658
0.439518
0.43901
0.437708
0.434739
0.431146
0.429393
0.428792
0.4286
0.428613
0.428876
0.429622
0.431433
0.435066
0.43822
0.439358
0.439676
0.439739
0.439557
0.438959
0.437484
0.434109
0.430123
0.42879
0.428505
0.428518
0.428753
0.429321
0.430383
0.432545
0.43671
0.439264
0.439691
0.439673
0.439411
0.438776
0.437754
0.435783
0.431786
0.429024
0.428595
0.428683
0.429028
0.429634
0.430407
0.431678
0.434242
0.438096
0.439321
0.439282
0.438964
0.438502
0.437975
0.437054
0.435109
0.431221
0.429348
0.429295
0.429535
0.429753
0.429984
0.430401
0.4311
0.432562
0.435841
0.437687
0.438078
0.438187
0.4382
0.438211
0.438226
0.43798
0.436403
0.432495
0.430577
0.430151
0.429976
0.429736
0.429408
0.429133
0.42919
0.430657
0.434843
0.437252
0.438086
0.438841
0.439407
0.439683
0.439703
0.438979
0.436112
0.4319
0.429957
0.428893
0.428448
0.428288
0.428336
0.428751
0.430007
0.433163
0.43752
0.43919
0.439578
0.43962
0.439461
0.438981
0.437899
0.435317
0.43099
0.429431
0.429287
0.42943
0.429805
0.430371
0.431357
0.433454
0.436925
0.43812
0.438039
0.437703
0.437289
0.436755
0.435666
0.433196
0.430455
0.430079
0.430341
0.430702
0.431084
0.431735
0.433087
0.435915
0.437932
0.43799
0.437658
0.437285
0.436845
0.435908
0.433739
0.430573
0.429821
0.430024
0.430405
0.430856
0.43155
0.433001
0.435951
0.438036
0.438154
0.437838
0.437366
0.436767
0.435561
0.43291
0.43063
0.430366
0.430595
0.431061
0.431736
0.433022
0.43561
0.437291
0.437446
0.437235
0.436693
0.435758
0.433778
0.430995
0.430197
0.430184
0.430441
0.431142
0.432493
0.435282
0.437755
0.438253
0.438232
0.437871
0.4369
0.434774
0.431026
0.429181
0.428872
0.428939
0.429367
0.430401
0.432587
0.436706
0.439163
0.439629
0.439614
0.439242
0.438231
0.435983
0.431339
0.428023
0.427383
0.427364
0.427619
0.428322
0.42961
0.432195
0.437312
0.440605
0.441137
0.441088
0.44072
0.439912
0.43849
0.43543
0.429729
0.426919
0.42657
0.426712
0.42712
0.427708
0.428428
0.429602
0.431871
0.43679
0.440167
0.440565
0.440421
0.440289
0.44018
0.439891
0.439234
0.437408
0.432502
0.429117
0.428351
0.428154
0.42799
0.42775
0.427515
0.427527
0.42873
0.433066
0.437546
0.439283
0.440509
0.441155
0.441405
0.441367
0.440695
0.43838
0.43314
0.428671
0.427039
0.426575
0.426482
0.4267
0.42735
0.428812
0.431987
0.437546
0.440621
0.441306
0.441394
0.44116
0.440483
0.43908
0.436089
0.430761
0.428063
0.42757
0.427577
0.427885
0.428658
0.430109
0.433054
0.437713
0.43971
0.440037
0.439973
0.43954
0.438498
0.436345
0.431913
0.42849
0.427781
0.427743
0.427979
0.428657
0.429962
0.432635
0.437436
0.439873
0.440224
0.440157
0.439735
0.438772
0.436826
0.432512
0.428228
0.427326
0.427321
0.427593
0.428252
0.429288
0.431215
0.435279
0.439671
0.440592
0.440484
0.44005
0.439338
0.438299
0.436163
0.431527
0.427873
0.427423
0.427687
0.42819
0.428797
0.429665
0.43129
0.434703
0.439155
0.440099
0.439842
0.439416
0.438995
0.438334
0.436874
0.433388
0.428817
0.427912
0.42813
0.428461
0.428763
0.429281
0.430341
0.432495
0.436979
0.439256
0.439326
0.439146
0.438996
0.438787
0.4381
0.436233
0.431693
0.42925
0.428995
0.429043
0.429126
0.429272
0.429729
0.430934
0.434292
0.437419
0.438194
0.438389
0.438407
0.438399
0.438293
0.437405
0.433878
0.430867
0.430153
0.429983
0.429955
0.429925
0.429961
0.43073
0.433777
0.436436
0.437183
0.437387
0.437424
0.437453
0.437307
0.435881
0.432111
0.430684
0.430485
0.430515
0.43059
0.430825
0.431616
0.434172
0.437437
0.437862
0.437682
0.43748
0.437274
0.436634
0.434688
0.430508
0.428837
0.429
0.429433
0.429904
0.430617
0.432198
0.435672
0.439343
0.439905
0.439588
0.43894
0.438074
0.436613
0.433282
0.428424
0.426945
0.426947
0.427327
0.428148
0.429414
0.431683
0.436287
0.440842
0.441829
0.441831
0.441462
0.440442
0.438508
0.434464
0.427604
0.424357
0.423783
0.423788
0.424108
0.424904
0.426294
0.428809
0.433912
0.441267
0.444113
0.444683
0.444741
0.444436
0.443595
0.441747
0.437628
0.429991
0.425607
0.424502
0.424228
0.424258
0.42464
0.425558
0.427575
0.432015
0.438541
0.441816
0.442835
0.443159
0.443146
0.44265
0.441086
0.437006
0.4306
0.427018
0.425672
0.42522
0.425105
0.425393
0.426435
0.429196
0.434711
0.439398
0.441515
0.442292
0.442578
0.442458
0.441517
0.438508
0.432704
0.428782
0.426962
0.426234
0.425935
0.426023
0.426875
0.429613
0.434806
0.438266
0.440029
0.440832
0.441203
0.441157
0.440053
0.436183
0.431635
0.429664
0.428554
0.427995
0.427706
0.427967
0.429866
0.434291
0.43677
0.437911
0.438608
0.439027
0.439109
0.437869
0.433815
0.431402
0.430567
0.430018
0.429643
0.4295
0.430553
0.434143
0.436187
0.43684
0.437265
0.43759
0.437622
0.435986
0.432207
0.430861
0.430354
0.429974
0.429663
0.429754
0.431781
0.435519
0.436788
0.437403
0.437864
0.43822
0.438028
0.435462
0.431931
0.430932
0.430355
0.429871
0.42947
0.429591
0.431938
0.435205
0.436066
0.436487
0.436872
0.437239
0.437035
0.434623
0.43247
0.432049
0.431989
0.43195
0.432051
0.43321
0.435358
0.435833
0.435789
0.435657
0.435329
0.434112
0.431127
0.429767
0.429903
0.43027
0.430758
0.431811
0.434464
0.43807
0.439005
0.438951
0.438578
0.437723
0.435861
0.431665
0.427973
0.427192
0.427139
0.427403
0.428221
0.430032
0.433971
0.438921
0.440527
0.440851
0.440811
0.44022
0.438479
0.434119
0.427739
0.425279
0.424723
0.424638
0.424897
0.425665
0.427411
0.431366
0.438783
0.44263
0.443362
0.443397
0.443139
0.442347
0.440603
0.436451
0.428462
0.424796
0.42428
0.424372
0.424718
0.425277
0.426094
0.427585
0.430716
0.437607
0.441803
0.442337
0.442326
0.442291
0.442267
0.442178
0.441865
0.440456
0.43499
0.42857
0.426968
0.426553
0.426248
0.425724
0.42495
0.424532
0.424382
0.424578
0.425459
0.427937
0.433579
0.440239
0.44389
0.445247
0.445589
0.445598
0.44528
0.444481
0.442683
0.438542
0.430001
0.424124
0.422803
0.422629
0.422741
0.423182
0.424026
0.425293
0.427329
0.431325
0.439021
0.444084
0.44502
0.445045
0.444772
0.443984
0.44272
0.44075
0.436656
0.428746
0.424474
0.423819
0.423881
0.424269
0.425117
0.426329
0.428139
0.431544
0.438146
0.442592
0.443315
0.443214
0.442747
0.441843
0.44056
0.438202
0.433094
0.427743
0.426577
0.426591
0.426931
0.427678
0.428828
0.430924
0.435198
0.439451
0.440358
0.440323
0.439954
0.43913
0.437711
0.434695
0.430109
0.428512
0.428372
0.428551
0.429138
0.430292
0.432648
0.436584
0.438394
0.438662
0.438575
0.438076
0.436814
0.433946
0.43016
0.428965
0.428774
0.428862
0.429362
0.430654
0.433701
0.437467
0.438518
0.438645
0.438518
0.43794
0.436371
0.432343
0.427631
0.426581
0.426582
0.426842
0.427312
0.428049
0.42955
0.432988
0.438702
0.440455
0.440388
0.44014
0.43997
0.439639
0.438754
0.436337
0.431035
0.428855
0.428583
0.428586
0.428645
0.428788
0.42922
0.430474
0.434157
0.437362
0.438165
0.438404
0.438439
0.438439
0.438361
0.437627
0.434375
0.431349
0.430727
0.430612
0.43064
0.430717
0.431042
0.432352
0.43547
0.436597
0.436686
0.436631
0.436537
0.436236
0.435155
0.432005
0.43006
0.430158
0.430506
0.430788
0.431248
0.432502
0.435429
0.438383
0.438558
0.438055
0.437478
0.436825
0.435427
0.43211
0.428313
0.427735
0.428108
0.428814
0.42973
0.431148
0.434078
0.438848
0.440718
0.440669
0.440112
0.439057
0.43752
0.434419
0.428662
0.425727
0.425438
0.425726
0.426543
0.427897
0.429984
0.434024
0.44039
0.44296
0.443186
0.442881
0.441913
0.440139
0.436786
0.429732
0.423658
0.422449
0.422435
0.422786
0.423725
0.425144
0.427077
0.430479
0.437346
0.444169
0.445648
0.445611
0.445127
0.444102
0.442699
0.440316
0.435153
0.426996
0.42414
0.423904
0.424173
0.424749
0.425594
0.426951
0.429442
0.434667
0.440886
0.442409
0.442455
0.442271
0.442008
0.441344
0.439688
0.435149
0.429499
0.428007
0.427723
0.427585
0.427377
0.427127
0.427526
0.43081
0.436055
0.437733
0.438659
0.439759
0.440596
0.441107
0.44042
0.435853
0.43126
0.429956
0.428934
0.42776
0.426955
0.426509
0.427447
0.432174
0.436476
0.437779
0.438804
0.439839
0.44059
0.440899
0.438964
0.433174
0.430708
0.430064
0.429485
0.428829
0.428216
0.428296
0.431388
0.436043
0.437368
0.437828
0.438277
0.438778
0.43906
0.437091
0.432305
0.430545
0.430148
0.43
0.429774
0.429533
0.430403
0.434232
0.437028
0.437754
0.437909
0.438003
0.438143
0.437378
0.433036
0.429332
0.428525
0.428386
0.428412
0.428428
0.428601
0.430011
0.434722
0.438475
0.439627
0.439945
0.440046
0.440219
0.440114
0.43743
0.431166
0.428837
0.428276
0.428155
0.428111
0.428032
0.428277
0.430472
0.435765
0.438632
0.439534
0.439768
0.439868
0.440078
0.439768
0.435911
0.42995
0.428402
0.42808
0.428083
0.428129
0.428232
0.428864
0.431931
0.437304
0.439506
0.440268
0.440448
0.440477
0.440433
0.439357
0.433735
0.428221
0.427226
0.427069
0.427132
0.427263
0.427683
0.428741
0.432009
0.437957
0.440408
0.441205
0.44143
0.441449
0.441371
0.440501
0.435585
0.427649
0.425895
0.425679
0.425742
0.425874
0.426186
0.42679
0.427832
0.430793
0.437359
0.441505
0.443032
0.443518
0.443674
0.443925
0.444183
0.442275
0.433468
0.427241
0.425782
0.425402
0.425326
0.425206
0.42489
0.424653
0.425649
0.43057
0.438885
0.442527
0.443636
0.444359
0.445222
0.446114
0.446208
0.440885
0.430152
0.426609
0.425829
0.425399
0.424726
0.423894
0.423298
0.425251
0.433697
0.440784
0.442646
0.443617
0.444609
0.445538
0.4459
0.441763
0.431077
0.427098
0.426201
0.425594
0.424862
0.424092
0.424475
0.429907
0.43878
0.441584
0.44255
0.44334
0.444115
0.444405
0.440431
0.430927
0.427669
0.42695
0.426492
0.425928
0.425538
0.427694
0.435556
0.440241
0.441332
0.441868
0.442432
0.442822
0.440109
0.432304
0.429345
0.428774
0.428539
0.428201
0.428571
0.432457
0.437428
0.438729
0.439001
0.439181
0.439141
0.436611
0.430951
0.429303
0.429155
0.429228
0.429564
0.431018
0.435825
0.439468
0.440074
0.439976
0.439709
0.438636
0.434159
0.426807
0.425349
0.425532
0.42589
0.426461
0.428159
0.432589
0.440508
0.44322
0.443537
0.443376
0.443053
0.44172
0.43651
0.427046
0.42479
0.42493
0.425369
0.425968
0.427654
0.431689
0.440052
0.443989
0.444316
0.444099
0.44376
0.44259
0.438338
0.428311
0.424512
0.424624
0.425132
0.425639
0.427213
0.431259
0.439863
0.444638
0.444545
0.444009
0.443607
0.442268
0.437273
0.426268
0.422252
0.42262
0.423454
0.424239
0.426053
0.430194
0.439065
0.446627
0.447098
0.446347
0.445752
0.444551
0.440255
0.428494
0.420404
0.419899
0.420589
0.4212
0.422236
0.424821
0.429952
0.440644
0.447208
0.447959
0.447831
0.447585
0.446864
0.443671
0.431978
0.421412
0.419989
0.42014
0.420464
0.420868
0.421894
0.424055
0.429836
0.441666
0.448467
0.450295
0.450772
0.451156
0.451681
0.45013
0.438538
0.425676
0.422806
0.422179
0.421774
0.421153
0.420841
0.42389
0.435791
0.445013
0.447475
0.448952
0.450248
0.451346
0.45
0.438564
0.427673
0.425148
0.423571
0.422138
0.420979
0.421624
0.429145
0.440479
0.444609
0.447085
0.448848
0.450035
0.447904
0.434606
0.423651
0.420808
0.418413
0.415733
0.414
0.413314
0.415665
0.425733
0.441454
0.45017
0.456013
0.459204
0.460804
0.460352
0.453203
0.433871
0.422516
0.416305
0.412069
0.410253
0.409595
0.410481
0.414329
0.424201
0.441218
0.455997
0.463624
0.466392
0.467336
0.46624
0.460253
0.443757
0.424155
0.415338
0.412357
0.411324
0.411764
0.414303
0.420764
0.433889
0.450005
0.458528
0.461468
0.462483
0.461181
0.454104
0.437427
0.423398
0.416015
0.412984
0.411762
0.412149
0.415243
0.42392
0.439005
0.451177
0.457734
0.460565
0.461659
0.459319
0.446998
0.429934
0.422307
0.416604
0.413264
0.411578
0.411593
0.415243
0.427063
0.443144
0.452463
0.458478
0.461578
0.463136
0.461029
0.446905
0.429648
0.4238
0.419474
0.416203
0.414112
0.413817
0.418966
0.434672
0.446018
0.451426
0.455525
0.458201
0.459546
0.454165
0.435916
0.428061
0.425707
0.423575
0.421539
0.420129
0.423723
0.437505
0.444905
0.446992
0.448422
0.449909
0.449353
0.43816
0.428186
0.426579
0.426531
0.426747
0.427832
0.432759
0.441637
0.444512
0.444495
0.443846
0.4421
0.434681
0.416333
0.410403
0.411005
0.412295
0.41339
0.415184
0.417745
0.419786
0.422323
0.429761
0.447554
0.458528
0.461241
0.462468
0.463738
0.464608
0.456123
0.427201
0.415501
0.414095
0.413749
0.412562
0.410616
0.408756
0.409806
0.418058
0.438509
0.45634
0.465001
0.470858
0.473868
0.475248
0.470842
0.446432
0.422213
0.415046
0.409176
0.405139
0.402932
0.402697
0.405948
0.416361
0.437595
0.458615
0.470412
0.475516
0.477652
0.476577
0.464985
0.434126
0.417259
0.409014
0.403369
0.40078
0.399563
0.400268
0.403209
0.407719
0.413572
0.421465
0.434059
0.457464
0.480916
0.487152
0.488064
0.486525
0.479547
0.457931
0.418639
0.403042
0.400215
0.400064
0.401236
0.403764
0.407327
0.411967
0.417621
0.42417
0.43333
0.450595
0.468065
0.472656
0.473704
0.474065
0.473697
0.468972
0.445795
0.421313
0.415845
0.414533
0.413716
0.412337
0.410342
0.409319
0.413603
0.431044
0.452036
0.460058
0.465891
0.472067
0.476243
0.478431
0.470704
0.441473
0.428247
0.425337
0.422994
0.420283
0.417602
0.418014
0.429029
0.447168
0.454184
0.456647
0.458225
0.459721
0.456866
0.437297
0.425802
0.424289
0.424294
0.424616
0.426575
0.431808
0.444399
0.452549
0.452934
0.452519
0.451777
0.449947
0.441116
0.416659
0.407337
0.408662
0.411281
0.414328
0.418706
0.425943
0.437232
0.456835
0.472681
0.473459
0.470669
0.467839
0.462534
0.445932
0.414664
0.404636
0.405068
0.407378
0.411131
0.416871
0.426241
0.442375
0.467405
0.477155
0.47552
0.470755
0.463614
0.448365
0.413568
0.393216
0.390742
0.39177
0.395056
0.400639
0.407503
0.415905
0.427967
0.448
0.476068
0.48491
0.483914
0.480546
0.474898
0.458606
0.419972
0.399796
0.397987
0.399395
0.402584
0.407602
0.413352
0.419051
0.424979
0.431402
0.440654
0.456723
0.467834
0.470858
0.470932
0.470136
0.467468
0.452262
0.415998
0.404666
0.403975
0.405755
0.408683
0.412604
0.415762
0.416557
0.416836
0.420062
0.432846
0.460167
0.477107
0.485433
0.491012
0.494657
0.494261
0.471801
0.431869
0.420892
0.415841
0.411644
0.408272
0.407264
0.414491
0.438445
0.458414
0.467161
0.472946
0.476487
0.477943
0.466325
0.432045
0.419822
0.416574
0.413549
0.410609
0.408553
0.412919
0.433717
0.454671
0.46192
0.466628
0.470456
0.472747
0.461527
0.430915
0.421969
0.4202
0.418225
0.415623
0.413317
0.416474
0.435014
0.456773
0.464027
0.468179
0.470977
0.472658
0.46475
0.433672
0.419587
0.416841
0.414872
0.412529
0.41075
0.416406
0.4378
0.450267
0.453797
0.456291
0.458956
0.456387
0.431571
0.415155
0.413044
0.413273
0.413705
0.413818
0.413554
0.414309
0.420007
0.439033
0.46035
0.467154
0.47042
0.472872
0.474008
0.458585
0.422126
0.412015
0.410649
0.410649
0.411334
0.41248
0.412846
0.412795
0.415537
0.429014
0.453115
0.463354
0.467627
0.470938
0.473735
0.46425
0.426026
0.412387
0.411387
0.412217
0.414496
0.419732
0.42393
0.423961
0.422271
0.421588
0.428124
0.45069
0.46675
0.470821
0.472689
0.474346
0.466908
0.432118
0.418365
0.418522
0.420922
0.429517
0.446036
0.45133
0.450251
0.44588
0.435258
0.423588
0.419535
0.418867
0.423557
0.439303
0.455711
0.461924
0.465444
0.465202
0.442269
0.419051
0.41685
0.418507
0.423694
0.435592
0.441244
0.438897
0.432234
0.423239
0.420195
0.419682
0.422362
0.431258
0.452706
0.478094
0.487687
0.491538
0.488651
0.456831
0.421084
0.413765
0.410585
0.407806
0.405426
0.408127
0.426312
0.459588
0.473064
0.477612
0.480265
0.481943
0.470536
0.427207
0.409558
0.407579
0.406874
0.405289
0.403265
0.404212
0.413677
0.440022
0.466447
0.47576
0.480172
0.482601
0.482792
0.466689
0.42213
0.406478
0.403364
0.401154
0.399167
0.397605
0.398185
0.403023
0.411911
0.425212
0.446802
0.475651
0.493139
0.49919
0.501109
0.499426
0.488279
0.45457
0.423937
0.415148
0.41254
0.413121
0.417687
0.422488
0.426045
0.430036
0.433626
0.436026
0.43791
0.44125
0.449767
0.464218
0.467611
0.465206
0.461855
0.451741
0.421736
0.40059
0.399448
0.4021
0.406225
0.411969
0.420611
0.434331
0.458437
0.488401
0.494393
0.491457
0.486451
0.479065
0.458667
0.416448
0.400041
0.399414
0.401692
0.40628
0.413972
0.427561
0.452294
0.483815
0.49213
0.490702
0.485351
0.474552
0.448584
0.409611
0.399189
0.399546
0.403104
0.411047
0.42266
0.435974
0.449758
0.456167
0.457808
0.457522
0.456859
0.456886
0.459163
0.464852
0.463744
0.460239
0.45717
0.450085
0.428011
0.41124
0.410039
0.41204
0.417038
0.427985
0.446919
0.454186
0.454929
0.452527
0.4463
0.438198
0.428716
0.419553
0.416732
0.418061
0.422992
0.429654
0.43859
0.454219
0.483044
0.510185
0.518818
0.520827
0.519063
0.508412
0.477288
0.439894
0.42729
0.424036
0.423284
0.423797
0.425439
0.428831
0.434493
0.444121
0.462648
0.47307
0.472973
0.470098
0.463385
0.4515
0.432788
0.420642
0.414651
0.409513
0.402749
0.398866
0.401236
0.408145
0.417467
0.424949
0.430075
0.434451
0.439586
0.448193
0.46453
0.47004
0.470001
0.470036
0.469286
0.467758
0.46205
0.445771
0.440614
0.44419
0.449805
0.452288
0.451724
0.448653
0.443839
0.439126
0.433071
0.426009
0.420506
0.41808
0.417016
0.415124
0.409098
0.398714
0.397364
0.399856
0.406252
0.416704
0.435037
0.463623
0.477008
0.477824
0.476185
0.471247
0.460559
0.443945
0.430298
0.420371
0.407301
0.388954
0.381895
0.381677
0.383624
0.388774
0.396665
0.406985
0.423314
0.449362
0.462813
0.463314
0.460769
0.454523
0.443235
0.423849
0.407121
0.402869
0.401967
0.403823
0.409869
0.422211
0.43689
0.444049
0.448593
0.44996
0.43764
0.428698
0.428317
0.427648
0.427017
0.430342
0.434648
0.435522
0.434979
0.433845
0.430542
0.424645
0.424512
0.426577
0.429637
0.433584
0.439887
0.452388
0.474502
0.484615
0.482421
0.477712
0.470826
0.453111
0.426556
0.420387
0.420982
0.424764
0.435624
0.445678
0.449014
0.447148
0.427114
0.402979
0.396994
0.394125
0.391759
0.389822
0.392147
0.4064
0.426855
0.434371
0.437749
0.441178
0.444844
0.448073
0.448595
0.439982
0.433417
0.431987
0.430711
0.428297
0.424877
0.422049
0.421193
0.424255
0.434712
0.45673
0.473997
0.482128
0.486044
0.487949
0.484713
0.462693
0.432098
0.422198
0.416748
0.410554
0.404428
0.402901
0.403097
0.404177
0.406837
0.411139
0.416022
0.420889
0.426495
0.43373
0.444448
0.465823
0.48197
0.483933
0.483719
0.483163
0.482514
0.479422
0.463175
0.441097
0.437281
0.437335
0.438249
0.442454
0.443906
0.441741
0.437561
0.431459
0.418201
0.404216
0.401833
0.402416
0.405339
0.411677
0.421995
0.441101
0.457411
0.461674
0.462339
0.459917
0.453064
0.440098
0.427294
0.422178
0.420055
0.421486
0.428441
0.434616
0.437759
0.440007
0.440664
0.432175
0.42543
0.424897
0.425592
0.430803
0.441045
0.441384
0.437374
0.431146
0.416877
0.388312
0.376545
0.376581
0.3791
0.383638
0.391263
0.404045
0.425812
0.444146
0.449722
0.451618
0.451655
0.449139
0.442235
0.432326
0.428128
0.42658
0.427236
0.432592
0.43867
0.440147
0.440144
0.432457
0.405733
0.390998
0.386408
0.38338
0.381499
0.380449
0.381469
0.386382
0.395176
0.405016
0.415453
0.428299
0.448306
0.48123
0.498303
0.499355
0.495942
0.486019
0.46335
0.411208
0.380115
0.375444
0.375898
0.380016
0.38868
0.399156
0.409443
0.419982
0.432098
0.447907
0.47206
0.504997
0.512941
0.509232
0.503754
0.499971
0.494391
0.475972
0.436072
0.423347
0.424361
0.427244
0.433638
0.45177
0.47394
0.477293
0.474623
0.466471
0.447034
0.409834
0.392969
0.390164
0.390555
0.393899
0.401117
0.413455
0.435124
0.4594
0.467659
0.471306
0.474666
0.473026
0.458368
0.435711
0.418838
0.413063
0.411739
0.413444
0.41696
0.422068
0.428898
0.436648
0.444872
0.457232
0.480033
0.490701
0.490157
0.48301
0.457701
0.413111
0.396362
0.392689
0.392738
0.398838
0.408952
0.415785
0.420134
0.423175
0.423704
0.417391
0.412452
0.411269
0.410825
0.411385
0.414503
0.420136
0.429226
0.438461
0.439565
0.438559
0.435613
0.422383
0.401082
0.397799
0.399183
0.401621
0.409204
0.426446
0.439097
0.438993
0.435003
0.426453
0.415134
0.405339
0.402339
0.401762
0.402402
0.405221
0.411182
0.420267
0.431381
0.441306
0.446731
0.449972
0.45222
0.452393
0.450391
0.448478
0.455129
0.479498
0.490718
0.493019
0.495565
0.493731
0.463662
0.444771
0.445827
0.45007
0.466051
0.483822
0.485369
0.482025
0.468753
0.436429
0.409191
0.401349
0.399008
0.400719
0.408257
0.416446
0.42013
0.423478
0.427609
0.432038
0.436452
0.442127
0.452566
0.458037
0.459284
0.45605
0.43809
0.413265
0.402077
0.394462
0.389891
0.387253
0.387175
0.392389
0.409369
0.44198
0.461059
0.469485
0.474355
0.477679
0.474824
0.447066
0.425598
0.42275
0.422319
0.424299
0.432102
0.43394
0.431316
0.428138
0.417741
0.388841
0.372838
0.372352
0.374748
0.379263
0.386694
0.399511
0.418157
0.429386
0.431635
0.431233
0.429622
0.425822
0.422584
0.421322
0.422033
0.428297
0.446725
0.47752
0.494794
0.502189
0.505709
0.506309
0.490333
0.44029
0.418205
0.413014
0.410846
0.409647
0.411302
0.42084
0.446668
0.475751
0.485919
0.488647
0.488957
0.484374
0.464594
0.423339
0.403636
0.398683
0.397338
0.399667
0.408532
0.426008
0.448222
0.473971
0.49024
0.498429
0.496102
0.477833
0.466027
0.459204
0.450516
0.438456
0.427117
0.418843
0.407082
0.382357
0.371565
0.371327
0.373858
0.38065
0.392694
0.407868
0.422556
0.439543
0.467518
0.500542
0.50786
0.504371
0.494013
0.475417
0.437999
0.394022
0.384157
0.384112
0.388367
0.397378
0.411259
0.43211
0.46485
0.484988
0.491405
0.489846
0.474786
0.460788
0.45513
0.449867
0.442423
0.433762
0.42768
0.427089
0.4258
0.418963
0.403375
0.400499
0.403587
0.411621
0.42785
0.458327
0.475325
0.477776
0.47247
0.454592
0.443254
0.436869
0.429302
0.419696
0.412005
0.408
0.404628
0.393667
0.373259
0.368157
0.369061
0.373401
0.384368
0.404963
0.437378
0.456042
0.460124
0.460634
0.457251
0.451808
0.444873
0.434289
0.425851
0.420169
0.419778
0.433756
0.448367
0.450756
0.451668
0.452903
0.446306
0.438215
0.440882
0.446393
0.450568
0.450087
0.443936
0.427207
0.409497
0.399148
0.393272
0.390096
0.393989
0.409683
0.416868
0.418596
0.420774
0.422122
0.418407
0.422732
0.428699
0.438793
0.449576
0.450759
0.448155
0.436045
0.408422
0.38445
0.375736
0.372147
0.372916
0.379824
0.394668
0.40704
0.41624
0.424165
0.429284
0.43244
0.43129
0.427102
0.426325
0.42645
0.427338
0.426422
0.421496
0.414755
0.410901
0.410066
0.412938
0.423399
0.449097
0.489749
0.508815
0.51482
0.514612
0.48405
0.437689
0.427337
0.423889
0.421194
0.424433
0.435717
0.44018
0.440576
0.439896
0.436153
0.422063
0.415743
0.417471
0.419626
0.421691
0.425677
0.431676
0.43877
0.450468
0.460019
0.461592
0.461797
0.460777
0.458781
0.449837
0.433256
0.433875
0.441237
0.45275
0.458044
0.458145
0.443368
0.418251
0.406832
0.396098
0.386404
0.380837
0.378264
0.380338
0.390585
0.415102
0.447979
0.470338
0.483557
0.490865
0.493326
0.472436
0.43566
0.428484
0.427476
0.428163
0.436156
0.44557
0.443234
0.439004
0.433012
0.409834
0.37138
0.362618
0.363466
0.367471
0.375877
0.388888
0.408138
0.439976
0.480103
0.494094
0.495904
0.492022
0.471577
0.42468
0.395619
0.386093
0.382013
0.381433
0.386843
0.404333
0.422323
0.431427
0.438496
0.443356
0.445849
0.440172
0.427416
0.423097
0.421778
0.421083
0.420245
0.419451
0.421027
0.431589
0.447669
0.452513
0.454342
0.456182
0.453039
0.431058
0.419745
0.420176
0.422544
0.430761
0.447699
0.452538
0.448996
0.442717
0.431387
0.404222
0.384955
0.382598
0.38371
0.387557
0.395429
0.407716
0.42494
0.434949
0.436449
0.436044
0.435036
0.432698
0.428662
0.424852
0.428259
0.447324
0.471253
0.482233
0.484421
0.486451
0.489214
0.481442
0.464985
0.457466
0.448951
0.439851
0.433775
0.42744
0.418188
0.410473
0.405569
0.405618
0.416881
0.433975
0.441558
0.448065
0.455995
0.462155
0.466826
0.466473
0.46803
0.473178
0.478535
0.484789
0.48273
0.476005
0.469039
0.457316
0.425244
0.403371
0.401631
0.404142
0.411114
0.42286
0.437074
0.454892
0.485398
0.529205
0.542664
0.5399
0.52797
0.498225
0.431002
0.396872
0.391919
0.392922
0.400586
0.414364
0.425073
0.430936
0.434278
0.426831
0.414071
0.411863
0.412041
0.413032
0.416638
0.424466
0.439297
0.442539
0.439876
0.438201
0.43696
0.432506
0.411662
0.390085
0.390304
0.39481
0.401583
0.41164
0.42568
0.437471
0.444182
0.448748
0.451731
0.45381
0.458555
0.466186
0.468597
0.467306
0.464614
0.454122
0.418557
0.396223
0.39539
0.397848
0.40219
0.409668
0.421282
0.437679
0.463806
0.491591
0.494526
0.489918
0.484341
0.472047
0.432856
0.397789
0.395996
0.39983
0.405058
0.413035
0.424907
0.44399
0.476329
0.511065
0.518159
0.515818
0.51008
0.501737
0.483662
0.451194
0.437255
0.4355
0.436254
0.43683
0.430339
0.41917
0.416343
0.415797
0.416086
0.418674
0.428178
0.440903
0.443605
0.442715
0.440995
0.435731
0.418192
0.404835
0.406408
0.41136
0.418116
0.429666
0.450208
0.46912
0.471903
0.469269
0.461501
0.450255
0.430561
0.408539
0.403973
0.404277
0.407038
0.413421
0.422874
0.433665
0.442737
0.447988
0.451301
0.454431
0.457463
0.461587
0.470331
0.4784
0.483237
0.484924
0.484668
0.482182
0.463705
0.418474
0.407954
0.410045
0.4136
0.420273
0.436848
0.460717
0.466936
0.465226
0.458129
0.438541
0.395602
0.374696
0.371684
0.372629
0.377637
0.388266
0.405188
0.42132
0.435629
0.446501
0.450509
0.451493
0.451052
0.45019
0.44988
0.450984
0.455799
0.456597
0.453126
0.449291
0.438504
0.403304
0.376268
0.373623
0.375673
0.379544
0.386159
0.395954
0.407582
0.419557
0.431825
0.446182
0.468434
0.500999
0.514066
0.51523
0.513954
0.51134
0.502654
0.473174
0.438125
0.431463
0.431023
0.433023
0.441394
0.450458
0.450884
0.449041
0.446016
0.442111
0.440201
0.439986
0.441131
0.444263
0.446967
0.447093
0.433028
0.413034
0.410049
0.410841
0.41116
0.410017
0.407967
0.40629
0.408109
0.416495
0.436865
0.470256
0.488515
0.499807
0.513064
0.52036
0.522579
0.517423
0.491986
0.464834
0.452844
0.442077
0.433859
0.42882
0.423512
0.411791
0.403029
0.403003
0.405757
0.412393
0.422386
0.434446
0.454107
0.476749
0.483276
0.483945
0.482163
0.474979
0.461647
0.43919
0.422139
0.41952
0.419657
0.42177
0.426811
0.435002
0.447629
0.466563
0.475365
0.475894
0.4742
0.471362
0.46737
0.463248
0.460424
0.46332
0.464886
0.463329
0.453356
0.420621
0.403793
0.404359
0.407326
0.411513
0.419494
0.431928
0.449844
0.480156
0.497122
0.496474
0.494433
0.493539
0.492337
0.486397
0.463276
0.439905
0.438093
0.439957
0.443449
0.45564
0.467517
0.467186
0.463037
0.453693
0.435903
0.417722
0.413362
0.412567
0.414766
0.421463
0.431047
0.440103
0.447551
0.446253
0.437068
0.434867
0.434779
0.435998
0.434531
0.430218
0.422135
0.410565
0.396411
0.392463
0.392221
0.393687
0.398427
0.407049
0.419891
0.442461
0.476072
0.489405
0.490938
0.486247
0.467055
0.42686
0.397913
0.387369
0.383187
0.382494
0.38596
0.3972
0.418675
0.43778
0.459311
0.480201
0.489593
0.490527
0.476364
0.449127
0.439875
0.435421
0.431139
0.426036
0.422676
0.423164
0.425843
0.426618
0.42639
0.425909
0.423353
0.424877
0.429514
0.435367
0.441086
0.447271
0.458384
0.480218
0.491323
0.488618
0.480583
0.462241
0.414641
0.380986
0.37565
0.375951
0.379204
0.385572
0.395076
0.408796
0.43088
0.470825
0.512863
0.52413
0.525012
0.520052
0.503152
0.461558
0.423271
0.413961
0.412036
0.414097
0.416066
0.417216
0.418399
0.416806
0.416941
0.418664
0.420282
0.424427
0.435724
0.455668
0.462453
0.46024
0.456139
0.44841
0.422842
0.393351
0.38817
0.388749
0.391777
0.398758
0.410357
0.428046
0.449739
0.457189
0.459094
0.459263
0.456118
0.448667
0.436204
0.416534
0.399481
0.394909
0.393573
0.394604
0.398178
0.404581
0.414044
0.426802
0.44227
0.45532
0.462397
0.466321
0.46916
0.472029
0.475762
0.479617
0.485758
0.497012
0.498125
0.494928
0.49081
0.470348
0.422998
0.408355
0.408349
0.411578
0.420304
0.435546
0.447942
0.453022
0.455486
0.457613
0.462295
0.472907
0.491431
0.49492
0.490334
0.486047
0.482273
0.471215
0.438147
0.40615
0.401874
0.404218
0.408265
0.412512
0.415796
0.419175
0.425136
0.436382
0.453801
0.45764
0.453619
0.447318
0.441845
0.434265
0.419006
0.40971
0.411072
0.415463
0.422249
0.431102
0.440025
0.446946
0.453725
0.463021
0.479075
0.497325
0.49737
0.492232
0.487893
0.485137
0.478937
0.460653
0.424434
0.412075
0.413456
0.416978
0.420163
0.422449
0.42428
0.427044
0.431921
0.440309
0.455081
0.458694
0.455181
0.451279
0.446039
0.428322
0.395615
0.386255
0.386621
0.389113
0.394524
0.405409
0.427301
0.463202
0.480994
0.483756
0.482463
0.474422
0.448209
0.407935
0.394996
0.392726
0.392756
0.394679
0.398719
0.405533
0.417324
0.440636
0.469856
0.478612
0.479258
0.478002
0.475664
0.471158
0.460595
0.439692
0.431852
0.432312
0.433717
0.435731
0.442101
0.45583
0.462289
0.460457
0.455105
0.445355
0.433717
0.422985
0.420074
0.420691
0.424469
0.433027
0.445969
0.462662
0.489847
0.518942
0.525737
0.525442
0.511601
0.465287
0.412054
0.389516
0.382075
0.379248
0.379201
0.381486
0.386352
0.395366
0.410299
0.431332
0.451649
0.45976
0.462662
0.460777
0.447331
0.429397
0.422667
0.417669
0.412738
0.408394
0.40894
0.411555
0.410716
0.409176
0.403408
0.387462
0.384049
0.38878
0.394345
0.400713
0.408653
0.420399
0.438296
0.461501
0.468365
0.466136
0.460574
0.453662
0.445987
0.430291
0.410528
0.406066
0.406998
0.41045
0.416964
0.425531
0.438998
0.448591
0.449961
0.449004
0.445768
0.438182
0.426338
0.421311
0.419773
0.4211
0.427503
0.444558
0.473682
0.489441
0.496473
0.492508
0.447055
0.415859
0.412055
0.41108
0.409977
0.405839
0.399301
0.390769
0.386583
0.38634
0.387425
0.390892
0.397759
0.40822
0.422103
0.442616
0.482183
0.524964
0.536522
0.537796
0.524923
0.47798
0.422323
0.397947
0.388348
0.384116
0.3846
0.390886
0.40793
0.43709
0.457824
0.47154
0.480699
0.487017
0.48125
0.446779
0.432848
0.431663
0.432894
0.439758
0.450276
0.449683
0.44398
0.433205
0.425212
0.420919
0.424732
0.440557
0.446008
0.446394
0.445421
0.430572
0.403757
0.403037
0.409461
0.417398
0.430291
0.454301
0.492205
0.508498
0.506058
0.496673
0.476153
0.427322
0.39238
0.3866
0.386379
0.391509
0.403258
0.415029
0.422647
0.427946
0.431253
0.428023
0.424047
0.424128
0.424546
0.425584
0.42907
0.426705
0.419504
0.410021
0.404492
0.403331
0.403169
0.404755
0.409605
0.418268
0.430059
0.448268
0.486314
0.521019
0.531726
0.532637
0.501754
0.436252
0.405083
0.393652
0.388416
0.387376
0.390272
0.396655
0.405645
0.418739
0.441183
0.466362
0.475814
0.478427
0.464755
0.416267
0.393697
0.389483
0.387083
0.384041
0.380546
0.379689
0.385226
0.40149
0.422179
0.43059
0.434425
0.437584
0.440582
0.439981
0.416525
0.396162
0.393825
0.39441
0.399413
0.41688
0.434084
0.435057
0.429395
0.417545
0.410498
0.408365
0.409498
0.416489
0.433731
0.453482
0.46289
0.467545
0.462968
0.430884
0.4109
0.407411
0.406475
0.405961
0.406066
0.408608
0.417595
0.432315
0.444146
0.449645
0.450512
0.450253
0.448089
0.430835
0.408868
0.408619
0.412341
0.420574
0.444634
0.467804
0.472225
0.471493
0.459908
0.430004
0.406295
0.397866
0.395183
0.397531
0.404283
0.406348
0.405488
0.399575
0.38976
0.389024
0.391039
0.394908
0.401014
0.410101
0.418929
0.423551
0.42621
0.427936
0.429049
0.430939
0.438566
0.452546
0.457839
0.458351
0.457825
0.455356
0.442692
0.420849
0.417062
0.418539
0.42257
0.430256
0.433766
0.435164
0.431975
0.418445
0.411685
0.411139
0.411372
0.411756
0.413641
0.418949
0.433534
0.453542
0.456736
0.455552
0.454394
0.453022
0.444291
0.416029
0.405438
0.407236
0.410001
0.412676
0.417269
0.426392
0.443429
0.459666
0.459217
0.453892
0.446985
0.441264
0.430893
0.406851
0.394166
0.394202
0.397482
0.405027
0.416381
0.43473
0.462964
0.473672
0.475161
0.472941
0.463111
0.441382
0.407209
0.389258
0.383882
0.382859
0.385292
0.392035
0.40268
0.412746
0.424945
0.443777
0.456091
0.46181
0.463445
0.463021
0.462304
0.462756
0.466277
0.467214
0.463678
0.460582
0.457231
0.441383
0.405793
0.397537
0.400397
0.407952
0.423316
0.458478
0.491874
0.498884
0.495053
0.45649
0.406395
0.392884
0.386747
0.381463
0.377991
0.382487
0.394414
0.401138
0.402367
0.402127
0.40206
0.400222
0.388084
0.382265
0.385835
0.392135
0.401475
0.414641
0.430064
0.445791
0.449996
0.449421
0.447174
0.441544
0.430816
0.414053
0.396938
0.391167
0.389489
0.38942
0.390764
0.393468
0.398085
0.405472
0.417268
0.43872
0.476514
0.49707
0.502431
0.499061
0.471325
0.437014
0.426159
0.418668
0.409837
0.399389
0.389961
0.386155
0.384951
0.384555
0.385717
0.389644
0.397467
0.409763
0.423693
0.435951
0.446225
0.456216
0.468638
0.48943
0.509752
0.507901
0.502441
0.49854
0.492291
0.463126
0.392239
0.37069
0.37163
0.376206
0.383716
0.393684
0.404419
0.413485
0.421383
0.433247
0.452106
0.453372
0.446523
0.440858
0.43746
0.43259
0.41988
0.404494
0.4032
0.406836
0.415204
0.419998
0.420129
0.406513
0.388274
0.384775
0.38434
0.383528
0.382199
0.381896
0.378
0.374134
0.372466
0.372603
0.374763
0.379508
0.388408
0.404702
0.436277
0.482059
0.504507
0.513172
0.507686
0.472163
0.435891
0.423032
0.413995
0.406135
0.401839
0.405409
0.406101
0.405535
0.405926
0.408279
0.414069
0.424665
0.444406
0.470229
0.476964
0.476308
0.459303
0.419536
0.396392
0.381493
0.371976
0.366049
0.363663
0.367477
0.384451
0.411794
0.426243
0.437635
0.449656
0.458138
0.461232
0.440235
0.426002
0.427176
0.434252
0.447004
0.448594
0.442975
0.429031
0.403925
0.365738
0.353134
0.353131
0.356747
0.363986
0.37394
0.386958
0.404876
0.433421
0.472431
0.487879
0.491648
0.488685
0.471515
0.443323
0.427782
0.414046
0.395813
0.384083
0.379049
0.378288
0.381088
0.385798
0.391002
0.398377
0.4096
0.427088
0.462691
0.500486
0.510199
0.508724
0.467154
0.411967
0.397611
0.388732
0.381139
0.374808
0.371264
0.372818
0.379638
0.391626
0.410448
0.429789
0.44954
0.46394
0.472623
0.467816
0.44447
0.437892
0.435236
0.431405
0.425107
0.414343
0.398968
0.378767
0.362379
0.354267
0.350062
0.350005
0.354755
0.368093
0.390976
0.407576
0.419875
0.430268
0.439435
0.438641
0.417526
0.413619
0.415809
0.42589
0.450886
0.462264
0.460511
0.452906
0.435856
0.408686
0.375175
0.363933
0.362369
0.364333
0.370387
0.378737
0.389102
0.403087
0.424332
0.465362
0.504217
0.514838
0.512687
0.459926
0.396584
0.385009
0.382125
0.379961
0.381748
0.381043
0.377865
0.376349
0.37676
0.379622
0.386149
0.398979
0.424229
0.460514
0.479287
0.486006
0.486787
0.460929
0.408966
0.394714
0.390561
0.388122
0.38855
0.395425
0.412266
0.435826
0.446695
0.449333
0.450541
0.452354
0.446442
0.422137
0.415917
0.416552
0.418224
0.424702
0.442074
0.4673
0.47026
0.46217
0.446363
0.431117
0.414918
0.390133
0.381558
0.381296
0.383836
0.391613
0.407474
0.441125
0.4786
0.488268
0.486991
0.455959
0.41804
0.408441
0.403262
0.397495
0.388187
0.374293
0.358878
0.353388
0.352677
0.355136
0.361169
0.370589
0.384079
0.403763
0.435885
0.491042
0.520625
0.526927
0.519974
0.486614
0.454353
0.437882
0.421243
0.399639
0.372684
0.340696
0.327513
0.325232
0.326205
0.330334
0.337498
0.346914
0.358608
0.374274
0.396868
0.424167
0.442738
0.455516
0.468728
0.490258
0.524014
0.533935
0.526226
0.501265
0.428001
0.341406
0.322919
0.320073
0.326085
0.334877
0.337637
0.339545
0.342092
0.345845
0.351737
0.361546
0.376304
0.393086
0.408033
0.421063
0.431223
0.437701
0.442457
0.446249
0.448598
0.450372
0.457348
0.458206
0.448351
0.441079
0.438712
0.435102
0.423839
0.373779
0.348057
0.347602
0.351789
0.361963
0.378464
0.395644
0.412868
0.439998
0.47334
0.483076
0.483214
0.476347
0.456711
0.423691
0.388049
0.369304
0.362512
0.359941
0.360526
0.364433
0.373289
0.39087
0.420008
0.443687
0.453682
0.458236
0.445346
0.405796
0.395702
0.395957
0.399709
0.412697
0.425604
0.421793
0.416895
0.413979
0.394317
0.360326
0.354388
0.35574
0.360985
0.372732
0.394721
0.426797
0.439958
0.443488
0.441655
0.432472
0.426976
0.423133
0.416545
0.406967
0.397272
0.390721
0.393105
0.407427
0.41481
0.416342
0.417094
0.411313
0.387502
0.38401
0.390608
0.4017
0.415252
0.429357
0.44436
0.463187
0.476518
0.481091
0.481551
0.473052
0.452698
0.422738
0.389088
0.376485
0.371939
0.368101
0.362141
0.356977
0.357521
0.359976
0.365188
0.375829
0.399342
0.419378
0.423268
0.420365
0.396512
)
;

boundaryField
{
    sides
    {
        type            calculated;
        value           nonuniform List<scalar> 2(0.396512 0.563343);
    }
    empty
    {
        type            empty;
    }
}


// ************************************************************************* //
