/*--------------------------------*- C++ -*----------------------------------*\
  =========                 |
  \\      /  F ield         | OpenFOAM: The Open Source CFD Toolbox
   \\    /   O peration     | Website:  https://openfoam.org
    \\  /    A nd           | Version:  9
     \\/     M anipulation  |
\*---------------------------------------------------------------------------*/
FoamFile
{
    format      ascii;
    class       volScalarField;
    location    "0.009";
    object      rho_0;
}
// * * * * * * * * * * * * * * * * * * * * * * * * * * * * * * * * * * * * * //

dimensions      [1 -3 0 0 0 0 0];

internalField   nonuniform List<scalar> 
10000
(
0.997574
0.997574
0.997574
0.997574
0.997574
0.997574
0.997574
0.997574
0.997574
0.997574
0.997574
0.997574
0.997574
0.997574
0.997574
0.997574
0.997574
0.997574
0.997574
0.997574
0.997574
0.997574
0.997574
0.997574
0.997574
0.997574
0.997574
0.997574
0.997574
0.997574
0.997574
0.997574
0.997574
0.997574
0.997574
0.997574
0.997574
0.997574
0.997574
0.997574
0.997574
0.997574
0.997574
0.997574
0.997574
0.997574
0.997574
0.997574
0.997574
0.997574
0.997574
0.997574
0.997574
0.997574
0.997574
0.997574
0.997574
0.997574
0.997574
0.997574
0.997574
0.997574
0.997574
0.997574
0.997574
0.997574
0.997574
0.997574
0.997574
0.997574
0.997574
0.997574
0.997574
0.997574
0.997574
0.997574
0.997574
0.997574
0.997574
0.997574
0.997574
0.997574
0.997574
0.997574
0.997574
0.997574
0.997574
0.997574
0.997574
0.997574
0.997574
0.997574
0.997574
0.997574
0.997574
0.997574
0.997574
0.997574
0.997574
0.997574
0.997574
0.997574
0.997574
0.997574
0.997574
0.997574
0.997574
0.997574
0.997574
0.997574
0.997574
0.997574
0.997574
0.997574
0.997574
0.997574
0.997574
0.997574
0.997574
0.997574
0.997574
0.997574
0.997574
0.997574
0.997574
0.997574
0.997574
0.997574
0.997574
0.997574
0.997574
0.997574
0.997574
0.997574
0.997574
0.997574
0.997574
0.997574
0.997574
0.997574
0.997574
0.997574
0.997574
0.997574
0.997574
0.997574
0.997574
0.997574
0.997574
0.997574
0.997574
0.997574
0.997574
0.997574
0.997574
0.997574
0.997574
0.997574
0.997574
0.997574
0.997574
0.997574
0.997574
0.997574
0.997574
0.997574
0.997574
0.997574
0.997574
0.997574
0.997574
0.997574
0.997574
0.997574
0.997574
0.997574
0.997574
0.997574
0.997574
0.997574
0.997574
0.997574
0.997574
0.997574
0.997574
0.997574
0.997574
0.997574
0.997574
0.997574
0.997574
0.997574
0.997574
0.997574
0.997574
0.997574
0.997574
0.997574
0.997574
0.997574
0.997574
0.997574
0.997574
0.997574
0.997574
0.997574
0.997574
0.997574
0.997574
0.997574
0.997574
0.997574
0.997574
0.997574
0.997574
0.997574
0.997574
0.997574
0.997574
0.997574
0.997574
0.997574
0.997574
0.997574
0.997574
0.997574
0.997574
0.997574
0.997574
0.997574
0.997574
0.997574
0.997574
0.997574
0.997574
0.997574
0.997574
0.997574
0.997574
0.997574
0.997574
0.997574
0.997574
0.997574
0.997574
0.997574
0.997574
0.997574
0.997574
0.997574
0.997574
0.997574
0.997574
0.997574
0.997574
0.997574
0.997574
0.997574
0.997574
0.997574
0.997574
0.997574
0.997574
0.997574
0.997574
0.997574
0.997574
0.997574
0.997574
0.997574
0.997574
0.997574
0.997574
0.997574
0.997574
0.997574
0.997574
0.997574
0.997574
0.997574
0.997574
0.997574
0.997574
0.997574
0.997574
0.997574
0.997574
0.997574
0.997574
0.997574
0.997574
0.997574
0.997574
0.997574
0.997574
0.997574
0.997574
0.997574
0.997574
0.997574
0.997574
0.997574
0.997574
0.997574
0.997574
0.997574
0.997574
0.997574
0.997574
0.997574
0.997574
0.997574
0.997574
0.997574
0.997574
0.997574
0.997574
0.997574
0.997574
0.997574
0.997574
0.997574
0.997574
0.997574
0.997574
0.997574
0.997574
0.997574
0.997574
0.997574
0.997574
0.997574
0.997574
0.997574
0.997574
0.997574
0.997574
0.997574
0.997574
0.997574
0.997574
0.997574
0.997574
0.997574
0.997574
0.997574
0.997574
0.997574
0.997574
0.997574
0.997574
0.997574
0.997574
0.997574
0.997574
0.997574
0.997574
0.997574
0.997574
0.997574
0.997574
0.997574
0.997574
0.997574
0.997574
0.997574
0.997574
0.997574
0.997574
0.997574
0.997574
0.997574
0.997574
0.997574
0.997574
0.997574
0.997574
0.997574
0.997574
0.997574
0.997574
0.997574
0.997574
0.997574
0.997574
0.997574
0.997574
0.997574
0.997574
0.997574
0.997574
0.997574
0.997574
0.997574
0.997574
0.997574
0.997574
0.997574
0.997574
0.997574
0.997574
0.997574
0.997574
0.997574
0.997574
0.997574
0.997574
0.997574
0.997574
0.997574
0.997574
0.997574
0.997574
0.997574
0.997574
0.997574
0.997574
0.997574
0.997574
0.997574
0.997574
0.997574
0.997574
0.997574
0.997574
0.997574
0.997574
0.997574
0.997574
0.997574
0.997574
0.997574
0.997574
0.997574
0.997574
0.997574
0.997574
0.997574
0.997574
0.997574
0.997574
0.997574
0.997574
0.997574
0.997574
0.997574
0.997574
0.997574
0.997574
0.997574
0.997574
0.997574
0.997574
0.997574
0.997574
0.997574
0.997574
0.997574
0.997574
0.997574
0.997574
0.997574
0.997574
0.997574
0.997574
0.997574
0.997574
0.997574
0.997574
0.997574
0.997574
0.997574
0.997574
0.997574
0.997574
0.997574
0.997574
0.997574
0.997574
0.997574
0.997574
0.997574
0.997574
0.997574
0.997574
0.997574
0.997574
0.997574
0.997574
0.997574
0.997574
0.997574
0.997574
0.997574
0.997574
0.997574
0.997574
0.997574
0.997574
0.997574
0.997574
0.997574
0.997574
0.997574
0.997574
0.997574
0.997574
0.997574
0.997574
0.997574
0.997574
0.997574
0.997574
0.997574
0.997574
0.997574
0.997574
0.997574
0.997574
0.997574
0.997574
0.997574
0.997574
0.997574
0.997574
0.997574
0.997574
0.997574
0.997574
0.997574
0.997574
0.997574
0.997574
0.997574
0.997574
0.997574
0.997574
0.997574
0.997574
0.997574
0.997574
0.997574
0.997574
0.997574
0.997574
0.997574
0.997574
0.997574
0.997574
0.997574
0.997574
0.997574
0.997574
0.997574
0.997574
0.997574
0.997574
0.997574
0.997574
0.997574
0.997574
0.997574
0.997574
0.997574
0.997574
0.997574
0.997574
0.997574
0.997574
0.997574
0.997574
0.997574
0.997574
0.997574
0.997574
0.997574
0.997574
0.997574
0.997574
0.997574
0.997574
0.997574
0.997574
0.997574
0.997574
0.997574
0.997574
0.997574
0.997574
0.997574
0.997574
0.997574
0.997574
0.997574
0.997574
0.997574
0.997574
0.997574
0.997574
0.997574
0.997574
0.997574
0.997574
0.997574
0.997574
0.997574
0.997574
0.997574
0.997574
0.997574
0.997574
0.997574
0.997574
0.997574
0.997574
0.997574
0.997574
0.997574
0.997574
0.997574
0.997574
0.997574
0.997574
0.997574
0.997574
0.997574
0.997574
0.997574
0.997574
0.997574
0.997574
0.997574
0.997574
0.997574
0.997574
0.997574
0.997574
0.997574
0.997574
0.997574
0.997574
0.997574
0.997574
0.997574
0.997574
0.997574
0.997574
0.997574
0.997574
0.997574
0.997574
0.997574
0.997574
0.997574
0.997574
0.997574
0.997574
0.997574
0.997574
0.997574
0.997574
0.997574
0.997574
0.997574
0.997574
0.997574
0.997574
0.997574
0.997574
0.997574
0.997574
0.997574
0.997574
0.997574
0.997574
0.997574
0.997574
0.997574
0.997574
0.997574
0.997574
0.997574
0.997574
0.997574
0.997574
0.997574
0.997574
0.997574
0.997574
0.997574
0.997574
0.997574
0.997574
0.997574
0.997574
0.997574
0.997574
0.997574
0.997574
0.997574
0.997574
0.997574
0.997574
0.997574
0.997574
0.997574
0.997574
0.997574
0.997574
0.997574
0.997574
0.997574
0.997574
0.997574
0.997574
0.997574
0.997574
0.997574
0.997574
0.997574
0.997574
0.997574
0.997574
0.997574
0.997574
0.997574
0.997574
0.997574
0.997574
0.997574
0.997574
0.997574
0.997574
0.997574
0.997574
0.997574
0.997574
0.997574
0.997574
0.997574
0.997574
0.997574
0.997574
0.997574
0.997574
0.997574
0.997574
0.997574
0.997574
0.997574
0.997574
0.997574
0.997574
0.997574
0.997574
0.997574
0.997574
0.997574
0.997574
0.997574
0.997574
0.997574
0.997574
0.997574
0.997574
0.997574
0.997574
0.997574
0.997574
0.997574
0.997574
0.997574
0.997574
0.997574
0.997574
0.997574
0.997574
0.997574
0.997574
0.997574
0.997574
0.997574
0.997574
0.997574
0.997574
0.997574
0.997574
0.997574
0.997574
0.997574
0.997574
0.997574
0.997574
0.997574
0.997574
0.997574
0.997574
0.997574
0.997574
0.997574
0.997574
0.997574
0.997574
0.997574
0.997574
0.997574
0.997574
0.997574
0.997574
0.997574
0.997574
0.997574
0.997574
0.997574
0.997574
0.997574
0.997574
0.997574
0.997574
0.997574
0.997574
0.997574
0.997574
0.997574
0.997574
0.997574
0.997574
0.997574
0.997574
0.997574
0.997574
0.997574
0.997574
0.997574
0.997574
0.997574
0.997574
0.997574
0.997574
0.997574
0.997574
0.997574
0.997574
0.997574
0.997574
0.997574
0.997574
0.997574
0.997574
0.997574
0.997574
0.997574
0.997574
0.997574
0.997574
0.997574
0.997574
0.997574
0.997574
0.997574
0.997574
0.997574
0.997574
0.997574
0.997574
0.997574
0.997574
0.997574
0.997574
0.997574
0.997574
0.997574
0.997574
0.997574
0.997574
0.997574
0.997574
0.997574
0.997574
0.997574
0.997574
0.997574
0.997574
0.997574
0.997574
0.997574
0.997574
0.997574
0.997574
0.997574
0.997574
0.997574
0.997574
0.997574
0.997574
0.997574
0.997574
0.997574
0.997574
0.997574
0.997574
0.997574
0.997574
0.997574
0.997574
0.997574
0.997574
0.997574
0.997574
0.997574
0.997574
0.997574
0.997574
0.997574
0.997574
0.997574
0.997574
0.997574
0.997574
0.997574
0.997574
0.997574
0.997574
0.997574
0.997574
0.997574
0.997574
0.997574
0.997574
0.997574
0.997574
0.997574
0.997574
0.997574
0.997574
0.997574
0.997574
0.997574
0.997574
0.997574
0.997574
0.997574
0.997574
0.997574
0.997574
0.997574
0.997574
0.997574
0.997574
0.997574
0.997574
0.997574
0.997574
0.997574
0.997574
0.997574
0.997574
0.997574
0.997574
0.997574
0.997574
0.997574
0.997574
0.997574
0.997574
0.997574
0.997574
0.997574
0.997574
0.997574
0.997574
0.997574
0.997574
0.997574
0.997574
0.997574
0.997574
0.997574
0.997574
0.997574
0.997574
0.997574
0.997574
0.997574
0.997574
0.997574
0.997574
0.997574
0.997574
0.997574
0.997574
0.997574
0.997574
0.997574
0.997574
0.997574
0.997574
0.997574
0.997574
0.997574
0.997574
0.997574
0.997574
0.997574
0.997574
0.997574
0.997574
0.997574
0.997574
0.997574
0.997574
0.997574
0.997574
0.997574
0.997574
0.997574
0.997574
0.997574
0.997574
0.997574
0.997574
0.997574
0.997574
0.997574
0.997574
0.997574
0.997574
0.997574
0.997574
0.997574
0.997574
0.997574
0.997574
0.997574
0.997574
0.997574
0.997574
0.997574
0.997574
0.997574
0.997574
0.997574
0.997574
0.997574
0.997574
0.997574
0.997574
0.997574
0.997574
0.997574
0.997574
0.997574
0.997574
0.997574
0.997574
0.997574
0.997574
0.997574
0.997574
0.997574
0.997574
0.997574
0.997574
0.997574
0.997574
0.997574
0.997574
0.997574
0.997574
0.997574
0.997574
0.997574
0.997574
0.997574
0.997574
0.997574
0.997574
0.997574
0.997574
0.997574
0.997574
0.997574
0.997574
0.997574
0.997574
0.997574
0.997574
0.997574
0.997574
0.997574
0.997574
0.997574
0.997574
0.997574
0.997574
0.997574
0.997574
0.997574
0.997574
0.997574
0.997574
0.997574
0.997574
0.997574
0.997574
0.997574
0.997574
0.997574
0.997574
0.997574
0.997574
0.997574
0.997574
0.997574
0.997574
0.997574
0.997574
0.997574
0.997574
0.997574
0.997574
0.997574
0.997574
0.997574
0.997574
0.997574
0.997574
0.997574
0.997574
0.997574
0.997574
0.997574
0.997574
0.997574
0.997574
0.997574
0.997574
0.997574
0.997574
0.997574
0.997574
0.997574
0.997574
0.997574
0.997574
0.997574
0.997574
0.997574
0.997574
0.997574
0.997574
0.997574
0.997574
0.997574
0.997574
0.997574
0.997574
0.997574
0.997574
0.997574
0.997574
0.997574
0.997574
0.997574
0.997574
0.997574
0.997574
0.997574
0.997574
0.997574
0.997574
0.997574
0.997574
0.997574
0.997574
0.997574
0.997574
0.997574
0.997574
0.997574
0.997574
0.997574
0.997574
0.997574
0.997574
0.997574
0.997574
0.997574
0.997574
0.997574
0.997574
0.997574
0.997574
0.997574
0.997574
0.997574
0.997574
0.997574
0.997574
0.997574
0.997574
0.997574
0.997574
0.997574
0.997574
0.997574
0.997574
0.997574
0.997574
0.997574
0.997574
0.997574
0.997574
0.997574
0.997574
0.997574
0.997574
0.997574
0.997574
0.997574
0.997574
0.997574
0.997574
0.997574
0.997574
0.997574
0.997574
0.997574
0.997574
0.997574
0.997574
0.997574
0.997574
0.997574
0.997574
0.997574
0.997574
0.997574
0.997574
0.997574
0.997574
0.997574
0.997574
0.997574
0.997574
0.997574
0.997574
0.997574
0.997574
0.997574
0.997574
0.997574
0.997574
0.997574
0.997574
0.997574
0.997574
0.997574
0.997574
0.997574
0.997574
0.997574
0.997574
0.997574
0.997574
0.997574
0.997574
0.997574
0.997574
0.997574
0.997574
0.997574
0.997574
0.997574
0.997574
0.997574
0.997574
0.997574
0.997574
0.997574
0.997574
0.997574
0.997574
0.997574
0.997574
0.997574
0.997574
0.997574
0.997574
0.997574
0.997574
0.997574
0.997574
0.997574
0.997574
0.997574
0.997574
0.997574
0.997574
0.997574
0.997574
0.997574
0.997574
0.997574
0.997574
0.997574
0.997574
0.997574
0.997574
0.997574
0.997574
0.997574
0.997574
0.997574
0.997574
0.997574
0.997574
0.997574
0.997574
0.997574
0.997574
0.997574
0.997574
0.997574
0.997574
0.997574
0.997574
0.997574
0.997574
0.997574
0.997574
0.997574
0.997574
0.997574
0.997574
0.997574
0.997574
0.997574
0.997574
0.997574
0.997574
0.997574
0.997574
0.997574
0.997574
0.997574
0.997574
0.997574
0.997574
0.997574
0.997574
0.997574
0.997574
0.997574
0.997574
0.997574
0.997574
0.997574
0.997574
0.997574
0.997574
0.997574
0.997574
0.997574
0.997574
0.997574
0.997574
0.997574
0.997574
0.997574
0.997574
0.997574
0.997574
0.997574
0.997574
0.997574
0.997574
0.997574
0.997574
0.997574
0.997574
0.997574
0.997574
0.997574
0.997574
0.997574
0.997574
0.997574
0.997574
0.997574
0.997574
0.997574
0.997574
0.997574
0.997574
0.997574
0.997574
0.997574
0.997574
0.997574
0.997574
0.997574
0.997574
0.997574
0.997574
0.997574
0.997574
0.997574
0.997574
0.997574
0.997574
0.997574
0.997574
0.997574
0.997574
0.997574
0.997574
0.997574
0.997574
0.997574
0.997574
0.997574
0.997574
0.997574
0.997574
0.997574
0.997574
0.997574
0.997574
0.997574
0.997574
0.997574
0.997574
0.997574
0.997574
0.997574
0.997574
0.997574
0.997574
0.997574
0.997574
0.997574
0.997574
0.997574
0.997574
0.997574
0.997574
0.997574
0.997574
0.997574
0.997574
0.997574
0.997574
0.997574
0.997574
0.997574
0.997574
0.997574
0.997574
0.997574
0.997574
0.997574
0.997574
0.997574
0.997574
0.997574
0.997574
0.997574
0.997574
0.997574
0.997574
0.997574
0.997574
0.997574
0.997574
0.997574
0.997574
0.997574
0.997574
0.997574
0.997574
0.997574
0.997574
0.997574
0.997574
0.997574
0.997574
0.997574
0.997574
0.997574
0.997574
0.997574
0.997574
0.997574
0.997574
0.997574
0.997574
0.997574
0.997574
0.997574
0.997574
0.997574
0.997574
0.997574
0.997574
0.997574
0.997574
0.997574
0.997574
0.997574
0.997574
0.997574
0.997574
0.997574
0.997574
0.997574
0.997574
0.997574
0.997574
0.997574
0.997574
0.997574
0.997574
0.997574
0.997574
0.997574
0.997574
0.997574
0.997574
0.997574
0.997574
0.997574
0.997574
0.997574
0.997574
0.997574
0.997574
0.997574
0.997574
0.997574
0.997574
0.997574
0.997574
0.997574
0.997574
0.997574
0.997574
0.997574
0.997574
0.997574
0.997574
0.997574
0.997574
0.997574
0.997574
0.997574
0.997574
0.997574
0.997574
0.997574
0.997574
0.997574
0.997574
0.997574
0.997574
0.997574
0.997574
0.997574
0.997574
0.997574
0.997573
0.997573
0.997573
0.997573
0.997572
0.997572
0.997571
0.99757
0.99757
0.997569
0.997567
0.997566
0.997564
0.997562
0.99756
0.997557
0.997553
0.997549
0.997544
0.997538
0.997531
0.997524
0.997514
0.997504
0.997492
0.997478
0.997462
0.997443
0.997423
0.997399
0.997373
0.997343
0.997309
0.997272
0.997231
0.997185
0.997135
0.997079
0.997019
0.996953
0.996881
0.996804
0.99672
0.996631
0.996535
0.996434
0.996326
0.996212
0.996091
0.995965
0.995833
0.995695
0.995552
0.995403
0.995248
0.995089
0.994925
0.994756
0.994583
0.994406
0.994225
0.994041
0.993852
0.993661
0.993467
0.99327
0.99307
0.992868
0.992664
0.992457
0.992249
0.992039
0.991827
0.991614
0.991399
0.991182
0.990965
0.990746
0.990526
0.990305
0.990084
0.989861
0.989638
0.989413
0.989188
0.988963
0.988737
0.98851
0.988282
0.988054
0.987826
0.987597
0.987368
0.987138
0.986908
0.986678
0.986447
0.986216
0.985985
0.985753
0.985521
0.985289
0.985057
0.984825
0.984592
0.984359
0.984126
0.983893
0.983659
0.983426
0.983192
0.982958
0.982724
0.98249
0.982256
0.982021
0.981787
0.981552
0.981318
0.981083
0.980848
0.980613
0.980378
0.980143
0.979908
0.979673
0.979438
0.979203
0.978967
0.978732
0.978496
0.978261
0.978025
0.97779
0.977554
0.977319
0.977083
0.976847
0.976611
0.976376
0.97614
0.975904
0.975668
0.975432
0.975197
0.974961
0.974725
0.974489
0.974253
0.974017
0.973781
0.973545
0.973309
0.973073
0.972837
0.972601
0.972365
0.972129
0.971892
0.971656
0.97142
0.971184
0.970948
0.970712
0.970476
0.97024
0.970004
0.969768
0.969531
0.969295
0.969059
0.968823
0.968587
0.968351
0.968115
0.967879
0.967642
0.967406
0.96717
0.966934
0.966698
0.966462
0.966226
0.96599
0.965754
0.965518
0.965282
0.965046
0.96481
0.964574
0.964338
0.964102
0.963866
0.96363
0.963394
0.963158
0.962922
0.962686
0.96245
0.962214
0.961978
0.961742
0.961507
0.961271
0.961035
0.960799
0.960563
0.960327
0.960092
0.959856
0.95962
0.959385
0.959149
0.958913
0.958678
0.958442
0.958206
0.957971
0.957735
0.9575
0.957264
0.957029
0.956793
0.956558
0.956322
0.956087
0.955851
0.955616
0.955381
0.955145
0.95491
0.954675
0.95444
0.954204
0.953969
0.953734
0.953499
0.953264
0.953029
0.952794
0.952558
0.952323
0.952088
0.951854
0.951619
0.951384
0.951149
0.950914
0.950679
0.950444
0.95021
0.949975
0.94974
0.949506
0.949271
0.949036
0.948802
0.948567
0.948333
0.948098
0.947864
0.947629
0.947395
0.947161
0.946926
0.946692
0.946458
0.946223
0.945989
0.945755
0.945521
0.945287
0.945053
0.944819
0.944585
0.944351
0.944117
0.943883
0.943649
0.943415
0.943182
0.942948
0.942714
0.94248
0.942247
0.942013
0.94178
0.941546
0.941313
0.941079
0.940846
0.940612
0.940379
0.940146
0.939912
0.939679
0.939446
0.939213
0.93898
0.938746
0.938513
0.93828
0.938047
0.937814
0.937582
0.937349
0.937116
0.936883
0.93665
0.936417
0.936185
0.935952
0.93572
0.935487
0.935254
0.935022
0.934789
0.934557
0.934325
0.934092
0.93386
0.933628
0.933396
0.933163
0.932931
0.932699
0.932467
0.932235
0.932003
0.931771
0.931539
0.931307
0.931075
0.930844
0.930612
0.93038
0.930149
0.929917
0.929685
0.929454
0.929222
0.928991
0.928759
0.928528
0.928297
0.928065
0.927834
0.927603
0.927372
0.92714
0.926909
0.926678
0.926447
0.926216
0.925985
0.925754
0.925524
0.925293
0.925062
0.924831
0.924601
0.92437
0.924139
0.923909
0.923678
0.923448
0.923217
0.922987
0.922756
0.922526
0.922296
0.922066
0.921835
0.921605
0.921375
0.921145
0.920915
0.920685
0.920455
0.920225
0.919995
0.919765
0.919536
0.919306
0.919076
0.918846
0.918617
0.918387
0.918158
0.917928
0.917699
0.917469
0.91724
0.917011
0.916781
0.916552
0.916323
0.916094
0.915865
0.915636
0.915406
0.915177
0.914949
0.91472
0.914491
0.914262
0.914033
0.913804
0.913576
0.913347
0.913118
0.91289
0.912661
0.912433
0.912204
0.911976
0.911748
0.911519
0.911291
0.911063
0.910835
0.910607
0.910378
0.91015
0.909922
0.909694
0.909466
0.909239
0.909011
0.908783
0.908555
0.908327
0.9081
0.907872
0.907645
0.907417
0.907189
0.906962
0.906735
0.906507
0.90628
0.906053
0.905825
0.905598
0.905371
0.905144
0.904917
0.90469
0.904463
0.904236
0.904009
0.903782
0.903555
0.903328
0.903102
0.902875
0.902648
0.902422
0.902195
0.901969
0.901742
0.901516
0.901289
0.901063
0.900837
0.900611
0.900384
0.900158
0.899932
0.899706
0.89948
0.899254
0.899028
0.898802
0.898576
0.89835
0.898124
0.897899
0.897673
0.897447
0.897222
0.896996
0.896771
0.896545
0.89632
0.896094
0.895869
0.895644
0.895418
0.895193
0.894968
0.894743
0.894518
0.894293
0.894068
0.893843
0.893618
0.893393
0.893168
0.892943
0.892719
0.892494
0.892269
0.892045
0.89182
0.891596
0.891371
0.891147
0.890922
0.890698
0.890474
0.890249
0.890025
0.889801
0.889577
0.889353
0.889129
0.888905
0.888681
0.888457
0.888233
0.888009
0.887785
0.887561
0.887338
0.887114
0.88689
0.886667
0.886443
0.88622
0.885996
0.885773
0.88555
0.885326
0.885103
0.88488
0.884657
0.884434
0.88421
0.883987
0.883764
0.883541
0.883318
0.883096
0.882873
0.88265
0.882427
0.882205
0.881982
0.881759
0.881537
0.881314
0.881092
0.880869
0.880647
0.880424
0.880202
0.87998
0.879758
0.879535
0.879313
0.879091
0.878869
0.878647
0.878425
0.878203
0.877981
0.87776
0.877538
0.877316
0.877094
0.876873
0.876651
0.876429
0.876208
0.875986
0.875765
0.875544
0.875322
0.875101
0.87488
0.874658
0.874437
0.874216
0.873995
0.873774
0.873553
0.873332
0.873111
0.87289
0.872669
0.872449
0.872228
0.872007
0.871786
0.871566
0.871345
0.871125
0.870904
0.870684
0.870463
0.870243
0.870023
0.869802
0.869582
0.869362
0.869142
0.868922
0.868702
0.868482
0.868262
0.868042
0.867822
0.867602
0.867382
0.867163
0.866943
0.866723
0.866504
0.866284
0.866064
0.865845
0.865626
0.865406
0.865187
0.864967
0.864748
0.864529
0.86431
0.864091
0.863872
0.863652
0.863433
0.863215
0.862996
0.862777
0.862558
0.862339
0.86212
0.861902
0.861683
0.861464
0.861246
0.861027
0.860809
0.86059
0.860372
0.860154
0.859935
0.859717
0.859499
0.859281
0.859062
0.858844
0.858626
0.858408
0.85819
0.857972
0.857754
0.857537
0.857319
0.857101
0.856883
0.856666
0.856448
0.856231
0.856013
0.855795
0.855578
0.855361
0.855143
0.854926
0.854709
0.854491
0.854274
0.854057
0.85384
0.853623
0.853406
0.853189
0.852972
0.852755
0.852538
0.852322
0.852105
0.851888
0.851671
0.851455
0.851238
0.851022
0.850805
0.850589
0.850372
0.850156
0.84994
0.849723
0.849507
0.849291
0.849075
0.848859
0.848643
0.848427
0.848211
0.847995
0.847779
0.847563
0.847347
0.847131
0.846916
0.8467
0.846484
0.846269
0.846053
0.845838
0.845622
0.845407
0.845192
0.844976
0.844761
0.844546
0.84433
0.844115
0.8439
0.843685
0.84347
0.843255
0.84304
0.842825
0.84261
0.842396
0.842181
0.841966
0.841751
0.841537
0.841322
0.841108
0.840893
0.840679
0.840464
0.84025
0.840036
0.839821
0.839607
0.839393
0.839179
0.838965
0.838751
0.838536
0.838322
0.838109
0.837895
0.837681
0.837467
0.837253
0.837039
0.836826
0.836612
0.836399
0.836185
0.835971
0.835758
0.835545
0.835331
0.835118
0.834905
0.834691
0.834478
0.834265
0.834052
0.833839
0.833626
0.833413
0.8332
0.832987
0.832774
0.832561
0.832348
0.832136
0.831923
0.83171
0.831498
0.831285
0.831072
0.83086
0.830648
0.830435
0.830223
0.83001
0.829798
0.829586
0.829374
0.829162
0.82895
0.828738
0.828526
0.828314
0.828102
0.82789
0.827678
0.827466
0.827254
0.827043
0.826831
0.826619
0.826408
0.826196
0.825985
0.825773
0.825562
0.82535
0.825139
0.824928
0.824717
0.824505
0.824294
0.824083
0.823872
0.823661
0.82345
0.823239
0.823028
0.822817
0.822607
0.822396
0.822185
0.821974
0.821764
0.821553
0.821343
0.821132
0.820922
0.820711
0.820501
0.82029
0.82008
0.81987
0.81966
0.81945
0.819239
0.819029
0.818819
0.818609
0.818399
0.818189
0.81798
0.81777
0.81756
0.81735
0.81714
0.816931
0.816721
0.816512
0.816302
0.816093
0.815883
0.815674
0.815464
0.815255
0.815046
0.814837
0.814627
0.814418
0.814209
0.814
0.813791
0.813582
0.813373
0.813164
0.812955
0.812747
0.812538
0.812329
0.81212
0.811912
0.811703
0.811495
0.811286
0.811078
0.810869
0.810661
0.810452
0.810244
0.810036
0.809828
0.80962
0.809411
0.809203
0.808995
0.808787
0.808579
0.808371
0.808164
0.807956
0.807748
0.80754
0.807332
0.807125
0.806917
0.80671
0.806502
0.806295
0.806087
0.80588
0.805672
0.805465
0.805258
0.805051
0.804843
0.804636
0.804429
0.804222
0.804015
0.803808
0.803601
0.803394
0.803187
0.80298
0.802774
0.802567
0.80236
0.802154
0.801947
0.80174
0.801534
0.801327
0.801121
0.800915
0.800708
0.800502
0.800296
0.800089
0.799883
0.799677
0.799471
0.799265
0.799059
0.798853
0.798647
0.798441
0.798235
0.79803
0.797824
0.797618
0.797412
0.797207
0.797001
0.796796
0.79659
0.796385
0.796179
0.795974
0.795769
0.795563
0.795358
0.795153
0.794948
0.794742
0.794537
0.794332
0.794127
0.793922
0.793717
0.793513
0.793308
0.793103
0.792898
0.792694
0.792489
0.792284
0.79208
0.791875
0.791671
0.791466
0.791262
0.791057
0.790853
0.790649
0.790445
0.79024
0.790036
0.789832
0.789628
0.789424
0.78922
0.789016
0.788812
0.788608
0.788404
0.788201
0.787997
0.787793
0.78759
0.787386
0.787182
0.786979
0.786775
0.786572
0.786368
0.786165
0.785962
0.785758
0.785555
0.785352
0.785149
0.784946
0.784743
0.78454
0.784337
0.784134
0.783931
0.783728
0.783525
0.783322
0.78312
0.782917
0.782714
0.782512
0.782309
0.782107
0.781904
0.781702
0.781499
0.781297
0.781095
0.780892
0.78069
0.780488
0.780286
0.780084
0.779881
0.779679
0.779477
0.779276
0.779074
0.778872
0.77867
0.778468
0.778266
0.778065
0.777863
0.777661
0.77746
0.777258
0.777057
0.776855
0.776654
0.776453
0.776251
0.77605
0.775849
0.775648
0.775446
0.775245
0.775044
0.774843
0.774642
0.774441
0.77424
0.77404
0.773839
0.773638
0.773437
0.773237
0.773036
0.772835
0.772635
0.772434
0.772234
0.772033
0.771833
0.771632
0.771432
0.771232
0.771032
0.770831
0.770631
0.770431
0.770231
0.770031
0.769831
0.769631
0.769431
0.769231
0.769031
0.768832
0.768632
0.768432
0.768233
0.768033
0.767833
0.767634
0.767434
0.767235
0.767035
0.766836
0.766637
0.766437
0.766238
0.766039
0.76584
0.765641
0.765442
0.765243
0.765044
0.764845
0.764646
0.764447
0.764248
0.764049
0.76385
0.763652
0.763453
0.763254
0.763056
0.762857
0.762659
0.76246
0.762262
0.762063
0.761865
0.761667
0.761469
0.76127
0.761072
0.760874
0.760676
0.760478
0.76028
0.760082
0.759884
0.759686
0.759488
0.75929
0.759093
0.758895
0.758697
0.7585
0.758302
0.758104
0.757907
0.757709
0.757512
0.757315
0.757117
0.75692
0.756723
0.756525
0.756328
0.756131
0.755934
0.755737
0.75554
0.755343
0.755146
0.754949
0.754752
0.754555
0.754359
0.754162
0.753965
0.753768
0.753572
0.753375
0.753179
0.752982
0.752786
0.752589
0.752393
0.752197
0.752
0.751804
0.751608
0.751412
0.751216
0.751019
0.750823
0.750627
0.750431
0.750236
0.75004
0.749844
0.749648
0.749452
0.749257
0.749061
0.748865
0.74867
0.748474
0.748279
0.748083
0.747888
0.747692
0.747497
0.747302
0.747106
0.746911
0.746716
0.746521
0.746326
0.746131
0.745936
0.745741
0.745546
0.745351
0.745156
0.744961
0.744766
0.744571
0.744377
0.744182
0.743987
0.743793
0.743598
0.743404
0.743209
0.743015
0.742821
0.742626
0.742432
0.742238
0.742044
0.741849
0.741655
0.741461
0.741267
0.741073
0.740879
0.740685
0.740491
0.740297
0.740104
0.73991
0.739716
0.739522
0.739329
0.739135
0.738942
0.738748
0.738555
0.738361
0.738168
0.737974
0.737781
0.737588
0.737395
0.737201
0.737008
0.736815
0.736622
0.736429
0.736236
0.736043
0.73585
0.735657
0.735464
0.735272
0.735079
0.734886
0.734693
0.734501
0.734308
0.734116
0.733923
0.733731
0.733538
0.733346
0.733153
0.732961
0.732769
0.732577
0.732384
0.732192
0.732
0.731808
0.731616
0.731424
0.731232
0.73104
0.730848
0.730656
0.730465
0.730273
0.730081
0.72989
0.729698
0.729506
0.729315
0.729123
0.728932
0.72874
0.728549
0.728358
0.728166
0.727975
0.727784
0.727593
0.727401
0.72721
0.727019
0.726828
0.726637
0.726446
0.726255
0.726065
0.725874
0.725683
0.725492
0.725301
0.725111
0.72492
0.72473
0.724539
0.724349
0.724158
0.723968
0.723777
0.723587
0.723397
0.723206
0.723016
0.722826
0.722636
0.722446
0.722256
0.722066
0.721876
0.721686
0.721496
0.721306
0.721116
0.720926
0.720736
0.720547
0.720357
0.720167
0.719978
0.719788
0.719599
0.719409
0.71922
0.719031
0.718841
0.718652
0.718463
0.718273
0.718084
0.717895
0.717706
0.717517
0.717328
0.717139
0.71695
0.716761
0.716572
0.716383
0.716195
0.716006
0.715817
0.715628
0.71544
0.715251
0.715063
0.714874
0.714686
0.714497
0.714309
0.71412
0.713932
0.713744
0.713556
0.713367
0.713179
0.712991
0.712803
0.712615
0.712427
0.712239
0.712051
0.711863
0.711675
0.711488
0.7113
0.711112
0.710924
0.710737
0.710549
0.710362
0.710174
0.709987
0.709799
0.709612
0.709424
0.709237
0.70905
0.708863
0.708675
0.708488
0.708301
0.708114
0.707927
0.70774
0.707553
0.707366
0.707179
0.706992
0.706806
0.706619
0.706432
0.706245
0.706059
0.705872
0.705686
0.705499
0.705312
0.705126
0.70494
0.704753
0.704567
0.704381
0.704194
0.704008
0.703822
0.703636
0.70345
0.703264
0.703078
0.702892
0.702706
0.70252
0.702334
0.702148
0.701962
0.701777
0.701591
0.701405
0.70122
0.701034
0.700848
0.700663
0.700477
0.700292
0.700107
0.699921
0.699736
0.699551
0.699365
0.69918
0.698995
0.69881
0.698625
0.69844
0.698255
0.69807
0.697885
0.6977
0.697515
0.69733
0.697146
0.696961
0.696776
0.696592
0.696407
0.696222
0.696038
0.695853
0.695669
0.695485
0.6953
0.695116
0.694932
0.694747
0.694563
0.694379
0.694195
0.694011
0.693827
0.693643
0.693459
0.693275
0.693091
0.692907
0.692723
0.692539
0.692356
0.692172
0.691988
0.691805
0.691621
0.691437
0.691254
0.69107
0.690887
0.690704
0.69052
0.690337
0.690154
0.68997
0.689787
0.689604
0.689421
0.689238
0.689055
0.688872
0.688689
0.688506
0.688323
0.68814
0.687957
0.687775
0.687592
0.687409
0.687226
0.687044
0.686861
0.686679
0.686496
0.686314
0.686131
0.685949
0.685767
0.685584
0.685402
0.68522
0.685038
0.684855
0.684673
0.684491
0.684309
0.684127
0.683945
0.683763
0.683581
0.6834
0.683218
0.683036
0.682854
0.682673
0.682491
0.682309
0.682128
0.681946
0.681765
0.681583
0.681402
0.681221
0.681039
0.680858
0.680677
0.680495
0.680314
0.680133
0.679952
0.679771
0.67959
0.679409
0.679228
0.679047
0.678866
0.678685
0.678505
0.678324
0.678143
0.677962
0.677782
0.677601
0.677421
0.67724
0.67706
0.676879
0.676699
0.676518
0.676338
0.676158
0.675977
0.675797
0.675617
0.675437
0.675257
0.675077
0.674897
0.674717
0.674537
0.674357
0.674177
0.673997
0.673817
0.673638
0.673458
0.673278
0.673098
0.672919
0.672739
0.67256
0.67238
0.672201
0.672021
0.671842
0.671663
0.671483
0.671304
0.671125
0.670946
0.670767
0.670587
0.670408
0.670229
0.67005
0.669871
0.669693
0.669514
0.669335
0.669156
0.668977
0.668799
0.66862
0.668441
0.668263
0.668084
0.667905
0.667727
0.667549
0.66737
0.667192
0.667013
0.666835
0.666657
0.666479
0.6663
0.666122
0.665944
0.665766
0.665588
0.66541
0.665232
0.665054
0.664876
0.664698
0.664521
0.664343
0.664165
0.663987
0.66381
0.663632
0.663455
0.663277
0.6631
0.662922
0.662745
0.662567
0.66239
0.662213
0.662035
0.661858
0.661681
0.661504
0.661327
0.66115
0.660972
0.660795
0.660619
0.660442
0.660265
0.660088
0.659911
0.659734
0.659557
0.659381
0.659204
0.659028
0.658851
0.658674
0.658498
0.658321
0.658145
0.657969
0.657792
0.657616
0.65744
0.657263
0.657087
0.656911
0.656735
0.656559
0.656383
0.656207
0.656031
0.655855
0.655679
0.655503
0.655327
0.655151
0.654976
0.6548
0.654624
0.654448
0.654273
0.654097
0.653922
0.653746
0.653571
0.653395
0.65322
0.653045
0.652869
0.652694
0.652519
0.652344
0.652169
0.651993
0.651818
0.651643
0.651468
0.651293
0.651118
0.650944
0.650769
0.650594
0.650419
0.650244
0.65007
0.649895
0.64972
0.649546
0.649371
0.649197
0.649022
0.648848
0.648673
0.648499
0.648325
0.64815
0.647976
0.647802
0.647628
0.647454
0.64728
0.647106
0.646932
0.646758
0.646584
0.64641
0.646236
0.646062
0.645888
0.645714
0.645541
0.645367
0.645193
0.64502
0.644846
0.644673
0.644499
0.644326
0.644152
0.643979
0.643806
0.643632
0.643459
0.643286
0.643112
0.642939
0.642766
0.642593
0.64242
0.642247
0.642074
0.641901
0.641728
0.641555
0.641383
0.64121
0.641037
0.640864
0.640692
0.640519
0.640346
0.640174
0.640001
0.639829
0.639656
0.639484
0.639312
0.639139
0.638967
0.638795
0.638622
0.63845
0.638278
0.638106
0.637934
0.637762
0.63759
0.637418
0.637246
0.637074
0.636902
0.63673
0.636559
0.636387
0.636215
0.636044
0.635872
0.6357
0.635529
0.635357
0.635186
0.635014
0.634843
0.634672
0.6345
0.634329
0.634158
0.633986
0.633815
0.633644
0.633473
0.633302
0.633131
0.63296
0.632789
0.632618
0.632447
0.632276
0.632105
0.631935
0.631764
0.631593
0.631423
0.631252
0.631081
0.630911
0.63074
0.63057
0.630399
0.630229
0.630059
0.629888
0.629718
0.629548
0.629377
0.629207
0.629037
0.628867
0.628697
0.628527
0.628357
0.628187
0.628017
0.627847
0.627677
0.627507
0.627338
0.627168
0.626998
0.626829
0.626659
0.626489
0.62632
0.62615
0.625981
0.625811
0.625642
0.625473
0.625303
0.625134
0.624965
0.624795
0.624626
0.624457
0.624288
0.624119
0.62395
0.623781
0.623612
0.623443
0.623274
0.623105
0.622936
0.622767
0.622599
0.62243
0.622262
0.622092
0.621925
0.621755
0.621588
0.621417
0.621252
0.62108
0.620916
0.620742
0.62058
0.620405
0.620245
0.620067
0.61991
0.619729
0.619576
0.619391
0.619241
0.619053
0.618907
0.618716
0.618571
0.618381
0.618235
0.618047
0.617897
0.617715
0.617558
0.617383
0.617218
0.617053
0.616879
0.616722
0.616541
0.616389
0.616205
0.616054
0.615872
0.615716
0.615542
0.615377
0.615213
0.615038
0.614882
0.614702
0.614549
0.614369
0.614212
0.61404
0.613874
0.613711
0.613536
0.613381
0.613201
0.613046
0.61287
0.612709
0.612542
0.612371
0.612213
0.612036
0.611881
0.611705
0.611544
0.611377
0.611206
0.611049
0.610872
0.610716
0.610542
0.61038
0.610215
0.610043
0.609886
0.60971
0.609553
0.609382
0.609216
0.609056
0.608881
0.608725
0.608552
0.60839
0.608225
0.608054
0.607897
0.607723
0.607564
0.607396
0.607228
0.607069
0.606896
0.606738
0.606568
0.606403
0.606242
0.60607
0.605912
0.605742
0.605578
0.605416
0.605245
0.605088
0.604917
0.604754
0.604592
0.604421
0.604263
0.604093
0.60393
0.603768
0.603598
0.60344
0.60327
0.603107
0.602946
0.602775
0.602617
0.602449
0.602285
0.602124
0.601954
0.601795
0.601628
0.601463
0.601304
0.601134
0.600974
0.600809
0.600642
0.600484
0.600315
0.600154
0.599991
0.599823
0.599665
0.599497
0.599334
0.599173
0.599005
0.598846
0.59868
0.598515
0.598356
0.598188
0.598027
0.597865
0.597697
0.597539
0.597373
0.597209
0.597049
0.596882
0.596722
0.596559
0.596393
0.596234
0.596068
0.595905
0.595745
0.595578
0.595419
0.595256
0.59509
0.594932
0.594766
0.594603
0.594444
0.594277
0.594117
0.593955
0.59379
0.593631
0.593466
0.593303
0.593144
0.592978
0.592818
0.592657
0.592491
0.592333
0.592169
0.592006
0.591847
0.591682
0.591521
0.591361
0.591196
0.591036
0.590875
0.59071
0.590552
0.590389
0.590226
0.590067
0.589903
0.589742
0.589583
0.589418
0.589258
0.589098
0.588934
0.588775
0.588613
0.58845
0.588292
0.588129
0.587967
0.587808
0.587645
0.587484
0.587325
0.587161
0.587002
0.586842
0.586678
0.58652
0.586359
0.586196
0.586038
0.585876
0.585714
0.585556
0.585394
0.585233
0.585075
0.584912
0.584752
0.584593
0.58443
0.584271
0.584112
0.583949
0.583791
0.583631
0.583469
0.583311
0.58315
0.582989
0.582831
0.58267
0.582509
0.582351
0.58219
0.582029
0.581872
0.58171
0.58155
0.581392
0.581231
0.581072
0.580914
0.580752
0.580593
0.580435
0.580274
0.580115
0.579957
0.579795
0.579637
0.579479
0.579318
0.57916
0.579001
0.57884
0.578682
0.578524
0.578363
0.578205
0.578047
0.577886
0.577729
0.57757
0.57741
0.577252
0.577094
0.576933
0.576776
0.576618
0.576458
0.5763
0.576142
0.575982
0.575825
0.575667
0.575507
0.57535
0.575191
0.575032
0.574875
0.574717
0.574557
0.5744
0.574242
0.574083
0.573926
0.573768
0.573609
0.573452
0.573295
0.573135
0.572978
0.572821
0.572662
0.572505
0.572348
0.572189
0.572032
0.571875
0.571716
0.571559
0.571403
0.571244
0.571087
0.570931
0.570772
0.570615
0.570459
0.5703
0.570143
0.569987
0.569829
0.569672
0.569516
0.569358
0.569201
0.569045
0.568887
0.56873
0.568574
0.568417
0.568259
0.568104
0.567947
0.567789
0.567633
0.567477
0.56732
0.567164
0.567008
0.56685
0.566694
0.566538
0.566381
0.566225
0.56607
0.565913
0.565756
0.565601
0.565444
0.565288
0.565132
0.564976
0.564819
0.564664
0.564509
0.564352
0.564196
0.564041
0.563884
0.563729
0.563574
0.563417
0.563262
0.563107
0.562951
0.562795
0.56264
0.562484
0.562328
0.562174
0.562018
0.561862
0.561707
0.561553
0.561397
0.561241
0.561087
0.560931
0.560776
0.560622
0.560466
0.560311
0.560156
0.560002
0.559846
0.559692
0.559537
0.559382
0.559227
0.559073
0.558918
0.558763
0.558609
0.558454
0.558299
0.558145
0.557991
0.557836
0.557682
0.557528
0.557373
0.557219
0.557065
0.55691
0.556756
0.556602
0.556448
0.556294
0.55614
0.555986
0.555832
0.555678
0.555524
0.55537
0.555216
0.555063
0.554909
0.554755
0.554601
0.554448
0.554294
0.55414
0.553987
0.553833
0.553679
0.553526
0.553373
0.553219
0.553066
0.552913
0.552759
0.552606
0.552453
0.5523
0.552146
0.551994
0.551841
0.551687
0.551534
0.551382
0.551229
0.551075
0.550923
0.55077
0.550617
0.550464
0.550312
0.550159
0.550006
0.549854
0.549701
0.549548
0.549396
0.549244
0.549091
0.548938
0.548786
0.548634
0.548481
0.548329
0.548177
0.548025
0.547873
0.547721
0.547568
0.547416
0.547264
0.547112
0.54696
0.546808
0.546657
0.546504
0.546353
0.546201
0.546049
0.545897
0.545746
0.545594
0.545442
0.545291
0.545139
0.544988
0.544836
0.544685
0.544534
0.544382
0.54423
0.544079
0.543928
0.543777
0.543626
0.543475
0.543323
0.543172
0.543021
0.54287
0.542719
0.542568
0.542417
0.542266
0.542115
0.541965
0.541814
0.541663
0.541512
0.541362
0.541211
0.54106
0.54091
0.540759
0.540608
0.540458
0.540308
0.540157
0.540007
0.539856
0.539706
0.539556
0.539405
0.539255
0.539105
0.538955
0.538805
0.538655
0.538505
0.538354
0.538205
0.538055
0.537905
0.537755
0.537605
0.537455
0.537305
0.537156
0.537006
0.536856
0.536707
0.536557
0.536408
0.536258
0.536108
0.535959
0.53581
0.53566
0.535511
0.535362
0.535212
0.535063
0.534914
0.534765
0.534615
0.534466
0.534317
0.534168
0.534019
0.53387
0.533721
0.533572
0.533423
0.533275
0.533126
0.532977
0.532828
0.53268
0.532531
0.532382
0.532234
0.532085
0.531936
0.531788
0.531639
0.531491
0.531342
0.531194
0.531046
0.530898
0.530749
0.530601
0.530453
0.530305
0.530156
0.530008
0.52986
0.529712
0.529564
0.529416
0.529268
0.52912
0.528973
0.528825
0.528677
0.528529
0.528382
0.528234
0.528086
0.527939
0.527791
0.527644
0.527496
0.527348
0.527201
0.527054
0.526906
0.526759
0.526612
0.526464
0.526317
0.52617
0.526023
0.525875
0.525728
0.525581
0.525434
0.525287
0.52514
0.524993
0.524846
0.5247
0.524553
0.524406
0.524259
0.524112
0.523966
0.523819
0.523672
0.523526
0.523379
0.523233
0.523086
0.52294
0.522793
0.522647
0.522501
0.522354
0.522208
0.522062
0.521915
0.521769
0.521623
0.521477
0.521331
0.521185
0.521039
0.520893
0.520747
0.520601
0.520455
0.520309
0.520163
0.520018
0.519872
0.519726
0.51958
0.519435
0.519289
0.519144
0.518998
0.518853
0.518707
0.518562
0.518416
0.518271
0.518126
0.51798
0.517835
0.51769
0.517545
0.517399
0.517254
0.517109
0.516964
0.516819
0.516674
0.516529
0.516384
0.516239
0.516094
0.51595
0.515805
0.51566
0.515515
0.515371
0.515226
0.515081
0.514937
0.514792
0.514648
0.514503
0.514359
0.514214
0.51407
0.513926
0.513781
0.513637
0.513493
0.513348
0.513204
0.51306
0.512916
0.512772
0.512628
0.512484
0.51234
0.512196
0.512052
0.511908
0.511764
0.511621
0.511477
0.511333
0.511189
0.511046
0.510902
0.510758
0.510615
0.510471
0.510328
0.510184
0.510041
0.509897
0.509754
0.509611
0.509468
0.509324
0.509181
0.509038
0.508895
0.508752
0.508608
0.508465
0.508322
0.508179
0.508036
0.507893
0.507751
0.507608
0.507465
0.507322
0.507179
0.507037
0.506894
0.506751
0.506609
0.506466
0.506324
0.506181
0.506039
0.505896
0.505754
0.505611
0.505469
0.505327
0.505184
0.505042
0.5049
0.504758
0.504616
0.504474
0.504332
0.50419
0.504048
0.503906
0.503764
0.503622
0.50348
0.503338
0.503196
0.503055
0.502913
0.502771
0.502629
0.502488
0.502346
0.502205
0.502063
0.501922
0.50178
0.501639
0.501497
0.501356
0.501215
0.501074
0.500932
0.500791
0.50065
0.500509
0.500368
0.500227
0.500086
0.499945
0.499804
0.499663
0.499522
0.499381
0.49924
0.499099
0.498958
0.498818
0.498677
0.498536
0.498396
0.498255
0.498115
0.497974
0.497834
0.497693
0.497553
0.497412
0.497272
0.497132
0.496991
0.496851
0.496711
0.496571
0.496431
0.496291
0.49615
0.49601
0.49587
0.495731
0.495591
0.495451
0.495311
0.495171
0.495031
0.494891
0.494752
0.494612
0.494472
0.494333
0.494193
0.494054
0.493914
0.493775
0.493635
0.493496
0.493356
0.493217
0.493078
0.492938
0.492799
0.49266
0.492521
0.492382
0.492243
0.492104
0.491965
0.491826
0.491687
0.491548
0.491409
0.49127
0.491131
0.490992
0.490854
0.490715
0.490576
0.490438
0.490299
0.49016
0.490022
0.489883
0.489745
0.489606
0.489468
0.48933
0.489191
0.489053
0.488915
0.488777
0.488638
0.4885
0.488362
0.488224
0.488086
0.487948
0.48781
0.487672
0.487534
0.487396
0.487259
0.487121
0.486983
0.486845
0.486708
0.48657
0.486432
0.486295
0.486157
0.48602
0.485882
0.485745
0.485607
0.48547
0.485333
0.485195
0.485058
0.484921
0.484784
0.484647
0.48451
0.484372
0.484235
0.484098
0.483961
0.483825
0.483688
0.483551
0.483414
0.483277
0.48314
0.483004
0.482867
0.48273
0.482594
0.482457
0.482321
0.482184
0.482048
0.481911
0.481775
0.481639
0.481502
0.481366
0.48123
0.481094
0.480957
0.480821
0.480685
0.480549
0.480413
0.480277
0.480141
0.480005
0.479869
0.479734
0.479598
0.479462
0.479326
0.479191
0.479055
0.478919
0.478784
0.478648
0.478513
0.478377
0.478242
0.478106
0.477971
0.477836
0.4777
0.477565
0.47743
0.477295
0.47716
0.477025
0.47689
0.476755
0.47662
0.476485
0.47635
0.476215
0.47608
0.475945
0.475811
0.475676
0.475541
0.475407
0.475272
0.475137
0.475003
0.474868
0.474734
0.4746
0.474465
0.474331
0.474197
0.474062
0.473928
0.473794
0.47366
0.473526
0.473392
0.473258
0.473124
0.47299
0.472856
0.472722
0.472588
0.472454
0.472321
0.472187
0.472053
0.47192
0.471786
0.471653
0.471519
0.471386
0.471252
0.471119
0.470986
0.470852
0.470719
0.470586
0.470453
0.47032
0.470186
0.470053
0.46992
0.469787
0.469655
0.469522
0.469389
0.469256
0.469123
0.468991
0.468858
0.468725
0.468593
0.46846
0.468328
0.468195
0.468063
0.46793
0.467798
0.467666
0.467533
0.467401
0.467269
0.467137
0.467005
0.466873
0.466741
0.466609
0.466477
0.466345
0.466213
0.466081
0.46595
0.465818
0.465686
0.465555
0.465423
0.465292
0.46516
0.465029
0.464897
0.464766
0.464635
0.464504
0.464372
0.464241
0.46411
0.463979
0.463848
0.463717
0.463586
0.463455
0.463324
0.463194
0.463063
0.462932
0.462801
0.462671
0.46254
0.46241
0.462279
0.462149
0.462019
0.461888
0.461758
0.461628
0.461498
0.461368
0.461237
0.461107
0.460977
0.460848
0.460718
0.460588
0.460458
0.460328
0.460199
0.460069
0.459939
0.45981
0.45968
0.459551
0.459422
0.459292
0.459163
0.459034
0.458905
0.458776
0.458647
0.458518
0.458389
0.45826
0.458131
0.458002
0.457873
0.457745
0.457616
0.457488
0.457359
0.457231
0.457102
0.456974
0.456846
0.456717
0.456589
0.456461
0.456333
0.456205
0.456077
0.455949
0.455821
0.455694
0.455566
0.455438
0.455311
0.455183
0.455056
0.454928
0.454801
0.454674
0.454546
0.454419
0.454292
0.454165
0.454038
0.453911
0.453785
0.453658
0.453531
0.453404
0.453278
0.453151
0.453025
0.452899
0.452772
0.452646
0.45252
0.452394
0.452268
0.452142
0.452016
0.45189
0.451764
0.451639
0.451513
0.451388
0.451262
0.451137
0.451012
0.450886
0.450761
0.450636
0.450511
0.450386
0.450261
0.450137
0.450012
0.449887
0.449763
0.449639
0.449514
0.44939
0.449266
0.449142
0.449018
0.448894
0.44877
0.448646
0.448522
0.448399
0.448275
0.448152
0.448029
0.447906
0.447782
0.447659
0.447537
0.447414
0.447291
0.447168
0.447046
0.446923
0.446801
0.446679
0.446557
0.446435
0.446313
0.446191
0.446069
0.445948
0.445826
0.445705
0.445583
0.445462
0.445341
0.44522
0.4451
0.444979
0.444858
0.444738
0.444618
0.444497
0.444377
0.444257
0.444137
0.444018
0.443898
0.443779
0.443659
0.44354
0.443421
0.443302
0.443183
0.443065
0.442946
0.442828
0.44271
0.442592
0.442474
0.442356
0.442238
0.442121
0.442004
0.441887
0.44177
0.441653
0.441536
0.44142
0.441303
0.441187
0.441071
0.440956
0.44084
0.440725
0.440609
0.440494
0.440379
0.440265
0.44015
0.440036
0.439922
0.439808
0.439694
0.439581
0.439467
0.439354
0.439242
0.439129
0.439017
0.438904
0.438792
0.438681
0.438569
0.438458
0.438347
0.438236
0.438126
0.438015
0.437905
0.437796
0.437686
0.437577
0.437468
0.437359
0.437251
0.437143
0.437035
0.436927
0.43682
0.436713
0.436607
0.4365
0.436394
0.436289
0.436183
0.436078
0.435974
0.435869
0.435765
0.435661
0.435558
0.435455
0.435353
0.43525
0.435148
0.435047
0.434946
0.434845
0.434745
0.434645
0.434546
0.434447
0.434348
0.43425
0.434152
0.434055
0.433958
0.433861
0.433765
0.43367
0.433575
0.43348
0.433386
0.433293
0.4332
0.433107
0.433015
0.432924
0.432833
0.432742
0.432653
0.432563
0.432475
0.432386
0.432299
0.432212
0.432126
0.43204
0.431955
0.43187
0.431786
0.431703
0.43162
0.431538
0.431457
0.431377
0.431297
0.431217
0.431139
0.431061
0.430984
0.430907
0.430832
0.430757
0.430682
0.430609
0.430536
0.430464
0.430393
0.430323
0.430253
0.430184
0.430116
0.430049
0.429983
0.429917
0.429853
0.429789
0.429726
0.429663
0.429602
0.429542
0.429482
0.429423
0.429365
0.429308
0.429252
0.429197
0.429143
0.429089
0.429037
0.428985
0.428934
0.428885
0.428836
0.428788
0.42874
0.428694
0.428649
0.428604
0.428561
0.428518
0.428477
0.428436
0.428396
0.428357
0.428319
0.428282
0.428245
0.42821
0.428175
0.428141
0.428108
0.428076
0.428045
0.428015
0.427985
0.427957
0.427929
0.427902
0.427875
0.42785
0.427825
0.427801
0.427778
0.427755
0.427734
0.427713
0.427692
0.427673
0.427654
0.427636
0.427618
0.427601
0.427585
0.427569
0.427554
0.427539
0.427525
0.427512
0.427499
0.427487
0.427475
0.427464
0.427453
0.427443
0.427433
0.427423
0.427414
0.427406
0.427398
0.42739
0.427383
0.427376
0.427369
0.427363
0.427357
0.427351
0.427346
0.427341
0.427336
0.427332
0.427327
0.427323
0.42732
0.427316
0.427313
0.42731
0.427307
0.427304
0.427302
0.427299
0.427297
0.427295
0.427293
0.427291
0.42729
0.427288
0.427287
0.427286
0.427284
0.427283
0.427282
0.427282
0.427281
0.42728
0.427279
0.427279
0.427278
0.427278
0.427277
0.427277
0.427277
0.427276
0.427276
0.427276
0.427276
0.427276
0.427275
0.427275
0.427275
0.427275
0.427275
0.427275
0.427275
0.427275
0.427275
0.427275
0.427275
0.427275
0.427275
0.427276
0.427276
0.427276
0.427276
0.427276
0.427276
0.427276
0.427276
0.427276
0.427276
0.427277
0.427277
0.427277
0.427277
0.427277
0.427277
0.427277
0.427277
0.427277
0.427278
0.427278
0.427278
0.427278
0.427278
0.427278
0.427278
0.427278
0.427278
0.427278
0.427278
0.427278
0.427278
0.427278
0.427279
0.427279
0.427279
0.427279
0.427279
0.427279
0.427279
0.427279
0.427279
0.427279
0.427279
0.427279
0.427279
0.427279
0.427279
0.427279
0.427279
0.427279
0.427279
0.427279
0.427279
0.427279
0.427279
0.427279
0.427279
0.427279
0.427279
0.427279
0.427279
0.427279
0.427279
0.427279
0.427279
0.427279
0.427279
0.427279
0.427279
0.427279
0.427279
0.427279
0.427279
0.427279
0.427279
0.427279
0.427279
0.427279
0.427279
0.427279
0.427279
0.427279
0.427279
0.427279
0.427279
0.427279
0.427279
0.427279
0.427279
0.427279
0.427279
0.427279
0.427279
0.427279
0.427279
0.427279
0.427279
0.427279
0.427279
0.427279
0.427279
0.427279
0.427279
0.427279
0.427279
0.427279
0.427279
0.427279
0.427279
0.427279
0.427279
0.427279
0.427279
0.427279
0.427279
0.427279
0.427279
0.427279
0.427279
0.427279
0.427279
0.427279
0.427279
0.427279
0.427279
0.427279
0.427279
0.427279
0.427279
0.427279
0.427279
0.427279
0.427279
0.427279
0.427279
0.427279
0.427279
0.427279
0.427279
0.427279
0.427279
0.427279
0.427279
0.427279
0.427279
0.427279
0.427279
0.427279
0.427279
0.427279
0.427279
0.427279
0.427279
0.427279
0.427279
0.427279
0.427279
0.427279
0.427279
0.427279
0.427279
0.427279
0.427279
0.427279
0.427279
0.427279
0.427279
0.427279
0.427279
0.427279
0.427279
0.427279
0.427279
0.427279
0.427279
0.427279
0.427279
0.427279
0.427279
0.427279
0.427279
0.427279
0.427279
0.427279
0.427279
0.427279
0.427279
0.427279
0.427279
0.427279
0.427279
0.427279
0.427279
0.427279
0.427279
0.427279
0.427279
0.427279
0.427279
0.427279
0.427279
0.427279
0.427279
0.427279
0.427279
0.427279
0.427279
0.427279
0.427279
0.427279
0.427279
0.427278
0.427278
0.427278
0.427278
0.427278
0.427278
0.427278
0.427278
0.427278
0.427278
0.427278
0.427278
0.427278
0.427278
0.427278
0.427278
0.427278
0.427278
0.427278
0.427278
0.427278
0.427278
0.427278
0.427278
0.427278
0.427278
0.427278
0.427278
0.427278
0.427278
0.427278
0.427278
0.427278
0.427278
0.427278
0.427278
0.427278
0.427278
0.427278
0.427278
0.427278
0.427278
0.427278
0.427278
0.427278
0.427278
0.427278
0.427278
0.427278
0.427278
0.427278
0.427278
0.427278
0.427278
0.427278
0.427278
0.427278
0.427278
0.427278
0.427278
0.427278
0.427278
0.427278
0.427278
0.427278
0.427278
0.427278
0.427278
0.427278
0.427278
0.427278
0.427278
0.427278
0.427278
0.427278
0.427278
0.427278
0.427278
0.427278
0.427278
0.427278
0.427278
0.427278
0.427278
0.427278
0.427278
0.427278
0.427278
0.427278
0.427278
0.427278
0.427278
0.427278
0.427278
0.427278
0.427278
0.427278
0.427278
0.427278
0.427278
0.427278
0.427278
0.427278
0.427278
0.427278
0.427277
0.427277
0.427277
0.427277
0.427277
0.427277
0.427277
0.427277
0.427277
0.427277
0.427277
0.427277
0.427277
0.427277
0.427277
0.427277
0.427277
0.427277
0.427277
0.427277
0.427277
0.427277
0.427277
0.427277
0.427277
0.427277
0.427277
0.427277
0.427277
0.427277
0.427277
0.427277
0.427277
0.427277
0.427277
0.427277
0.427277
0.427277
0.427277
0.427277
0.427277
0.427277
0.427277
0.427277
0.427277
0.427277
0.427277
0.427277
0.427277
0.427277
0.427277
0.427277
0.427277
0.427277
0.427277
0.427277
0.427277
0.427277
0.427277
0.427277
0.427277
0.427277
0.427277
0.427277
0.427277
0.427277
0.427277
0.427277
0.427277
0.427277
0.427277
0.427277
0.427277
0.427277
0.427277
0.427277
0.427277
0.427277
0.427277
0.427277
0.427277
0.427277
0.427277
0.427277
0.427277
0.427277
0.427277
0.427277
0.427276
0.427276
0.427276
0.427276
0.427276
0.427276
0.427276
0.427276
0.427276
0.427276
0.427276
0.427276
0.427276
0.427276
0.427276
0.427276
0.427276
0.427276
0.427276
0.427276
0.427276
0.427276
0.427276
0.427276
0.427276
0.427276
0.427276
0.427276
0.427276
0.427276
0.427276
0.427276
0.427276
0.427276
0.427276
0.427276
0.427276
0.427276
0.427276
0.427276
0.427276
0.427276
0.427276
0.427276
0.427276
0.427276
0.427276
0.427276
0.427276
0.427276
0.427276
0.427276
0.427276
0.427276
0.427276
0.427276
0.427276
0.427276
0.427276
0.427276
0.427276
0.427276
0.427276
0.427276
0.427276
0.427276
0.427276
0.427276
0.427276
0.427276
0.427276
0.427276
0.427276
0.427276
0.427276
0.427276
0.427276
0.427276
0.427276
0.427276
0.427276
0.427276
0.427276
0.427276
0.427276
0.427276
0.427276
0.427276
0.427276
0.427276
0.427276
0.427276
0.427276
0.427276
0.427276
0.427276
0.427276
0.427276
0.427276
0.427276
0.427276
0.427276
0.427276
0.427276
0.427276
0.427276
0.427276
0.427276
0.427276
0.427276
0.427276
0.427276
0.427276
0.427276
0.427276
0.427276
0.427276
0.427276
0.427276
0.427276
0.427276
0.427276
0.427276
0.427276
0.427276
0.427276
0.427276
0.427276
0.427276
0.427276
0.427276
0.427276
0.427276
0.427276
0.427276
0.427276
0.427276
0.427276
0.427276
0.427276
0.427275
0.427275
0.427275
0.427275
0.427275
0.427275
0.427275
0.427275
0.427275
0.427275
0.427275
0.427275
0.427275
0.427275
0.427275
0.427275
0.427275
0.427275
0.427275
0.427275
0.427275
0.427275
0.427275
0.427275
0.427275
0.427275
0.427275
0.427275
0.427275
0.427275
0.427275
0.427275
0.427275
0.427275
0.427275
0.427275
0.427275
0.427275
0.427275
0.427275
0.427275
0.427275
0.427275
0.427275
0.427275
0.427275
0.427275
0.427275
0.427275
0.427275
0.427275
0.427275
0.427275
0.427275
0.427275
0.427275
0.427275
0.427275
0.427275
0.427275
0.427275
0.427275
0.427275
0.427275
0.427275
0.427275
0.427275
0.427275
0.427275
0.427275
0.427275
0.427275
0.427275
0.427275
0.427275
0.427275
0.427275
0.427275
0.427275
0.427275
0.427275
0.427275
0.427275
0.427275
0.427275
0.427275
0.427275
0.427275
0.427275
0.427275
0.427275
0.427275
0.427275
0.427274
0.427274
0.427274
0.427274
0.427274
0.427274
0.427274
0.427274
0.427274
0.427274
0.427274
0.427274
0.427274
0.427274
0.427274
0.427274
0.427274
0.427274
0.427274
0.427274
0.427274
0.427274
0.427274
0.427274
0.427274
0.427274
0.427274
0.427274
0.427274
0.427274
0.427274
0.427274
0.427274
0.427274
0.427274
0.427274
0.427274
0.427274
0.427274
0.427274
0.427274
0.427274
0.427274
0.427274
0.427274
0.427274
0.427274
0.427274
0.427274
0.427274
0.427274
0.427274
0.427274
0.427274
0.427274
0.427274
0.427274
0.427274
0.427274
0.427274
0.427274
0.427274
0.427274
0.427274
0.427273
0.427273
0.427273
0.427273
0.427273
0.427273
0.427273
0.427273
0.427273
0.427273
0.427273
0.427273
0.427273
0.427273
0.427273
0.427273
0.427273
0.427273
0.427273
0.427273
0.427273
0.427273
0.427273
0.427273
0.427273
0.427273
0.427273
0.427273
0.427273
0.427273
0.427273
0.427273
0.427273
0.427273
0.427273
0.427273
0.427273
0.427273
0.427273
0.427273
0.427273
0.427273
0.427273
0.427273
0.427273
0.427273
0.427273
0.427273
0.427273
0.427273
0.427273
0.427273
0.427273
0.427273
0.427273
0.427272
0.427272
0.427272
0.427272
0.427272
0.427272
0.427272
0.427272
0.427272
0.427272
0.427272
0.427272
0.427272
0.427272
0.427272
0.427272
0.427272
0.427272
0.427272
0.427272
0.427272
0.427272
0.427272
0.427272
0.427272
0.427272
0.427272
0.427272
0.427272
0.427272
0.427272
0.427272
0.427272
0.427272
0.427272
0.427272
0.427272
0.427272
0.427272
0.427272
0.427272
0.427272
0.427272
0.427272
0.427272
0.427272
0.427272
0.427272
0.427272
0.427272
0.427272
0.427272
0.427272
0.427272
0.427272
0.427272
0.427272
0.427272
0.427272
0.427272
0.427272
0.427272
0.427272
0.427272
0.427272
0.427272
0.427272
0.427272
0.427272
0.427272
0.427272
0.427272
0.427272
0.427272
0.427271
0.427271
0.427271
0.427271
0.427271
0.427271
0.427271
0.427271
0.427271
0.427271
0.427271
0.427271
0.427271
0.427271
0.427271
0.427271
0.427271
0.427271
0.427271
0.427271
0.427271
0.427271
0.427271
0.427271
0.427271
0.427271
0.427271
0.427271
0.427271
0.427271
0.427271
0.427271
0.427271
0.427271
0.427271
0.427271
0.427271
0.427271
0.427271
0.427271
0.427271
0.427271
0.427271
0.427271
0.427271
0.427271
0.427271
0.427271
0.427271
0.427271
0.427271
0.427271
0.427271
0.427271
0.427271
0.427271
0.427271
0.427271
0.427271
0.427271
0.427271
0.427271
0.427271
0.427271
0.427271
0.427271
0.427271
0.427271
0.427271
0.427271
0.427271
0.427271
0.427271
0.427271
0.427271
0.427271
0.427271
0.427271
0.427271
0.427271
0.427271
0.427271
0.427271
0.427271
0.427271
0.42727
0.42727
0.42727
0.42727
0.42727
0.42727
0.42727
0.42727
0.42727
0.42727
0.42727
0.42727
0.42727
0.42727
0.42727
0.42727
0.42727
0.42727
0.42727
0.42727
0.42727
0.42727
0.42727
0.42727
0.42727
0.42727
0.42727
0.42727
0.42727
0.42727
0.42727
0.42727
0.42727
0.42727
0.42727
0.42727
0.42727
0.42727
0.42727
0.42727
0.42727
0.42727
0.42727
0.42727
0.42727
0.42727
0.42727
0.42727
0.42727
0.42727
0.42727
0.42727
0.42727
0.42727
0.42727
0.42727
0.42727
0.42727
0.42727
0.42727
0.42727
0.42727
0.42727
0.42727
0.42727
0.42727
0.42727
0.42727
0.42727
0.42727
0.42727
0.42727
0.42727
0.427269
0.427269
0.427269
0.427269
0.427269
0.427269
0.427269
0.427269
0.427269
0.427269
0.427269
0.427269
0.427269
0.427269
0.427269
0.427269
0.427269
0.427269
0.427269
0.427269
0.427269
0.427269
0.427269
0.427269
0.427269
0.427269
0.427269
0.427269
0.427269
0.427269
0.427269
0.427269
0.427269
0.427269
0.427269
0.427269
0.427269
0.427269
0.427269
0.427269
0.427269
0.427269
0.427269
0.427269
0.427269
0.427269
0.427269
0.427269
0.427269
0.427269
0.427269
0.427269
0.427269
0.427269
0.427269
0.427269
0.427269
0.427269
0.427269
0.427269
0.427268
0.427268
0.427268
0.427268
0.427268
0.427268
0.427268
0.427268
0.427268
0.427268
0.427268
0.427268
0.427268
0.427268
0.427268
0.427268
0.427268
0.427268
0.427268
0.427268
0.427268
0.427268
0.427268
0.427268
0.427268
0.427268
0.427268
0.427268
0.427268
0.427268
0.427268
0.427268
0.427268
0.427268
0.427268
0.427268
0.427268
0.427268
0.427268
0.427268
0.427268
0.427268
0.427268
0.427268
0.427268
0.427268
0.427268
0.427268
0.427268
0.427267
0.427267
0.427267
0.427267
0.427267
0.427267
0.427267
0.427267
0.427267
0.427267
0.427267
0.427267
0.427267
0.427267
0.427267
0.427267
0.427267
0.427267
0.427267
0.427267
0.427267
0.427267
0.427267
0.427267
0.427267
0.427267
0.427267
0.427267
0.427267
0.427267
0.427267
0.427267
0.427267
0.427267
0.427267
0.427267
0.427267
0.427267
0.427267
0.427267
0.427267
0.427267
0.427267
0.427266
0.427266
0.427266
0.427266
0.427266
0.427266
0.427266
0.427266
0.427266
0.427266
0.427266
0.427266
0.427266
0.427266
0.427266
0.427266
0.427266
0.427266
0.427266
0.427266
0.427266
0.427266
0.427266
0.427266
0.427266
0.427266
0.427266
0.427266
0.427266
0.427266
0.427266
0.427266
0.427266
0.427266
0.427266
0.427266
0.427266
0.427266
0.427266
0.427266
0.427266
0.427266
0.427266
0.427265
0.427265
0.427265
0.427265
0.427265
0.427265
0.427265
0.427265
0.427265
0.427265
0.427265
0.427265
0.427265
0.427265
0.427265
0.427265
0.427265
0.427265
0.427265
0.427265
0.427265
0.427265
0.427265
0.427265
0.427265
0.427265
0.427265
0.427265
0.427265
0.427265
0.427265
0.427265
0.427265
0.427265
0.427265
0.427265
0.427265
0.427265
0.427265
0.427265
0.427265
0.427265
0.427265
0.427265
0.427265
0.427265
0.427264
0.427264
0.427264
0.427264
0.427264
0.427264
0.427264
0.427264
0.427264
0.427264
0.427264
0.427264
0.427264
0.427264
0.427264
0.427264
0.427264
0.427264
0.427264
0.427264
0.427264
0.427264
0.427264
0.427264
0.427264
0.427264
0.427264
0.427264
0.427264
0.427264
0.427264
0.427264
0.427264
0.427264
0.427264
0.427264
0.427264
0.427264
0.427264
0.427264
0.427264
0.427264
0.427264
0.427264
0.427264
0.427263
0.427263
0.427263
0.427263
0.427263
0.427263
0.427263
0.427263
0.427263
0.427263
0.427263
0.427263
0.427263
0.427263
0.427263
0.427263
0.427263
0.427263
0.427263
0.427263
0.427263
0.427263
0.427263
0.427263
0.427263
0.427263
0.427263
0.427263
0.427263
0.427263
0.427263
0.427263
0.427263
0.427263
0.427263
0.427263
0.427263
0.427263
0.427263
0.427263
0.427263
0.427262
0.427262
0.427262
0.427262
0.427262
0.427262
0.427262
0.427262
0.427262
0.427262
0.427262
0.427262
0.427262
0.427262
0.427262
0.427262
0.427262
0.427262
0.427262
0.427262
0.427262
0.427262
0.427262
0.427262
0.427262
0.427262
0.427262
0.427262
0.427262
0.427262
0.427262
0.427262
0.427262
0.427262
0.427262
0.427262
0.427262
0.427262
0.427262
0.427262
0.427262
0.427261
0.427261
0.427261
0.427261
0.427261
0.427261
0.427261
0.427261
0.427261
0.427261
0.427261
0.427261
0.427261
0.427261
0.427261
0.427261
0.427261
0.427261
0.427261
0.427261
0.427261
0.427261
0.427261
0.427261
0.427261
0.427261
0.427261
0.427261
0.427261
0.427261
0.427261
0.427261
0.427261
0.427261
0.427261
0.427261
0.427261
0.427261
0.427261
0.42726
0.42726
0.42726
0.42726
0.42726
0.42726
0.42726
0.42726
0.42726
0.42726
0.42726
0.42726
0.42726
0.42726
0.42726
0.42726
0.42726
0.42726
0.42726
0.42726
0.42726
0.42726
0.42726
0.42726
0.42726
0.42726
0.42726
0.42726
0.42726
0.42726
0.42726
0.42726
0.42726
0.42726
0.42726
0.427259
0.427259
0.427259
0.427259
0.427259
0.427259
0.427259
0.427259
0.427259
0.427259
0.427259
0.427259
0.427259
0.427259
0.427259
0.427259
0.427259
0.427259
0.427259
0.427259
0.427259
0.427259
0.427259
0.427259
0.427259
0.427259
0.427259
0.427259
0.427259
0.427259
0.427259
0.427259
0.427259
0.427258
0.427258
0.427258
0.427258
0.427258
0.427258
0.427258
0.427258
0.427258
0.427258
0.427258
0.427258
0.427258
0.427258
0.427258
0.427258
0.427258
0.427258
0.427258
0.427258
0.427258
0.427258
0.427258
0.427258
0.427258
0.427258
0.427258
0.427258
0.427258
0.427258
0.427258
0.427258
0.427257
0.427257
0.427257
0.427257
0.427257
0.427257
0.427257
0.427257
0.427257
0.427257
0.427257
0.427257
0.427257
0.427257
0.427257
0.427257
0.427257
0.427257
0.427257
0.427257
0.427257
0.427257
0.427257
0.427257
0.427257
0.427257
0.427257
0.427257
0.427257
0.427256
0.427256
0.427256
0.427256
0.427256
0.427256
0.427256
0.427256
0.427256
0.427256
0.427256
0.427256
0.427256
0.427256
0.427256
0.427256
0.427256
0.427256
0.427256
0.427256
0.427256
0.427256
0.427256
0.427256
0.427256
0.427256
0.427256
0.427256
0.427255
0.427255
0.427255
0.427255
0.427255
0.427255
0.427255
0.427255
0.427255
0.427255
0.427255
0.427255
0.427255
0.427255
0.427255
0.427255
0.427255
0.427255
0.427255
0.427255
0.427255
0.427255
0.427255
0.427255
0.427255
0.427255
0.427254
0.427254
0.427254
0.427254
0.427254
0.427254
0.427254
0.427254
0.427254
0.427254
0.427254
0.427254
0.427254
0.427254
0.427254
0.427254
0.427254
0.427254
0.427254
0.427254
0.427254
0.427254
0.427254
0.427254
0.427254
0.427253
0.427253
0.427253
0.427253
0.427253
0.427253
0.427253
0.427253
0.427253
0.427253
0.427253
0.427253
0.427253
0.427253
0.427253
0.427253
0.427253
0.427253
0.427253
0.427253
0.427253
0.427253
0.427253
0.427253
0.427253
0.427252
0.427252
0.427252
0.427252
0.427252
0.427252
0.427252
0.427252
0.427252
0.427252
0.427252
0.427252
0.427252
0.427252
0.427252
0.427252
0.427252
0.427252
0.427252
0.427252
0.427252
0.427252
0.427252
0.427251
0.427251
0.427251
0.427251
0.427251
0.427251
0.427251
0.427251
0.427251
0.427251
0.427251
0.427251
0.427251
0.427251
0.427251
0.427251
0.427251
0.427251
0.427251
0.427251
0.427251
0.42725
0.42725
0.42725
0.42725
0.42725
0.42725
0.42725
0.42725
0.42725
0.42725
0.42725
0.42725
0.42725
0.42725
0.42725
0.42725
0.42725
0.42725
0.42725
0.42725
0.42725
0.427249
0.427249
0.427249
0.427249
0.427249
0.427249
0.427249
0.427249
0.427249
0.427249
0.427249
0.427249
0.427249
0.427249
0.427249
0.427249
0.427249
0.427249
0.427249
0.427249
0.427249
0.427248
0.427248
0.427248
0.427248
0.427248
0.427248
0.427248
0.427248
0.427248
0.427248
0.427248
0.427248
0.427248
0.427248
0.427248
0.427248
0.427248
0.427248
0.427248
0.427248
0.427248
0.427248
0.427247
0.427247
0.427247
0.427247
0.427247
0.427247
0.427247
0.427247
0.427247
0.427247
0.427247
0.427247
0.427247
0.427247
0.427247
0.427247
0.427247
0.427247
0.427247
0.427247
0.427246
0.427246
0.427246
0.427246
0.427246
0.427246
0.427246
0.427246
0.427246
0.427246
0.427246
0.427246
0.427246
0.427246
0.427246
0.427246
0.427246
0.427246
0.427246
0.427245
0.427245
0.427245
0.427245
0.427245
0.427245
0.427245
0.427245
0.427245
0.427245
0.427245
0.427245
0.427245
0.427245
0.427245
0.427245
0.427245
0.427245
0.427244
0.427244
0.427244
0.427244
0.427244
0.427244
0.427244
0.427244
0.427244
0.427244
0.427244
0.427244
0.427244
0.427244
0.427244
0.427244
0.427244
0.427243
0.427243
0.427243
0.427243
0.427243
0.427243
0.427243
0.427243
0.427243
0.427243
0.427243
0.427243
0.427243
0.427243
0.427243
0.427243
0.427242
0.427242
0.427242
0.427242
0.427242
0.427242
0.427242
0.427242
0.427242
0.427242
0.427242
0.427242
0.427242
0.427242
0.427242
0.427242
0.427241
0.427241
0.427241
0.427241
0.427241
0.427241
0.427241
0.427241
0.427241
0.427241
0.427241
0.427241
0.427241
0.427241
0.427241
0.427241
0.42724
0.42724
0.42724
0.42724
0.42724
0.42724
0.42724
0.42724
0.42724
0.42724
0.42724
0.42724
0.42724
0.42724
0.42724
0.427239
0.427239
0.427239
0.427239
0.427239
0.427239
0.427239
0.427239
0.427239
0.427239
0.427239
0.427239
0.427239
0.427239
0.427239
0.427238
0.427238
0.427238
0.427238
0.427238
0.427238
0.427238
0.427238
0.427238
0.427238
0.427238
0.427238
0.427238
0.427237
0.427237
0.427237
0.427237
0.427237
0.427237
0.427237
0.427237
0.427237
0.427237
0.427237
0.427237
0.427237
0.427236
0.427236
0.427236
0.427236
0.427236
0.427236
0.427236
0.427236
0.427236
0.427236
0.427236
0.427236
0.427235
0.427235
0.427235
0.427235
0.427235
0.427235
0.427235
0.427235
0.427235
0.427235
0.427235
0.427234
0.427234
0.427234
0.427234
0.427234
0.427234
0.427234
0.427234
0.427234
0.427234
0.427234
0.427234
0.427234
0.427233
0.427233
0.427233
0.427233
0.427233
0.427233
0.427233
0.427233
0.427233
0.427232
0.427232
0.427232
0.427232
0.427232
0.427232
0.427232
0.427232
0.427232
0.427232
0.427232
0.427232
0.427231
0.427231
0.427231
0.427231
0.427231
0.427231
0.427231
0.427231
0.427231
0.427231
0.427231
0.42723
0.42723
0.42723
0.42723
0.42723
0.42723
0.42723
0.42723
0.42723
0.427229
0.427229
0.427229
0.427229
0.427229
0.427229
0.427229
0.427229
0.427229
0.427229
0.427229
0.427229
0.427228
0.427228
0.427228
0.427228
0.427228
0.427228
0.427228
0.427228
0.427228
0.427228
0.427227
0.427227
0.427227
0.427227
0.427227
0.427227
0.427227
0.427227
0.427227
0.427227
0.427226
0.427226
0.427226
0.427226
0.427226
0.427226
0.427226
0.427226
0.427226
0.427226
0.427225
0.427225
0.427225
0.427225
0.427225
0.427225
0.427225
0.427225
0.427225
0.427224
0.427224
0.427224
0.427224
0.427224
0.427224
0.427224
0.427224
0.427224
0.427224
0.427223
0.427223
0.427223
0.427223
0.427223
0.427223
0.427223
0.427223
0.427222
0.427222
0.427222
0.427222
0.427222
0.427222
0.427222
0.427222
0.427221
0.427221
0.427221
0.427221
0.427221
0.427221
0.427221
0.42722
0.42722
0.42722
0.42722
0.42722
0.42722
0.42722
0.42722
0.427219
0.427219
0.427219
0.427219
0.427219
0.427219
0.427219
0.427219
0.427218
0.427218
0.427218
0.427218
0.427218
0.427218
0.427217
0.427217
0.427217
0.427217
0.427217
0.427217
0.427217
0.427216
0.427216
0.427216
0.427216
0.427216
0.427216
0.427216
0.427216
0.427215
0.427215
0.427215
0.427215
0.427215
0.427215
0.427215
0.427214
0.427214
0.427214
0.427214
0.427214
0.427214
0.427213
0.427213
0.427213
0.427213
0.427213
0.427213
0.427213
0.427213
0.427212
0.427212
0.427212
0.427212
0.427212
0.427212
0.427211
0.427211
0.427211
0.427211
0.427211
0.427211
0.42721
0.42721
0.42721
0.42721
0.42721
0.42721
0.427209
0.427209
0.427209
0.427209
0.427209
0.427209
0.427208
0.427208
0.427208
0.427208
0.427208
0.427208
0.427207
0.427207
0.427207
0.427207
0.427207
0.427207
0.427206
0.427206
0.427206
0.427206
0.427206
0.427206
0.427205
0.427205
0.427205
0.427205
0.427205
0.427204
0.427204
0.427204
0.427204
0.427204
0.427203
0.427203
0.427203
0.427203
0.427203
0.427202
0.427202
0.427202
0.427202
0.427202
0.427202
0.427201
0.427201
0.427201
0.427201
0.427201
0.4272
0.4272
0.4272
0.4272
0.427199
0.427199
0.427199
0.427199
0.427198
0.427198
0.427198
0.427198
0.427198
0.427197
0.427197
0.427197
0.427197
0.427197
0.427196
0.427196
0.427196
0.427196
0.427196
0.427195
0.427195
0.427195
0.427195
0.427194
0.427194
0.427194
0.427194
0.427194
0.427193
0.427193
0.427193
0.427192
0.427192
0.427192
0.427192
0.427192
0.427191
0.427191
0.427191
0.427191
0.42719
0.42719
0.42719
0.42719
0.427189
0.427189
0.427189
0.427189
0.427188
0.427188
0.427188
0.427188
0.427188
0.427187
0.427187
0.427187
0.427187
0.427186
0.427186
0.427186
0.427186
0.427185
0.427185
0.427184
0.427184
0.427184
0.427184
0.427183
0.427183
0.427183
0.427183
0.427183
0.427182
0.427182
0.427182
0.427182
0.427181
0.427181
0.427181
0.42718
0.42718
0.42718
0.427179
0.427179
0.427179
0.427178
0.427178
0.427178
0.427177
0.427177
0.427177
0.427176
0.427176
0.427176
0.427175
0.427175
0.427175
0.427175
0.427174
0.427174
0.427174
0.427174
0.427173
0.427173
0.427173
0.427173
0.427172
0.427172
0.427171
0.427171
0.427171
0.42717
0.42717
0.427169
0.427169
0.427168
0.427168
0.427168
0.427167
0.427167
0.427167
0.427167
0.427166
0.427166
0.427166
0.427165
0.427165
0.427164
0.427164
0.427163
0.427163
0.427163
0.427162
0.427162
0.427162
0.427161
0.427161
0.42716
0.42716
0.427159
0.427159
0.427158
0.427158
0.427158
0.427157
0.427157
0.427156
0.427156
0.427155
0.427155
0.427154
0.427154
0.427153
0.427153
0.427153
0.427152
0.427152
0.427152
0.427151
0.427151
0.42715
0.427149
0.427149
0.427148
0.427148
0.427147
0.427147
0.427147
0.427146
0.427146
0.427146
0.427146
0.427145
0.427144
0.427144
0.427143
0.427142
0.427141
0.427141
0.42714
0.427139
0.427139
0.427138
0.427138
0.427138
0.427137
0.427137
0.427137
0.427136
0.427136
0.427135
0.427135
0.427134
0.427133
0.427133
0.427132
0.427131
0.427131
0.42713
0.42713
0.427129
0.427128
0.427128
0.427127
0.427126
0.427126
0.427125
0.427125
0.427124
0.427124
0.427123
0.427123
0.427122
0.427122
0.427121
0.42712
0.42712
0.427119
0.427118
0.427117
0.427116
0.427116
0.427115
0.427114
0.427114
0.427113
0.427112
0.427112
0.427111
0.42711
0.42711
0.427109
0.427108
0.427107
0.427106
0.427105
0.427104
0.427103
0.427103
0.427102
0.427101
0.427101
0.4271
0.427099
0.427098
0.427097
0.427096
0.427096
0.427094
0.427093
0.427092
0.427091
0.42709
0.427089
0.427088
0.427087
0.427087
0.427086
0.427085
0.427084
0.427083
0.427082
0.427081
0.42708
0.427079
0.427078
0.427077
0.427076
0.427075
0.427074
0.427073
0.427072
0.427071
0.42707
0.427069
0.427068
0.427066
0.427065
0.427064
0.427062
0.427061
0.427059
0.427058
0.427056
0.427055
0.427054
0.427053
0.427052
0.427051
0.42705
0.427049
0.427048
0.427047
0.427046
0.427045
0.427043
0.427042
0.42704
0.427038
0.427036
0.427034
0.427032
0.42703
0.427028
0.427026
0.427025
0.427023
0.427022
0.42702
0.427019
0.427018
0.427018
0.427017
0.427016
0.427015
0.427014
0.427012
0.42701
0.427007
0.427004
0.427
0.426997
0.426993
0.42699
0.426988
0.426986
0.426984
0.426983
0.426981
0.426981
0.42698
0.426979
0.426977
0.426976
0.426975
0.426973
0.426971
0.426969
0.426967
0.426964
0.426962
0.426959
0.426956
0.426953
0.42695
0.426946
0.426942
0.426938
0.426934
0.42693
0.426926
0.426922
0.426919
0.426916
0.426913
0.426911
0.426909
0.426908
0.426907
0.426906
0.426906
0.426905
0.426904
0.426902
0.426899
0.426896
0.426891
0.426886
0.42688
0.426873
0.426866
0.426858
0.426851
0.426843
0.426836
0.426829
0.426823
0.426818
0.426814
0.42681
0.426807
0.426805
0.426804
0.426803
0.426802
0.426802
0.426802
0.426801
0.426801
0.426799
0.426793
0.426786
0.426778
0.426768
0.426757
0.426744
0.426732
0.426718
0.426704
0.42669
0.426677
0.426664
0.426652
0.426641
0.426632
0.426624
0.426618
0.426613
0.426609
0.426607
0.426606
0.426605
0.426605
0.426604
0.426603
0.4266
0.42659
0.426567
0.426542
0.426515
0.426488
0.426461
0.426435
0.42641
0.426387
0.426366
0.426347
0.426331
0.426318
0.426307
0.426299
0.426293
0.426289
0.426287
0.426285
0.426284
0.426284
0.426281
0.426273
0.426249
0.426186
0.426113
0.426037
0.42596
0.425884
0.425808
0.425736
0.425668
0.425605
0.425547
0.425495
0.425451
0.425413
0.425381
0.425356
0.425338
0.425324
0.425316
0.425311
0.425309
0.425309
0.42531
0.425314
0.425315
0.425317
0.425314
0.425305
0.425248
0.42501
0.424191
0.421455
0.413857
0.405492
0.397083
0.388724
0.380538
0.372589
0.364921
0.357564
0.350545
0.343881
0.337583
0.331656
0.3261
0.320913
0.316086
0.31161
0.307473
0.30366
0.300158
0.296949
0.294017
0.291346
0.288919
0.28672
0.284731
0.282937
0.281324
0.279877
0.278581
0.277424
0.276393
0.275478
0.274666
0.273948
0.273314
0.272757
0.272267
0.271838
0.271463
0.271136
0.270852
0.270605
0.270392
0.270207
0.270048
0.269912
0.269795
0.269694
0.269609
0.269536
0.269474
0.269422
0.269378
0.26934
0.269309
0.269283
0.269261
0.269243
0.269228
0.269215
0.269205
0.269197
0.26919
0.269184
0.26918
0.269176
0.269173
0.269171
0.26917
0.269168
0.269167
0.269167
0.269166
0.269166
0.269166
0.269166
0.269166
0.269166
0.269166
0.269166
0.269166
0.269167
0.269167
0.269167
0.269168
0.269168
0.269168
0.269168
0.269169
0.269169
0.269169
0.269169
0.269169
0.269169
0.269169
0.269169
0.269169
0.269169
0.26917
0.26917
0.26917
0.26917
0.26917
0.26917
0.26917
0.26917
0.26917
0.26917
0.269169
0.269169
0.269169
0.269169
0.269169
0.269169
0.269169
0.269169
0.269169
0.269169
0.269169
0.269169
0.269169
0.269169
0.269169
0.269169
0.269169
0.269169
0.269168
0.269168
0.269168
0.269168
0.269167
0.269167
0.269167
0.269167
0.269167
0.269166
0.269166
0.269166
0.269166
0.269166
0.269166
0.269166
0.269166
0.269166
0.269166
0.269166
0.269166
0.269166
0.269166
0.269166
0.269166
0.269166
0.269167
0.269167
0.269167
0.269168
0.269168
0.269168
0.269168
0.269169
0.269169
0.269169
0.269169
0.269169
0.269169
0.26917
0.26917
0.26917
0.26917
0.26917
0.26917
0.26917
0.26917
0.26917
0.26917
0.26917
0.26917
0.26917
0.26917
0.269169
0.269169
0.269169
0.269169
0.269168
0.269168
0.269168
0.269167
0.269167
0.269167
0.269167
0.269166
0.269166
0.269166
0.269166
0.269166
0.269166
0.269166
0.269166
0.269165
0.269165
0.269165
0.269165
0.269165
0.269165
0.269165
0.269165
0.269165
0.269165
0.269166
0.269166
0.269166
0.269166
0.269166
0.269167
0.269167
0.269167
0.269167
0.269167
0.269167
0.269167
0.269168
0.269168
0.269168
0.269168
0.269168
0.269168
0.269168
0.269168
0.269168
0.269168
0.269168
0.269168
0.269167
0.269167
0.269167
0.269167
0.269166
0.269166
0.269166
0.269166
0.269166
0.269166
0.269165
0.269165
0.269165
0.269165
0.269165
0.269165
0.269165
0.269165
0.269165
0.269165
0.269165
0.269165
0.269165
0.269165
0.269166
0.269166
0.269166
0.269166
0.269167
0.269167
0.269167
0.269167
0.269167
0.269167
0.269168
0.269168
0.269168
0.269168
0.269168
0.269168
0.269168
0.269168
0.269168
0.269168
0.269168
0.269168
0.269168
0.269168
0.269168
0.269168
0.269167
0.269167
0.269167
0.269167
0.269166
0.269166
0.269166
0.269166
0.269166
0.269166
0.269166
0.269165
0.269165
0.269165
0.269165
0.269165
0.269165
0.269165
0.269165
0.269165
0.269165
0.269165
0.269165
0.269166
0.269166
0.269166
0.269166
0.269166
0.269166
0.269166
0.269166
0.269166
0.269166
0.269166
0.269166
0.269166
0.269166
0.269166
0.269166
0.269166
0.269165
0.269165
0.269165
0.269165
0.269165
0.269165
0.269165
0.269165
0.269165
0.269165
0.269165
0.269165
0.269165
0.269165
0.269165
0.269165
0.269165
0.269165
0.269165
0.269165
0.269165
0.269166
0.269166
0.269166
0.269166
0.269166
0.269166
0.269166
0.269167
0.269167
0.269167
0.269167
0.269167
0.269167
0.269167
0.269167
0.269167
0.269167
0.269166
0.269166
0.269166
0.269166
0.269166
0.269166
0.269166
0.269165
0.269165
0.269165
0.269165
0.269165
0.269165
0.269165
0.269165
0.269165
0.269165
0.269165
0.269165
0.269165
0.269165
0.269165
0.269165
0.269165
0.269165
0.269165
0.269165
0.269165
0.269165
0.269165
0.269166
0.269166
0.269165
0.269165
0.269165
0.269165
0.269165
0.269165
0.269165
0.269165
0.269165
0.269165
0.269165
0.269165
0.269165
0.269165
0.269165
0.269165
0.269165
0.269165
0.269165
0.269165
0.269165
0.269166
0.269166
0.269166
0.269166
0.269167
0.269167
0.269167
0.269167
0.269167
0.269167
0.269167
0.269167
0.269168
0.269168
0.269168
0.269168
0.269168
0.269168
0.269168
0.269168
0.269167
0.269167
0.269167
0.269166
0.269166
0.269166
0.269165
0.269165
0.269165
0.269165
0.269165
0.269165
0.269165
0.269164
0.269164
0.269164
0.269164
0.269164
0.269164
0.269164
0.269164
0.269164
0.269165
0.269165
0.269165
0.269166
0.269166
0.269166
0.269166
0.269166
0.269167
0.269167
0.269167
0.269167
0.269167
0.269167
0.269167
0.269167
0.269167
0.269167
0.269167
0.269167
0.269167
0.269167
0.269166
0.269166
0.269166
0.269166
0.269165
0.269165
0.269165
0.269165
0.269165
0.269165
0.269164
0.269164
0.269164
0.269164
0.269164
0.269164
0.269164
0.269164
0.269164
0.269164
0.269164
0.269164
0.269164
0.269164
0.269164
0.269164
0.269164
0.269164
0.269164
0.269164
0.269164
0.269164
0.269164
0.269164
0.269164
0.269164
0.269164
0.269164
0.269164
0.269164
0.269164
0.269164
0.269165
0.269165
0.269165
0.269165
0.269166
0.269166
0.269166
0.269166
0.269166
0.269166
0.269167
0.269167
0.269167
0.269167
0.269167
0.269167
0.269167
0.269167
0.269167
0.269167
0.269167
0.269167
0.269167
0.269166
0.269166
0.269166
0.269165
0.269165
0.269165
0.269165
0.269164
0.269164
0.269164
0.269164
0.269164
0.269164
0.269164
0.269164
0.269164
0.269164
0.269164
0.269164
0.269164
0.269164
0.269164
0.269165
0.269165
0.269165
0.269165
0.269165
0.269165
0.269165
0.269165
0.269165
0.269166
0.269166
0.269166
0.269166
0.269166
0.269166
0.269166
0.269166
0.269165
0.269165
0.269165
0.269165
0.269165
0.269165
0.269165
0.269165
0.269165
0.269165
0.269165
0.269165
0.269165
0.269165
0.269165
0.269165
0.269166
0.269166
0.269166
0.269166
0.269166
0.269166
0.269166
0.269166
0.269166
0.269166
0.269166
0.269166
0.269166
0.269166
0.269166
0.269166
0.269166
0.269166
0.269166
0.269165
0.269165
0.269165
0.269165
0.269165
0.269165
0.269165
0.269165
0.269165
0.269165
0.269165
0.269165
0.269165
0.269165
0.269165
0.269165
0.269165
0.269166
0.269166
0.269166
0.269166
0.269166
0.269166
0.269166
0.269166
0.269166
0.269166
0.269166
0.269166
0.269166
0.269166
0.269166
0.269166
0.269166
0.269166
0.269166
0.269165
0.269165
0.269165
0.269165
0.269164
0.269164
0.269164
0.269164
0.269164
0.269164
0.269164
0.269164
0.269164
0.269164
0.269164
0.269164
0.269164
0.269164
0.269164
0.269164
0.269164
0.269164
0.269164
0.269164
0.269164
0.269164
0.269164
0.269164
0.269164
0.269164
0.269164
0.269164
0.269164
0.269164
0.269164
0.269164
0.269164
0.269164
0.269164
0.269164
0.269164
0.269164
0.269164
0.269164
0.269164
0.269164
0.269164
0.269164
0.269164
0.269164
0.269164
0.269164
0.269164
0.269164
0.269164
0.269164
0.269164
0.269164
0.269164
0.269164
0.269164
0.269164
0.269164
0.269164
0.269164
0.269164
0.269164
0.269164
0.269164
0.269164
0.269164
0.269164
0.269163
0.269163
0.269163
0.269163
0.269163
0.269163
0.269163
0.269163
0.269163
0.269164
0.269164
0.269164
0.269164
0.269164
0.269164
0.269164
0.269164
0.269164
0.269164
0.269164
0.269164
0.269164
0.269164
0.269164
0.269164
0.269164
0.269164
0.269164
0.269164
0.269164
0.269164
0.269164
0.269164
0.269164
0.269164
0.269164
0.269164
0.269164
0.269164
0.269164
0.269165
0.269165
0.269165
0.269165
0.269165
0.269165
0.269165
0.269165
0.269165
0.269165
0.269165
0.269165
0.269165
0.269165
0.269165
0.269165
0.269165
0.269165
0.269165
0.269165
0.269165
0.269165
0.269165
0.269164
0.269164
0.269164
0.269164
0.269164
0.269164
0.269164
0.269164
0.269164
0.269164
0.269164
0.269164
0.269164
0.269165
0.269165
0.269165
0.269165
0.269165
0.269165
0.269165
0.269165
0.269165
0.269165
0.269165
0.269166
0.269166
0.269166
0.269166
0.269166
0.269166
0.269165
0.269165
0.269165
0.269165
0.269165
0.269165
0.269165
0.269165
0.269165
0.269165
0.269165
0.269165
0.269165
0.269165
0.269165
0.269165
0.269165
0.269165
0.269165
0.269165
0.269165
0.269165
0.269165
0.269165
0.269165
0.269165
0.269165
0.269165
0.269165
0.269165
0.269165
0.269164
0.269164
0.269164
0.269164
0.269163
0.269163
0.269163
0.269163
0.269163
0.269163
0.269163
0.269163
0.269163
0.269163
0.269163
0.269163
0.269163
0.269163
0.269163
0.269164
0.269164
0.269164
0.269164
0.269164
0.269164
0.269164
0.269164
0.269164
0.269164
0.269164
0.269164
0.269164
0.269164
0.269164
0.269164
0.269164
0.269164
0.269164
0.269164
0.269164
0.269164
0.269164
0.269164
0.269164
0.269164
0.269164
0.269164
0.269164
0.269164
0.269164
0.269164
0.269164
0.269164
0.269164
0.269164
0.269165
0.269165
0.269165
0.269165
0.269165
0.269165
0.269165
0.269165
0.269165
0.269164
0.269164
0.269164
0.269164
0.269163
0.269163
0.269163
0.269163
0.269163
0.269163
0.269163
0.269162
0.269162
0.269162
0.269162
0.269162
0.269162
0.269163
0.269163
0.269163
0.269163
0.269163
0.269164
0.269164
0.269164
0.269164
0.269164
0.269164
0.269164
0.269164
0.269164
0.269164
0.269164
0.269164
0.269164
0.269164
0.269164
0.269164
0.269164
0.269164
0.269164
0.269164
0.269164
0.269164
0.269164
0.269164
0.269164
0.269164
0.269164
0.269164
0.269164
0.269164
0.269164
0.269165
0.269165
0.269165
0.269165
0.269165
0.269165
0.269165
0.269165
0.269165
0.269165
0.269165
0.269165
0.269165
0.269165
0.269165
0.269165
0.269164
0.269164
0.269164
0.269164
0.269164
0.269164
0.269164
0.269163
0.269163
0.269163
0.269163
0.269163
0.269163
0.269163
0.269164
0.269164
0.269164
0.269164
0.269164
0.269164
0.269164
0.269164
0.269164
0.269164
0.269164
0.269164
0.269164
0.269164
0.269164
0.269164
0.269164
0.269164
0.269164
0.269164
0.269164
0.269164
0.269164
0.269164
0.269164
0.269165
0.269165
0.269165
0.269165
0.269166
0.269166
0.269166
0.269166
0.269166
0.269167
0.269167
0.269167
0.269167
0.269167
0.269167
0.269167
0.269167
0.269167
0.269167
0.269167
0.269167
0.269167
0.269167
0.269166
0.269166
0.269165
0.269165
0.269164
0.269164
0.269164
0.269163
0.269163
0.269163
0.269163
0.269163
0.269163
0.269163
0.269162
0.269162
0.269162
0.269162
0.269162
0.269162
0.269163
0.269163
0.269163
0.269163
0.269163
0.269163
0.269163
0.269163
0.269163
0.269163
0.269163
0.269163
0.269163
0.269163
0.269163
0.269163
0.269163
0.269163
0.269163
0.269163
0.269163
0.269164
0.269164
0.269164
0.269165
0.269165
0.269165
0.269165
0.269166
0.269166
0.269166
0.269166
0.269166
0.269167
0.269167
0.269167
0.269167
0.269167
0.269167
0.269167
0.269167
0.269167
0.269167
0.269167
0.269167
0.269167
0.269166
0.269166
0.269165
0.269165
0.269165
0.269164
0.269164
0.269164
0.269164
0.269163
0.269163
0.269163
0.269163
0.269163
0.269163
0.269163
0.269163
0.269163
0.269163
0.269164
0.269164
0.269164
0.269164
0.269164
0.269164
0.269164
0.269164
0.269164
0.269164
0.269164
0.269164
0.269164
0.269164
0.269164
0.269164
0.269164
0.269164
0.269164
0.269164
0.269164
0.269164
0.269165
0.269165
0.269165
0.269165
0.269165
0.269166
0.269166
0.269166
0.269166
0.269167
0.269167
0.269167
0.269167
0.269167
0.269167
0.269167
0.269167
0.269167
0.269167
0.269167
0.269167
0.269167
0.269167
0.269167
0.269167
0.269166
0.269165
0.269165
0.269164
0.269164
0.269163
0.269163
0.269163
0.269163
0.269162
0.269162
0.269162
0.269162
0.269162
0.269162
0.269162
0.269162
0.269163
0.269163
0.269163
0.269163
0.269163
0.269163
0.269163
0.269163
0.269163
0.269163
0.269163
0.269163
0.269163
0.269163
0.269163
0.269163
0.269163
0.269163
0.269163
0.269163
0.269164
0.269164
0.269164
0.269164
0.269164
0.269165
0.269165
0.269165
0.269165
0.269165
0.269166
0.269166
0.269166
0.269166
0.269166
0.269166
0.269166
0.269167
0.269167
0.269167
0.269167
0.269167
0.269167
0.269167
0.269167
0.269167
0.269167
0.269167
0.269166
0.269166
0.269165
0.269165
0.269164
0.269164
0.269163
0.269163
0.269163
0.269163
0.269163
0.269162
0.269162
0.269162
0.269162
0.269162
0.269162
0.269163
0.269163
0.269163
0.269163
0.269163
0.269163
0.269163
0.269163
0.269163
0.269163
0.269163
0.269163
0.269163
0.269163
0.269163
0.269163
0.269163
0.269163
0.269163
0.269163
0.269163
0.269164
0.269164
0.269164
0.269164
0.269164
0.269164
0.269164
0.269165
0.269165
0.269165
0.269165
0.269165
0.269165
0.269166
0.269166
0.269166
0.269166
0.269166
0.269166
0.269167
0.269167
0.269167
0.269167
0.269167
0.269167
0.269167
0.269167
0.269167
0.269167
0.269166
0.269165
0.269165
0.269164
0.269164
0.269164
0.269163
0.269163
0.269163
0.269163
0.269163
0.269163
0.269163
0.269163
0.269163
0.269163
0.269163
0.269164
0.269164
0.269164
0.269164
0.269164
0.269164
0.269165
0.269165
0.269165
0.269165
0.269165
0.269165
0.269165
0.269165
0.269165
0.269165
0.269165
0.269165
0.269165
0.269165
0.269165
0.269165
0.269165
0.269165
0.269165
0.269165
0.269165
0.269166
0.269166
0.269166
0.269166
0.269166
0.269166
0.269166
0.269166
0.269166
0.269166
0.269166
0.269166
0.269167
0.269167
0.269167
0.269167
0.269167
0.269167
0.269167
0.269167
0.269167
0.269166
0.269166
0.269166
0.269165
0.269165
0.269164
0.269164
0.269164
0.269164
0.269163
0.269163
0.269163
0.269163
0.269163
0.269163
0.269163
0.269163
0.269163
0.269163
0.269163
0.269163
0.269163
0.269163
0.269163
0.269163
0.269162
0.269162
0.269162
0.269161
0.269161
0.269161
0.269161
0.269161
0.26916
0.26916
0.269161
0.269161
0.269161
0.269161
0.269162
0.269162
0.269163
0.269163
0.269163
0.269164
0.269164
0.269164
0.269164
0.269164
0.269164
0.269164
0.269164
0.269164
0.269164
0.269164
0.269164
0.269164
0.269164
0.269164
0.269164
0.269164
0.269164
0.269164
0.269163
0.269163
0.269163
0.269163
0.269163
0.269162
0.269162
0.269162
0.269162
0.269162
0.269162
0.269162
0.269162
0.269163
0.269163
0.269163
0.269164
0.269164
0.269164
0.269165
0.269165
0.269165
0.269165
0.269165
0.269165
0.269165
0.269165
0.269164
0.269163
0.269163
0.269162
0.269162
0.269162
0.269161
0.269161
0.269161
0.269161
0.269161
0.269161
0.269161
0.269162
0.269162
0.269163
0.269163
0.269164
0.269164
0.269165
0.269165
0.269165
0.269165
0.269165
0.269165
0.269165
0.269165
0.269165
0.269165
0.269165
0.269165
0.269165
0.269165
0.269165
0.269165
0.269165
0.269165
0.269165
0.269165
0.269164
0.269164
0.269164
0.269164
0.269164
0.269163
0.269163
0.269163
0.269163
0.269163
0.269163
0.269163
0.269163
0.269163
0.269164
0.269164
0.269165
0.269165
0.269165
0.269166
0.269166
0.269166
0.269166
0.269166
0.269166
0.269166
0.269166
0.269165
0.269165
0.269164
0.269163
0.269163
0.269163
0.269162
0.269162
0.269162
0.269162
0.269162
0.269162
0.269162
0.269163
0.269164
0.269164
0.269165
0.269165
0.269165
0.269165
0.269166
0.269166
0.269166
0.269166
0.269166
0.269166
0.269165
0.269165
0.269165
0.269165
0.269164
0.269164
0.269164
0.269164
0.269164
0.269164
0.269164
0.269164
0.269164
0.269164
0.269164
0.269164
0.269164
0.269164
0.269164
0.269163
0.269163
0.269163
0.269163
0.269163
0.269163
0.269163
0.269163
0.269164
0.269164
0.269165
0.269165
0.269165
0.269165
0.269166
0.269166
0.269166
0.269166
0.269166
0.269166
0.269165
0.269164
0.269163
0.269163
0.269162
0.269162
0.269161
0.269161
0.269161
0.269161
0.269161
0.269161
0.269161
0.269161
0.269162
0.269163
0.269163
0.269164
0.269164
0.269164
0.269165
0.269165
0.269165
0.269165
0.269165
0.269165
0.269164
0.269164
0.269164
0.269163
0.269163
0.269163
0.269163
0.269163
0.269163
0.269163
0.269163
0.269163
0.269164
0.269164
0.269164
0.269165
0.269165
0.269165
0.269165
0.269165
0.269165
0.269165
0.269165
0.269165
0.269165
0.269165
0.269165
0.269165
0.269166
0.269166
0.269166
0.269166
0.269167
0.269167
0.269167
0.269167
0.269167
0.269167
0.269167
0.269166
0.269165
0.269164
0.269163
0.269162
0.269161
0.269161
0.26916
0.26916
0.26916
0.26916
0.26916
0.26916
0.26916
0.269161
0.269162
0.269163
0.269163
0.269164
0.269164
0.269164
0.269164
0.269164
0.269164
0.269164
0.269163
0.269163
0.269162
0.269162
0.269161
0.269161
0.269161
0.269161
0.269161
0.269161
0.269161
0.269161
0.269162
0.269163
0.269164
0.269165
0.269166
0.269166
0.269166
0.269166
0.269167
0.269167
0.269167
0.269167
0.269166
0.269166
0.269166
0.269166
0.269165
0.269165
0.269165
0.269165
0.269165
0.269165
0.269165
0.269165
0.269165
0.269165
0.269165
0.269165
0.269164
0.269164
0.269163
0.269163
0.269163
0.269163
0.269163
0.269163
0.269163
0.269163
0.269163
0.269163
0.269163
0.269164
0.269165
0.269166
0.269167
0.269167
0.269167
0.269167
0.269168
0.269168
0.269168
0.269168
0.269167
0.269165
0.269164
0.269163
0.269162
0.269161
0.26916
0.26916
0.26916
0.26916
0.26916
0.26916
0.26916
0.269161
0.269163
0.269164
0.269165
0.269165
0.269166
0.269166
0.269167
0.269167
0.269167
0.269167
0.269167
0.269167
0.269166
0.269166
0.269165
0.269165
0.269165
0.269164
0.269164
0.269164
0.269164
0.269164
0.269164
0.269164
0.269164
0.269164
0.269164
0.269164
0.269164
0.269163
0.269163
0.269162
0.269162
0.269162
0.269162
0.269161
0.269161
0.269161
0.269161
0.269161
0.269162
0.269163
0.269164
0.269164
0.269165
0.269166
0.269166
0.269166
0.269166
0.269166
0.269166
0.269166
0.269165
0.269164
0.269162
0.269161
0.26916
0.269159
0.269158
0.269158
0.269158
0.269157
0.269157
0.269157
0.269158
0.26916
0.269161
0.269162
0.269164
0.269164
0.269165
0.269165
0.269166
0.269166
0.269166
0.269166
0.269165
0.269164
0.269164
0.269163
0.269162
0.269162
0.269162
0.269162
0.269162
0.269162
0.269162
0.269162
0.269163
0.269163
0.269163
0.269164
0.269164
0.269164
0.269164
0.269164
0.269164
0.269164
0.269164
0.269163
0.269163
0.269163
0.269163
0.269163
0.269163
0.269163
0.269163
0.269164
0.269165
0.269166
0.269167
0.269168
0.269168
0.269168
0.269168
0.269168
0.269168
0.269168
0.269167
0.269165
0.269164
0.269162
0.26916
0.269159
0.269159
0.269158
0.269158
0.269158
0.269158
0.269158
0.269159
0.269161
0.269163
0.269165
0.269166
0.269167
0.269168
0.269168
0.269169
0.269169
0.269169
0.269169
0.269168
0.269166
0.269165
0.269164
0.269163
0.269162
0.269162
0.269162
0.269162
0.269162
0.269162
0.269163
0.269165
0.269166
0.269167
0.269167
0.269168
0.269168
0.269168
0.269168
0.269168
0.269168
0.269167
0.269166
0.269166
0.269165
0.269165
0.269165
0.269165
0.269165
0.269165
0.269166
0.269166
0.269167
0.269168
0.269169
0.269169
0.269169
0.269169
0.269169
0.269168
0.269168
0.269166
0.269164
0.269161
0.269159
0.269158
0.269157
0.269156
0.269155
0.269155
0.269155
0.269155
0.269156
0.269157
0.26916
0.269162
0.269164
0.269166
0.269167
0.269167
0.269167
0.269168
0.269168
0.269167
0.269166
0.269163
0.269161
0.269159
0.269157
0.269156
0.269156
0.269155
0.269155
0.269155
0.269155
0.269156
0.269159
0.269161
0.269164
0.269165
0.269166
0.269167
0.269168
0.269168
0.269168
0.269168
0.269167
0.269166
0.269164
0.269163
0.269162
0.269161
0.269161
0.269161
0.26916
0.26916
0.26916
0.26916
0.269161
0.269161
0.269162
0.269162
0.269162
0.269162
0.269163
0.269163
0.269163
0.269162
0.269162
0.269161
0.26916
0.269159
0.26916
0.26916
0.269159
0.26916
0.26916
0.269161
0.269162
0.269164
0.269167
0.269169
0.269169
0.26917
0.269172
0.269172
0.269172
0.269172
0.269172
0.269171
0.269168
0.269164
0.269161
0.269158
0.269156
0.269155
0.269154
0.269153
0.269153
0.269153
0.269153
0.269156
0.269159
0.269163
0.269165
0.269167
0.269169
0.26917
0.26917
0.269171
0.269171
0.26917
0.269169
0.269166
0.269164
0.269161
0.26916
0.269158
0.269158
0.269158
0.269157
0.269157
0.269157
0.269158
0.269161
0.269162
0.269164
0.269165
0.269166
0.269166
0.269167
0.269167
0.269168
0.269167
0.269166
0.269165
0.269164
0.269163
0.269162
0.269162
0.269162
0.269162
0.269162
0.269162
0.269163
0.269166
0.269168
0.269171
0.269172
0.269173
0.269174
0.269175
0.269174
0.269174
0.269174
0.269173
0.26917
0.269165
0.269161
0.269157
0.269155
0.269154
0.269152
0.269152
0.269152
0.269151
0.269152
0.269155
0.269159
0.269163
0.269166
0.269167
0.269169
0.269171
0.269171
0.269171
0.269171
0.269171
0.26917
0.269165
0.269162
0.269159
0.269156
0.269155
0.269154
0.269154
0.269153
0.269154
0.269154
0.269156
0.26916
0.269163
0.269167
0.26917
0.269172
0.269173
0.269174
0.269174
0.269174
0.269175
0.269174
0.269171
0.269168
0.269166
0.269165
0.269163
0.269163
0.269162
0.269162
0.269162
0.269163
0.269166
0.269168
0.269169
0.26917
0.269172
0.269171
0.269171
0.269171
0.269171
0.269169
0.269168
0.269164
0.269159
0.269154
0.269149
0.269146
0.269146
0.269144
0.269144
0.269144
0.269145
0.269148
0.269153
0.26916
0.269166
0.26917
0.269173
0.269176
0.269177
0.269177
0.269178
0.269178
0.269178
0.269176
0.26917
0.269165
0.269158
0.269152
0.26915
0.269149
0.269147
0.269146
0.269147
0.269148
0.269153
0.26916
0.269167
0.269172
0.269176
0.269178
0.26918
0.26918
0.26918
0.269181
0.26918
0.269179
0.269173
0.269168
0.269163
0.269158
0.269155
0.269155
0.269153
0.269151
0.269151
0.269155
0.269157
0.269158
0.269159
0.269161
0.26916
0.269159
0.269159
0.269159
0.269159
0.269158
0.269159
0.26916
0.26916
0.269158
0.269157
0.269156
0.269153
0.269149
0.269149
0.269149
0.269155
0.269159
0.269163
0.269172
0.269176
0.269178
0.269176
0.269165
0.269169
0.269157
0.269166
0.269163
0.269162
0.269176
0.269162
0.269152
0.269158
0.269086
0.269064
0.269021
0.268929
0.268992
0.26895
0.268901
0.269024
0.268878
0.268824
0.268945
0.26834
0.268534
0.267975
0.267365
0.267553
0.266504
0.26617
0.267332
0.263319
0.266788
0.263113
0.253831
0.265054
0.197837
0.144887
0.12857
0.125255
0.124771
0.124707
0.124698
0.124697
0.124697
0.124697
0.124697
0.124697
0.124697
0.124697
0.124697
0.124697
0.124697
0.124697
0.124697
0.124697
0.124697
0.124697
0.124697
0.124697
0.124697
0.124697
0.124697
0.124697
0.124697
0.124697
0.124697
0.124697
0.124697
0.124697
0.124697
0.124697
0.124697
0.124697
0.124697
0.124697
0.124697
0.124697
0.124697
0.124697
0.124697
0.124697
0.124697
0.124697
0.124697
0.124697
0.124697
0.124697
0.124697
0.124697
0.124697
0.124697
0.124697
0.124697
0.124697
0.124697
0.124697
0.124697
0.124697
0.124697
0.124697
0.124697
0.124697
0.124697
0.124697
0.124697
0.124697
0.124697
0.124697
0.124697
0.124697
0.124697
0.124697
0.124697
0.124697
0.124697
0.124697
0.124697
0.124697
0.124697
0.124697
0.124697
0.124697
0.124697
0.124697
0.124697
0.124697
0.124697
0.124697
0.124697
0.124697
0.124697
0.124697
0.124697
0.124697
0.124697
0.124697
)
;

boundaryField
{
    sides
    {
        type            calculated;
        value           nonuniform List<scalar> 2(0.124697 0.997574);
    }
    empty
    {
        type            empty;
    }
}


// ************************************************************************* //
