/*--------------------------------*- C++ -*----------------------------------*\
  =========                 |
  \\      /  F ield         | OpenFOAM: The Open Source CFD Toolbox
   \\    /   O peration     | Website:  https://openfoam.org
    \\  /    A nd           | Version:  9
     \\/     M anipulation  |
\*---------------------------------------------------------------------------*/
FoamFile
{
    format      ascii;
    class       volScalarField;
    location    "0.009";
    object      rho;
}
// * * * * * * * * * * * * * * * * * * * * * * * * * * * * * * * * * * * * * //

dimensions      [1 -3 0 0 0 0 0];

internalField   nonuniform List<scalar> 
10000
(
0.997574
0.997574
0.997574
0.997574
0.997574
0.997574
0.997574
0.997574
0.997574
0.997574
0.997574
0.997574
0.997574
0.997574
0.997574
0.997574
0.997574
0.997574
0.997574
0.997574
0.997574
0.997574
0.997574
0.997574
0.997574
0.997574
0.997574
0.997574
0.997574
0.997574
0.997574
0.997574
0.997574
0.997574
0.997574
0.997574
0.997574
0.997574
0.997574
0.997574
0.997574
0.997574
0.997574
0.997574
0.997574
0.997574
0.997574
0.997574
0.997574
0.997574
0.997574
0.997574
0.997574
0.997574
0.997574
0.997574
0.997574
0.997574
0.997574
0.997574
0.997574
0.997574
0.997574
0.997574
0.997574
0.997574
0.997574
0.997574
0.997574
0.997574
0.997574
0.997574
0.997574
0.997574
0.997574
0.997574
0.997574
0.997574
0.997574
0.997574
0.997574
0.997574
0.997574
0.997574
0.997574
0.997574
0.997574
0.997574
0.997574
0.997574
0.997574
0.997574
0.997574
0.997574
0.997574
0.997574
0.997574
0.997574
0.997574
0.997574
0.997574
0.997574
0.997574
0.997574
0.997574
0.997574
0.997574
0.997574
0.997574
0.997574
0.997574
0.997574
0.997574
0.997574
0.997574
0.997574
0.997574
0.997574
0.997574
0.997574
0.997574
0.997574
0.997574
0.997574
0.997574
0.997574
0.997574
0.997574
0.997574
0.997574
0.997574
0.997574
0.997574
0.997574
0.997574
0.997574
0.997574
0.997574
0.997574
0.997574
0.997574
0.997574
0.997574
0.997574
0.997574
0.997574
0.997574
0.997574
0.997574
0.997574
0.997574
0.997574
0.997574
0.997574
0.997574
0.997574
0.997574
0.997574
0.997574
0.997574
0.997574
0.997574
0.997574
0.997574
0.997574
0.997574
0.997574
0.997574
0.997574
0.997574
0.997574
0.997574
0.997574
0.997574
0.997574
0.997574
0.997574
0.997574
0.997574
0.997574
0.997574
0.997574
0.997574
0.997574
0.997574
0.997574
0.997574
0.997574
0.997574
0.997574
0.997574
0.997574
0.997574
0.997574
0.997574
0.997574
0.997574
0.997574
0.997574
0.997574
0.997574
0.997574
0.997574
0.997574
0.997574
0.997574
0.997574
0.997574
0.997574
0.997574
0.997574
0.997574
0.997574
0.997574
0.997574
0.997574
0.997574
0.997574
0.997574
0.997574
0.997574
0.997574
0.997574
0.997574
0.997574
0.997574
0.997574
0.997574
0.997574
0.997574
0.997574
0.997574
0.997574
0.997574
0.997574
0.997574
0.997574
0.997574
0.997574
0.997574
0.997574
0.997574
0.997574
0.997574
0.997574
0.997574
0.997574
0.997574
0.997574
0.997574
0.997574
0.997574
0.997574
0.997574
0.997574
0.997574
0.997574
0.997574
0.997574
0.997574
0.997574
0.997574
0.997574
0.997574
0.997574
0.997574
0.997574
0.997574
0.997574
0.997574
0.997574
0.997574
0.997574
0.997574
0.997574
0.997574
0.997574
0.997574
0.997574
0.997574
0.997574
0.997574
0.997574
0.997574
0.997574
0.997574
0.997574
0.997574
0.997574
0.997574
0.997574
0.997574
0.997574
0.997574
0.997574
0.997574
0.997574
0.997574
0.997574
0.997574
0.997574
0.997574
0.997574
0.997574
0.997574
0.997574
0.997574
0.997574
0.997574
0.997574
0.997574
0.997574
0.997574
0.997574
0.997574
0.997574
0.997574
0.997574
0.997574
0.997574
0.997574
0.997574
0.997574
0.997574
0.997574
0.997574
0.997574
0.997574
0.997574
0.997574
0.997574
0.997574
0.997574
0.997574
0.997574
0.997574
0.997574
0.997574
0.997574
0.997574
0.997574
0.997574
0.997574
0.997574
0.997574
0.997574
0.997574
0.997574
0.997574
0.997574
0.997574
0.997574
0.997574
0.997574
0.997574
0.997574
0.997574
0.997574
0.997574
0.997574
0.997574
0.997574
0.997574
0.997574
0.997574
0.997574
0.997574
0.997574
0.997574
0.997574
0.997574
0.997574
0.997574
0.997574
0.997574
0.997574
0.997574
0.997574
0.997574
0.997574
0.997574
0.997574
0.997574
0.997574
0.997574
0.997574
0.997574
0.997574
0.997574
0.997574
0.997574
0.997574
0.997574
0.997574
0.997574
0.997574
0.997574
0.997574
0.997574
0.997574
0.997574
0.997574
0.997574
0.997574
0.997574
0.997574
0.997574
0.997574
0.997574
0.997574
0.997574
0.997574
0.997574
0.997574
0.997574
0.997574
0.997574
0.997574
0.997574
0.997574
0.997574
0.997574
0.997574
0.997574
0.997574
0.997574
0.997574
0.997574
0.997574
0.997574
0.997574
0.997574
0.997574
0.997574
0.997574
0.997574
0.997574
0.997574
0.997574
0.997574
0.997574
0.997574
0.997574
0.997574
0.997574
0.997574
0.997574
0.997574
0.997574
0.997574
0.997574
0.997574
0.997574
0.997574
0.997574
0.997574
0.997574
0.997574
0.997574
0.997574
0.997574
0.997574
0.997574
0.997574
0.997574
0.997574
0.997574
0.997574
0.997574
0.997574
0.997574
0.997574
0.997574
0.997574
0.997574
0.997574
0.997574
0.997574
0.997574
0.997574
0.997574
0.997574
0.997574
0.997574
0.997574
0.997574
0.997574
0.997574
0.997574
0.997574
0.997574
0.997574
0.997574
0.997574
0.997574
0.997574
0.997574
0.997574
0.997574
0.997574
0.997574
0.997574
0.997574
0.997574
0.997574
0.997574
0.997574
0.997574
0.997574
0.997574
0.997574
0.997574
0.997574
0.997574
0.997574
0.997574
0.997574
0.997574
0.997574
0.997574
0.997574
0.997574
0.997574
0.997574
0.997574
0.997574
0.997574
0.997574
0.997574
0.997574
0.997574
0.997574
0.997574
0.997574
0.997574
0.997574
0.997574
0.997574
0.997574
0.997574
0.997574
0.997574
0.997574
0.997574
0.997574
0.997574
0.997574
0.997574
0.997574
0.997574
0.997574
0.997574
0.997574
0.997574
0.997574
0.997574
0.997574
0.997574
0.997574
0.997574
0.997574
0.997574
0.997574
0.997574
0.997574
0.997574
0.997574
0.997574
0.997574
0.997574
0.997574
0.997574
0.997574
0.997574
0.997574
0.997574
0.997574
0.997574
0.997574
0.997574
0.997574
0.997574
0.997574
0.997574
0.997574
0.997574
0.997574
0.997574
0.997574
0.997574
0.997574
0.997574
0.997574
0.997574
0.997574
0.997574
0.997574
0.997574
0.997574
0.997574
0.997574
0.997574
0.997574
0.997574
0.997574
0.997574
0.997574
0.997574
0.997574
0.997574
0.997574
0.997574
0.997574
0.997574
0.997574
0.997574
0.997574
0.997574
0.997574
0.997574
0.997574
0.997574
0.997574
0.997574
0.997574
0.997574
0.997574
0.997574
0.997574
0.997574
0.997574
0.997574
0.997574
0.997574
0.997574
0.997574
0.997574
0.997574
0.997574
0.997574
0.997574
0.997574
0.997574
0.997574
0.997574
0.997574
0.997574
0.997574
0.997574
0.997574
0.997574
0.997574
0.997574
0.997574
0.997574
0.997574
0.997574
0.997574
0.997574
0.997574
0.997574
0.997574
0.997574
0.997574
0.997574
0.997574
0.997574
0.997574
0.997574
0.997574
0.997574
0.997574
0.997574
0.997574
0.997574
0.997574
0.997574
0.997574
0.997574
0.997574
0.997574
0.997574
0.997574
0.997574
0.997574
0.997574
0.997574
0.997574
0.997574
0.997574
0.997574
0.997574
0.997574
0.997574
0.997574
0.997574
0.997574
0.997574
0.997574
0.997574
0.997574
0.997574
0.997574
0.997574
0.997574
0.997574
0.997574
0.997574
0.997574
0.997574
0.997574
0.997574
0.997574
0.997574
0.997574
0.997574
0.997574
0.997574
0.997574
0.997574
0.997574
0.997574
0.997574
0.997574
0.997574
0.997574
0.997574
0.997574
0.997574
0.997574
0.997574
0.997574
0.997574
0.997574
0.997574
0.997574
0.997574
0.997574
0.997574
0.997574
0.997574
0.997574
0.997574
0.997574
0.997574
0.997574
0.997574
0.997574
0.997574
0.997574
0.997574
0.997574
0.997574
0.997574
0.997574
0.997574
0.997574
0.997574
0.997574
0.997574
0.997574
0.997574
0.997574
0.997574
0.997574
0.997574
0.997574
0.997574
0.997574
0.997574
0.997574
0.997574
0.997574
0.997574
0.997574
0.997574
0.997574
0.997574
0.997574
0.997574
0.997574
0.997574
0.997574
0.997574
0.997574
0.997574
0.997574
0.997574
0.997574
0.997574
0.997574
0.997574
0.997574
0.997574
0.997574
0.997574
0.997574
0.997574
0.997574
0.997574
0.997574
0.997574
0.997574
0.997574
0.997574
0.997574
0.997574
0.997574
0.997574
0.997574
0.997574
0.997574
0.997574
0.997574
0.997574
0.997574
0.997574
0.997574
0.997574
0.997574
0.997574
0.997574
0.997574
0.997574
0.997574
0.997574
0.997574
0.997574
0.997574
0.997574
0.997574
0.997574
0.997574
0.997574
0.997574
0.997574
0.997574
0.997574
0.997574
0.997574
0.997574
0.997574
0.997574
0.997574
0.997574
0.997574
0.997574
0.997574
0.997574
0.997574
0.997574
0.997574
0.997574
0.997574
0.997574
0.997574
0.997574
0.997574
0.997574
0.997574
0.997574
0.997574
0.997574
0.997574
0.997574
0.997574
0.997574
0.997574
0.997574
0.997574
0.997574
0.997574
0.997574
0.997574
0.997574
0.997574
0.997574
0.997574
0.997574
0.997574
0.997574
0.997574
0.997574
0.997574
0.997574
0.997574
0.997574
0.997574
0.997574
0.997574
0.997574
0.997574
0.997574
0.997574
0.997574
0.997574
0.997574
0.997574
0.997574
0.997574
0.997574
0.997574
0.997574
0.997574
0.997574
0.997574
0.997574
0.997574
0.997574
0.997574
0.997574
0.997574
0.997574
0.997574
0.997574
0.997574
0.997574
0.997574
0.997574
0.997574
0.997574
0.997574
0.997574
0.997574
0.997574
0.997574
0.997574
0.997574
0.997574
0.997574
0.997574
0.997574
0.997574
0.997574
0.997574
0.997574
0.997574
0.997574
0.997574
0.997574
0.997574
0.997574
0.997574
0.997574
0.997574
0.997574
0.997574
0.997574
0.997574
0.997574
0.997574
0.997574
0.997574
0.997574
0.997574
0.997574
0.997574
0.997574
0.997574
0.997574
0.997574
0.997574
0.997574
0.997574
0.997574
0.997574
0.997574
0.997574
0.997574
0.997574
0.997574
0.997574
0.997574
0.997574
0.997574
0.997574
0.997574
0.997574
0.997574
0.997574
0.997574
0.997574
0.997574
0.997574
0.997574
0.997574
0.997574
0.997574
0.997574
0.997574
0.997574
0.997574
0.997574
0.997574
0.997574
0.997574
0.997574
0.997574
0.997574
0.997574
0.997574
0.997574
0.997574
0.997574
0.997574
0.997574
0.997574
0.997574
0.997574
0.997574
0.997574
0.997574
0.997574
0.997574
0.997574
0.997574
0.997574
0.997574
0.997574
0.997574
0.997574
0.997574
0.997574
0.997574
0.997574
0.997574
0.997574
0.997574
0.997574
0.997574
0.997574
0.997574
0.997574
0.997574
0.997574
0.997574
0.997574
0.997574
0.997574
0.997574
0.997574
0.997574
0.997574
0.997574
0.997574
0.997574
0.997574
0.997574
0.997574
0.997574
0.997574
0.997574
0.997574
0.997574
0.997574
0.997574
0.997574
0.997574
0.997574
0.997574
0.997574
0.997574
0.997574
0.997574
0.997574
0.997574
0.997574
0.997574
0.997574
0.997574
0.997574
0.997574
0.997574
0.997574
0.997574
0.997574
0.997574
0.997574
0.997574
0.997574
0.997574
0.997574
0.997574
0.997574
0.997574
0.997574
0.997574
0.997574
0.997574
0.997574
0.997574
0.997574
0.997574
0.997574
0.997574
0.997574
0.997574
0.997574
0.997574
0.997574
0.997574
0.997574
0.997574
0.997574
0.997574
0.997574
0.997574
0.997574
0.997574
0.997574
0.997574
0.997574
0.997574
0.997574
0.997574
0.997574
0.997574
0.997574
0.997574
0.997574
0.997574
0.997574
0.997574
0.997574
0.997574
0.997574
0.997574
0.997574
0.997574
0.997574
0.997574
0.997574
0.997574
0.997574
0.997574
0.997574
0.997574
0.997574
0.997574
0.997574
0.997574
0.997574
0.997574
0.997574
0.997574
0.997574
0.997574
0.997574
0.997574
0.997574
0.997574
0.997574
0.997574
0.997574
0.997574
0.997574
0.997574
0.997574
0.997574
0.997574
0.997574
0.997574
0.997574
0.997574
0.997574
0.997574
0.997574
0.997574
0.997574
0.997574
0.997574
0.997574
0.997574
0.997574
0.997574
0.997574
0.997574
0.997574
0.997574
0.997574
0.997574
0.997574
0.997574
0.997574
0.997574
0.997574
0.997574
0.997574
0.997574
0.997574
0.997574
0.997574
0.997574
0.997574
0.997574
0.997574
0.997574
0.997574
0.997574
0.997574
0.997574
0.997574
0.997574
0.997574
0.997574
0.997574
0.997574
0.997574
0.997574
0.997574
0.997574
0.997574
0.997574
0.997574
0.997574
0.997574
0.997574
0.997574
0.997574
0.997574
0.997574
0.997574
0.997574
0.997574
0.997574
0.997574
0.997574
0.997574
0.997574
0.997574
0.997574
0.997574
0.997574
0.997574
0.997574
0.997574
0.997574
0.997574
0.997574
0.997574
0.997574
0.997574
0.997574
0.997574
0.997574
0.997574
0.997574
0.997574
0.997574
0.997574
0.997574
0.997574
0.997574
0.997574
0.997574
0.997574
0.997574
0.997574
0.997574
0.997574
0.997574
0.997574
0.997574
0.997574
0.997574
0.997574
0.997574
0.997574
0.997574
0.997574
0.997574
0.997574
0.997574
0.997574
0.997574
0.997574
0.997574
0.997574
0.997574
0.997574
0.997574
0.997574
0.997574
0.997574
0.997574
0.997574
0.997574
0.997574
0.997574
0.997574
0.997574
0.997574
0.997574
0.997574
0.997574
0.997574
0.997574
0.997574
0.997574
0.997574
0.997574
0.997574
0.997574
0.997574
0.997574
0.997574
0.997574
0.997574
0.997574
0.997574
0.997574
0.997574
0.997574
0.997574
0.997574
0.997574
0.997574
0.997574
0.997574
0.997574
0.997574
0.997574
0.997574
0.997574
0.997574
0.997574
0.997574
0.997574
0.997574
0.997574
0.997574
0.997574
0.997574
0.997574
0.997574
0.997574
0.997574
0.997574
0.997574
0.997574
0.997574
0.997574
0.997574
0.997574
0.997574
0.997574
0.997574
0.997574
0.997574
0.997574
0.997574
0.997574
0.997574
0.997574
0.997574
0.997574
0.997574
0.997574
0.997574
0.997574
0.997574
0.997574
0.997574
0.997574
0.997574
0.997574
0.997574
0.997574
0.997574
0.997574
0.997574
0.997574
0.997574
0.997574
0.997574
0.997574
0.997574
0.997574
0.997574
0.997574
0.997574
0.997574
0.997574
0.997574
0.997574
0.997574
0.997574
0.997574
0.997574
0.997574
0.997574
0.997574
0.997574
0.997574
0.997574
0.997574
0.997574
0.997574
0.997574
0.997574
0.997574
0.997574
0.997574
0.997574
0.997574
0.997574
0.997574
0.997574
0.997574
0.997574
0.997574
0.997574
0.997574
0.997574
0.997574
0.997574
0.997574
0.997574
0.997574
0.997574
0.997574
0.997574
0.997574
0.997574
0.997574
0.997574
0.997574
0.997574
0.997574
0.997574
0.997574
0.997574
0.997574
0.997574
0.997574
0.997574
0.997574
0.997574
0.997574
0.997574
0.997574
0.997574
0.997574
0.997574
0.997574
0.997574
0.997574
0.997574
0.997574
0.997574
0.997574
0.997574
0.997574
0.997574
0.997574
0.997574
0.997574
0.997574
0.997574
0.997574
0.997574
0.997574
0.997574
0.997574
0.997574
0.997574
0.997574
0.997574
0.997574
0.997574
0.997574
0.997574
0.997574
0.997574
0.997574
0.997574
0.997574
0.997573
0.997573
0.997573
0.997573
0.997573
0.997573
0.997573
0.997573
0.997572
0.997572
0.997572
0.997572
0.997571
0.997571
0.997571
0.997571
0.99757
0.99757
0.997569
0.997569
0.997568
0.997568
0.997567
0.997566
0.997565
0.997565
0.997564
0.997563
0.997562
0.99756
0.997559
0.997558
0.997556
0.997554
0.997553
0.997551
0.997549
0.997546
0.997544
0.997541
0.997539
0.997536
0.997532
0.997529
0.997525
0.997521
0.997517
0.997512
0.997507
0.997502
0.997496
0.99749
0.997484
0.997477
0.997469
0.997462
0.997453
0.997445
0.997435
0.997425
0.997415
0.997403
0.997392
0.997379
0.997366
0.997352
0.997337
0.997321
0.997305
0.997288
0.997269
0.99725
0.99723
0.997209
0.997187
0.997163
0.997139
0.997114
0.997087
0.997059
0.99703
0.996999
0.996967
0.996934
0.996899
0.996863
0.996826
0.996787
0.996747
0.996704
0.996661
0.996616
0.996569
0.99652
0.99647
0.996418
0.996364
0.996309
0.996252
0.996193
0.996132
0.996069
0.996004
0.995938
0.995869
0.995799
0.995727
0.995652
0.995576
0.995498
0.995418
0.995336
0.995252
0.995166
0.995078
0.994988
0.994896
0.994802
0.994706
0.994608
0.994508
0.994406
0.994302
0.994197
0.994089
0.993979
0.993868
0.993754
0.993639
0.993521
0.993402
0.993281
0.993158
0.993033
0.992907
0.992778
0.992648
0.992516
0.992383
0.992247
0.99211
0.991972
0.991831
0.991689
0.991546
0.9914
0.991253
0.991105
0.990955
0.990804
0.990651
0.990496
0.990341
0.990183
0.990025
0.989865
0.989703
0.98954
0.989376
0.989211
0.989044
0.988876
0.988707
0.988537
0.988366
0.988193
0.988019
0.987844
0.987668
0.987491
0.987313
0.987134
0.986953
0.986772
0.98659
0.986407
0.986222
0.986037
0.985851
0.985664
0.985476
0.985288
0.985098
0.984908
0.984717
0.984525
0.984332
0.984139
0.983944
0.983749
0.983554
0.983357
0.98316
0.982962
0.982764
0.982565
0.982365
0.982164
0.981963
0.981762
0.98156
0.981357
0.981153
0.980949
0.980745
0.98054
0.980335
0.980129
0.979922
0.979715
0.979507
0.9793
0.979091
0.978882
0.978673
0.978463
0.978253
0.978042
0.977831
0.97762
0.977408
0.977196
0.976983
0.97677
0.976557
0.976343
0.976129
0.975915
0.9757
0.975485
0.97527
0.975054
0.974839
0.974622
0.974406
0.974189
0.973972
0.973754
0.973537
0.973319
0.973101
0.972882
0.972663
0.972444
0.972225
0.972006
0.971786
0.971566
0.971346
0.971126
0.970905
0.970685
0.970464
0.970242
0.970021
0.9698
0.969578
0.969356
0.969134
0.968912
0.968689
0.968466
0.968244
0.968021
0.967798
0.967574
0.967351
0.967127
0.966903
0.96668
0.966456
0.966231
0.966007
0.965783
0.965558
0.965333
0.965109
0.964884
0.964659
0.964433
0.964208
0.963983
0.963757
0.963531
0.963306
0.96308
0.962854
0.962628
0.962402
0.962175
0.961949
0.961723
0.961496
0.96127
0.961043
0.960816
0.960589
0.960362
0.960135
0.959908
0.959681
0.959454
0.959226
0.958999
0.958771
0.958544
0.958316
0.958089
0.957861
0.957633
0.957405
0.957177
0.95695
0.956721
0.956493
0.956265
0.956037
0.955809
0.955581
0.955352
0.955124
0.954896
0.954667
0.954439
0.95421
0.953981
0.953753
0.953524
0.953295
0.953067
0.952838
0.952609
0.95238
0.952151
0.951923
0.951694
0.951465
0.951236
0.951007
0.950778
0.950549
0.95032
0.95009
0.949861
0.949632
0.949403
0.949174
0.948945
0.948715
0.948486
0.948257
0.948027
0.947798
0.947569
0.947339
0.94711
0.946881
0.946651
0.946422
0.946193
0.945963
0.945734
0.945504
0.945275
0.945045
0.944816
0.944587
0.944357
0.944128
0.943898
0.943669
0.943439
0.94321
0.94298
0.942751
0.942521
0.942292
0.942062
0.941833
0.941603
0.941374
0.941144
0.940915
0.940685
0.940456
0.940226
0.939997
0.939768
0.939538
0.939309
0.939079
0.93885
0.93862
0.938391
0.938161
0.937932
0.937703
0.937473
0.937244
0.937014
0.936785
0.936556
0.936326
0.936097
0.935868
0.935638
0.935409
0.93518
0.934951
0.934721
0.934492
0.934263
0.934034
0.933804
0.933575
0.933346
0.933117
0.932888
0.932658
0.932429
0.9322
0.931971
0.931742
0.931513
0.931284
0.931055
0.930826
0.930597
0.930368
0.930139
0.92991
0.929681
0.929452
0.929224
0.928995
0.928766
0.928537
0.928308
0.92808
0.927851
0.927622
0.927393
0.927165
0.926936
0.926707
0.926479
0.92625
0.926022
0.925793
0.925565
0.925336
0.925108
0.924879
0.924651
0.924422
0.924194
0.923966
0.923737
0.923509
0.923281
0.923052
0.922824
0.922596
0.922368
0.92214
0.921912
0.921683
0.921455
0.921227
0.920999
0.920771
0.920543
0.920315
0.920087
0.91986
0.919632
0.919404
0.919176
0.918948
0.918721
0.918493
0.918265
0.918038
0.91781
0.917582
0.917355
0.917127
0.9169
0.916672
0.916445
0.916217
0.91599
0.915763
0.915535
0.915308
0.915081
0.914853
0.914626
0.914399
0.914172
0.913945
0.913718
0.913491
0.913264
0.913037
0.91281
0.912583
0.912356
0.912129
0.911902
0.911675
0.911449
0.911222
0.910995
0.910768
0.910542
0.910315
0.910089
0.909862
0.909636
0.909409
0.909183
0.908956
0.90873
0.908504
0.908277
0.908051
0.907825
0.907598
0.907372
0.907146
0.90692
0.906694
0.906468
0.906242
0.906016
0.90579
0.905564
0.905338
0.905112
0.904887
0.904661
0.904435
0.904209
0.903984
0.903758
0.903532
0.903307
0.903081
0.902856
0.90263
0.902405
0.90218
0.901954
0.901729
0.901504
0.901278
0.901053
0.900828
0.900603
0.900378
0.900153
0.899928
0.899703
0.899478
0.899253
0.899028
0.898803
0.898578
0.898354
0.898129
0.897904
0.897679
0.897455
0.89723
0.897006
0.896781
0.896557
0.896332
0.896108
0.895883
0.895659
0.895435
0.895211
0.894986
0.894762
0.894538
0.894314
0.89409
0.893866
0.893642
0.893418
0.893194
0.89297
0.892746
0.892522
0.892299
0.892075
0.891851
0.891627
0.891404
0.89118
0.890957
0.890733
0.89051
0.890286
0.890063
0.88984
0.889616
0.889393
0.88917
0.888946
0.888723
0.8885
0.888277
0.888054
0.887831
0.887608
0.887385
0.887162
0.886939
0.886717
0.886494
0.886271
0.886048
0.885826
0.885603
0.88538
0.885158
0.884935
0.884713
0.88449
0.884268
0.884046
0.883823
0.883601
0.883379
0.883157
0.882935
0.882712
0.88249
0.882268
0.882046
0.881824
0.881602
0.881381
0.881159
0.880937
0.880715
0.880493
0.880272
0.88005
0.879828
0.879607
0.879385
0.879164
0.878942
0.878721
0.8785
0.878278
0.878057
0.877836
0.877614
0.877393
0.877172
0.876951
0.87673
0.876509
0.876288
0.876067
0.875846
0.875625
0.875405
0.875184
0.874963
0.874742
0.874522
0.874301
0.874081
0.87386
0.873639
0.873419
0.873199
0.872978
0.872758
0.872538
0.872317
0.872097
0.871877
0.871657
0.871437
0.871217
0.870997
0.870777
0.870557
0.870337
0.870117
0.869897
0.869677
0.869458
0.869238
0.869018
0.868799
0.868579
0.86836
0.86814
0.867921
0.867701
0.867482
0.867263
0.867043
0.866824
0.866605
0.866386
0.866167
0.865948
0.865729
0.86551
0.865291
0.865072
0.864853
0.864634
0.864415
0.864196
0.863978
0.863759
0.86354
0.863322
0.863103
0.862885
0.862666
0.862448
0.862229
0.862011
0.861793
0.861575
0.861356
0.861138
0.86092
0.860702
0.860484
0.860266
0.860048
0.85983
0.859612
0.859394
0.859176
0.858959
0.858741
0.858523
0.858305
0.858088
0.85787
0.857653
0.857435
0.857218
0.857
0.856783
0.856566
0.856348
0.856131
0.855914
0.855697
0.85548
0.855263
0.855046
0.854829
0.854612
0.854395
0.854178
0.853961
0.853744
0.853528
0.853311
0.853094
0.852878
0.852661
0.852444
0.852228
0.852012
0.851795
0.851579
0.851362
0.851146
0.85093
0.850714
0.850497
0.850281
0.850065
0.849849
0.849633
0.849417
0.849201
0.848985
0.84877
0.848554
0.848338
0.848122
0.847907
0.847691
0.847476
0.84726
0.847044
0.846829
0.846614
0.846398
0.846183
0.845968
0.845752
0.845537
0.845322
0.845107
0.844892
0.844677
0.844462
0.844247
0.844032
0.843817
0.843602
0.843387
0.843173
0.842958
0.842743
0.842528
0.842314
0.842099
0.841885
0.84167
0.841456
0.841242
0.841027
0.840813
0.840599
0.840384
0.84017
0.839956
0.839742
0.839528
0.839314
0.8391
0.838886
0.838672
0.838458
0.838245
0.838031
0.837817
0.837603
0.83739
0.837176
0.836963
0.836749
0.836536
0.836322
0.836109
0.835896
0.835682
0.835469
0.835256
0.835043
0.834829
0.834616
0.834403
0.83419
0.833977
0.833764
0.833552
0.833339
0.833126
0.832913
0.8327
0.832488
0.832275
0.832063
0.83185
0.831637
0.831425
0.831213
0.831
0.830788
0.830576
0.830363
0.830151
0.829939
0.829727
0.829515
0.829303
0.829091
0.828879
0.828667
0.828455
0.828243
0.828031
0.827819
0.827608
0.827396
0.827184
0.826973
0.826761
0.82655
0.826338
0.826127
0.825916
0.825704
0.825493
0.825282
0.82507
0.824859
0.824648
0.824437
0.824226
0.824015
0.823804
0.823593
0.823382
0.823171
0.822961
0.82275
0.822539
0.822328
0.822118
0.821907
0.821697
0.821486
0.821276
0.821065
0.820855
0.820644
0.820434
0.820224
0.820014
0.819804
0.819593
0.819383
0.819173
0.818963
0.818753
0.818543
0.818334
0.818124
0.817914
0.817704
0.817494
0.817285
0.817075
0.816866
0.816656
0.816446
0.816237
0.816028
0.815818
0.815609
0.8154
0.81519
0.814981
0.814772
0.814563
0.814354
0.814145
0.813936
0.813727
0.813518
0.813309
0.8131
0.812891
0.812682
0.812474
0.812265
0.812056
0.811848
0.811639
0.811431
0.811222
0.811014
0.810806
0.810597
0.810389
0.810181
0.809972
0.809764
0.809556
0.809348
0.80914
0.808932
0.808724
0.808516
0.808308
0.8081
0.807893
0.807685
0.807477
0.807269
0.807062
0.806854
0.806647
0.806439
0.806232
0.806024
0.805817
0.80561
0.805402
0.805195
0.804988
0.804781
0.804574
0.804366
0.804159
0.803952
0.803745
0.803538
0.803332
0.803125
0.802918
0.802711
0.802504
0.802298
0.802091
0.801885
0.801678
0.801472
0.801265
0.801059
0.800852
0.800646
0.80044
0.800233
0.800027
0.799821
0.799615
0.799409
0.799203
0.798997
0.798791
0.798585
0.798379
0.798173
0.797967
0.797762
0.797556
0.79735
0.797144
0.796939
0.796733
0.796528
0.796322
0.796117
0.795912
0.795706
0.795501
0.795296
0.79509
0.794885
0.79468
0.794475
0.79427
0.794065
0.79386
0.793655
0.79345
0.793245
0.79304
0.792836
0.792631
0.792426
0.792222
0.792017
0.791813
0.791608
0.791404
0.791199
0.790995
0.79079
0.790586
0.790382
0.790178
0.789973
0.789769
0.789565
0.789361
0.789157
0.788953
0.788749
0.788545
0.788341
0.788138
0.787934
0.78773
0.787526
0.787323
0.787119
0.786916
0.786712
0.786509
0.786305
0.786102
0.785898
0.785695
0.785492
0.785289
0.785085
0.784882
0.784679
0.784476
0.784273
0.78407
0.783867
0.783664
0.783461
0.783259
0.783056
0.782853
0.78265
0.782448
0.782245
0.782042
0.78184
0.781637
0.781435
0.781233
0.78103
0.780828
0.780626
0.780423
0.780221
0.780019
0.779817
0.779615
0.779413
0.779211
0.779009
0.778807
0.778605
0.778403
0.778201
0.778
0.777798
0.777596
0.777395
0.777193
0.776992
0.77679
0.776589
0.776387
0.776186
0.775985
0.775783
0.775582
0.775381
0.77518
0.774978
0.774777
0.774576
0.774375
0.774174
0.773973
0.773773
0.773572
0.773371
0.77317
0.772969
0.772769
0.772568
0.772368
0.772167
0.771966
0.771766
0.771566
0.771365
0.771165
0.770964
0.770764
0.770564
0.770364
0.770164
0.769964
0.769764
0.769563
0.769364
0.769164
0.768964
0.768764
0.768564
0.768364
0.768164
0.767965
0.767765
0.767566
0.767366
0.767166
0.766967
0.766768
0.766568
0.766369
0.766169
0.76597
0.765771
0.765572
0.765373
0.765173
0.764974
0.764775
0.764576
0.764377
0.764178
0.76398
0.763781
0.763582
0.763383
0.763184
0.762986
0.762787
0.762589
0.76239
0.762192
0.761993
0.761795
0.761596
0.761398
0.7612
0.761001
0.760803
0.760605
0.760407
0.760209
0.760011
0.759813
0.759615
0.759417
0.759219
0.759021
0.758823
0.758625
0.758428
0.75823
0.758032
0.757835
0.757637
0.75744
0.757242
0.757045
0.756847
0.75665
0.756453
0.756255
0.756058
0.755861
0.755664
0.755467
0.75527
0.755073
0.754876
0.754679
0.754482
0.754285
0.754088
0.753891
0.753694
0.753498
0.753301
0.753104
0.752908
0.752711
0.752515
0.752318
0.752122
0.751925
0.751729
0.751533
0.751337
0.75114
0.750944
0.750748
0.750552
0.750356
0.75016
0.749964
0.749768
0.749572
0.749376
0.74918
0.748985
0.748789
0.748593
0.748397
0.748202
0.748006
0.747811
0.747615
0.74742
0.747224
0.747029
0.746834
0.746638
0.746443
0.746248
0.746053
0.745858
0.745663
0.745467
0.745272
0.745077
0.744883
0.744688
0.744493
0.744298
0.744103
0.743909
0.743714
0.743519
0.743325
0.74313
0.742936
0.742741
0.742547
0.742352
0.742158
0.741964
0.741769
0.741575
0.741381
0.741187
0.740993
0.740798
0.740604
0.74041
0.740216
0.740023
0.739829
0.739635
0.739441
0.739247
0.739054
0.73886
0.738666
0.738473
0.738279
0.738086
0.737892
0.737699
0.737505
0.737312
0.737119
0.736925
0.736732
0.736539
0.736346
0.736153
0.73596
0.735767
0.735574
0.735381
0.735188
0.734995
0.734802
0.734609
0.734416
0.734224
0.734031
0.733838
0.733646
0.733453
0.733261
0.733068
0.732876
0.732683
0.732491
0.732299
0.732107
0.731914
0.731722
0.73153
0.731338
0.731146
0.730954
0.730762
0.73057
0.730378
0.730186
0.729994
0.729802
0.729611
0.729419
0.729227
0.729036
0.728844
0.728653
0.728461
0.72827
0.728078
0.727887
0.727695
0.727504
0.727313
0.727122
0.72693
0.726739
0.726548
0.726357
0.726166
0.725975
0.725784
0.725593
0.725402
0.725212
0.725021
0.72483
0.724639
0.724449
0.724258
0.724067
0.723877
0.723686
0.723496
0.723305
0.723115
0.722925
0.722734
0.722544
0.722354
0.722164
0.721974
0.721783
0.721593
0.721403
0.721213
0.721023
0.720834
0.720644
0.720454
0.720264
0.720074
0.719885
0.719695
0.719505
0.719316
0.719126
0.718937
0.718747
0.718558
0.718368
0.718179
0.71799
0.7178
0.717611
0.717422
0.717233
0.717044
0.716855
0.716666
0.716477
0.716288
0.716099
0.71591
0.715721
0.715532
0.715343
0.715155
0.714966
0.714777
0.714589
0.7144
0.714212
0.714023
0.713835
0.713646
0.713458
0.71327
0.713081
0.712893
0.712705
0.712517
0.712329
0.712141
0.711953
0.711765
0.711577
0.711389
0.711201
0.711013
0.710825
0.710637
0.71045
0.710262
0.710074
0.709887
0.709699
0.709512
0.709324
0.709137
0.708949
0.708762
0.708574
0.708387
0.7082
0.708013
0.707826
0.707638
0.707451
0.707264
0.707077
0.70689
0.706703
0.706516
0.70633
0.706143
0.705956
0.705769
0.705582
0.705396
0.705209
0.705023
0.704836
0.70465
0.704463
0.704277
0.70409
0.703904
0.703718
0.703531
0.703345
0.703159
0.702973
0.702787
0.702601
0.702415
0.702229
0.702043
0.701857
0.701671
0.701485
0.701299
0.701113
0.700928
0.700742
0.700556
0.700371
0.700185
0.7
0.699814
0.699629
0.699443
0.699258
0.699073
0.698887
0.698702
0.698517
0.698332
0.698147
0.697961
0.697776
0.697591
0.697406
0.697221
0.697037
0.696852
0.696667
0.696482
0.696297
0.696113
0.695928
0.695743
0.695559
0.695374
0.69519
0.695005
0.694821
0.694636
0.694452
0.694268
0.694083
0.693899
0.693715
0.693531
0.693347
0.693163
0.692979
0.692795
0.692611
0.692427
0.692243
0.692059
0.691875
0.691691
0.691508
0.691324
0.69114
0.690957
0.690773
0.69059
0.690406
0.690223
0.690039
0.689856
0.689673
0.689489
0.689306
0.689123
0.68894
0.688756
0.688573
0.68839
0.688207
0.688024
0.687841
0.687658
0.687476
0.687293
0.68711
0.686927
0.686744
0.686562
0.686379
0.686197
0.686014
0.685831
0.685649
0.685467
0.685284
0.685102
0.684919
0.684737
0.684555
0.684373
0.684191
0.684008
0.683826
0.683644
0.683462
0.68328
0.683098
0.682916
0.682735
0.682553
0.682371
0.682189
0.682007
0.681826
0.681644
0.681463
0.681281
0.681099
0.680918
0.680737
0.680555
0.680374
0.680192
0.680011
0.67983
0.679649
0.679468
0.679286
0.679105
0.678924
0.678743
0.678562
0.678381
0.6782
0.67802
0.677839
0.677658
0.677477
0.677297
0.677116
0.676935
0.676755
0.676574
0.676394
0.676213
0.676033
0.675852
0.675672
0.675492
0.675311
0.675131
0.674951
0.674771
0.674591
0.67441
0.67423
0.67405
0.67387
0.673691
0.673511
0.673331
0.673151
0.672971
0.672791
0.672612
0.672432
0.672252
0.672073
0.671893
0.671714
0.671534
0.671355
0.671175
0.670996
0.670817
0.670637
0.670458
0.670279
0.6701
0.669921
0.669742
0.669563
0.669384
0.669205
0.669026
0.668847
0.668668
0.668489
0.66831
0.668132
0.667953
0.667774
0.667595
0.667417
0.667238
0.66706
0.666881
0.666703
0.666524
0.666346
0.666168
0.66599
0.665811
0.665633
0.665455
0.665277
0.665099
0.664921
0.664743
0.664565
0.664387
0.664209
0.664031
0.663853
0.663675
0.663497
0.66332
0.663142
0.662964
0.662787
0.662609
0.662432
0.662254
0.662077
0.661899
0.661722
0.661545
0.661367
0.66119
0.661013
0.660836
0.660659
0.660481
0.660304
0.660127
0.65995
0.659773
0.659596
0.65942
0.659243
0.659066
0.658889
0.658712
0.658536
0.658359
0.658182
0.658006
0.657829
0.657653
0.657476
0.6573
0.657124
0.656947
0.656771
0.656595
0.656418
0.656242
0.656066
0.65589
0.655714
0.655538
0.655362
0.655186
0.65501
0.654834
0.654658
0.654482
0.654307
0.654131
0.653955
0.653779
0.653604
0.653428
0.653253
0.653077
0.652902
0.652726
0.652551
0.652375
0.6522
0.652025
0.65185
0.651674
0.651499
0.651324
0.651149
0.650974
0.650799
0.650624
0.650449
0.650274
0.650099
0.649924
0.649749
0.649575
0.6494
0.649225
0.649051
0.648876
0.648701
0.648527
0.648352
0.648178
0.648003
0.647829
0.647655
0.64748
0.647306
0.647132
0.646958
0.646784
0.646609
0.646435
0.646261
0.646087
0.645913
0.645739
0.645565
0.645392
0.645218
0.645044
0.64487
0.644697
0.644523
0.644349
0.644176
0.644002
0.643829
0.643655
0.643482
0.643308
0.643135
0.642961
0.642788
0.642615
0.642442
0.642269
0.642095
0.641922
0.641749
0.641576
0.641403
0.64123
0.641057
0.640884
0.640712
0.640539
0.640366
0.640193
0.64002
0.639848
0.639675
0.639503
0.63933
0.639158
0.638985
0.638813
0.63864
0.638468
0.638296
0.638123
0.637951
0.637779
0.637607
0.637434
0.637262
0.63709
0.636918
0.636746
0.636574
0.636402
0.63623
0.636059
0.635887
0.635715
0.635543
0.635372
0.6352
0.635028
0.634857
0.634685
0.634514
0.634342
0.634171
0.633999
0.633828
0.633657
0.633485
0.633314
0.633143
0.632972
0.632801
0.63263
0.632459
0.632288
0.632117
0.631946
0.631775
0.631604
0.631433
0.631262
0.631091
0.630921
0.63075
0.630579
0.630409
0.630238
0.630068
0.629897
0.629727
0.629556
0.629386
0.629215
0.629045
0.628875
0.628705
0.628534
0.628364
0.628194
0.628024
0.627854
0.627684
0.627514
0.627344
0.627174
0.627004
0.626834
0.626664
0.626495
0.626325
0.626155
0.625986
0.625816
0.625646
0.625477
0.625307
0.625138
0.624968
0.624799
0.624629
0.624461
0.624291
0.624122
0.623952
0.623784
0.623614
0.623446
0.623275
0.623108
0.622937
0.622771
0.622598
0.622433
0.62226
0.622096
0.621922
0.62176
0.621583
0.621423
0.621245
0.621087
0.620907
0.620751
0.620569
0.620416
0.620231
0.62008
0.619893
0.619744
0.619556
0.619408
0.619219
0.619072
0.618883
0.618735
0.618547
0.618399
0.618212
0.618062
0.617878
0.617725
0.617543
0.617387
0.617209
0.617051
0.616875
0.616714
0.616541
0.616378
0.616207
0.616042
0.615873
0.615706
0.615539
0.615371
0.615204
0.615037
0.61487
0.614702
0.614535
0.614368
0.614201
0.614034
0.613867
0.6137
0.613533
0.613366
0.613199
0.613032
0.612866
0.612699
0.612532
0.612365
0.612199
0.612032
0.611866
0.611699
0.611533
0.611366
0.6112
0.611033
0.610867
0.610701
0.610534
0.610368
0.610202
0.610036
0.60987
0.609703
0.609537
0.609371
0.609205
0.609039
0.608874
0.608708
0.608542
0.608376
0.60821
0.608044
0.607879
0.607713
0.607547
0.607382
0.607216
0.607051
0.606885
0.60672
0.606554
0.606389
0.606224
0.606058
0.605893
0.605728
0.605563
0.605398
0.605232
0.605067
0.604902
0.604737
0.604572
0.604407
0.604242
0.604078
0.603913
0.603748
0.603583
0.603418
0.603254
0.603089
0.602925
0.60276
0.602595
0.602431
0.602266
0.602102
0.601938
0.601773
0.601609
0.601445
0.60128
0.601116
0.600952
0.600788
0.600624
0.60046
0.600296
0.600132
0.599968
0.599804
0.59964
0.599476
0.599312
0.599148
0.598985
0.598821
0.598657
0.598494
0.59833
0.598166
0.598003
0.597839
0.597676
0.597512
0.597349
0.597186
0.597022
0.596859
0.596696
0.596533
0.59637
0.596206
0.596043
0.59588
0.595717
0.595554
0.595391
0.595228
0.595065
0.594903
0.59474
0.594577
0.594414
0.594252
0.594089
0.593926
0.593764
0.593601
0.593439
0.593276
0.593114
0.592951
0.592789
0.592626
0.592464
0.592302
0.59214
0.591977
0.591815
0.591653
0.591491
0.591329
0.591167
0.591005
0.590843
0.590681
0.590519
0.590357
0.590196
0.590034
0.589872
0.58971
0.589549
0.589387
0.589225
0.589064
0.588902
0.588741
0.588579
0.588418
0.588257
0.588095
0.587934
0.587773
0.587611
0.58745
0.587289
0.587128
0.586967
0.586806
0.586645
0.586484
0.586323
0.586162
0.586001
0.58584
0.585679
0.585519
0.585358
0.585197
0.585036
0.584876
0.584715
0.584555
0.584394
0.584234
0.584073
0.583913
0.583752
0.583592
0.583432
0.583271
0.583111
0.582951
0.582791
0.582631
0.582471
0.58231
0.58215
0.58199
0.581831
0.581671
0.581511
0.581351
0.581191
0.581031
0.580871
0.580712
0.580552
0.580392
0.580233
0.580073
0.579914
0.579754
0.579595
0.579435
0.579276
0.579117
0.578957
0.578798
0.578639
0.57848
0.57832
0.578161
0.578002
0.577843
0.577684
0.577525
0.577366
0.577207
0.577048
0.576889
0.576731
0.576572
0.576413
0.576254
0.576096
0.575937
0.575778
0.57562
0.575461
0.575303
0.575144
0.574986
0.574827
0.574669
0.574511
0.574352
0.574194
0.574036
0.573878
0.57372
0.573561
0.573403
0.573245
0.573087
0.572929
0.572771
0.572613
0.572456
0.572298
0.57214
0.571982
0.571824
0.571667
0.571509
0.571351
0.571194
0.571036
0.570879
0.570721
0.570564
0.570406
0.570249
0.570092
0.569934
0.569777
0.56962
0.569463
0.569306
0.569148
0.568991
0.568834
0.568677
0.56852
0.568363
0.568206
0.568049
0.567893
0.567736
0.567579
0.567422
0.567266
0.567109
0.566952
0.566796
0.566639
0.566483
0.566326
0.56617
0.566013
0.565857
0.5657
0.565544
0.565388
0.565231
0.565075
0.564919
0.564763
0.564607
0.564451
0.564295
0.564139
0.563983
0.563827
0.563671
0.563515
0.563359
0.563203
0.563048
0.562892
0.562736
0.56258
0.562425
0.562269
0.562114
0.561958
0.561803
0.561647
0.561492
0.561336
0.561181
0.561026
0.56087
0.560715
0.56056
0.560405
0.56025
0.560095
0.559939
0.559784
0.559629
0.559474
0.55932
0.559165
0.55901
0.558855
0.5587
0.558545
0.558391
0.558236
0.558081
0.557927
0.557772
0.557618
0.557463
0.557309
0.557154
0.557
0.556845
0.556691
0.556537
0.556382
0.556228
0.556074
0.55592
0.555766
0.555612
0.555458
0.555304
0.55515
0.554996
0.554842
0.554688
0.554534
0.55438
0.554226
0.554073
0.553919
0.553765
0.553612
0.553458
0.553304
0.553151
0.552997
0.552844
0.55269
0.552537
0.552384
0.55223
0.552077
0.551924
0.551771
0.551617
0.551464
0.551311
0.551158
0.551005
0.550852
0.550699
0.550546
0.550393
0.55024
0.550087
0.549934
0.549782
0.549629
0.549476
0.549324
0.549171
0.549018
0.548866
0.548713
0.548561
0.548408
0.548256
0.548103
0.547951
0.547799
0.547646
0.547494
0.547342
0.54719
0.547038
0.546885
0.546733
0.546581
0.546429
0.546277
0.546125
0.545973
0.545822
0.54567
0.545518
0.545366
0.545214
0.545063
0.544911
0.544759
0.544608
0.544456
0.544305
0.544153
0.544002
0.54385
0.543699
0.543547
0.543396
0.543245
0.543094
0.542942
0.542791
0.54264
0.542489
0.542338
0.542187
0.542036
0.541885
0.541734
0.541583
0.541432
0.541281
0.54113
0.54098
0.540829
0.540678
0.540527
0.540377
0.540226
0.540076
0.539925
0.539775
0.539624
0.539474
0.539323
0.539173
0.539022
0.538872
0.538722
0.538572
0.538422
0.538271
0.538121
0.537971
0.537821
0.537671
0.537521
0.537371
0.537221
0.537071
0.536921
0.536772
0.536622
0.536472
0.536322
0.536173
0.536023
0.535873
0.535724
0.535574
0.535425
0.535275
0.535126
0.534976
0.534827
0.534678
0.534528
0.534379
0.53423
0.534081
0.533932
0.533782
0.533633
0.533484
0.533335
0.533186
0.533037
0.532888
0.532739
0.532591
0.532442
0.532293
0.532144
0.531995
0.531847
0.531698
0.53155
0.531401
0.531252
0.531104
0.530955
0.530807
0.530659
0.53051
0.530362
0.530213
0.530065
0.529917
0.529769
0.529621
0.529472
0.529324
0.529176
0.529028
0.52888
0.528732
0.528584
0.528436
0.528289
0.528141
0.527993
0.527845
0.527697
0.52755
0.527402
0.527254
0.527107
0.526959
0.526812
0.526664
0.526517
0.526369
0.526222
0.526075
0.525927
0.52578
0.525633
0.525485
0.525338
0.525191
0.525044
0.524897
0.52475
0.524603
0.524456
0.524309
0.524162
0.524015
0.523868
0.523721
0.523575
0.523428
0.523281
0.523135
0.522988
0.522841
0.522695
0.522548
0.522402
0.522255
0.522109
0.521962
0.521816
0.52167
0.521523
0.521377
0.521231
0.521085
0.520939
0.520792
0.520646
0.5205
0.520354
0.520208
0.520062
0.519916
0.51977
0.519625
0.519479
0.519333
0.519187
0.519042
0.518896
0.51875
0.518605
0.518459
0.518313
0.518168
0.518022
0.517877
0.517732
0.517586
0.517441
0.517296
0.51715
0.517005
0.51686
0.516715
0.516569
0.516424
0.516279
0.516134
0.515989
0.515844
0.515699
0.515554
0.51541
0.515265
0.51512
0.514975
0.51483
0.514686
0.514541
0.514396
0.514252
0.514107
0.513963
0.513818
0.513674
0.513529
0.513385
0.513241
0.513096
0.512952
0.512808
0.512664
0.512519
0.512375
0.512231
0.512087
0.511943
0.511799
0.511655
0.511511
0.511367
0.511223
0.511079
0.510936
0.510792
0.510648
0.510504
0.510361
0.510217
0.510073
0.50993
0.509786
0.509643
0.509499
0.509356
0.509212
0.509069
0.508926
0.508782
0.508639
0.508496
0.508353
0.50821
0.508066
0.507923
0.50778
0.507637
0.507494
0.507351
0.507208
0.507066
0.506923
0.50678
0.506637
0.506494
0.506352
0.506209
0.506066
0.505924
0.505781
0.505639
0.505496
0.505354
0.505211
0.505069
0.504926
0.504784
0.504642
0.504499
0.504357
0.504215
0.504073
0.503931
0.503788
0.503646
0.503504
0.503362
0.50322
0.503078
0.502937
0.502795
0.502653
0.502511
0.502369
0.502228
0.502086
0.501944
0.501803
0.501661
0.50152
0.501378
0.501237
0.501095
0.500954
0.500812
0.500671
0.50053
0.500388
0.500247
0.500106
0.499965
0.499824
0.499682
0.499541
0.4994
0.499259
0.499118
0.498977
0.498837
0.498696
0.498555
0.498414
0.498273
0.498133
0.497992
0.497851
0.497711
0.49757
0.497429
0.497289
0.497148
0.497008
0.496868
0.496727
0.496587
0.496446
0.496306
0.496166
0.496026
0.495886
0.495745
0.495605
0.495465
0.495325
0.495185
0.495045
0.494905
0.494765
0.494626
0.494486
0.494346
0.494206
0.494066
0.493927
0.493787
0.493647
0.493508
0.493368
0.493229
0.493089
0.49295
0.492811
0.492671
0.492532
0.492392
0.492253
0.492114
0.491975
0.491836
0.491696
0.491557
0.491418
0.491279
0.49114
0.491001
0.490862
0.490724
0.490585
0.490446
0.490307
0.490168
0.49003
0.489891
0.489752
0.489614
0.489475
0.489337
0.489198
0.48906
0.488921
0.488783
0.488644
0.488506
0.488368
0.48823
0.488091
0.487953
0.487815
0.487677
0.487539
0.487401
0.487263
0.487125
0.486987
0.486849
0.486711
0.486573
0.486436
0.486298
0.48616
0.486022
0.485885
0.485747
0.48561
0.485472
0.485335
0.485197
0.48506
0.484922
0.484785
0.484648
0.48451
0.484373
0.484236
0.484099
0.483961
0.483824
0.483687
0.48355
0.483413
0.483276
0.483139
0.483002
0.482866
0.482729
0.482592
0.482455
0.482319
0.482182
0.482045
0.481909
0.481772
0.481636
0.481499
0.481363
0.481226
0.48109
0.480953
0.480817
0.480681
0.480545
0.480408
0.480272
0.480136
0.48
0.479864
0.479728
0.479592
0.479456
0.47932
0.479184
0.479048
0.478913
0.478777
0.478641
0.478506
0.47837
0.478234
0.478099
0.477963
0.477828
0.477692
0.477557
0.477421
0.477286
0.477151
0.477015
0.47688
0.476745
0.47661
0.476475
0.47634
0.476205
0.47607
0.475935
0.4758
0.475665
0.47553
0.475395
0.47526
0.475126
0.474991
0.474856
0.474722
0.474587
0.474453
0.474318
0.474184
0.474049
0.473915
0.47378
0.473646
0.473512
0.473378
0.473243
0.473109
0.472975
0.472841
0.472707
0.472573
0.472439
0.472305
0.472171
0.472037
0.471904
0.47177
0.471636
0.471502
0.471369
0.471235
0.471102
0.470968
0.470835
0.470701
0.470568
0.470434
0.470301
0.470168
0.470034
0.469901
0.469768
0.469635
0.469502
0.469369
0.469236
0.469103
0.46897
0.468837
0.468704
0.468571
0.468439
0.468306
0.468173
0.468041
0.467908
0.467776
0.467643
0.467511
0.467378
0.467246
0.467114
0.466981
0.466849
0.466717
0.466585
0.466452
0.46632
0.466188
0.466056
0.465924
0.465793
0.465661
0.465529
0.465397
0.465265
0.465134
0.465002
0.46487
0.464739
0.464607
0.464476
0.464345
0.464213
0.464082
0.463951
0.463819
0.463688
0.463557
0.463426
0.463295
0.463164
0.463033
0.462902
0.462771
0.46264
0.462509
0.462379
0.462248
0.462117
0.461987
0.461856
0.461726
0.461595
0.461465
0.461334
0.461204
0.461074
0.460944
0.460814
0.460683
0.460553
0.460423
0.460293
0.460163
0.460034
0.459904
0.459774
0.459644
0.459515
0.459385
0.459255
0.459126
0.458996
0.458867
0.458738
0.458608
0.458479
0.45835
0.458221
0.458092
0.457963
0.457834
0.457705
0.457576
0.457447
0.457318
0.457189
0.457061
0.456932
0.456804
0.456675
0.456547
0.456418
0.45629
0.456162
0.456033
0.455905
0.455777
0.455649
0.455521
0.455393
0.455265
0.455137
0.45501
0.454882
0.454754
0.454627
0.454499
0.454372
0.454244
0.454117
0.45399
0.453862
0.453735
0.453608
0.453481
0.453354
0.453227
0.4531
0.452974
0.452847
0.45272
0.452594
0.452467
0.452341
0.452214
0.452088
0.451962
0.451836
0.451709
0.451583
0.451457
0.451332
0.451206
0.45108
0.450954
0.450829
0.450703
0.450578
0.450452
0.450327
0.450202
0.450076
0.449951
0.449826
0.449701
0.449577
0.449452
0.449327
0.449202
0.449078
0.448953
0.448829
0.448705
0.44858
0.448456
0.448332
0.448208
0.448084
0.447961
0.447837
0.447713
0.44759
0.447466
0.447343
0.44722
0.447096
0.446973
0.44685
0.446727
0.446604
0.446482
0.446359
0.446237
0.446114
0.445992
0.44587
0.445748
0.445625
0.445504
0.445382
0.44526
0.445138
0.445017
0.444896
0.444774
0.444653
0.444532
0.444411
0.44429
0.444169
0.444049
0.443928
0.443808
0.443688
0.443568
0.443448
0.443328
0.443208
0.443088
0.442969
0.442849
0.44273
0.442611
0.442492
0.442373
0.442254
0.442136
0.442017
0.441899
0.441781
0.441663
0.441545
0.441427
0.44131
0.441192
0.441075
0.440958
0.440841
0.440724
0.440608
0.440491
0.440375
0.440259
0.440143
0.440027
0.439911
0.439796
0.439681
0.439565
0.439451
0.439336
0.439221
0.439107
0.438993
0.438879
0.438765
0.438652
0.438538
0.438425
0.438312
0.438199
0.438087
0.437975
0.437862
0.437751
0.437639
0.437528
0.437416
0.437305
0.437195
0.437084
0.436974
0.436864
0.436754
0.436645
0.436536
0.436427
0.436318
0.43621
0.436102
0.435994
0.435886
0.435779
0.435672
0.435565
0.435459
0.435353
0.435247
0.435142
0.435037
0.434932
0.434827
0.434723
0.434619
0.434516
0.434413
0.43431
0.434208
0.434106
0.434004
0.433903
0.433802
0.433701
0.433601
0.433501
0.433402
0.433303
0.433204
0.433106
0.433009
0.432911
0.432815
0.432718
0.432622
0.432527
0.432432
0.432337
0.432243
0.43215
0.432057
0.431964
0.431872
0.431781
0.431689
0.431599
0.431509
0.43142
0.431331
0.431242
0.431155
0.431067
0.430981
0.430895
0.430809
0.430725
0.43064
0.430557
0.430474
0.430391
0.43031
0.430229
0.430148
0.430068
0.429989
0.429911
0.429833
0.429756
0.42968
0.429604
0.429529
0.429455
0.429382
0.429309
0.429237
0.429166
0.429096
0.429026
0.428957
0.428889
0.428822
0.428755
0.428689
0.428624
0.42856
0.428497
0.428434
0.428373
0.428312
0.428252
0.428193
0.428134
0.428077
0.42802
0.427965
0.42791
0.427856
0.427803
0.42775
0.427699
0.427649
0.427599
0.42755
0.427502
0.427455
0.427409
0.427364
0.427319
0.427276
0.427233
0.427192
0.427151
0.427111
0.427071
0.427033
0.426996
0.426959
0.426923
0.426888
0.426854
0.426821
0.426789
0.426757
0.426726
0.426696
0.426667
0.426639
0.426611
0.426584
0.426558
0.426533
0.426508
0.426484
0.426461
0.426439
0.426417
0.426396
0.426376
0.426356
0.426337
0.426318
0.426301
0.426284
0.426267
0.426251
0.426236
0.426221
0.426206
0.426193
0.426179
0.426167
0.426155
0.426143
0.426132
0.426121
0.42611
0.4261
0.426091
0.426082
0.426073
0.426065
0.426057
0.426049
0.426042
0.426035
0.426029
0.426022
0.426016
0.426011
0.426005
0.426
0.425995
0.425991
0.425986
0.425982
0.425978
0.425974
0.425971
0.425968
0.425964
0.425961
0.425959
0.425956
0.425953
0.425951
0.425949
0.425947
0.425945
0.425943
0.425941
0.425939
0.425938
0.425936
0.425935
0.425934
0.425933
0.425931
0.42593
0.425929
0.425929
0.425928
0.425927
0.425926
0.425925
0.425925
0.425924
0.425924
0.425923
0.425923
0.425922
0.425922
0.425921
0.425921
0.42592
0.42592
0.42592
0.42592
0.425919
0.425919
0.425919
0.425919
0.425918
0.425918
0.425918
0.425918
0.425918
0.425918
0.425917
0.425917
0.425917
0.425917
0.425917
0.425917
0.425917
0.425917
0.425917
0.425917
0.425917
0.425916
0.425916
0.425916
0.425916
0.425916
0.425916
0.425916
0.425916
0.425916
0.425916
0.425916
0.425916
0.425916
0.425916
0.425916
0.425916
0.425916
0.425916
0.425916
0.425916
0.425916
0.425915
0.425915
0.425915
0.425915
0.425915
0.425915
0.425915
0.425915
0.425915
0.425915
0.425915
0.425915
0.425915
0.425915
0.425915
0.425915
0.425915
0.425915
0.425915
0.425915
0.425915
0.425915
0.425915
0.425915
0.425915
0.425915
0.425915
0.425915
0.425915
0.425914
0.425914
0.425914
0.425914
0.425914
0.425914
0.425914
0.425914
0.425914
0.425914
0.425914
0.425914
0.425914
0.425914
0.425914
0.425914
0.425914
0.425914
0.425914
0.425914
0.425914
0.425914
0.425914
0.425914
0.425914
0.425914
0.425914
0.425914
0.425914
0.425914
0.425914
0.425914
0.425914
0.425914
0.425913
0.425913
0.425913
0.425913
0.425913
0.425913
0.425913
0.425913
0.425913
0.425913
0.425913
0.425913
0.425913
0.425913
0.425913
0.425913
0.425913
0.425913
0.425913
0.425913
0.425913
0.425913
0.425913
0.425913
0.425913
0.425913
0.425913
0.425913
0.425913
0.425913
0.425913
0.425913
0.425913
0.425913
0.425913
0.425913
0.425913
0.425913
0.425913
0.425913
0.425912
0.425912
0.425912
0.425912
0.425912
0.425912
0.425912
0.425912
0.425912
0.425912
0.425912
0.425912
0.425912
0.425912
0.425912
0.425912
0.425912
0.425912
0.425912
0.425912
0.425912
0.425912
0.425912
0.425912
0.425912
0.425912
0.425912
0.425912
0.425912
0.425912
0.425912
0.425912
0.425912
0.425912
0.425912
0.425912
0.425912
0.425912
0.425912
0.425912
0.425912
0.425912
0.425912
0.425912
0.425912
0.425912
0.425911
0.425911
0.425911
0.425911
0.425911
0.425911
0.425911
0.425911
0.425911
0.425911
0.425911
0.425911
0.425911
0.425911
0.425911
0.425911
0.425911
0.425911
0.425911
0.425911
0.425911
0.425911
0.425911
0.425911
0.425911
0.425911
0.425911
0.425911
0.425911
0.425911
0.425911
0.425911
0.425911
0.425911
0.425911
0.425911
0.425911
0.425911
0.425911
0.425911
0.425911
0.425911
0.425911
0.425911
0.425911
0.425911
0.425911
0.425911
0.425911
0.425911
0.425911
0.425911
0.425911
0.42591
0.42591
0.42591
0.42591
0.42591
0.42591
0.42591
0.42591
0.42591
0.42591
0.42591
0.42591
0.42591
0.42591
0.42591
0.42591
0.42591
0.42591
0.42591
0.42591
0.42591
0.42591
0.42591
0.42591
0.42591
0.42591
0.42591
0.42591
0.42591
0.42591
0.42591
0.42591
0.42591
0.42591
0.42591
0.42591
0.42591
0.42591
0.42591
0.42591
0.42591
0.42591
0.42591
0.42591
0.42591
0.42591
0.42591
0.42591
0.42591
0.42591
0.42591
0.42591
0.42591
0.42591
0.42591
0.42591
0.42591
0.425909
0.425909
0.425909
0.425909
0.425909
0.425909
0.425909
0.425909
0.425909
0.425909
0.425909
0.425909
0.425909
0.425909
0.425909
0.425909
0.425909
0.425909
0.425909
0.425909
0.425909
0.425909
0.425909
0.425909
0.425909
0.425909
0.425909
0.425909
0.425909
0.425909
0.425909
0.425909
0.425909
0.425909
0.425909
0.425909
0.425909
0.425909
0.425909
0.425909
0.425909
0.425909
0.425909
0.425909
0.425909
0.425909
0.425909
0.425909
0.425909
0.425909
0.425909
0.425909
0.425909
0.425909
0.425909
0.425909
0.425909
0.425909
0.425909
0.425908
0.425908
0.425908
0.425908
0.425908
0.425908
0.425908
0.425908
0.425908
0.425908
0.425908
0.425908
0.425908
0.425908
0.425908
0.425908
0.425908
0.425908
0.425908
0.425908
0.425908
0.425908
0.425908
0.425908
0.425908
0.425908
0.425908
0.425908
0.425908
0.425908
0.425908
0.425908
0.425908
0.425908
0.425908
0.425908
0.425908
0.425908
0.425908
0.425908
0.425908
0.425908
0.425908
0.425908
0.425908
0.425908
0.425908
0.425908
0.425908
0.425908
0.425908
0.425908
0.425908
0.425908
0.425908
0.425908
0.425908
0.425908
0.425908
0.425908
0.425908
0.425907
0.425907
0.425907
0.425907
0.425907
0.425907
0.425907
0.425907
0.425907
0.425907
0.425907
0.425907
0.425907
0.425907
0.425907
0.425907
0.425907
0.425907
0.425907
0.425907
0.425907
0.425907
0.425907
0.425907
0.425907
0.425907
0.425907
0.425907
0.425907
0.425907
0.425907
0.425907
0.425907
0.425907
0.425907
0.425907
0.425907
0.425907
0.425907
0.425907
0.425907
0.425907
0.425907
0.425907
0.425907
0.425907
0.425907
0.425907
0.425907
0.425907
0.425907
0.425907
0.425907
0.425907
0.425907
0.425907
0.425907
0.425907
0.425907
0.425907
0.425906
0.425906
0.425906
0.425906
0.425906
0.425906
0.425906
0.425906
0.425906
0.425906
0.425906
0.425906
0.425906
0.425906
0.425906
0.425906
0.425906
0.425906
0.425906
0.425906
0.425906
0.425906
0.425906
0.425906
0.425906
0.425906
0.425906
0.425906
0.425906
0.425906
0.425906
0.425906
0.425906
0.425906
0.425906
0.425906
0.425906
0.425906
0.425906
0.425906
0.425906
0.425906
0.425906
0.425906
0.425906
0.425906
0.425906
0.425906
0.425906
0.425906
0.425906
0.425906
0.425906
0.425906
0.425906
0.425906
0.425906
0.425906
0.425906
0.425905
0.425905
0.425905
0.425905
0.425905
0.425905
0.425905
0.425905
0.425905
0.425905
0.425905
0.425905
0.425905
0.425905
0.425905
0.425905
0.425905
0.425905
0.425905
0.425905
0.425905
0.425905
0.425905
0.425905
0.425905
0.425905
0.425905
0.425905
0.425905
0.425905
0.425905
0.425905
0.425905
0.425905
0.425905
0.425905
0.425905
0.425905
0.425905
0.425905
0.425905
0.425905
0.425905
0.425905
0.425905
0.425905
0.425905
0.425905
0.425905
0.425905
0.425905
0.425905
0.425905
0.425905
0.425905
0.425905
0.425905
0.425904
0.425904
0.425904
0.425904
0.425904
0.425904
0.425904
0.425904
0.425904
0.425904
0.425904
0.425904
0.425904
0.425904
0.425904
0.425904
0.425904
0.425904
0.425904
0.425904
0.425904
0.425904
0.425904
0.425904
0.425904
0.425904
0.425904
0.425904
0.425904
0.425904
0.425904
0.425904
0.425904
0.425904
0.425904
0.425904
0.425904
0.425904
0.425904
0.425904
0.425904
0.425904
0.425904
0.425904
0.425904
0.425904
0.425904
0.425904
0.425904
0.425904
0.425904
0.425904
0.425904
0.425904
0.425904
0.425904
0.425903
0.425903
0.425903
0.425903
0.425903
0.425903
0.425903
0.425903
0.425903
0.425903
0.425903
0.425903
0.425903
0.425903
0.425903
0.425903
0.425903
0.425903
0.425903
0.425903
0.425903
0.425903
0.425903
0.425903
0.425903
0.425903
0.425903
0.425903
0.425903
0.425903
0.425903
0.425903
0.425903
0.425903
0.425903
0.425903
0.425903
0.425903
0.425903
0.425903
0.425903
0.425903
0.425903
0.425903
0.425903
0.425903
0.425903
0.425903
0.425903
0.425903
0.425903
0.425903
0.425903
0.425903
0.425902
0.425902
0.425902
0.425902
0.425902
0.425902
0.425902
0.425902
0.425902
0.425902
0.425902
0.425902
0.425902
0.425902
0.425902
0.425902
0.425902
0.425902
0.425902
0.425902
0.425902
0.425902
0.425902
0.425902
0.425902
0.425902
0.425902
0.425902
0.425902
0.425902
0.425902
0.425902
0.425902
0.425902
0.425902
0.425902
0.425902
0.425902
0.425902
0.425902
0.425902
0.425902
0.425902
0.425902
0.425902
0.425902
0.425902
0.425902
0.425902
0.425902
0.425902
0.425901
0.425901
0.425901
0.425901
0.425901
0.425901
0.425901
0.425901
0.425901
0.425901
0.425901
0.425901
0.425901
0.425901
0.425901
0.425901
0.425901
0.425901
0.425901
0.425901
0.425901
0.425901
0.425901
0.425901
0.425901
0.425901
0.425901
0.425901
0.425901
0.425901
0.425901
0.425901
0.425901
0.425901
0.425901
0.425901
0.425901
0.425901
0.425901
0.425901
0.425901
0.425901
0.425901
0.425901
0.425901
0.425901
0.425901
0.425901
0.425901
0.4259
0.4259
0.4259
0.4259
0.4259
0.4259
0.4259
0.4259
0.4259
0.4259
0.4259
0.4259
0.4259
0.4259
0.4259
0.4259
0.4259
0.4259
0.4259
0.4259
0.4259
0.4259
0.4259
0.4259
0.4259
0.4259
0.4259
0.4259
0.4259
0.4259
0.4259
0.4259
0.4259
0.4259
0.4259
0.4259
0.4259
0.4259
0.4259
0.4259
0.4259
0.4259
0.4259
0.4259
0.4259
0.4259
0.4259
0.425899
0.425899
0.425899
0.425899
0.425899
0.425899
0.425899
0.425899
0.425899
0.425899
0.425899
0.425899
0.425899
0.425899
0.425899
0.425899
0.425899
0.425899
0.425899
0.425899
0.425899
0.425899
0.425899
0.425899
0.425899
0.425899
0.425899
0.425899
0.425899
0.425899
0.425899
0.425899
0.425899
0.425899
0.425899
0.425899
0.425899
0.425899
0.425899
0.425899
0.425899
0.425899
0.425899
0.425899
0.425899
0.425898
0.425898
0.425898
0.425898
0.425898
0.425898
0.425898
0.425898
0.425898
0.425898
0.425898
0.425898
0.425898
0.425898
0.425898
0.425898
0.425898
0.425898
0.425898
0.425898
0.425898
0.425898
0.425898
0.425898
0.425898
0.425898
0.425898
0.425898
0.425898
0.425898
0.425898
0.425898
0.425898
0.425898
0.425898
0.425898
0.425898
0.425898
0.425898
0.425898
0.425898
0.425898
0.425898
0.425897
0.425897
0.425897
0.425897
0.425897
0.425897
0.425897
0.425897
0.425897
0.425897
0.425897
0.425897
0.425897
0.425897
0.425897
0.425897
0.425897
0.425897
0.425897
0.425897
0.425897
0.425897
0.425897
0.425897
0.425897
0.425897
0.425897
0.425897
0.425897
0.425897
0.425897
0.425897
0.425897
0.425897
0.425897
0.425897
0.425897
0.425897
0.425897
0.425897
0.425897
0.425896
0.425896
0.425896
0.425896
0.425896
0.425896
0.425896
0.425896
0.425896
0.425896
0.425896
0.425896
0.425896
0.425896
0.425896
0.425896
0.425896
0.425896
0.425896
0.425896
0.425896
0.425896
0.425896
0.425896
0.425896
0.425896
0.425896
0.425896
0.425896
0.425896
0.425896
0.425896
0.425896
0.425896
0.425896
0.425896
0.425896
0.425896
0.425896
0.425896
0.425895
0.425895
0.425895
0.425895
0.425895
0.425895
0.425895
0.425895
0.425895
0.425895
0.425895
0.425895
0.425895
0.425895
0.425895
0.425895
0.425895
0.425895
0.425895
0.425895
0.425895
0.425895
0.425895
0.425895
0.425895
0.425895
0.425895
0.425895
0.425895
0.425895
0.425895
0.425895
0.425895
0.425895
0.425895
0.425895
0.425895
0.425894
0.425894
0.425894
0.425894
0.425894
0.425894
0.425894
0.425894
0.425894
0.425894
0.425894
0.425894
0.425894
0.425894
0.425894
0.425894
0.425894
0.425894
0.425894
0.425894
0.425894
0.425894
0.425894
0.425894
0.425894
0.425894
0.425894
0.425894
0.425894
0.425894
0.425894
0.425894
0.425894
0.425894
0.425894
0.425894
0.425893
0.425893
0.425893
0.425893
0.425893
0.425893
0.425893
0.425893
0.425893
0.425893
0.425893
0.425893
0.425893
0.425893
0.425893
0.425893
0.425893
0.425893
0.425893
0.425893
0.425893
0.425893
0.425893
0.425893
0.425893
0.425893
0.425893
0.425893
0.425893
0.425893
0.425893
0.425893
0.425893
0.425893
0.425893
0.425892
0.425892
0.425892
0.425892
0.425892
0.425892
0.425892
0.425892
0.425892
0.425892
0.425892
0.425892
0.425892
0.425892
0.425892
0.425892
0.425892
0.425892
0.425892
0.425892
0.425892
0.425892
0.425892
0.425892
0.425892
0.425892
0.425892
0.425892
0.425892
0.425892
0.425892
0.425892
0.425892
0.425891
0.425891
0.425891
0.425891
0.425891
0.425891
0.425891
0.425891
0.425891
0.425891
0.425891
0.425891
0.425891
0.425891
0.425891
0.425891
0.425891
0.425891
0.425891
0.425891
0.425891
0.425891
0.425891
0.425891
0.425891
0.425891
0.425891
0.425891
0.425891
0.425891
0.425891
0.425891
0.42589
0.42589
0.42589
0.42589
0.42589
0.42589
0.42589
0.42589
0.42589
0.42589
0.42589
0.42589
0.42589
0.42589
0.42589
0.42589
0.42589
0.42589
0.42589
0.42589
0.42589
0.42589
0.42589
0.42589
0.42589
0.42589
0.42589
0.42589
0.42589
0.42589
0.425889
0.425889
0.425889
0.425889
0.425889
0.425889
0.425889
0.425889
0.425889
0.425889
0.425889
0.425889
0.425889
0.425889
0.425889
0.425889
0.425889
0.425889
0.425889
0.425889
0.425889
0.425889
0.425889
0.425889
0.425889
0.425889
0.425889
0.425889
0.425889
0.425889
0.425888
0.425888
0.425888
0.425888
0.425888
0.425888
0.425888
0.425888
0.425888
0.425888
0.425888
0.425888
0.425888
0.425888
0.425888
0.425888
0.425888
0.425888
0.425888
0.425888
0.425888
0.425888
0.425888
0.425888
0.425888
0.425888
0.425888
0.425888
0.425887
0.425887
0.425887
0.425887
0.425887
0.425887
0.425887
0.425887
0.425887
0.425887
0.425887
0.425887
0.425887
0.425887
0.425887
0.425887
0.425887
0.425887
0.425887
0.425887
0.425887
0.425887
0.425887
0.425887
0.425887
0.425887
0.425887
0.425886
0.425886
0.425886
0.425886
0.425886
0.425886
0.425886
0.425886
0.425886
0.425886
0.425886
0.425886
0.425886
0.425886
0.425886
0.425886
0.425886
0.425886
0.425886
0.425886
0.425886
0.425886
0.425886
0.425886
0.425886
0.425886
0.425885
0.425885
0.425885
0.425885
0.425885
0.425885
0.425885
0.425885
0.425885
0.425885
0.425885
0.425885
0.425885
0.425885
0.425885
0.425885
0.425885
0.425885
0.425885
0.425885
0.425885
0.425885
0.425885
0.425885
0.425885
0.425885
0.425884
0.425884
0.425884
0.425884
0.425884
0.425884
0.425884
0.425884
0.425884
0.425884
0.425884
0.425884
0.425884
0.425884
0.425884
0.425884
0.425884
0.425884
0.425884
0.425884
0.425884
0.425884
0.425884
0.425884
0.425883
0.425883
0.425883
0.425883
0.425883
0.425883
0.425883
0.425883
0.425883
0.425883
0.425883
0.425883
0.425883
0.425883
0.425883
0.425883
0.425883
0.425883
0.425883
0.425883
0.425883
0.425883
0.425883
0.425883
0.425882
0.425882
0.425882
0.425882
0.425882
0.425882
0.425882
0.425882
0.425882
0.425882
0.425882
0.425882
0.425882
0.425882
0.425882
0.425882
0.425882
0.425882
0.425882
0.425882
0.425882
0.425882
0.425881
0.425881
0.425881
0.425881
0.425881
0.425881
0.425881
0.425881
0.425881
0.425881
0.425881
0.425881
0.425881
0.425881
0.425881
0.425881
0.425881
0.425881
0.425881
0.425881
0.425881
0.425881
0.42588
0.42588
0.42588
0.42588
0.42588
0.42588
0.42588
0.42588
0.42588
0.42588
0.42588
0.42588
0.42588
0.42588
0.42588
0.42588
0.42588
0.42588
0.42588
0.42588
0.42588
0.425879
0.425879
0.425879
0.425879
0.425879
0.425879
0.425879
0.425879
0.425879
0.425879
0.425879
0.425879
0.425879
0.425879
0.425879
0.425879
0.425879
0.425879
0.425879
0.425879
0.425879
0.425878
0.425878
0.425878
0.425878
0.425878
0.425878
0.425878
0.425878
0.425878
0.425878
0.425878
0.425878
0.425878
0.425878
0.425878
0.425878
0.425878
0.425878
0.425878
0.425878
0.425877
0.425877
0.425877
0.425877
0.425877
0.425877
0.425877
0.425877
0.425877
0.425877
0.425877
0.425877
0.425877
0.425877
0.425877
0.425877
0.425877
0.425877
0.425877
0.425876
0.425876
0.425876
0.425876
0.425876
0.425876
0.425876
0.425876
0.425876
0.425876
0.425876
0.425876
0.425876
0.425876
0.425876
0.425876
0.425876
0.425876
0.425875
0.425875
0.425875
0.425875
0.425875
0.425875
0.425875
0.425875
0.425875
0.425875
0.425875
0.425875
0.425875
0.425875
0.425875
0.425875
0.425875
0.425875
0.425874
0.425874
0.425874
0.425874
0.425874
0.425874
0.425874
0.425874
0.425874
0.425874
0.425874
0.425874
0.425874
0.425874
0.425874
0.425874
0.425874
0.425874
0.425873
0.425873
0.425873
0.425873
0.425873
0.425873
0.425873
0.425873
0.425873
0.425873
0.425873
0.425873
0.425873
0.425873
0.425873
0.425873
0.425873
0.425872
0.425872
0.425872
0.425872
0.425872
0.425872
0.425872
0.425872
0.425872
0.425872
0.425872
0.425872
0.425872
0.425872
0.425872
0.425872
0.425871
0.425871
0.425871
0.425871
0.425871
0.425871
0.425871
0.425871
0.425871
0.425871
0.425871
0.425871
0.425871
0.425871
0.425871
0.425871
0.42587
0.42587
0.42587
0.42587
0.42587
0.42587
0.42587
0.42587
0.42587
0.42587
0.42587
0.42587
0.42587
0.42587
0.42587
0.425869
0.425869
0.425869
0.425869
0.425869
0.425869
0.425869
0.425869
0.425869
0.425869
0.425869
0.425869
0.425869
0.425869
0.425869
0.425868
0.425868
0.425868
0.425868
0.425868
0.425868
0.425868
0.425868
0.425868
0.425868
0.425868
0.425868
0.425868
0.425868
0.425868
0.425867
0.425867
0.425867
0.425867
0.425867
0.425867
0.425867
0.425867
0.425867
0.425867
0.425867
0.425867
0.425867
0.425867
0.425866
0.425866
0.425866
0.425866
0.425866
0.425866
0.425866
0.425866
0.425866
0.425866
0.425866
0.425866
0.425866
0.425866
0.425865
0.425865
0.425865
0.425865
0.425865
0.425865
0.425865
0.425865
0.425865
0.425865
0.425865
0.425865
0.425865
0.425865
0.425864
0.425864
0.425864
0.425864
0.425864
0.425864
0.425864
0.425864
0.425864
0.425864
0.425864
0.425864
0.425864
0.425863
0.425863
0.425863
0.425863
0.425863
0.425863
0.425863
0.425863
0.425863
0.425863
0.425863
0.425863
0.425862
0.425862
0.425862
0.425862
0.425862
0.425862
0.425862
0.425862
0.425862
0.425862
0.425862
0.425862
0.425862
0.425861
0.425861
0.425861
0.425861
0.425861
0.425861
0.425861
0.425861
0.425861
0.425861
0.425861
0.425861
0.42586
0.42586
0.42586
0.42586
0.42586
0.42586
0.42586
0.42586
0.42586
0.42586
0.42586
0.42586
0.425859
0.425859
0.425859
0.425859
0.425859
0.425859
0.425859
0.425859
0.425859
0.425859
0.425859
0.425858
0.425858
0.425858
0.425858
0.425858
0.425858
0.425858
0.425858
0.425858
0.425858
0.425858
0.425857
0.425857
0.425857
0.425857
0.425857
0.425857
0.425857
0.425857
0.425857
0.425857
0.425857
0.425856
0.425856
0.425856
0.425856
0.425856
0.425856
0.425856
0.425856
0.425856
0.425856
0.425856
0.425855
0.425855
0.425855
0.425855
0.425855
0.425855
0.425855
0.425855
0.425855
0.425855
0.425854
0.425854
0.425854
0.425854
0.425854
0.425854
0.425854
0.425854
0.425854
0.425854
0.425854
0.425853
0.425853
0.425853
0.425853
0.425853
0.425853
0.425853
0.425853
0.425853
0.425852
0.425852
0.425852
0.425852
0.425852
0.425852
0.425852
0.425852
0.425852
0.425852
0.425851
0.425851
0.425851
0.425851
0.425851
0.425851
0.425851
0.425851
0.425851
0.425851
0.42585
0.42585
0.42585
0.42585
0.42585
0.42585
0.42585
0.42585
0.42585
0.425849
0.425849
0.425849
0.425849
0.425849
0.425849
0.425849
0.425849
0.425849
0.425848
0.425848
0.425848
0.425848
0.425848
0.425848
0.425848
0.425848
0.425848
0.425847
0.425847
0.425847
0.425847
0.425847
0.425847
0.425847
0.425847
0.425846
0.425846
0.425846
0.425846
0.425846
0.425846
0.425846
0.425846
0.425846
0.425845
0.425845
0.425845
0.425845
0.425845
0.425845
0.425845
0.425845
0.425844
0.425844
0.425844
0.425844
0.425844
0.425844
0.425844
0.425844
0.425843
0.425843
0.425843
0.425843
0.425843
0.425843
0.425843
0.425843
0.425842
0.425842
0.425842
0.425842
0.425842
0.425842
0.425842
0.425842
0.425841
0.425841
0.425841
0.425841
0.425841
0.425841
0.425841
0.425841
0.42584
0.42584
0.42584
0.42584
0.42584
0.42584
0.42584
0.425839
0.425839
0.425839
0.425839
0.425839
0.425839
0.425839
0.425838
0.425838
0.425838
0.425838
0.425838
0.425838
0.425838
0.425838
0.425837
0.425837
0.425837
0.425837
0.425837
0.425837
0.425837
0.425836
0.425836
0.425836
0.425836
0.425836
0.425836
0.425836
0.425835
0.425835
0.425835
0.425835
0.425835
0.425835
0.425834
0.425834
0.425834
0.425834
0.425834
0.425834
0.425834
0.425833
0.425833
0.425833
0.425833
0.425833
0.425833
0.425832
0.425832
0.425832
0.425832
0.425832
0.425832
0.425832
0.425831
0.425831
0.425831
0.425831
0.425831
0.425831
0.42583
0.42583
0.42583
0.42583
0.42583
0.42583
0.425829
0.425829
0.425829
0.425829
0.425829
0.425829
0.425828
0.425828
0.425828
0.425828
0.425828
0.425828
0.425827
0.425827
0.425827
0.425827
0.425827
0.425827
0.425826
0.425826
0.425826
0.425826
0.425826
0.425826
0.425825
0.425825
0.425825
0.425825
0.425825
0.425824
0.425824
0.425824
0.425824
0.425824
0.425824
0.425823
0.425823
0.425823
0.425823
0.425823
0.425822
0.425822
0.425822
0.425822
0.425822
0.425822
0.425821
0.425821
0.425821
0.425821
0.425821
0.42582
0.42582
0.42582
0.42582
0.42582
0.425819
0.425819
0.425819
0.425819
0.425819
0.425818
0.425818
0.425818
0.425818
0.425818
0.425817
0.425817
0.425817
0.425817
0.425817
0.425816
0.425816
0.425816
0.425816
0.425816
0.425815
0.425815
0.425815
0.425815
0.425814
0.425814
0.425814
0.425814
0.425814
0.425813
0.425813
0.425813
0.425813
0.425813
0.425812
0.425812
0.425812
0.425812
0.425811
0.425811
0.425811
0.425811
0.425811
0.42581
0.42581
0.42581
0.42581
0.425809
0.425809
0.425809
0.425809
0.425808
0.425808
0.425808
0.425808
0.425808
0.425807
0.425807
0.425807
0.425807
0.425806
0.425806
0.425806
0.425806
0.425805
0.425805
0.425805
0.425805
0.425804
0.425804
0.425804
0.425804
0.425803
0.425803
0.425803
0.425803
0.425802
0.425802
0.425802
0.425802
0.425801
0.425801
0.425801
0.4258
0.4258
0.4258
0.4258
0.425799
0.425799
0.425799
0.425799
0.425798
0.425798
0.425798
0.425798
0.425797
0.425797
0.425797
0.425796
0.425796
0.425796
0.425796
0.425795
0.425795
0.425795
0.425794
0.425794
0.425794
0.425794
0.425793
0.425793
0.425793
0.425792
0.425792
0.425792
0.425791
0.425791
0.425791
0.425791
0.42579
0.42579
0.42579
0.425789
0.425789
0.425789
0.425788
0.425788
0.425788
0.425787
0.425787
0.425787
0.425787
0.425786
0.425786
0.425786
0.425785
0.425785
0.425785
0.425784
0.425784
0.425784
0.425783
0.425783
0.425783
0.425782
0.425782
0.425782
0.425781
0.425781
0.42578
0.42578
0.42578
0.425779
0.425779
0.425779
0.425778
0.425778
0.425778
0.425777
0.425777
0.425777
0.425776
0.425776
0.425775
0.425775
0.425775
0.425774
0.425774
0.425774
0.425773
0.425773
0.425772
0.425772
0.425772
0.425771
0.425771
0.42577
0.42577
0.42577
0.425769
0.425769
0.425768
0.425768
0.425768
0.425767
0.425767
0.425766
0.425766
0.425766
0.425765
0.425765
0.425764
0.425764
0.425764
0.425763
0.425763
0.425762
0.425762
0.425761
0.425761
0.42576
0.42576
0.42576
0.425759
0.425759
0.425758
0.425758
0.425757
0.425757
0.425756
0.425756
0.425755
0.425755
0.425755
0.425754
0.425754
0.425753
0.425753
0.425752
0.425752
0.425751
0.425751
0.42575
0.42575
0.425749
0.425749
0.425748
0.425748
0.425747
0.425747
0.425746
0.425746
0.425745
0.425745
0.425744
0.425743
0.425743
0.425742
0.425742
0.425741
0.425741
0.42574
0.42574
0.425739
0.425739
0.425738
0.425737
0.425737
0.425736
0.425736
0.425735
0.425735
0.425734
0.425733
0.425733
0.425732
0.425732
0.425731
0.42573
0.42573
0.425729
0.425729
0.425728
0.425727
0.425727
0.425726
0.425725
0.425725
0.425724
0.425723
0.425723
0.425722
0.425721
0.425721
0.42572
0.425719
0.425719
0.425718
0.425717
0.425717
0.425716
0.425715
0.425715
0.425714
0.425713
0.425712
0.425712
0.425711
0.42571
0.42571
0.425709
0.425708
0.425707
0.425707
0.425706
0.425705
0.425704
0.425703
0.425703
0.425702
0.425701
0.4257
0.4257
0.425699
0.425698
0.425697
0.425696
0.425695
0.425695
0.425694
0.425693
0.425692
0.425691
0.42569
0.425689
0.425689
0.425688
0.425687
0.425686
0.425685
0.425684
0.425683
0.425682
0.425681
0.42568
0.425679
0.425678
0.425677
0.425676
0.425676
0.425675
0.425674
0.425673
0.425672
0.425671
0.425669
0.425668
0.425667
0.425666
0.425665
0.425664
0.425663
0.425662
0.425661
0.42566
0.425659
0.425658
0.425657
0.425655
0.425654
0.425653
0.425652
0.425651
0.42565
0.425648
0.425647
0.425646
0.425645
0.425643
0.425642
0.425641
0.42564
0.425638
0.425637
0.425636
0.425635
0.425633
0.425632
0.425631
0.425629
0.425628
0.425626
0.425625
0.425624
0.425622
0.425621
0.425619
0.425618
0.425616
0.425615
0.425613
0.425612
0.42561
0.425609
0.425607
0.425605
0.425604
0.425602
0.425601
0.425599
0.425597
0.425596
0.425594
0.425592
0.42559
0.425589
0.425587
0.425585
0.425583
0.425581
0.42558
0.425578
0.425576
0.425574
0.425572
0.42557
0.425568
0.425566
0.425564
0.425562
0.42556
0.425558
0.425556
0.425554
0.425551
0.425549
0.425547
0.425545
0.425542
0.42554
0.425538
0.425536
0.425533
0.425531
0.425528
0.425526
0.425523
0.425521
0.425518
0.425516
0.425513
0.42551
0.425508
0.425505
0.425502
0.425499
0.425496
0.425493
0.42549
0.425487
0.425484
0.425481
0.425478
0.425475
0.425472
0.425469
0.425465
0.425462
0.425459
0.425455
0.425452
0.425448
0.425444
0.425441
0.425437
0.425433
0.425429
0.425426
0.425422
0.425417
0.425413
0.425409
0.425405
0.425401
0.425396
0.425392
0.425387
0.425382
0.425378
0.425373
0.425368
0.425363
0.425358
0.425352
0.425347
0.425342
0.425336
0.42533
0.425324
0.425318
0.425312
0.425306
0.4253
0.425293
0.425286
0.425279
0.425272
0.425265
0.425257
0.425249
0.425241
0.425232
0.425223
0.425214
0.425204
0.425194
0.425184
0.425172
0.42516
0.425148
0.425134
0.42512
0.425105
0.425088
0.425071
0.425052
0.425031
0.425009
0.424985
0.424958
0.424929
0.424898
0.424863
0.424826
0.424785
0.424739
0.42469
0.424635
0.424575
0.424509
0.424437
0.424358
0.42427
0.424175
0.42407
0.423956
0.42383
0.423693
0.423544
0.423381
0.423203
0.423009
0.422799
0.42257
0.422323
0.422055
0.421765
0.421452
0.421114
0.420751
0.42036
0.419941
0.419491
0.41901
0.418495
0.417946
0.417361
0.416738
0.416077
0.415375
0.414631
0.413845
0.413014
0.412138
0.411215
0.410245
0.409227
0.408159
0.407041
0.405872
0.404652
0.403381
0.402058
0.400683
0.399256
0.397777
0.396247
0.394667
0.393035
0.391355
0.389626
0.387849
0.386027
0.38416
0.38225
0.380298
0.378307
0.376278
0.374215
0.372118
0.36999
0.367835
0.365653
0.363449
0.361225
0.358984
0.356728
0.354461
0.352185
0.349904
0.34762
0.345337
0.343058
0.340785
0.338521
0.336269
0.334033
0.331814
0.329615
0.32744
0.32529
0.323168
0.321075
0.319015
0.31699
0.315
0.313048
0.311135
0.309264
0.307434
0.305648
0.303906
0.302209
0.300559
0.298955
0.297398
0.295889
0.294428
0.293014
0.291649
0.290331
0.28906
0.287836
0.28666
0.285529
0.284444
0.283404
0.282408
0.281455
0.280544
0.279675
0.278846
0.278057
0.277305
0.276592
0.275914
0.275271
0.274661
0.274085
0.27354
0.273025
0.272539
0.27208
0.271649
0.271243
0.270862
0.270504
0.270168
0.269853
0.269559
0.269283
0.269026
0.268786
0.268562
0.268354
0.26816
0.267979
0.267812
0.267657
0.267513
0.267379
0.267256
0.267142
0.267036
0.266939
0.26685
0.266767
0.266692
0.266622
0.266558
0.266499
0.266445
0.266396
0.266351
0.26631
0.266272
0.266238
0.266207
0.266178
0.266152
0.266129
0.266107
0.266088
0.26607
0.266055
0.26604
0.266027
0.266015
0.266005
0.265995
0.265986
0.265979
0.265972
0.265965
0.26596
0.265954
0.26595
0.265946
0.265942
0.265939
0.265936
0.265933
0.265931
0.265929
0.265927
0.265925
0.265924
0.265922
0.265921
0.26592
0.265919
0.265918
0.265918
0.265917
0.265916
0.265916
0.265915
0.265915
0.265914
0.265914
0.265914
0.265914
0.265913
0.265913
0.265913
0.265913
0.265913
0.265912
0.265912
0.265912
0.265912
0.265912
0.265912
0.265912
0.265912
0.265912
0.265911
0.265911
0.265911
0.265911
0.265911
0.265911
0.265911
0.265911
0.265911
0.265911
0.265911
0.265911
0.265911
0.265911
0.265911
0.265911
0.265911
0.265911
0.265911
0.265911
0.26591
0.26591
0.26591
0.26591
0.26591
0.26591
0.26591
0.26591
0.26591
0.26591
0.26591
0.26591
0.26591
0.26591
0.26591
0.26591
0.26591
0.26591
0.26591
0.26591
0.26591
0.26591
0.26591
0.26591
0.26591
0.26591
0.26591
0.26591
0.26591
0.26591
0.26591
0.26591
0.26591
0.26591
0.26591
0.265909
0.265909
0.265909
0.265909
0.265909
0.265909
0.265909
0.265909
0.265909
0.265909
0.265909
0.265909
0.265909
0.265909
0.265909
0.265909
0.265909
0.265909
0.265909
0.265909
0.265909
0.265909
0.265909
0.265909
0.265909
0.265909
0.265909
0.265909
0.265909
0.265909
0.265909
0.265909
0.265909
0.265909
0.265909
0.265909
0.265909
0.265909
0.265909
0.265909
0.265909
0.265909
0.265909
0.265909
0.265909
0.265909
0.265909
0.265909
0.265909
0.265909
0.265909
0.265909
0.265909
0.265909
0.265909
0.265909
0.265909
0.265908
0.265908
0.265908
0.265908
0.265908
0.265908
0.265908
0.265908
0.265908
0.265908
0.265908
0.265908
0.265908
0.265908
0.265908
0.265908
0.265908
0.265908
0.265908
0.265908
0.265908
0.265908
0.265908
0.265908
0.265908
0.265908
0.265908
0.265908
0.265908
0.265908
0.265908
0.265908
0.265908
0.265908
0.265908
0.265908
0.265908
0.265908
0.265908
0.265908
0.265908
0.265908
0.265908
0.265908
0.265908
0.265908
0.265908
0.265908
0.265908
0.265908
0.265908
0.265908
0.265908
0.265908
0.265908
0.265908
0.265908
0.265908
0.265908
0.265908
0.265908
0.265908
0.265908
0.265908
0.265908
0.265908
0.265908
0.265908
0.265908
0.265908
0.265908
0.265908
0.265908
0.265908
0.265908
0.265908
0.265908
0.265908
0.265908
0.265908
0.265908
0.265908
0.265908
0.265908
0.265908
0.265908
0.265908
0.265908
0.265908
0.265908
0.265908
0.265908
0.265908
0.265908
0.265908
0.265908
0.265908
0.265908
0.265908
0.265908
0.265908
0.265908
0.265908
0.265908
0.265908
0.265908
0.265908
0.265908
0.265908
0.265908
0.265908
0.265908
0.265908
0.265908
0.265908
0.265908
0.265907
0.265907
0.265907
0.265907
0.265907
0.265907
0.265907
0.265907
0.265907
0.265907
0.265907
0.265907
0.265907
0.265907
0.265907
0.265907
0.265907
0.265907
0.265907
0.265907
0.265907
0.265907
0.265907
0.265907
0.265907
0.265907
0.265907
0.265907
0.265907
0.265907
0.265907
0.265907
0.265907
0.265907
0.265907
0.265907
0.265907
0.265907
0.265907
0.265907
0.265907
0.265907
0.265907
0.265907
0.265907
0.265907
0.265907
0.265907
0.265907
0.265907
0.265907
0.265907
0.265907
0.265907
0.265907
0.265907
0.265907
0.265907
0.265907
0.265907
0.265907
0.265907
0.265907
0.265907
0.265907
0.265907
0.265907
0.265907
0.265907
0.265907
0.265907
0.265907
0.265907
0.265907
0.265907
0.265907
0.265907
0.265907
0.265907
0.265907
0.265907
0.265907
0.265907
0.265907
0.265907
0.265907
0.265907
0.265907
0.265907
0.265907
0.265907
0.265907
0.265907
0.265907
0.265907
0.265907
0.265907
0.265907
0.265907
0.265907
0.265907
0.265907
0.265907
0.265907
0.265907
0.265907
0.265907
0.265907
0.265907
0.265907
0.265907
0.265907
0.265907
0.265907
0.265907
0.265907
0.265907
0.265907
0.265907
0.265907
0.265907
0.265907
0.265907
0.265907
0.265907
0.265907
0.265907
0.265907
0.265907
0.265907
0.265907
0.265907
0.265907
0.265907
0.265907
0.265907
0.265907
0.265907
0.265907
0.265907
0.265907
0.265907
0.265907
0.265907
0.265907
0.265907
0.265907
0.265907
0.265907
0.265907
0.265907
0.265907
0.265907
0.265907
0.265907
0.265907
0.265907
0.265907
0.265907
0.265907
0.265907
0.265907
0.265907
0.265907
0.265907
0.265907
0.265907
0.265907
0.265907
0.265907
0.265907
0.265907
0.265907
0.265907
0.265907
0.265907
0.265907
0.265907
0.265907
0.265907
0.265907
0.265907
0.265907
0.265907
0.265907
0.265907
0.265907
0.265907
0.265907
0.265907
0.265907
0.265907
0.265907
0.265907
0.265907
0.265907
0.265907
0.265907
0.265907
0.265907
0.265907
0.265907
0.265907
0.265907
0.265907
0.265907
0.265907
0.265907
0.265907
0.265907
0.265907
0.265907
0.265907
0.265907
0.265907
0.265907
0.265907
0.265907
0.265907
0.265907
0.265907
0.265907
0.265907
0.265907
0.265907
0.265907
0.265907
0.265907
0.265907
0.265907
0.265907
0.265907
0.265907
0.265907
0.265907
0.265907
0.265907
0.265907
0.265907
0.265907
0.265907
0.265907
0.265907
0.265907
0.265907
0.265907
0.265907
0.265907
0.265907
0.265907
0.265907
0.265907
0.265907
0.265907
0.265907
0.265907
0.265907
0.265907
0.265907
0.265907
0.265907
0.265907
0.265907
0.265907
0.265907
0.265907
0.265907
0.265907
0.265907
0.265907
0.265907
0.265907
0.265907
0.265907
0.265907
0.265907
0.265907
0.265907
0.265907
0.265907
0.265907
0.265907
0.265907
0.265907
0.265907
0.265907
0.265907
0.265907
0.265907
0.265907
0.265907
0.265907
0.265907
0.265907
0.265907
0.265907
0.265907
0.265907
0.265907
0.265907
0.265907
0.265907
0.265907
0.265907
0.265907
0.265907
0.265907
0.265907
0.265907
0.265907
0.265907
0.265907
0.265907
0.265907
0.265907
0.265907
0.265907
0.265907
0.265907
0.265907
0.265907
0.265907
0.265907
0.265907
0.265907
0.265907
0.265907
0.265907
0.265907
0.265907
0.265907
0.265907
0.265907
0.265907
0.265907
0.265907
0.265907
0.265907
0.265907
0.265907
0.265907
0.265907
0.265907
0.265907
0.265907
0.265907
0.265907
0.265907
0.265907
0.265907
0.265907
0.265907
0.265907
0.265907
0.265907
0.265907
0.265907
0.265907
0.265907
0.265907
0.265907
0.265907
0.265907
0.265907
0.265907
0.265907
0.265907
0.265907
0.265907
0.265907
0.265907
0.265907
0.265907
0.265907
0.265907
0.265907
0.265907
0.265907
0.265907
0.265907
0.265907
0.265907
0.265907
0.265907
0.265907
0.265907
0.265907
0.265907
0.265907
0.265907
0.265907
0.265907
0.265907
0.265907
0.265907
0.265907
0.265907
0.265907
0.265907
0.265907
0.265907
0.265907
0.265907
0.265907
0.265907
0.265907
0.265907
0.265907
0.265907
0.265907
0.265907
0.265907
0.265907
0.265907
0.265907
0.265907
0.265907
0.265907
0.265907
0.265907
0.265907
0.265907
0.265907
0.265907
0.265907
0.265907
0.265907
0.265907
0.265907
0.265907
0.265907
0.265907
0.265907
0.265907
0.265907
0.265907
0.265907
0.265907
0.265907
0.265907
0.265907
0.265907
0.265907
0.265907
0.265907
0.265907
0.265907
0.265907
0.265907
0.265907
0.265907
0.265907
0.265907
0.265907
0.265907
0.265907
0.265907
0.265907
0.265907
0.265907
0.265907
0.265907
0.265907
0.265907
0.265907
0.265907
0.265907
0.265907
0.265907
0.265907
0.265907
0.265907
0.265907
0.265907
0.265907
0.265907
0.265907
0.265907
0.265907
0.265907
0.265907
0.265907
0.265907
0.265907
0.265907
0.265907
0.265907
0.265907
0.265907
0.265907
0.265907
0.265907
0.265907
0.265907
0.265907
0.265907
0.265907
0.265907
0.265907
0.265907
0.265907
0.265907
0.265907
0.265907
0.265907
0.265907
0.265907
0.265907
0.265907
0.265907
0.265907
0.265907
0.265907
0.265907
0.265907
0.265907
0.265907
0.265907
0.265907
0.265907
0.265907
0.265907
0.265907
0.265907
0.265907
0.265907
0.265907
0.265907
0.265907
0.265907
0.265907
0.265907
0.265907
0.265907
0.265907
0.265907
0.265907
0.265907
0.265907
0.265907
0.265907
0.265907
0.265907
0.265907
0.265907
0.265907
0.265907
0.265907
0.265907
0.265907
0.265907
0.265907
0.265907
0.265907
0.265907
0.265907
0.265907
0.265907
0.265907
0.265907
0.265907
0.265907
0.265907
0.265907
0.265907
0.265907
0.265907
0.265907
0.265907
0.265907
0.265907
0.265907
0.265907
0.265907
0.265907
0.265907
0.265907
0.265907
0.265907
0.265907
0.265906
0.265906
0.265906
0.265906
0.265906
0.265906
0.265906
0.265906
0.265906
0.265906
0.265906
0.265906
0.265906
0.265906
0.265906
0.265906
0.265906
0.265906
0.265906
0.265906
0.265906
0.265906
0.265906
0.265906
0.265906
0.265906
0.265906
0.265906
0.265906
0.265906
0.265906
0.265906
0.265906
0.265906
0.265906
0.265906
0.265906
0.265906
0.265906
0.265906
0.265906
0.265906
0.265906
0.265906
0.265906
0.265906
0.265906
0.265906
0.265906
0.265906
0.265906
0.265906
0.265906
0.265906
0.265906
0.265906
0.265906
0.265906
0.265906
0.265906
0.265906
0.265906
0.265906
0.265906
0.265906
0.265906
0.265906
0.265906
0.265906
0.265906
0.265906
0.265906
0.265906
0.265906
0.265906
0.265906
0.265906
0.265906
0.265906
0.265906
0.265906
0.265906
0.265906
0.265906
0.265906
0.265906
0.265906
0.265906
0.265906
0.265906
0.265906
0.265906
0.265906
0.265906
0.265906
0.265906
0.265906
0.265906
0.265906
0.265906
0.265906
0.265906
0.265906
0.265906
0.265906
0.265906
0.265906
0.265906
0.265906
0.265906
0.265906
0.265906
0.265906
0.265906
0.265906
0.265906
0.265906
0.265906
0.265906
0.265906
0.265906
0.265906
0.265906
0.265906
0.265906
0.265906
0.265906
0.265906
0.265906
0.265906
0.265906
0.265906
0.265906
0.265906
0.265906
0.265906
0.265906
0.265906
0.265906
0.265906
0.265906
0.265906
0.265906
0.265906
0.265906
0.265906
0.265906
0.265906
0.265906
0.265906
0.265906
0.265906
0.265906
0.265906
0.265906
0.265906
0.265906
0.265906
0.265906
0.265906
0.265906
0.265906
0.265906
0.265906
0.265906
0.265906
0.265906
0.265906
0.265906
0.265906
0.265906
0.265906
0.265906
0.265906
0.265906
0.265906
0.265906
0.265906
0.265906
0.265906
0.265906
0.265906
0.265906
0.265906
0.265906
0.265906
0.265906
0.265906
0.265906
0.265906
0.265906
0.265906
0.265906
0.265906
0.265906
0.265906
0.265906
0.265906
0.265906
0.265906
0.265906
0.265906
0.265906
0.265906
0.265906
0.265906
0.265906
0.265906
0.265906
0.265906
0.265906
0.265906
0.265906
0.265906
0.265906
0.265906
0.265906
0.265906
0.265906
0.265906
0.265906
0.265906
0.265906
0.265906
0.265906
0.265906
0.265906
0.265906
0.265906
0.265906
0.265906
0.265906
0.265906
0.265906
0.265906
0.265906
0.265906
0.265906
0.265906
0.265906
0.265906
0.265906
0.265906
0.265906
0.265906
0.265906
0.265906
0.265906
0.265906
0.265906
0.265906
0.265906
0.265906
0.265906
0.265906
0.265906
0.265906
0.265906
0.265906
0.265906
0.265906
0.265906
0.265906
0.265906
0.265906
0.265906
0.265906
0.265906
0.265906
0.265906
0.265906
0.265906
0.265906
0.265906
0.265906
0.265906
0.265906
0.265906
0.265906
0.265906
0.265906
0.265906
0.265906
0.265906
0.265906
0.265906
0.265906
0.265906
0.265906
0.265906
0.265906
0.265906
0.265906
0.265906
0.265906
0.265906
0.265906
0.265906
0.265906
0.265906
0.265906
0.265906
0.265906
0.265906
0.265906
0.265906
0.265906
0.265906
0.265906
0.265906
0.265906
0.265906
0.265906
0.265906
0.265906
0.265906
0.265906
0.265906
0.265906
0.265906
0.265906
0.265906
0.265906
0.265906
0.265906
0.265906
0.265906
0.265906
0.265906
0.265906
0.265906
0.265906
0.265906
0.265906
0.265906
0.265906
0.265906
0.265906
0.265906
0.265906
0.265906
0.265906
0.265906
0.265906
0.265906
0.265906
0.265906
0.265906
0.265906
0.265906
0.265906
0.265906
0.265906
0.265906
0.265906
0.265906
0.265906
0.265906
0.265906
0.265906
0.265906
0.265906
0.265906
0.265906
0.265906
0.265906
0.265906
0.265906
0.265906
0.265906
0.265906
0.265906
0.265906
0.265906
0.265906
0.265906
0.265906
0.265906
0.265906
0.265906
0.265906
0.265906
0.265906
0.265906
0.265906
0.265906
0.265906
0.265906
0.265906
0.265906
0.265906
0.265906
0.265906
0.265906
0.265906
0.265906
0.265906
0.265906
0.265906
0.265906
0.265906
0.265906
0.265906
0.265906
0.265906
0.265906
0.265906
0.265906
0.265906
0.265906
0.265906
0.265906
0.265906
0.265906
0.265906
0.265906
0.265906
0.265906
0.265906
0.265906
0.265906
0.265906
0.265906
0.265906
0.265906
0.265906
0.265906
0.265906
0.265906
0.265906
0.265906
0.265906
0.265906
0.265906
0.265906
0.265906
0.265906
0.265906
0.265906
0.265906
0.265906
0.265906
0.265906
0.265906
0.265906
0.265906
0.265906
0.265906
0.265906
0.265906
0.265906
0.265906
0.265906
0.265906
0.265906
0.265906
0.265906
0.265906
0.265906
0.265906
0.265906
0.265906
0.265906
0.265906
0.265906
0.265906
0.265906
0.265906
0.265906
0.265906
0.265906
0.265906
0.265906
0.265906
0.265906
0.265906
0.265906
0.265906
0.265906
0.265906
0.265906
0.265906
0.265906
0.265906
0.265906
0.265906
0.265906
0.265906
0.265906
0.265906
0.265906
0.265906
0.265906
0.265906
0.265906
0.265906
0.265906
0.265906
0.265906
0.265906
0.265906
0.265906
0.265906
0.265906
0.265906
0.265906
0.265906
0.265906
0.265906
0.265906
0.265906
0.265906
0.265906
0.265906
0.265906
0.265906
0.265906
0.265906
0.265906
0.265906
0.265906
0.265906
0.265906
0.265906
0.265906
0.265906
0.265906
0.265906
0.265906
0.265906
0.265906
0.265906
0.265906
0.265906
0.265906
0.265906
0.265906
0.265906
0.265906
0.265906
0.265906
0.265906
0.265906
0.265906
0.265906
0.265906
0.265906
0.265906
0.265906
0.265906
0.265906
0.265906
0.265906
0.265906
0.265906
0.265906
0.265906
0.265906
0.265906
0.265906
0.265906
0.265906
0.265906
0.265906
0.265906
0.265906
0.265906
0.265906
0.265906
0.265906
0.265906
0.265906
0.265906
0.265906
0.265906
0.265906
0.265906
0.265906
0.265906
0.265906
0.265906
0.265906
0.265906
0.265906
0.265906
0.265906
0.265906
0.265906
0.265906
0.265906
0.265906
0.265906
0.265906
0.265906
0.265906
0.265906
0.265906
0.265906
0.265906
0.265906
0.265906
0.265906
0.265906
0.265906
0.265906
0.265906
0.265906
0.265906
0.265906
0.265906
0.265906
0.265906
0.265906
0.265906
0.265906
0.265906
0.265906
0.265906
0.265906
0.265906
0.265906
0.265906
0.265906
0.265906
0.265906
0.265906
0.265906
0.265906
0.265906
0.265906
0.265906
0.265906
0.265906
0.265906
0.265906
0.265906
0.265906
0.265906
0.265906
0.265906
0.265906
0.265906
0.265906
0.265906
0.265906
0.265906
0.265906
0.265906
0.265906
0.265906
0.265906
0.265906
0.265906
0.265906
0.265906
0.265906
0.265906
0.265906
0.265906
0.265906
0.265906
0.265906
0.265906
0.265906
0.265906
0.265906
0.265906
0.265906
0.265906
0.265906
0.265906
0.265906
0.265906
0.265906
0.265906
0.265906
0.265906
0.265906
0.265906
0.265906
0.265906
0.265906
0.265906
0.265906
0.265906
0.265906
0.265906
0.265906
0.265906
0.265906
0.265906
0.265906
0.265906
0.265906
0.265906
0.265906
0.265906
0.265906
0.265906
0.265906
0.265906
0.265906
0.265906
0.265906
0.265906
0.265906
0.265906
0.265906
0.265906
0.265906
0.265906
0.265906
0.265906
0.265906
0.265906
0.265906
0.265906
0.265906
0.265906
0.265906
0.265906
0.265906
0.265906
0.265906
0.265906
0.265906
0.265906
0.265906
0.265906
0.265906
0.265906
0.265906
0.265906
0.265906
0.265906
0.265906
0.265906
0.265906
0.265906
0.265906
0.265906
0.265906
0.265906
0.265906
0.265906
0.265906
0.265906
0.265906
0.265906
0.265906
0.265906
0.265906
0.265906
0.265906
0.265906
0.265906
0.265906
0.265906
0.265906
0.265906
0.265906
0.265906
0.265906
0.265906
0.265906
0.265906
0.265906
0.265906
0.265906
0.265906
0.265906
0.265906
0.265906
0.265906
0.265906
0.265906
0.265906
0.265906
0.265906
0.265906
0.265906
0.265906
0.265906
0.265906
0.265906
0.265906
0.265906
0.265906
0.265906
0.265906
0.265906
0.265906
0.265906
0.265906
0.265906
0.265906
0.265906
0.265906
0.265906
0.265906
0.265906
0.265906
0.265906
0.265906
0.265906
0.265906
0.265906
0.265906
0.265906
0.265906
0.265906
0.265906
0.265906
0.265906
0.265906
0.265906
0.265906
0.265906
0.265906
0.265906
0.265906
0.265906
0.265906
0.265906
0.265906
0.265906
0.265906
0.265906
0.265906
0.265906
0.265906
0.265906
0.265906
0.265906
0.265906
0.265906
0.265906
0.265906
0.265906
0.265906
0.265906
0.265906
0.265906
0.265906
0.265906
0.265906
0.265906
0.265906
0.265906
0.265906
0.265906
0.265906
0.265906
0.265906
0.265906
0.265906
0.265906
0.265906
0.265906
0.265906
0.265906
0.265906
0.265906
0.265906
0.265906
0.265906
0.265906
0.265906
0.265906
0.265906
0.265906
0.265906
0.265906
0.265906
0.265906
0.265906
0.265906
0.265906
0.265906
0.265906
0.265906
0.265906
0.265906
0.265906
0.265906
0.265906
0.265906
0.265906
0.265906
0.265906
0.265906
0.265906
0.265906
0.265906
0.265906
0.265906
0.265906
0.265906
0.265906
0.265906
0.265906
0.265906
0.265906
0.265906
0.265906
0.265906
0.265906
0.265906
0.265906
0.265906
0.265906
0.265906
0.265906
0.265906
0.265906
0.265906
0.265906
0.265906
0.265906
0.265906
0.265906
0.265906
0.265906
0.265906
0.265906
0.265906
0.265906
0.265906
0.265906
0.265906
0.265906
0.265906
0.265906
0.265906
0.265906
0.265906
0.265906
0.265906
0.265906
0.265906
0.265906
0.265906
0.265906
0.265906
0.265906
0.265906
0.265906
0.265906
0.265906
0.265906
0.265906
0.265906
0.265906
0.265906
0.265906
0.265906
0.265906
0.265906
0.265906
0.265906
0.265906
0.265906
0.265906
0.265906
0.265906
0.265906
0.265906
0.265906
0.265906
0.265906
0.265906
0.265906
0.265906
0.265906
0.265906
0.265906
0.265906
0.265906
0.265906
0.265906
0.265906
0.265906
0.265906
0.265906
0.265906
0.265906
0.265906
0.265906
0.265906
0.265906
0.265906
0.265906
0.265906
0.265906
0.265906
0.265906
0.265906
0.265906
0.265906
0.265906
0.265906
0.265906
0.265906
0.265906
0.265906
0.265906
0.265906
0.265906
0.265906
0.265906
0.265906
0.265906
0.265906
0.265906
0.265906
0.265906
0.265906
0.265906
0.265906
0.265906
0.265906
0.265906
0.265906
0.265906
0.265906
0.265906
0.265906
0.265906
0.265906
0.265906
0.265906
0.265906
0.265906
0.265906
0.265906
0.265906
0.265906
0.265906
0.265906
0.265906
0.265906
0.265906
0.265906
0.265906
0.265906
0.265906
0.265906
0.265906
0.265906
0.265906
0.265906
0.265906
0.265906
0.265906
0.265906
0.265906
0.265906
0.265906
0.265906
0.265906
0.265906
0.265906
0.265906
0.265906
0.265906
0.265906
0.265906
0.265906
0.265906
0.265906
0.265906
0.265906
0.265906
0.265906
0.265906
0.265906
0.265906
0.265906
0.265906
0.265906
0.265906
0.265906
0.265906
0.265906
0.265906
0.265906
0.265906
0.265906
0.265906
0.265906
0.265906
0.265906
0.265906
0.265906
0.265906
0.265906
0.265906
0.265906
0.265906
0.265906
0.265906
0.265906
0.265906
0.265906
0.265906
0.265906
0.265906
0.265906
0.265906
0.265906
0.265906
0.265906
0.265906
0.265906
0.265906
0.265906
0.265906
0.265906
0.265906
0.265906
0.265906
0.265906
0.265906
0.265906
0.265906
0.265906
0.265906
0.265906
0.265906
0.265906
0.265906
0.265906
0.265906
0.265906
0.265906
0.265906
0.265906
0.265906
0.265906
0.265906
0.265906
0.265906
0.265906
0.265906
0.265906
0.265906
0.265906
0.265906
0.265906
0.265906
0.265906
0.265906
0.265906
0.265906
0.265906
0.265906
0.265906
0.265906
0.265906
0.265906
0.265906
0.265906
0.265906
0.265906
0.265906
0.265906
0.265906
0.265906
0.265906
0.265906
0.265906
0.265906
0.265906
0.265906
0.265906
0.265906
0.265906
0.265906
0.265906
0.265906
0.265906
0.265906
0.265906
0.265906
0.265906
0.265906
0.265906
0.265906
0.265906
0.265906
0.265906
0.265906
0.265906
0.265906
0.265906
0.265906
0.265906
0.265906
0.265906
0.265906
0.265906
0.265906
0.265906
0.265906
0.265906
0.265906
0.265906
0.265906
0.265906
0.265906
0.265906
0.265906
0.265906
0.265906
0.265906
0.265906
0.265906
0.265906
0.265906
0.265906
0.265906
0.265906
0.265906
0.265906
0.265906
0.265906
0.265906
0.265906
0.265906
0.265906
0.265906
0.265906
0.265906
0.265906
0.265906
0.265906
0.265906
0.265906
0.265906
0.265906
0.265906
0.265906
0.265906
0.265906
0.265906
0.265906
0.265906
0.265906
0.265906
0.265906
0.265906
0.265906
0.265906
0.265906
0.265906
0.265906
0.265906
0.265906
0.265906
0.265906
0.265906
0.265906
0.265906
0.265906
0.265906
0.265906
0.265906
0.265906
0.265906
0.265906
0.265906
0.265906
0.265906
0.265906
0.265906
0.265906
0.265906
0.265906
0.265906
0.265906
0.265905
0.265905
0.265905
0.265905
0.265905
0.265906
0.265906
0.265906
0.265906
0.265906
0.265906
0.265906
0.265906
0.265906
0.265906
0.265906
0.265906
0.265906
0.265906
0.265906
0.265906
0.265906
0.265905
0.265905
0.265906
0.265906
0.265906
0.265906
0.265906
0.265906
0.265906
0.265906
0.265906
0.265906
0.265906
0.265906
0.265906
0.265906
0.265906
0.265906
0.265906
0.265906
0.265905
0.265905
0.265905
0.265905
0.265905
0.265905
0.265905
0.265905
0.265906
0.265906
0.265906
0.265907
0.265907
0.265907
0.265907
0.265907
0.265907
0.265906
0.265906
0.265906
0.265905
0.265905
0.265905
0.265904
0.265905
0.265905
0.265905
0.265905
0.265906
0.265906
0.265906
0.265906
0.265907
0.265907
0.265907
0.265907
0.265907
0.265907
0.265906
0.265905
0.265905
0.265904
0.265904
0.265903
0.265902
0.265899
0.265893
0.26588
0.265855
0.265806
0.265715
0.265514
0.265112
0.264255
0.262277
0.25758
0.246704
0.224265
0.192032
0.160298
0.13904
0.129223
0.125917
0.125006
0.124774
0.124716
0.124701
0.124698
0.124697
0.124697
0.124697
0.124697
0.124697
0.124697
0.124697
0.124697
0.124697
0.124697
0.124697
0.124697
0.124697
0.124697
0.124697
0.124697
0.124697
0.124697
0.124697
0.124697
0.124697
)
;

boundaryField
{
    sides
    {
        type            calculated;
        value           nonuniform List<scalar> 2(0.124697 0.997574);
    }
    empty
    {
        type            empty;
    }
}


// ************************************************************************* //
