/*--------------------------------*- C++ -*----------------------------------*\
  =========                 |
  \\      /  F ield         | OpenFOAM: The Open Source CFD Toolbox
   \\    /   O peration     | Website:  https://openfoam.org
    \\  /    A nd           | Version:  9
     \\/     M anipulation  |
\*---------------------------------------------------------------------------*/
FoamFile
{
    format      ascii;
    class       volScalarField;
    location    "0.036";
    object      ddt0(p);
}
// * * * * * * * * * * * * * * * * * * * * * * * * * * * * * * * * * * * * * //

dimensions      [1 -1 -3 0 0 0 0];

internalField   nonuniform List<scalar> 
10000
(
-672921
-672914
-672908
-672902
-672897
-672891
-672885
-672880
-672875
-672869
-672864
-672859
-672853
-672848
-672842
-672837
-672831
-672826
-672820
-672815
-672810
-672805
-672799
-672794
-672789
-672783
-672778
-672772
-672766
-672761
-672755
-672749
-672744
-672738
-672733
-672728
-672722
-672717
-672711
-672706
-672700
-672695
-672689
-672683
-672678
-672673
-672667
-672662
-672657
-672651
-672646
-672640
-672634
-672629
-672623
-672617
-672612
-672606
-672601
-672595
-672589
-672584
-672578
-672573
-672567
-672562
-672556
-672550
-672545
-672539
-672534
-672528
-672523
-672518
-672512
-672507
-672501
-672495
-672489
-672483
-672478
-672472
-672467
-672461
-672455
-672450
-672444
-672438
-672433
-672427
-672421
-672416
-672410
-672405
-672399
-672393
-672388
-672382
-672377
-672371
-672366
-672360
-672353
-672348
-672342
-672337
-672331
-672326
-672320
-672314
-672308
-672303
-672297
-672291
-672286
-672280
-672274
-672268
-672263
-672257
-672251
-672246
-672240
-672235
-672229
-672222
-672216
-672210
-672205
-672200
-672194
-672188
-672183
-672177
-672171
-672166
-672159
-672154
-672148
-672142
-672136
-672130
-672125
-672119
-672113
-672107
-672101
-672096
-672089
-672084
-672078
-672072
-672067
-672060
-672055
-672050
-672044
-672037
-672032
-672027
-672021
-672015
-672008
-672002
-671996
-671990
-671984
-671979
-671973
-671967
-671961
-671955
-671950
-671944
-671938
-671932
-671926
-671920
-671914
-671908
-671902
-671897
-671891
-671885
-671879
-671873
-671867
-671861
-671855
-671849
-671843
-671837
-671831
-671825
-671820
-671814
-671808
-671802
-671796
-671790
-671784
-671778
-671772
-671766
-671760
-671754
-671748
-671742
-671736
-671730
-671724
-671718
-671712
-671706
-671700
-671694
-671688
-671682
-671676
-671670
-671664
-671658
-671652
-671646
-671640
-671634
-671628
-671622
-671616
-671610
-671604
-671598
-671592
-671585
-671579
-671573
-671567
-671561
-671555
-671549
-671543
-671537
-671531
-671525
-671519
-671513
-671507
-671501
-671495
-671488
-671482
-671476
-671470
-671464
-671458
-671452
-671446
-671440
-671433
-671427
-671421
-671414
-671408
-671402
-671396
-671390
-671384
-671378
-671372
-671366
-671360
-671354
-671348
-671341
-671335
-671329
-671323
-671317
-671311
-671305
-671298
-671292
-671286
-671279
-671273
-671267
-671260
-671254
-671248
-671242
-671235
-671229
-671223
-671217
-671211
-671205
-671199
-671192
-671186
-671180
-671174
-671168
-671161
-671155
-671149
-671143
-671136
-671130
-671124
-671117
-671111
-671105
-671098
-671092
-671086
-671079
-671073
-671067
-671060
-671054
-671048
-671042
-671035
-671029
-671023
-671017
-671010
-671004
-670998
-670992
-670985
-670979
-670973
-670966
-670960
-670953
-670947
-670940
-670934
-670928
-670921
-670915
-670909
-670902
-670896
-670889
-670883
-670877
-670870
-670864
-670858
-670851
-670845
-670839
-670832
-670826
-670820
-670813
-670807
-670800
-670794
-670787
-670781
-670774
-670768
-670761
-670755
-670749
-670742
-670736
-670729
-670723
-670716
-670710
-670703
-670697
-670691
-670684
-670678
-670671
-670665
-670658
-670652
-670646
-670639
-670632
-670626
-670619
-670613
-670606
-670600
-670593
-670587
-670580
-670574
-670567
-670561
-670554
-670548
-670541
-670535
-670528
-670522
-670515
-670509
-670502
-670495
-670489
-670482
-670476
-670469
-670463
-670456
-670449
-670443
-670436
-670430
-670423
-670417
-670410
-670403
-670397
-670390
-670384
-670377
-670370
-670364
-670357
-670351
-670344
-670337
-670331
-670324
-670318
-670311
-670304
-670297
-670291
-670284
-670277
-670271
-670264
-670258
-670251
-670244
-670238
-670231
-670224
-670218
-670211
-670204
-670198
-670191
-670184
-670178
-670171
-670164
-670158
-670151
-670144
-670137
-670131
-670124
-670117
-670110
-670104
-670097
-670090
-670083
-670077
-670070
-670063
-670057
-670050
-670043
-670036
-670030
-670023
-670016
-670010
-670003
-669996
-669989
-669983
-669976
-669969
-669962
-669955
-669948
-669942
-669935
-669928
-669921
-669914
-669907
-669900
-669894
-669887
-669880
-669873
-669866
-669860
-669853
-669846
-669839
-669833
-669826
-669819
-669812
-669805
-669799
-669792
-669785
-669778
-669771
-669764
-669757
-669750
-669743
-669736
-669729
-669722
-669715
-669709
-669702
-669695
-669688
-669681
-669674
-669667
-669660
-669653
-669647
-669640
-669633
-669626
-669619
-669612
-669605
-669598
-669591
-669584
-669577
-669570
-669563
-669556
-669549
-669542
-669535
-669528
-669521
-669514
-669507
-669500
-669493
-669486
-669479
-669472
-669465
-669458
-669451
-669445
-669438
-669431
-669424
-669417
-669410
-669403
-669396
-669389
-669382
-669374
-669367
-669360
-669353
-669346
-669339
-669332
-669325
-669318
-669311
-669304
-669297
-669289
-669282
-669275
-669268
-669261
-669254
-669247
-669240
-669233
-669226
-669219
-669212
-669205
-669198
-669190
-669183
-669176
-669169
-669162
-669155
-669147
-669140
-669133
-669126
-669119
-669112
-669105
-669097
-669090
-669083
-669076
-669069
-669061
-669054
-669047
-669040
-669033
-669026
-669019
-669011
-669004
-668997
-668990
-668983
-668975
-668968
-668961
-668954
-668946
-668939
-668932
-668925
-668918
-668910
-668903
-668896
-668889
-668881
-668874
-668867
-668859
-668852
-668845
-668838
-668830
-668823
-668816
-668809
-668801
-668794
-668787
-668780
-668772
-668765
-668757
-668750
-668743
-668736
-668728
-668721
-668714
-668706
-668699
-668692
-668685
-668677
-668670
-668662
-668655
-668648
-668640
-668633
-668626
-668618
-668611
-668604
-668596
-668589
-668582
-668574
-668567
-668559
-668552
-668544
-668537
-668530
-668522
-668515
-668508
-668500
-668493
-668485
-668478
-668471
-668463
-668456
-668448
-668441
-668433
-668426
-668418
-668411
-668404
-668396
-668389
-668381
-668374
-668366
-668359
-668351
-668344
-668336
-668329
-668321
-668314
-668306
-668299
-668292
-668283
-668275
-668270
-668261
-668255
-668247
-668239
-668231
-668224
-668217
-668209
-668201
-668194
-668186
-668178
-668171
-668164
-668156
-668149
-668141
-668133
-668126
-668117
-668110
-668103
-668095
-668088
-668080
-668072
-668065
-668057
-668049
-668043
-668035
-668027
-668019
-668012
-668005
-667996
-667990
-667982
-667973
-667966
-667958
-667951
-667943
-667936
-667928
-667920
-667912
-667905
-667897
-667889
-667882
-667874
-667866
-667859
-667851
-667844
-667837
-667827
-667821
-667813
-667805
-667798
-667790
-667782
-667775
-667767
-667758
-667752
-667743
-667736
-667728
-667720
-667714
-667705
-667697
-667690
-667682
-667673
-667665
-667658
-667651
-667643
-667635
-667627
-667619
-667611
-667604
-667596
-667588
-667580
-667573
-667565
-667557
-667549
-667542
-667534
-667526
-667518
-667510
-667502
-667495
-667487
-667479
-667471
-667463
-667456
-667448
-667440
-667432
-667424
-667416
-667408
-667400
-667392
-667385
-667377
-667369
-667361
-667353
-667345
-667337
-667330
-667322
-667314
-667306
-667298
-667290
-667282
-667274
-667266
-667258
-667250
-667242
-667234
-667227
-667219
-667211
-667203
-667195
-667187
-667179
-667171
-667163
-667155
-667147
-667139
-667131
-667123
-667115
-667107
-667099
-667091
-667083
-667075
-667067
-667059
-667051
-667043
-667035
-667027
-667019
-667011
-667003
-666995
-666987
-666979
-666971
-666963
-666955
-666947
-666939
-666931
-666923
-666915
-666907
-666898
-666890
-666882
-666874
-666866
-666858
-666850
-666842
-666834
-666826
-666818
-666810
-666801
-666793
-666785
-666777
-666769
-666761
-666753
-666745
-666736
-666728
-666720
-666712
-666704
-666696
-666688
-666679
-666671
-666663
-666655
-666647
-666639
-666630
-666622
-666614
-666606
-666598
-666589
-666581
-666573
-666565
-666556
-666548
-666540
-666532
-666524
-666515
-666507
-666499
-666491
-666482
-666474
-666466
-666458
-666450
-666441
-666433
-666425
-666417
-666408
-666400
-666392
-666383
-666375
-666367
-666359
-666350
-666342
-666334
-666325
-666317
-666309
-666300
-666292
-666284
-666275
-666267
-666259
-666250
-666242
-666234
-666225
-666217
-666209
-666200
-666192
-666184
-666175
-666167
-666159
-666150
-666142
-666134
-666125
-666117
-666108
-666100
-666092
-666083
-666075
-666066
-666058
-666049
-666041
-666033
-666024
-666016
-666007
-665999
-665990
-665982
-665973
-665965
-665957
-665948
-665940
-665931
-665923
-665914
-665906
-665897
-665889
-665881
-665872
-665863
-665855
-665847
-665838
-665830
-665821
-665813
-665804
-665796
-665787
-665778
-665770
-665761
-665753
-665744
-665736
-665727
-665719
-665710
-665701
-665693
-665684
-665676
-665667
-665659
-665650
-665641
-665633
-665624
-665616
-665607
-665599
-665590
-665581
-665573
-665564
-665556
-665547
-665538
-665530
-665521
-665513
-665504
-665495
-665487
-665478
-665469
-665461
-665452
-665443
-665435
-665426
-665417
-665408
-665400
-665391
-665382
-665374
-665365
-665356
-665348
-665339
-665330
-665322
-665313
-665304
-665295
-665287
-665278
-665269
-665261
-665252
-665243
-665234
-665226
-665217
-665208
-665199
-665191
-665182
-665173
-665164
-665155
-665147
-665138
-665129
-665120
-665111
-665103
-665094
-665085
-665076
-665067
-665059
-665050
-665041
-665032
-665023
-665014
-665006
-664997
-664988
-664979
-664970
-664962
-664953
-664944
-664935
-664926
-664917
-664908
-664899
-664890
-664882
-664873
-664864
-664855
-664846
-664837
-664828
-664819
-664810
-664801
-664792
-664783
-664775
-664766
-664757
-664748
-664739
-664730
-664721
-664712
-664703
-664694
-664685
-664676
-664667
-664658
-664649
-664640
-664631
-664622
-664613
-664604
-664595
-664586
-664577
-664568
-664559
-664550
-664541
-664532
-664523
-664514
-664505
-664496
-664487
-664478
-664469
-664460
-664450
-664441
-664432
-664423
-664414
-664405
-664396
-664387
-664378
-664369
-664360
-664350
-664341
-664332
-664323
-664314
-664305
-664296
-664287
-664278
-664268
-664259
-664250
-664241
-664232
-664223
-664213
-664204
-664195
-664186
-664177
-664168
-664158
-664149
-664140
-664131
-664122
-664112
-664103
-664094
-664085
-664076
-664066
-664057
-664048
-664039
-664029
-664020
-664011
-664002
-663992
-663983
-663974
-663965
-663955
-663946
-663937
-663927
-663918
-663909
-663900
-663890
-663881
-663872
-663862
-663853
-663844
-663834
-663825
-663816
-663806
-663797
-663788
-663778
-663769
-663760
-663750
-663741
-663732
-663722
-663713
-663704
-663694
-663685
-663675
-663666
-663657
-663647
-663638
-663628
-663619
-663610
-663600
-663591
-663581
-663572
-663562
-663553
-663544
-663534
-663525
-663515
-663506
-663496
-663487
-663477
-663468
-663458
-663449
-663439
-663430
-663420
-663411
-663401
-663392
-663382
-663373
-663363
-663354
-663344
-663335
-663325
-663316
-663306
-663297
-663287
-663278
-663268
-663258
-663249
-663239
-663230
-663220
-663211
-663201
-663191
-663182
-663172
-663163
-663153
-663143
-663134
-663124
-663114
-663105
-663095
-663086
-663076
-663066
-663057
-663047
-663037
-663028
-663018
-663008
-662999
-662989
-662979
-662970
-662960
-662950
-662941
-662931
-662921
-662911
-662902
-662892
-662882
-662873
-662863
-662853
-662843
-662834
-662824
-662814
-662804
-662795
-662785
-662775
-662765
-662755
-662746
-662736
-662726
-662716
-662706
-662697
-662687
-662677
-662667
-662657
-662648
-662638
-662628
-662618
-662608
-662598
-662589
-662579
-662569
-662559
-662549
-662539
-662530
-662520
-662510
-662500
-662490
-662480
-662470
-662460
-662450
-662440
-662431
-662421
-662411
-662401
-662391
-662381
-662371
-662361
-662351
-662341
-662331
-662321
-662311
-662301
-662291
-662281
-662271
-662261
-662251
-662241
-662231
-662221
-662211
-662201
-662191
-662181
-662171
-662161
-662151
-662141
-662131
-662121
-662111
-662101
-662091
-662081
-662071
-662060
-662050
-662040
-662030
-662020
-662010
-662000
-661990
-661980
-661969
-661959
-661949
-661939
-661929
-661919
-661909
-661899
-661888
-661878
-661868
-661858
-661848
-661838
-661827
-661817
-661807
-661797
-661787
-661776
-661766
-661756
-661746
-661736
-661725
-661715
-661705
-661695
-661684
-661674
-661664
-661654
-661643
-661633
-661623
-661612
-661602
-661592
-661582
-661571
-661561
-661551
-661540
-661530
-661520
-661509
-661499
-661489
-661478
-661468
-661458
-661447
-661437
-661427
-661416
-661406
-661396
-661385
-661375
-661364
-661354
-661344
-661333
-661323
-661312
-661302
-661291
-661281
-661271
-661260
-661250
-661239
-661229
-661218
-661208
-661197
-661187
-661176
-661166
-661155
-661145
-661134
-661124
-661113
-661103
-661092
-661082
-661071
-661061
-661050
-661040
-661029
-661019
-661008
-660998
-660987
-660976
-660966
-660955
-660945
-660934
-660924
-660913
-660902
-660892
-660881
-660870
-660860
-660849
-660839
-660828
-660817
-660807
-660796
-660785
-660775
-660764
-660753
-660743
-660732
-660721
-660711
-660700
-660689
-660678
-660668
-660657
-660646
-660635
-660625
-660614
-660603
-660592
-660582
-660571
-660560
-660549
-660539
-660528
-660517
-660506
-660495
-660485
-660474
-660463
-660452
-660441
-660431
-660420
-660409
-660398
-660387
-660376
-660365
-660355
-660344
-660333
-660322
-660311
-660300
-660289
-660278
-660267
-660257
-660246
-660235
-660224
-660213
-660202
-660191
-660180
-660169
-660158
-660147
-660136
-660125
-660114
-660103
-660092
-660081
-660070
-660059
-660048
-660037
-660026
-660015
-660004
-659993
-659982
-659971
-659960
-659949
-659938
-659927
-659915
-659904
-659893
-659882
-659871
-659860
-659849
-659838
-659826
-659815
-659804
-659793
-659782
-659771
-659760
-659748
-659737
-659726
-659715
-659704
-659692
-659681
-659670
-659659
-659648
-659636
-659625
-659614
-659603
-659591
-659580
-659569
-659558
-659546
-659535
-659524
-659513
-659501
-659490
-659479
-659467
-659456
-659445
-659433
-659422
-659411
-659399
-659388
-659377
-659365
-659354
-659342
-659331
-659320
-659308
-659297
-659285
-659274
-659263
-659251
-659240
-659228
-659217
-659205
-659194
-659182
-659171
-659159
-659148
-659136
-659125
-659113
-659102
-659090
-659079
-659067
-659056
-659044
-659033
-659021
-659010
-658998
-658987
-658975
-658963
-658952
-658940
-658929
-658917
-658905
-658894
-658882
-658870
-658859
-658847
-658835
-658824
-658812
-658800
-658789
-658777
-658765
-658754
-658742
-658730
-658719
-658707
-658695
-658683
-658672
-658660
-658648
-658636
-658625
-658613
-658601
-658589
-658577
-658566
-658554
-658542
-658530
-658518
-658507
-658495
-658483
-658471
-658459
-658447
-658435
-658423
-658412
-658400
-658388
-658376
-658364
-658352
-658340
-658328
-658316
-658304
-658292
-658280
-658268
-658256
-658244
-658232
-658220
-658208
-658196
-658184
-658172
-658160
-658148
-658136
-658124
-658112
-658100
-658088
-658076
-658064
-658052
-658039
-658027
-658015
-658003
-657991
-657979
-657967
-657954
-657942
-657930
-657918
-657906
-657894
-657881
-657869
-657857
-657845
-657832
-657820
-657808
-657796
-657783
-657771
-657759
-657747
-657734
-657722
-657710
-657697
-657685
-657673
-657660
-657648
-657636
-657623
-657611
-657599
-657586
-657574
-657561
-657549
-657537
-657524
-657512
-657499
-657487
-657474
-657462
-657449
-657437
-657424
-657412
-657399
-657387
-657374
-657362
-657349
-657337
-657324
-657312
-657299
-657287
-657274
-657261
-657249
-657236
-657224
-657211
-657198
-657186
-657173
-657160
-657148
-657135
-657122
-657110
-657097
-657084
-657072
-657059
-657046
-657033
-657021
-657008
-656995
-656982
-656969
-656957
-656944
-656931
-656918
-656905
-656893
-656880
-656867
-656854
-656841
-656828
-656815
-656802
-656790
-656777
-656764
-656751
-656738
-656725
-656712
-656699
-656686
-656673
-656660
-656647
-656634
-656621
-656608
-656595
-656582
-656569
-656556
-656543
-656530
-656516
-656503
-656490
-656477
-656464
-656451
-656438
-656425
-656411
-656398
-656385
-656372
-656359
-656345
-656332
-656319
-656306
-656292
-656279
-656266
-656253
-656239
-656226
-656213
-656199
-656186
-656173
-656159
-656146
-656133
-656119
-656106
-656092
-656079
-656066
-656052
-656039
-656025
-656012
-655998
-655985
-655971
-655958
-655944
-655931
-655917
-655904
-655890
-655877
-655863
-655849
-655836
-655822
-655809
-655795
-655781
-655768
-655754
-655740
-655727
-655713
-655699
-655686
-655672
-655658
-655644
-655631
-655617
-655603
-655589
-655576
-655562
-655548
-655534
-655520
-655506
-655493
-655479
-655465
-655451
-655437
-655423
-655409
-655395
-655381
-655367
-655353
-655339
-655325
-655311
-655297
-655283
-655269
-655255
-655241
-655227
-655213
-655199
-655185
-655171
-655156
-655142
-655128
-655114
-655100
-655085
-655071
-655057
-655043
-655029
-655014
-655000
-654986
-654971
-654957
-654943
-654928
-654914
-654900
-654885
-654871
-654857
-654842
-654828
-654813
-654799
-654784
-654770
-654755
-654741
-654726
-654712
-654697
-654683
-654668
-654654
-654639
-654625
-654610
-654595
-654581
-654566
-654551
-654537
-654522
-654507
-654493
-654478
-654463
-654448
-654434
-654419
-654404
-654389
-654374
-654359
-654345
-654330
-654315
-654300
-654285
-654270
-654255
-654240
-654225
-654210
-654195
-654180
-654165
-654150
-654135
-654120
-654105
-654090
-654075
-654060
-654044
-654029
-654014
-653999
-653984
-653969
-653953
-653938
-653923
-653908
-653892
-653877
-653862
-653846
-653831
-653816
-653800
-653785
-653769
-653754
-653738
-653723
-653708
-653692
-653677
-653661
-653645
-653630
-653614
-653599
-653583
-653568
-653552
-653536
-653521
-653505
-653489
-653473
-653458
-653442
-653426
-653410
-653395
-653379
-653363
-653347
-653331
-653315
-653299
-653283
-653268
-653252
-653236
-653220
-653204
-653188
-653172
-653155
-653139
-653123
-653107
-653091
-653075
-653059
-653043
-653026
-653010
-652994
-652978
-652961
-652945
-652929
-652912
-652896
-652880
-652863
-652847
-652830
-652814
-652798
-652781
-652765
-652748
-652731
-652715
-652698
-652682
-652665
-652648
-652632
-652615
-652598
-652582
-652565
-652548
-652531
-652515
-652498
-652481
-652464
-652447
-652430
-652413
-652397
-652380
-652363
-652346
-652329
-652312
-652294
-652277
-652260
-652243
-652226
-652209
-652192
-652174
-652157
-652140
-652123
-652105
-652088
-652071
-652053
-652036
-652018
-652001
-651984
-651966
-651949
-651931
-651913
-651896
-651878
-651861
-651843
-651825
-651808
-651790
-651772
-651754
-651737
-651719
-651701
-651683
-651665
-651647
-651629
-651612
-651594
-651576
-651558
-651539
-651521
-651503
-651485
-651467
-651449
-651431
-651412
-651394
-651376
-651358
-651339
-651321
-651303
-651284
-651266
-651247
-651229
-651210
-651192
-651173
-651155
-651136
-651117
-651099
-651080
-651061
-651042
-651024
-651005
-650986
-650967
-650948
-650929
-650910
-650891
-650872
-650853
-650834
-650815
-650796
-650777
-650758
-650739
-650719
-650700
-650681
-650661
-650642
-650623
-650603
-650584
-650564
-650545
-650525
-650506
-650486
-650466
-650447
-650427
-650407
-650388
-650368
-650348
-650328
-650308
-650288
-650268
-650248
-650228
-650208
-650188
-650168
-650148
-650128
-650108
-650087
-650067
-650047
-650026
-650006
-649986
-649965
-649945
-649924
-649904
-649883
-649862
-649842
-649821
-649800
-649780
-649759
-649738
-649717
-649696
-649675
-649654
-649633
-649612
-649591
-649570
-649549
-649528
-649506
-649485
-649464
-649442
-649421
-649399
-649378
-649356
-649335
-649313
-649292
-649270
-649248
-649227
-649205
-649183
-649161
-649139
-649117
-649095
-649073
-649051
-649029
-649007
-648985
-648962
-648940
-648918
-648895
-648873
-648850
-648828
-648805
-648783
-648760
-648737
-648715
-648692
-648669
-648646
-648623
-648600
-648577
-648554
-648531
-648508
-648485
-648462
-648438
-648415
-648392
-648368
-648345
-648321
-648298
-648274
-648250
-648227
-648203
-648179
-648155
-648131
-648107
-648083
-648059
-648035
-648011
-647987
-647963
-647938
-647914
-647889
-647865
-647840
-647816
-647791
-647767
-647742
-647717
-647692
-647667
-647642
-647617
-647592
-647567
-647542
-647517
-647491
-647466
-647441
-647415
-647390
-647364
-647338
-647313
-647287
-647261
-647235
-647209
-647183
-647157
-647131
-647105
-647079
-647052
-647026
-647000
-646973
-646946
-646920
-646893
-646866
-646840
-646813
-646786
-646759
-646732
-646705
-646677
-646650
-646623
-646595
-646568
-646540
-646513
-646485
-646457
-646429
-646402
-646374
-646346
-646318
-646289
-646261
-646233
-646204
-646176
-646147
-646119
-646090
-646061
-646033
-646004
-645975
-645946
-645916
-645887
-645858
-645829
-645799
-645770
-645740
-645710
-645681
-645651
-645621
-645591
-645561
-645531
-645500
-645470
-645440
-645409
-645379
-645348
-645317
-645286
-645256
-645225
-645193
-645162
-645131
-645100
-645068
-645037
-645005
-644973
-644942
-644910
-644878
-644846
-644814
-644781
-644749
-644716
-644684
-644651
-644619
-644586
-644553
-644520
-644487
-644453
-644420
-644387
-644353
-644320
-644286
-644252
-644218
-644184
-644150
-644116
-644081
-644047
-644013
-643978
-643943
-643908
-643873
-643838
-643803
-643768
-643732
-643697
-643661
-643625
-643590
-643554
-643517
-643481
-643445
-643408
-643372
-643335
-643298
-643262
-643225
-643187
-643150
-643113
-643075
-643038
-643000
-642962
-642924
-642886
-642847
-642809
-642771
-642732
-642693
-642654
-642615
-642576
-642537
-642497
-642458
-642418
-642378
-642338
-642298
-642258
-642217
-642177
-642136
-642095
-642054
-642013
-641972
-641930
-641889
-641847
-641805
-641763
-641721
-641679
-641636
-641594
-641551
-641508
-641465
-641422
-641378
-641335
-641291
-641247
-641203
-641159
-641115
-641070
-641025
-640981
-640935
-640890
-640845
-640799
-640754
-640708
-640662
-640616
-640569
-640523
-640476
-640429
-640382
-640334
-640287
-640239
-640191
-640143
-640095
-640047
-639998
-639949
-639900
-639851
-639802
-639752
-639702
-639652
-639602
-639552
-639501
-639450
-639399
-639348
-639297
-639245
-639193
-639141
-639089
-639037
-638984
-638931
-638878
-638825
-638771
-638717
-638663
-638609
-638555
-638500
-638445
-638390
-638334
-638279
-638223
-638167
-638110
-638054
-637997
-637940
-637883
-637825
-637767
-637709
-637651
-637592
-637534
-637474
-637415
-637356
-637296
-637236
-637175
-637114
-637054
-636992
-636931
-636869
-636807
-636745
-636682
-636619
-636556
-636493
-636429
-636365
-636301
-636236
-636171
-636106
-636040
-635974
-635908
-635842
-635775
-635708
-635641
-635573
-635505
-635437
-635368
-635299
-635230
-635160
-635090
-635020
-634949
-634878
-634807
-634736
-634664
-634591
-634519
-634445
-634372
-634298
-634224
-634150
-634075
-634000
-633924
-633848
-633772
-633695
-633618
-633541
-633463
-633385
-633306
-633227
-633148
-633068
-632987
-632907
-632826
-632744
-632663
-632580
-632498
-632414
-632331
-632247
-632163
-632078
-631992
-631907
-631820
-631734
-631647
-631559
-631471
-631383
-631294
-631205
-631115
-631024
-630934
-630842
-630751
-630658
-630566
-630472
-630379
-630284
-630189
-630094
-629998
-629902
-629805
-629708
-629610
-629512
-629413
-629313
-629213
-629113
-629011
-628910
-628807
-628705
-628601
-628497
-628393
-628287
-628182
-628075
-627968
-627861
-627753
-627644
-627534
-627424
-627314
-627203
-627091
-626978
-626865
-626751
-626636
-626521
-626405
-626289
-626172
-626054
-625935
-625816
-625696
-625575
-625454
-625332
-625209
-625085
-624961
-624836
-624710
-624583
-624456
-624327
-624198
-624068
-623938
-623806
-623674
-623541
-623407
-623272
-623136
-623000
-622862
-622724
-622584
-622444
-622303
-622160
-622017
-621873
-621727
-621581
-621433
-621284
-621145
-621148
-621121
-620956
-620786
-620689
-620388
-620270
-620051
-619909
-619725
-619574
-619403
-619247
-619083
-618924
-618760
-618599
-618436
-618271
-618106
-617940
-617773
-617606
-617437
-617267
-617096
-616924
-616751
-616577
-616402
-616225
-616048
-615869
-615689
-615509
-615327
-615144
-614960
-614774
-614588
-614400
-614211
-614021
-613829
-613637
-613443
-613248
-613052
-612855
-612656
-612456
-612255
-612052
-611849
-611643
-611437
-611229
-611021
-610810
-610599
-610386
-610172
-609956
-609739
-609521
-609301
-609079
-608857
-608633
-608407
-608181
-607952
-607723
-607491
-607259
-607025
-606789
-606552
-606313
-606073
-605831
-605588
-605343
-605097
-604849
-604600
-604349
-604096
-603842
-603586
-603328
-603069
-602808
-602546
-602282
-602016
-601749
-601480
-601209
-600936
-600662
-600386
-600108
-599829
-599548
-599264
-598980
-598693
-598405
-598114
-597822
-597528
-597233
-596935
-596636
-596334
-596031
-595726
-595419
-595110
-594799
-594486
-594171
-593854
-593536
-593215
-592892
-592568
-592241
-591912
-591582
-591249
-590914
-590577
-590238
-589897
-589554
-589209
-588862
-588512
-588161
-587807
-587451
-587094
-586733
-586371
-586007
-585640
-585272
-584901
-584527
-584152
-583775
-583395
-583013
-582629
-582242
-581853
-581462
-581069
-580674
-580276
-579876
-579473
-579069
-578662
-578253
-577841
-577427
-577011
-576593
-576172
-575749
-575323
-574895
-574465
-574033
-573598
-573161
-572721
-572280
-571835
-571389
-570940
-570489
-570035
-569580
-569121
-568661
-568198
-567732
-567265
-566795
-566323
-565848
-565371
-564892
-564411
-563927
-563441
-562952
-562462
-561969
-561473
-560976
-560476
-559974
-559469
-558963
-558454
-557943
-557430
-556915
-556397
-555878
-555356
-554832
-554306
-553778
-553247
-552715
-552180
-551644
-551105
-550565
-550022
-549478
-548932
-548383
-547833
-547281
-546727
-546171
-545614
-545054
-544493
-543930
-543366
-542800
-542232
-541662
-541091
-540518
-539944
-539368
-538791
-538212
-537632
-537051
-536468
-535884
-535299
-534712
-534124
-533535
-532945
-532354
-531762
-531169
-530575
-529980
-529384
-528787
-528190
-527591
-526993
-526393
-525793
-525192
-524591
-523989
-523387
-522785
-522182
-521579
-520976
-520373
-519769
-519166
-518562
-517959
-517356
-516753
-516150
-515547
-514945
-514343
-513742
-513141
-512540
-511941
-511342
-510744
-510146
-509550
-508954
-508359
-507766
-507173
-506582
-505992
-505403
-504816
-504230
-503645
-503062
-502481
-501901
-501323
-500747
-500172
-499600
-499029
-498461
-497895
-497330
-496768
-496209
-495651
-495096
-494544
-493994
-493446
-492902
-492359
-491820
-491284
-490750
-490219
-489691
-489167
-488645
-488126
-487611
-487099
-486590
-486085
-485583
-485084
-484589
-484097
-483609
-483125
-482644
-482167
-481694
-481225
-480759
-480297
-479840
-479386
-478936
-478491
-478049
-477612
-477178
-476749
-476324
-475904
-475487
-475075
-474668
-474264
-473865
-473471
-473080
-472695
-472313
-471936
-471564
-471196
-470833
-470474
-470120
-469770
-469425
-469084
-468748
-468417
-468090
-467768
-467450
-467137
-466829
-466525
-466226
-465931
-465641
-465356
-465075
-464798
-464526
-464259
-463996
-463738
-463484
-463235
-462990
-462749
-462513
-462282
-462055
-461832
-461613
-461399
-461189
-460984
-460782
-460585
-460392
-460203
-460019
-459838
-459662
-459489
-459321
-459156
-458996
-458839
-458686
-458537
-458392
-458251
-458113
-457979
-457849
-457722
-457599
-457479
-457363
-457251
-457142
-457036
-456933
-456834
-456738
-456646
-456556
-456470
-456387
-456307
-456229
-456155
-456084
-456016
-455950
-455887
-455828
-455770
-455716
-455664
-455615
-455568
-455524
-455482
-455443
-455406
-455372
-455340
-455310
-455282
-455257
-455234
-455213
-455194
-455177
-455162
-455149
-455138
-455128
-455121
-455116
-455112
-455110
-455110
-455112
-455115
-455120
-455126
-455134
-455143
-455154
-455167
-455181
-455196
-455213
-455231
-455250
-455270
-455292
-455315
-455339
-455365
-455391
-455419
-455448
-455477
-455508
-455540
-455573
-455607
-455641
-455677
-455713
-455751
-455789
-455828
-455868
-455909
-455950
-455992
-456035
-456078
-456123
-456168
-456213
-456259
-456306
-456353
-456401
-456450
-456499
-456549
-456599
-456649
-456701
-456752
-456804
-456857
-456910
-456963
-457017
-457071
-457126
-457181
-457236
-457291
-457347
-457404
-457460
-457517
-457575
-457632
-457690
-457748
-457806
-457865
-457924
-457983
-458042
-458102
-458162
-458222
-458282
-458342
-458403
-458464
-458525
-458586
-458647
-458708
-458770
-458832
-458894
-458956
-459018
-459080
-459142
-459205
-459268
-459330
-459393
-459456
-459519
-459582
-459646
-459709
-459772
-459836
-459899
-459963
-460027
-460091
-460155
-460219
-460283
-460347
-460411
-460475
-460539
-460604
-460668
-460732
-460797
-460861
-460926
-460991
-461055
-461120
-461185
-461249
-461314
-461379
-461444
-461509
-461574
-461639
-461704
-461769
-461834
-461899
-461964
-462029
-462094
-462159
-462224
-462290
-462355
-462420
-462485
-462551
-462616
-462681
-462747
-462812
-462877
-462943
-463008
-463073
-463139
-463204
-463270
-463335
-463401
-463466
-463532
-463597
-463663
-463728
-463794
-463859
-463925
-463990
-464056
-464122
-464187
-464253
-464319
-464384
-464450
-464515
-464581
-464647
-464712
-464778
-464844
-464910
-464975
-465041
-465107
-465172
-465238
-465304
-465370
-465435
-465501
-465567
-465633
-465699
-465764
-465830
-465896
-465962
-466028
-466094
-466159
-466225
-466291
-466357
-466423
-466489
-466555
-466621
-466686
-466752
-466818
-466884
-466950
-467016
-467082
-467148
-467214
-467280
-467346
-467412
-467478
-467544
-467610
-467676
-467742
-467808
-467874
-467940
-468006
-468072
-468138
-468204
-468270
-468337
-468403
-468469
-468535
-468601
-468667
-468733
-468799
-468866
-468932
-468998
-469064
-469130
-469196
-469263
-469329
-469395
-469461
-469527
-469594
-469660
-469726
-469792
-469859
-469925
-469991
-470057
-470124
-470190
-470256
-470322
-470389
-470455
-470521
-470588
-470654
-470720
-470787
-470853
-470919
-470986
-471052
-471119
-471185
-471251
-471318
-471384
-471450
-471517
-471583
-471650
-471716
-471783
-471849
-471915
-471982
-472048
-472115
-472181
-472248
-472314
-472381
-472447
-472514
-472580
-472647
-472713
-472780
-472846
-472913
-472980
-473046
-473113
-473179
-473246
-473312
-473379
-473446
-473512
-473579
-473646
-473712
-473779
-473845
-473912
-473979
-474045
-474112
-474179
-474246
-474312
-474379
-474446
-474512
-474579
-474646
-474713
-474780
-474846
-474913
-474980
-475047
-475114
-475180
-475247
-475314
-475381
-475448
-475515
-475582
-475648
-475715
-475782
-475849
-475916
-475983
-476050
-476117
-476184
-476251
-476318
-476385
-476452
-476519
-476586
-476653
-476720
-476787
-476854
-476921
-476988
-477055
-477123
-477190
-477257
-477324
-477391
-477458
-477525
-477592
-477660
-477727
-477794
-477861
-477928
-477995
-478063
-478130
-478197
-478264
-478332
-478399
-478466
-478533
-478601
-478668
-478735
-478802
-478870
-478937
-479004
-479072
-479139
-479206
-479274
-479341
-479408
-479476
-479543
-479610
-479678
-479745
-479813
-479880
-479947
-480015
-480082
-480150
-480217
-480284
-480352
-480419
-480487
-480554
-480622
-480689
-480757
-480824
-480892
-480959
-481027
-481094
-481162
-481229
-481297
-481364
-481432
-481499
-481567
-481634
-481702
-481770
-481837
-481905
-481972
-482040
-482108
-482175
-482243
-482311
-482378
-482446
-482514
-482581
-482649
-482717
-482784
-482852
-482920
-482987
-483055
-483123
-483191
-483258
-483326
-483394
-483462
-483530
-483597
-483665
-483733
-483801
-483869
-483937
-484004
-484072
-484140
-484208
-484276
-484344
-484412
-484480
-484548
-484616
-484684
-484752
-484820
-484888
-484956
-485024
-485092
-485160
-485228
-485296
-485364
-485432
-485500
-485568
-485636
-485705
-485773
-485841
-485909
-485977
-486045
-486114
-486182
-486250
-486318
-486387
-486455
-486523
-486591
-486660
-486728
-486796
-486865
-486933
-487001
-487070
-487138
-487206
-487275
-487343
-487412
-487480
-487548
-487617
-487685
-487754
-487822
-487891
-487959
-488028
-488096
-488165
-488234
-488302
-488371
-488439
-488508
-488576
-488645
-488714
-488782
-488851
-488920
-488988
-489057
-489126
-489194
-489263
-489332
-489401
-489469
-489538
-489607
-489676
-489745
-489813
-489882
-489951
-490020
-490089
-490158
-490227
-490295
-490364
-490433
-490502
-490571
-490640
-490709
-490778
-490847
-490916
-490985
-491054
-491123
-491192
-491261
-491330
-491399
-491468
-491537
-491606
-491676
-491745
-491814
-491883
-491952
-492021
-492090
-492160
-492229
-492298
-492367
-492437
-492506
-492575
-492644
-492714
-492783
-492852
-492921
-492991
-493060
-493129
-493199
-493268
-493337
-493407
-493476
-493546
-493615
-493684
-493754
-493823
-493893
-493962
-494032
-494101
-494171
-494240
-494310
-494379
-494449
-494518
-494588
-494657
-494727
-494796
-494866
-494936
-495005
-495075
-495144
-495214
-495284
-495353
-495423
-495493
-495562
-495632
-495702
-495771
-495841
-495911
-495981
-496050
-496120
-496190
-496260
-496329
-496399
-496469
-496539
-496609
-496678
-496748
-496818
-496888
-496958
-497028
-497098
-497167
-497237
-497307
-497377
-497447
-497517
-497587
-497657
-497727
-497797
-497867
-497937
-498007
-498077
-498147
-498217
-498287
-498357
-498427
-498497
-498567
-498637
-498707
-498777
-498847
-498917
-498987
-499058
-499128
-499198
-499268
-499338
-499408
-499478
-499549
-499619
-499689
-499759
-499829
-499899
-499970
-500040
-500110
-500180
-500251
-500321
-500391
-500461
-500532
-500602
-500672
-500742
-500813
-500883
-500953
-501024
-501094
-501164
-501235
-501305
-501375
-501446
-501516
-501586
-501657
-501727
-501798
-501868
-501938
-502009
-502079
-502150
-502220
-502291
-502361
-502431
-502502
-502572
-502643
-502713
-502784
-502854
-502925
-502995
-503066
-503136
-503207
-503277
-503348
-503418
-503489
-503560
-503630
-503701
-503771
-503842
-503912
-503983
-504054
-504124
-504195
-504265
-504336
-504407
-504477
-504548
-504619
-504689
-504760
-504831
-504901
-504972
-505043
-505113
-505184
-505255
-505325
-505396
-505467
-505538
-505608
-505679
-505750
-505820
-505891
-505962
-506033
-506104
-506174
-506245
-506316
-506387
-506457
-506528
-506599
-506670
-506741
-506812
-506882
-506953
-507024
-507095
-507166
-507237
-507307
-507378
-507449
-507520
-507591
-507662
-507733
-507804
-507875
-507946
-508017
-508087
-508158
-508229
-508300
-508371
-508442
-508513
-508584
-508655
-508726
-508797
-508868
-508939
-509010
-509081
-509152
-509223
-509294
-509365
-509436
-509508
-509579
-509650
-509721
-509792
-509863
-509934
-510005
-510076
-510147
-510219
-510290
-510361
-510432
-510503
-510574
-510646
-510717
-510788
-510859
-510930
-511002
-511073
-511144
-511215
-511286
-511358
-511429
-511500
-511572
-511643
-511714
-511785
-511857
-511928
-511999
-512071
-512142
-512213
-512285
-512356
-512427
-512499
-512570
-512642
-512713
-512784
-512856
-512927
-512999
-513070
-513142
-513213
-513285
-513356
-513428
-513499
-513571
-513642
-513714
-513785
-513857
-513928
-514000
-514071
-514143
-514215
-514286
-514358
-514430
-514501
-514573
-514644
-514716
-514788
-514859
-514931
-515003
-515075
-515146
-515218
-515290
-515362
-515433
-515505
-515577
-515649
-515720
-515792
-515864
-515936
-516008
-516080
-516151
-516223
-516295
-516367
-516439
-516511
-516583
-516655
-516727
-516799
-516871
-516943
-517015
-517087
-517159
-517231
-517303
-517375
-517447
-517519
-517591
-517663
-517735
-517807
-517879
-517951
-518024
-518096
-518168
-518240
-518312
-518384
-518457
-518529
-518601
-518673
-518746
-518818
-518890
-518962
-519035
-519107
-519179
-519252
-519324
-519396
-519469
-519541
-519613
-519686
-519758
-519831
-519903
-519976
-520048
-520120
-520193
-520265
-520338
-520410
-520483
-520555
-520628
-520701
-520773
-520846
-520918
-520991
-521063
-521136
-521209
-521281
-521354
-521427
-521499
-521572
-521645
-521717
-521790
-521863
-521936
-522008
-522081
-522154
-522227
-522299
-522372
-522445
-522518
-522591
-522664
-522736
-522809
-522882
-522955
-523028
-523101
-523174
-523247
-523320
-523393
-523466
-523539
-523612
-523685
-523758
-523831
-523904
-523977
-524050
-524123
-524196
-524269
-524342
-524415
-524488
-524562
-524635
-524708
-524781
-524854
-524927
-525001
-525074
-525147
-525220
-525294
-525367
-525440
-525513
-525587
-525660
-525733
-525807
-525880
-525953
-526027
-526100
-526173
-526247
-526320
-526393
-526467
-526540
-526614
-526687
-526761
-526834
-526908
-526981
-527055
-527128
-527202
-527275
-527349
-527422
-527496
-527569
-527643
-527717
-527790
-527864
-527937
-528011
-528085
-528158
-528232
-528306
-528379
-528453
-528527
-528601
-528674
-528748
-528822
-528896
-528969
-529043
-529117
-529191
-529265
-529338
-529412
-529486
-529560
-529634
-529708
-529782
-529855
-529929
-530003
-530077
-530151
-530225
-530299
-530373
-530447
-530521
-530595
-530669
-530743
-530817
-530891
-530965
-531039
-531113
-531187
-531261
-531336
-531410
-531484
-531558
-531632
-531706
-531780
-531854
-531929
-532003
-532077
-532151
-532225
-532300
-532374
-532448
-532522
-532597
-532671
-532745
-532820
-532894
-532968
-533043
-533117
-533191
-533266
-533340
-533414
-533489
-533563
-533637
-533712
-533786
-533861
-533935
-534010
-534084
-534159
-534233
-534308
-534382
-534456
-534531
-534606
-534680
-534755
-534829
-534904
-534978
-535053
-535127
-535202
-535277
-535351
-535426
-535500
-535575
-535650
-535724
-535799
-535874
-535948
-536023
-536098
-536173
-536247
-536322
-536397
-536471
-536546
-536621
-536696
-536771
-536845
-536920
-536995
-537070
-537145
-537219
-537294
-537369
-537444
-537519
-537594
-537669
-537743
-537818
-537893
-537968
-538043
-538118
-538193
-538268
-538343
-538418
-538493
-538568
-538643
-538718
-538793
-538868
-538943
-539018
-539093
-539168
-539243
-539318
-539393
-539468
-539543
-539618
-539693
-539768
-539844
-539919
-539994
-540069
-540144
-540219
-540294
-540370
-540445
-540520
-540595
-540670
-540745
-540821
-540896
-540971
-541046
-541122
-541197
-541272
-541347
-541423
-541498
-541573
-541649
-541724
-541799
-541874
-541950
-542025
-542100
-542176
-542251
-542326
-542402
-542477
-542553
-542628
-542703
-542779
-542854
-542930
-543005
-543081
-543156
-543231
-543307
-543382
-543458
-543533
-543609
-543684
-543760
-543835
-543911
-543986
-544062
-544137
-544213
-544289
-544364
-544440
-544515
-544591
-544666
-544742
-544818
-544893
-544969
-545045
-545120
-545196
-545272
-545347
-545423
-545499
-545574
-545650
-545726
-545801
-545877
-545953
-546029
-546104
-546180
-546256
-546332
-546407
-546483
-546559
-546635
-546711
-546786
-546862
-546938
-547014
-547090
-547166
-547242
-547317
-547393
-547469
-547545
-547621
-547697
-547773
-547849
-547925
-548001
-548077
-548153
-548229
-548305
-548381
-548457
-548533
-548609
-548685
-548761
-548837
-548913
-548989
-549065
-549141
-549217
-549293
-549369
-549446
-549522
-549598
-549674
-549750
-549826
-549902
-549979
-550055
-550131
-550207
-550284
-550360
-550436
-550512
-550589
-550665
-550741
-550817
-550894
-550970
-551046
-551123
-551199
-551275
-551352
-551428
-551504
-551581
-551657
-551734
-551810
-551886
-551963
-552039
-552116
-552192
-552269
-552345
-552422
-552498
-552575
-552651
-552728
-552804
-552881
-552957
-553034
-553111
-553187
-553264
-553340
-553417
-553494
-553570
-553647
-553724
-553800
-553877
-553954
-554030
-554107
-554184
-554261
-554337
-554414
-554491
-554568
-554644
-554721
-554798
-554875
-554952
-555028
-555105
-555182
-555259
-555336
-555413
-555490
-555567
-555644
-555720
-555797
-555874
-555951
-556028
-556105
-556182
-556259
-556336
-556413
-556490
-556567
-556644
-556721
-556799
-556876
-556953
-557030
-557107
-557184
-557261
-557338
-557416
-557493
-557570
-557647
-557724
-557801
-557879
-557956
-558033
-558110
-558188
-558265
-558342
-558420
-558497
-558574
-558652
-558729
-558806
-558884
-558961
-559038
-559116
-559193
-559271
-559348
-559425
-559503
-559580
-559658
-559735
-559813
-559890
-559968
-560045
-560123
-560200
-560278
-560355
-560433
-560511
-560588
-560666
-560743
-560821
-560899
-560976
-561054
-561132
-561209
-561287
-561365
-561442
-561520
-561598
-561675
-561753
-561831
-561909
-561986
-562064
-562142
-562220
-562298
-562376
-562453
-562531
-562609
-562687
-562765
-562843
-562921
-562999
-563076
-563154
-563232
-563310
-563388
-563466
-563544
-563622
-563700
-563778
-563856
-563934
-564012
-564090
-564169
-564247
-564325
-564403
-564481
-564559
-564637
-564715
-564793
-564872
-564950
-565028
-565106
-565184
-565263
-565341
-565419
-565497
-565576
-565654
-565732
-565810
-565889
-565967
-566045
-566124
-566202
-566280
-566359
-566437
-566516
-566594
-566672
-566751
-566829
-566908
-566986
-567064
-567143
-567221
-567300
-567378
-567457
-567535
-567614
-567692
-567771
-567850
-567928
-568007
-568085
-568164
-568243
-568321
-568400
-568478
-568557
-568636
-568714
-568793
-568872
-568950
-569029
-569108
-569187
-569265
-569344
-569423
-569502
-569580
-569659
-569738
-569817
-569896
-569975
-570053
-570132
-570211
-570290
-570369
-570448
-570527
-570606
-570685
-570763
-570842
-570921
-571000
-571079
-571158
-571237
-571316
-571395
-571474
-571553
-571632
-571711
-571791
-571870
-571949
-572028
-572107
-572186
-572265
-572344
-572423
-572503
-572582
-572661
-572740
-572819
-572899
-572978
-573057
-573136
-573215
-573295
-573374
-573453
-573533
-573612
-573691
-573771
-573850
-573929
-574009
-574088
-574167
-574247
-574326
-574405
-574485
-574564
-574644
-574723
-574803
-574882
-574961
-575041
-575120
-575200
-575279
-575359
-575438
-575518
-575598
-575677
-575757
-575836
-575916
-575995
-576075
-576155
-576234
-576314
-576394
-576473
-576553
-576633
-576712
-576792
-576872
-576951
-577031
-577111
-577191
-577270
-577350
-577430
-577510
-577589
-577669
-577749
-577829
-577909
-577989
-578068
-578148
-578228
-578308
-578388
-578468
-578548
-578628
-578708
-578787
-578867
-578947
-579027
-579107
-579187
-579267
-579347
-579427
-579507
-579587
-579667
-579747
-579828
-579908
-579988
-580068
-580148
-580228
-580308
-580388
-580468
-580549
-580629
-580709
-580789
-580869
-580949
-581030
-581110
-581190
-581270
-581351
-581431
-581511
-581591
-581672
-581752
-581832
-581913
-581993
-582073
-582154
-582234
-582314
-582395
-582475
-582555
-582636
-582716
-582797
-582877
-582958
-583038
-583118
-583199
-583279
-583360
-583440
-583521
-583601
-583682
-583762
-583843
-583924
-584004
-584085
-584165
-584246
-584326
-584407
-584488
-584568
-584649
-584730
-584810
-584891
-584972
-585052
-585133
-585214
-585294
-585375
-585456
-585537
-585617
-585698
-585779
-585860
-585941
-586021
-586102
-586183
-586264
-586345
-586425
-586506
-586587
-586668
-586749
-586830
-586911
-586992
-587073
-587154
-587235
-587315
-587396
-587477
-587558
-587639
-587720
-587801
-587882
-587963
-588045
-588126
-588207
-588288
-588369
-588450
-588531
-588612
-588693
-588774
-588855
-588937
-589018
-589099
-589180
-589261
-589343
-589424
-589505
-589586
-589667
-589749
-589830
-589911
-589992
-590074
-590155
-590236
-590318
-590399
-590480
-590562
-590643
-590724
-590806
-590887
-590969
-591050
-591131
-591213
-591294
-591376
-591457
-591539
-591620
-591702
-591783
-591865
-591946
-592028
-592109
-592191
-592272
-592354
-592435
-592517
-592599
-592680
-592762
-592843
-592925
-593007
-593088
-593170
-593252
-593333
-593415
-593497
-593578
-593660
-593742
-593824
-593905
-593987
-594069
-594151
-594233
-594314
-594396
-594478
-594560
-594642
-594724
-594805
-594887
-594969
-595051
-595133
-595215
-595297
-595379
-595461
-595543
-595625
-595707
-595789
-595871
-595953
-596035
-596117
-596199
-596281
-596363
-596445
-596527
-596609
-596691
-596773
-596855
-596938
-597020
-597102
-597184
-597266
-597348
-597431
-597513
-597595
-597677
-597760
-597842
-597924
-598006
-598089
-598171
-598253
-598335
-598418
-598500
-598583
-598665
-598747
-598830
-598912
-598994
-599077
-599159
-599242
-599324
-599407
-599489
-599571
-599654
-599736
-599819
-599901
-599984
-600067
-600149
-600232
-600314
-600397
-600479
-600562
-600645
-600727
-600810
-600892
-600975
-601058
-601140
-601223
-601306
-601389
-601471
-601554
-601637
-601720
-601802
-601885
-601968
-602051
-602133
-602216
-602299
-602382
-602465
-602548
-602630
-602713
-602796
-602879
-602962
-603045
-603128
-603211
-603294
-603377
-603460
-603543
-603626
-603709
-603792
-603875
-603958
-604041
-604124
-604207
-604290
-604373
-604456
-604540
-604623
-604706
-604789
-604872
-604955
-605038
-605122
-605205
-605288
-605371
-605455
-605538
-605621
-605704
-605788
-605871
-605954
-606038
-606121
-606204
-606288
-606371
-606454
-606538
-606621
-606704
-606788
-606871
-606955
-607038
-607122
-607205
-607289
-607372
-607456
-607539
-607623
-607706
-607790
-607873
-607957
-608040
-608124
-608208
-608291
-608375
-608458
-608542
-608626
-608709
-608793
-608877
-608960
-609044
-609128
-609212
-609295
-609379
-609463
-609547
-609630
-609714
-609798
-609882
-609966
-610049
-610133
-610217
-610301
-610385
-610469
-610553
-610637
-610721
-610804
-610888
-610972
-611056
-611140
-611224
-611308
-611392
-611476
-611560
-611644
-611728
-611812
-611897
-611981
-612065
-612149
-612233
-612317
-612401
-612485
-612569
-612654
-612738
-612822
-612906
-612990
-613075
-613159
-613243
-613327
-613412
-613496
-613580
-613664
-613749
-613833
-613917
-614002
-614086
-614170
-614255
-614339
-614423
-614508
-614592
-614677
-614761
-614845
-614930
-615014
-615099
-615183
-615268
-615352
-615437
-615521
-615606
-615690
-615775
-615859
-615944
-616029
-616113
-616198
-616282
-616367
-616452
-616536
-616621
-616706
-616790
-616875
-616960
-617044
-617129
-617214
-617298
-617383
-617468
-617553
-617637
-617722
-617807
-617892
-617977
-618061
-618146
-618231
-618316
-618401
-618486
-618571
-618656
-618740
-618825
-618910
-618995
-619080
-619165
-619250
-619335
-619420
-619505
-619590
-619675
-619760
-619845
-619930
-620015
-620100
-620185
-620270
-620355
-620441
-620526
-620611
-620696
-620781
-620866
-620951
-621037
-621122
-621207
-621292
-621377
-621463
-621548
-621633
-621718
-621804
-621889
-621974
-622059
-622145
-622230
-622315
-622401
-622486
-622571
-622657
-622742
-622828
-622913
-622998
-623084
-623169
-623255
-623340
-623426
-623511
-623597
-623682
-623768
-623853
-623939
-624024
-624110
-624195
-624281
-624366
-624452
-624537
-624623
-624709
-624794
-624880
-624966
-625051
-625137
-625223
-625308
-625394
-625480
-625565
-625651
-625737
-625823
-625908
-625994
-626080
-626166
-626252
-626337
-626423
-626509
-626595
-626681
-626767
-626852
-626938
-627024
-627110
-627196
-627282
-627368
-627454
-627540
-627626
-627712
-627798
-627884
-627970
-628056
-628142
-628228
-628314
-628400
-628486
-628572
-628658
-628744
-628830
-628917
-629003
-629089
-629175
-629261
-629347
-629433
-629520
-629606
-629692
-629778
-629865
-629951
-630037
-630123
-630210
-630296
-630382
-630469
-630555
-630641
-630728
-630814
-630900
-630987
-631073
-631159
-631246
-631332
-631419
-631505
-631592
-631678
-631765
-631851
-631938
-632024
-632111
-632197
-632284
-632370
-632457
-632543
-632630
-632716
-632803
-632890
-632976
-633063
-633150
-633236
-633323
-633410
-633496
-633583
-633670
-633756
-633843
-633930
-634017
-634103
-634190
-634277
-634364
-634450
-634537
-634624
-634711
-634798
-634885
-634971
-635058
-635145
-635232
-635319
-635406
-635493
-635580
-635667
-635754
-635841
-635928
-636015
-636102
-636189
-636276
-636363
-636450
-636537
-636624
-636711
-636798
-636885
-636972
-637059
-637146
-637234
-637321
-637408
-637495
-637582
-637669
-637757
-637844
-637931
-638018
-638105
-638193
-638280
-638367
-638454
-638542
-638629
-638716
-638804
-638891
-638978
-639066
-639153
-639240
-639328
-639415
-639503
-639590
-639677
-639765
-639852
-639940
-640027
-640115
-640202
-640290
-640377
-640465
-640552
-640640
-640727
-640815
-640903
-640990
-641078
-641165
-641253
-641340
-641428
-641516
-641603
-641691
-641779
-641866
-641954
-642042
-642130
-642217
-642305
-642393
-642480
-642568
-642656
-642744
-642832
-642919
-643007
-643095
-643183
-643271
-643359
-643446
-643534
-643622
-643710
-643798
-643886
-643974
-644062
-644150
-644238
-644326
-644414
-644502
-644590
-644678
-644766
-644854
-644942
-645030
-645118
-645206
-645294
-645382
-645470
-645558
-645647
-645735
-645823
-645911
-645999
-646087
-646175
-646264
-646352
-646440
-646528
-646617
-646705
-646793
-646881
-646970
-647058
-647146
-647235
-647323
-647411
-647500
-647588
-647676
-647765
-647853
-647941
-648030
-648118
-648207
-648295
-648384
-648472
-648560
-648649
-648737
-648826
-648914
-649003
-649091
-649180
-649269
-649357
-649446
-649534
-649623
-649711
-649800
-649889
-649977
-650066
-650155
-650243
-650332
-650421
-650509
-650598
-650687
-650776
-650864
-650953
-651042
-651131
-651219
-651308
-651397
-651486
-651575
-651663
-651752
-651841
-651930
-652019
-652108
-652197
-652286
-652374
-652463
-652552
-652641
-652730
-652819
-652908
-652997
-653086
-653175
-653264
-653353
-653442
-653531
-653620
-653710
-653799
-653888
-653977
-654066
-654155
-654244
-654333
-654423
-654512
-654601
-654690
-654779
-654868
-654958
-655047
-655136
-655225
-655315
-655404
-655493
-655583
-655672
-655761
-655851
-655940
-656029
-656119
-656208
-656297
-656387
-656476
-656566
-656655
-656745
-656834
-656923
-657013
-657102
-657192
-657281
-657371
-657460
-657550
-657640
-657729
-657819
-657908
-657998
-658087
-658177
-658267
-658356
-658446
-658536
-658625
-658715
-658805
-658894
-658984
-659074
-659163
-659253
-659343
-659433
-659522
-659612
-659702
-659792
-659882
-659972
-660061
-660151
-660241
-660331
-660421
-660511
-660601
-660691
-660780
-660870
-660960
-661050
-661140
-661230
-661320
-661410
-661500
-661590
-661680
-661770
-661860
-661950
-662041
-662131
-662221
-662311
-662401
-662491
-662581
-662671
-662762
-662852
-662942
-663032
-663122
-663212
-663303
-663393
-663483
-663573
-663664
-663754
-663844
-663935
-664025
-664115
-664206
-664296
-664386
-664477
-664567
-664657
-664748
-664838
-664929
-665019
-665110
-665200
-665290
-665381
-665471
-665562
-665652
-665743
-665833
-665924
-666015
-666105
-666196
-666286
-666377
-666467
-666558
-666649
-666739
-666830
-666921
-667011
-667102
-667193
-667283
-667374
-667465
-667556
-667646
-667737
-667828
-667919
-668009
-668100
-668191
-668282
-668373
-668464
-668554
-668645
-668736
-668827
-668918
-669009
-669100
-669191
-669282
-669373
-669464
-669555
-669646
-669737
-669828
-669919
-670010
-670101
-670192
-670283
-670374
-670465
-670556
-670647
-670738
-670829
-670921
-671012
-671103
-671194
-671285
-671376
-671468
-671559
-671650
-671741
-671833
-671924
-672015
-672106
-672198
-672289
-672380
-672472
-672563
-672654
-672746
-672837
-672928
-673020
-673111
-673203
-673294
-673385
-673477
-673568
-673660
-673751
-673843
-673934
-674026
-674117
-674209
-674300
-674392
-674484
-674575
-674667
-674758
-674850
-674941
-675033
-675125
-675216
-675308
-675400
-675491
-675583
-675675
-675767
-675858
-675950
-676042
-676134
-676225
-676317
-676409
-676501
-676593
-676684
-676776
-676868
-676960
-677052
-677144
-677236
-677327
-677419
-677511
-677603
-677695
-677787
-677879
-677971
-678063
-678155
-678247
-678339
-678431
-678523
-678615
-678707
-678799
-678891
-678983
-679076
-679168
-679260
-679352
-679444
-679536
-679628
-679721
-679813
-679905
-679997
-680089
-680182
-680274
-680366
-680458
-680551
-680643
-680735
-680828
-680920
-681012
-681105
-681197
-681289
-681382
-681474
-681566
-681659
-681751
-681844
-681936
-682029
-682121
-682213
-682306
-682398
-682491
-682583
-682676
-682768
-682861
-682954
-683046
-683139
-683231
-683324
-683416
-683509
-683602
-683694
-683787
-683880
-683972
-684065
-684158
-684250
-684343
-684436
-684529
-684621
-684714
-684807
-684900
-684992
-685085
-685178
-685271
-685364
-685456
-685549
-685642
-685735
-685828
-685921
-686014
-686106
-686199
-686292
-686385
-686478
-686571
-686664
-686757
-686850
-686943
-687036
-687129
-687222
-687315
-687408
-687501
-687594
-687687
-687780
-687874
-687967
-688060
-688153
-688246
-688339
-688432
-688526
-688619
-688712
-688805
-688898
-688992
-689085
-689178
-689271
-689365
-689458
-689551
-689644
-689738
-689831
-689924
-690018
-690111
-690204
-690298
-690391
-690485
-690578
-690671
-690765
-690858
-690952
-691045
-691139
-691232
-691326
-691419
-691513
-691606
-691700
-691793
-691887
-691980
-692074
-692167
-692261
-692355
-692448
-692542
-692636
-692729
-692823
-692917
-693010
-693104
-693198
-693291
-693385
-693479
-693572
-693666
-693760
-693854
-693948
-694041
-694135
-694229
-694323
-694417
-694510
-694604
-694698
-694792
-694886
-694980
-695074
-695168
-695262
-695356
-695450
-695544
-695638
-695732
-695826
-695920
-696014
-696108
-696202
-696296
-696390
-696484
-696578
-696672
-696766
-696860
-696954
-697049
-697143
-697237
-697331
-697425
-697519
-697614
-697708
-697802
-697896
-697991
-698085
-698179
-698273
-698368
-698462
-698556
-698651
-698745
-698839
-698934
-699028
-699123
-699217
-699311
-699406
-699500
-699595
-699689
-699784
-699878
-699973
-700067
-700162
-700256
-700351
-700445
-700540
-700635
-700729
-700824
-700918
-701013
-701108
-701202
-701297
-701392
-701486
-701581
-701676
-701770
-701865
-701960
-702055
-702149
-702244
-702339
-702434
-702529
-702623
-702718
-702813
-702908
-703003
-703098
-703193
-703288
-703383
-703477
-703572
-703667
-703762
-703857
-703952
-704047
-704142
-704237
-704332
-704427
-704523
-704618
-704713
-704808
-704903
-704998
-705093
-705188
-705284
-705379
-705474
-705569
-705664
-705760
-705855
-705950
-706045
-706141
-706236
-706331
-706426
-706522
-706617
-706712
-706808
-706903
-706999
-707094
-707189
-707285
-707380
-707476
-707571
-707667
-707762
-707857
-707953
-708048
-708144
-708240
-708335
-708431
-708526
-708622
-708717
-708813
-708909
-709004
-709100
-709196
-709291
-709387
-709483
-709578
-709674
-709770
-709865
-709961
-710057
-710153
-710249
-710344
-710440
-710536
-710632
-710728
-710824
-710919
-711015
-711111
-711207
-711303
-711399
-711495
-711591
-711687
-711783
-711879
-711975
-712071
-712167
-712263
-712359
-712455
-712551
-712647
-712743
-712839
-712935
-713032
-713128
-713224
-713320
-713416
-713512
-713609
-713705
-713801
-713897
-713993
-714090
-714186
-714282
-714379
-714475
-714571
-714668
-714764
-714860
-714957
-715053
-715149
-715246
-715342
-715439
-715535
-715631
-715728
-715824
-715921
-716017
-716114
-716210
-716307
-716403
-716500
-716597
-716693
-716790
-716886
-716983
-717079
-717176
-717273
-717369
-717466
-717563
-717659
-717756
-717853
-717950
-718046
-718143
-718240
-718337
-718433
-718530
-718627
-718724
-718821
-718917
-719014
-719111
-719208
-719305
-719402
-719499
-719595
-719692
-719789
-719886
-719983
-720080
-720177
-720274
-720371
-720468
-720565
-720662
-720759
-720856
-720953
-721051
-721148
-721245
-721342
-721439
-721536
-721633
-721730
-721828
-721925
-722022
-722119
-722216
-722314
-722411
-722508
-722605
-722703
-722800
-722897
-722994
-723092
-723189
-723286
-723384
-723481
-723579
-723676
-723773
-723871
-723968
-724066
-724163
-724260
-724358
-724455
-724553
-724650
-724748
-724845
-724943
-725040
-725138
-725236
-725333
-725431
-725528
-725626
-725724
-725821
-725919
-726017
-726114
-726212
-726310
-726407
-726505
-726603
-726700
-726798
-726896
-726994
-727091
-727189
-727287
-727385
-727483
-727581
-727678
-727776
-727874
-727972
-728070
-728168
-728266
-728364
-728462
-728559
-728657
-728755
-728853
-728951
-729049
-729147
-729245
-729344
-729442
-729540
-729638
-729736
-729834
-729932
-730030
-730128
-730226
-730325
-730423
-730521
-730619
-730717
-730816
-730914
-731012
-731110
-731208
-731307
-731405
-731503
-731602
-731700
-731798
-731897
-731995
-732093
-732192
-732290
-732389
-732487
-732585
-732684
-732782
-732881
-732979
-733078
-733176
-733275
-733373
-733472
-733570
-733669
-733767
-733866
-733965
-734063
-734162
-734260
-734359
-734458
-734556
-734655
-734754
-734852
-734951
-735050
-735148
-735247
-735346
-735445
-735544
-735642
-735741
-735840
-735939
-736038
-736136
-736235
-736334
-736433
-736532
-736631
-736730
-736829
-736928
-737027
-737126
-737225
-737324
-737423
-737522
-737621
-737720
-737819
-737918
-738017
-738116
-738215
-738314
-738413
-738512
-738611
-738711
-738810
-738909
-739008
-739107
-739206
-739306
-739405
-739504
-739603
-739703
-739802
-739901
-740001
-740100
-740199
-740299
-740398
-740497
-740597
-740696
-740795
-740895
-740994
-741094
-741193
-741293
-741392
-741492
-741591
-741691
-741790
-741890
-741989
-742089
-742188
-742288
-742387
-742487
-742587
-742686
-742786
-742885
-742985
-743085
-743184
-743284
-743384
-743484
-743583
-743683
-743783
-743883
-743982
-744082
-744182
-744282
-744382
-744481
-744581
-744681
-744781
-744881
-744981
-745081
-745180
-745280
-745380
-745480
-745580
-745680
-745780
-745880
-745980
-746080
-746180
-746280
-746380
-746480
-746580
-746680
-746781
-746881
-746981
-747081
-747181
-747281
-747381
-747481
-747582
-747682
-747782
-747882
-747982
-748083
-748183
-748283
-748384
-748484
-748584
-748684
-748785
-748885
-748985
-749086
-749186
-749286
-749387
-749487
-749588
-749688
-749788
-749889
-749989
-750090
-750190
-750291
-750391
-750492
-750592
-750693
-750793
-750894
-750995
-751095
-751196
-751296
-751397
-751498
-751598
-751699
-751799
-751900
-752001
-752101
-752202
-752303
-752404
-752504
-752605
-752706
-752807
-752907
-753008
-753109
-753210
-753311
-753411
-753512
-753613
-753714
-753815
-753916
-754017
-754118
-754219
-754319
-754420
-754521
-754622
-754723
-754824
-754925
-755026
-755127
-755228
-755329
-755431
-755532
-755633
-755734
-755835
-755936
-756037
-756138
-756239
-756341
-756442
-756543
-756644
-756745
-756847
-756948
-757049
-757150
-757252
-757353
-757454
-757555
-757657
-757758
-757859
-757961
-758062
-758164
-758265
-758366
-758468
-758569
-758671
-758772
-758873
-758975
-759076
-759178
-759279
-759381
-759482
-759584
-759686
-759787
-759889
-759990
-760092
-760193
-760295
-760397
-760498
-760600
-760702
-760803
-760905
-761007
-761108
-761210
-761312
-761414
-761515
-761617
-761719
-761821
-761923
-762024
-762126
-762228
-762330
-762432
-762534
-762636
-762738
-762840
-762941
-763043
-763145
-763247
-763349
-763451
-763553
-763655
-763757
-763859
-763961
-764064
-764166
-764268
-764370
-764472
-764574
-764676
-764778
-764881
-764983
-765085
-765187
-765289
-765392
-765494
-765596
-765698
-765801
-765903
-766005
-766108
-766210
-766312
-766415
-766517
-766619
-766722
-766824
-766927
-767029
-767132
-767234
-767336
-767439
-767541
-767644
-767747
-767849
-767952
-768054
-768157
-768259
-768362
-768465
-768567
-768670
-768772
-768875
-768978
-769081
-769183
-769286
-769389
-769491
-769594
-769697
-769800
-769903
-770005
-770108
-770211
-770314
-770417
-770520
-770622
-770725
-770828
-770931
-771034
-771137
-771240
-771343
-771446
-771549
-771652
-771755
-771858
-771961
-772064
-772167
-772270
-772373
-772477
-772580
-772683
-772786
-772889
-772992
-773096
-773199
-773302
-773405
-773508
-773612
-773715
-773818
-773922
-774025
-774128
-774232
-774335
-774438
-774542
-774645
-774748
-774852
-774955
-775059
-775162
-775266
-775369
-775473
-775576
-775680
-775783
-775887
-775990
-776094
-776197
-776301
-776404
-776508
-776612
-776715
-776819
-776923
-777026
-777130
-777234
-777337
-777441
-777545
-777649
-777752
-777856
-777960
-778064
-778168
-778271
-778375
-778479
-778583
-778687
-778791
-778895
-778999
-779102
-779206
-779310
-779414
-779518
-779622
-779726
-779830
-779934
-780038
-780142
-780246
-780351
-780455
-780559
-780663
-780767
-780871
-780975
-781079
-781184
-781288
-781392
-781496
-781600
-781705
-781809
-781913
-782017
-782122
-782226
-782330
-782435
-782539
-782643
-782747
-782852
-782956
-783061
-783165
-783269
-783374
-783478
-783583
-783687
-783792
-783896
-784001
-784105
-784210
-784314
-784419
-784523
-784628
-784732
-784837
-784942
-785046
-785151
-785256
-785360
-785465
-785569
-785674
-785779
-785884
-785988
-786093
-786198
-786303
-786407
-786512
-786617
-786722
-786826
-786931
-787036
-787141
-787246
-787351
-787456
-787560
-787665
-787770
-787875
-787980
-788085
-788190
-788295
-788400
-788505
-788610
-788715
-788820
-788925
-789030
-789135
-789240
-789346
-789451
-789556
-789661
-789766
-789871
-789976
-790081
-790187
-790292
-790397
-790502
-790607
-790713
-790818
-790923
-791029
-791134
-791239
-791345
-791450
-791555
-791661
-791766
-791871
-791977
-792082
-792188
-792293
-792399
-792504
-792609
-792715
-792820
-792926
-793031
-793137
-793242
-793348
-793453
-793559
-793665
-793770
-793876
-793981
-794087
-794193
-794298
-794404
-794510
-794615
-794721
-794827
-794933
-795038
-795144
-795250
-795356
-795461
-795567
-795673
-795779
-795885
-795990
-796097
-796202
-796308
-796414
-796520
-796626
-796732
-796838
-796944
-797050
-797156
-797262
-797368
-797474
-797580
-797686
-797792
-797898
-798004
-798110
-798216
-798322
-798428
-798535
-798641
-798747
-798853
-798959
-799065
-799172
-799278
-799384
-799490
-799597
-799703
-799809
-799915
-800022
-800128
-800235
-800341
-800447
-800554
-800660
-800766
-800873
-800979
-801086
-801192
-801299
-801405
-801512
-801618
-801725
-801831
-801938
-802044
-802151
-802257
-802364
-802471
-802577
-802684
-802790
-802897
-803004
-803110
-803217
-803324
-803430
-803537
-803644
-803751
-803858
-803964
-804071
-804178
-804285
-804392
-804498
-804605
-804712
-804819
-804926
-805033
-805140
-805247
-805353
-805460
-805567
-805674
-805781
-805888
-805995
-806102
-806209
-806317
-806424
-806531
-806638
-806745
-806852
-806959
-807066
-807173
-807281
-807388
-807495
-807602
-807709
-807817
-807924
-808031
-808138
-808246
-808353
-808460
-808568
-808675
-808782
-808890
-808997
-809104
-809212
-809319
-809427
-809534
-809642
-809749
-809856
-809964
-810071
-810179
-810287
-810394
-810502
-810609
-810717
-810824
-810932
-811040
-811147
-811255
-811363
-811470
-811578
-811686
-811793
-811901
-812009
-812116
-812224
-812332
-812440
-812547
-812655
-812763
-812871
-812979
-813087
-813194
-813302
-813410
-813518
-813626
-813734
-813842
-813950
-814057
-814166
-814274
-814382
-814490
-814597
-814706
-814814
-814922
-815030
-815138
-815246
-815354
-815462
-815571
-815679
-815787
-815895
-816003
-816111
-816220
-816327
-816436
-816544
-816652
-816761
-816869
-816977
-817086
-817194
-817303
-817410
-817519
-817628
-817735
-817844
-817952
-818061
-818170
-818278
-818386
-818495
-818603
-818712
-818820
-818929
-819037
-819146
-819255
-819363
-819471
-819580
-819689
-819798
-819906
-820014
-820124
-820232
-820341
-820450
-820558
-820667
-820775
-820884
-820993
-821101
-821211
-821319
-821428
-821537
-821646
-821755
-821864
-821972
-822081
-822190
-822299
-822408
-822517
-822626
-822735
-822844
-822953
-823061
-823171
-823280
-823389
-823498
-823607
-823716
-823825
-823934
-824043
-824152
-824261
-824371
-824479
-824589
-824698
-824807
-824916
-825025
-825135
-825244
-825353
-825463
-825572
-825681
-825790
-825900
-826009
-826118
-826228
-826337
-826446
-826556
-826665
-826775
-826884
-826993
-827103
-827212
-827322
-827431
-827541
-827650
-827760
-827869
-827979
-828088
-828198
-828308
-828417
-828527
-828636
-828746
-828856
-828965
-829075
-829185
-829294
-829404
-829514
-829624
-829733
-829843
-829953
-830063
-830172
-830282
-830392
-830502
-830612
-830722
-830832
-830941
-831051
-831161
-831271
-831381
-831491
-831601
-831711
-831821
-831931
-832041
-832151
-832261
-832371
-832481
-832591
-832701
-832811
-832922
-833032
-833142
-833252
-833362
-833472
-833583
-833693
-833803
-833913
-834024
-834134
-834244
-834354
-834465
-834575
-834685
-834796
-834906
-835016
-835127
-835237
-835348
-835458
-835568
-835679
-835789
-835900
-836010
-836121
-836231
-836342
-836453
-836563
-836674
-836784
-836895
-837005
-837116
-837227
-837337
-837448
-837559
-837669
-837780
-837891
-838002
-838112
-838223
-838334
-838445
-838556
-838666
-838777
-838888
-838999
-839110
-839220
-839331
-839442
-839553
-839664
-839775
-839886
-839997
-840108
-840219
-840330
-840441
-840552
-840663
-840774
-840885
-840996
-841108
-841219
-841330
-841441
-841552
-841663
-841775
-841886
-841997
-842108
-842219
-842331
-842442
-842553
-842665
-842776
-842887
-842998
-843110
-843221
-843333
-843444
-843555
-843667
-843778
-843890
-844001
-844113
-844224
-844336
-844447
-844559
-844670
-844782
-844893
-845005
-845117
-845228
-845340
-845451
-845563
-845675
-845786
-845898
-846010
-846122
-846233
-846345
-846457
-846569
-846680
-846792
-846904
-847016
-847128
-847240
-847351
-847463
-847575
-847687
-847799
-847911
-848023
-848135
-848247
-848359
-848471
-848583
-848695
-848807
-848919
-849031
-849143
-849255
-849367
-849479
-849591
-849704
-849816
-849928
-850040
-850152
-850264
-850377
-850489
-850601
-850713
-850826
-850938
-851050
-851162
-851275
-851387
-851499
-851612
-851724
-851836
-851949
-852061
-852174
-852286
-852398
-852511
-852623
-852736
-852848
-852961
-853073
-853186
-853298
-853411
-853523
-853636
-853748
-853861
-853974
-854086
-854199
-854311
-854424
-854537
-854649
-854762
-854875
-854987
-855100
-855213
-855325
-855438
-855551
-855663
-855776
-855889
-856002
-856114
-856227
-856340
-856453
-856566
-856678
-856791
-856904
-857017
-857130
-857242
-857355
-857468
-857581
-857694
-857807
-857919
-858032
-858145
-858258
-858371
-858484
-858597
-858710
-858822
-858935
-859048
-859161
-859274
-859387
-859500
-859613
-859725
-859838
-859951
-860064
-860177
-860290
-860403
-860516
-860628
-860741
-860854
-860967
-861080
-861193
-861306
-861418
-861531
-861644
-861757
-861870
-861982
-862095
-862208
-862321
-862433
-862546
-862659
-862772
-862884
-862997
-863109
-863222
-863335
-863447
-863560
-863672
-863785
-863897
-864010
-864122
-864235
-864347
-864459
-864572
-864684
-864796
-864909
-865021
-865133
-865245
-865357
-865469
-865581
-865693
-865805
-865917
-866029
-866140
-866252
-866364
-866475
-866587
-866698
-866810
-866921
-867032
-867144
-867255
-867366
-867477
-867588
-867699
-867810
-867920
-868031
-868142
-868252
-868362
-868473
-868583
-868693
-868803
-868913
-869023
-869132
-869242
-869351
-869461
-869570
-869679
-869788
-869897
-870006
-870114
-870223
-870331
-870439
-870547
-870655
-870763
-870870
-870977
-871085
-871192
-871298
-871405
-871512
-871618
-871724
-871830
-871935
-872041
-872146
-872251
-872356
-872460
-872565
-872669
-872772
-872876
-872979
-873082
-873185
-873287
-873390
-873491
-873593
-873694
-873795
-873896
-873996
-874096
-874196
-874295
-874394
-874492
-874590
-874688
-874786
-874883
-874979
-875075
-875171
-875266
-875361
-875455
-875549
-875643
-875736
-875828
-875920
-876012
-876103
-876193
-876283
-876372
-876461
-876549
-876636
-876723
-876809
-876895
-876980
-877064
-877148
-877231
-877313
-877395
-877475
-877556
-877635
-877713
-877791
-877868
-877944
-878019
-878094
-878167
-878240
-878312
-878383
-878453
-878521
-878589
-878656
-878722
-878787
-878851
-878914
-878976
-879036
-879096
-879154
-879211
-879267
-879322
-879375
-879427
-879478
-879528
-879576
-879623
-879668
-879712
-879755
-879796
-879836
-879874
-879911
-879946
-879979
-880011
-880041
-880070
-880096
-880121
-880145
-880166
-880186
-880204
-880219
-880233
-880245
-880255
-880263
-880269
-880273
-880274
-880273
-880271
-880266
-880258
-880248
-880236
-880222
-880205
-880186
-880164
-880139
-880112
-880082
-880050
-880015
-879977
-879936
-879892
-879845
-879796
-879743
-879687
-879629
-879567
-879501
-879433
-879361
-879286
-879207
-879125
-879040
-878951
-878858
-878761
-878661
-878557
-878449
-878337
-878221
-878101
-877977
-877849
-877717
-877580
-877439
-877294
-877144
-876989
-876830
-876666
-876498
-876324
-876146
-875962
-875774
-875581
-875382
-875178
-874969
-874754
-874534
-874308
-874077
-873839
-873596
-873348
-873093
-872832
-872565
-872292
-872012
-871726
-871434
-871135
-870829
-870516
-870197
-869871
-869538
-869197
-868850
-868495
-868132
-867763
-867385
-867000
-866607
-866206
-865797
-865380
-864955
-864522
-864080
-863630
-863171
-862703
-862226
-861741
-861246
-860742
-860229
-859707
-859175
-858633
-858082
-857521
-856950
-856369
-855777
-855176
-854564
-853941
-853308
-852664
-852009
-851343
-850666
-849978
-849279
-848568
-847845
-847111
-846365
-845607
-844837
-844055
-843260
-842453
-841634
-840802
-839957
-839099
-838228
-837345
-836448
-835538
-834614
-833677
-832726
-831761
-830783
-829790
-828784
-827763
-826729
-825680
-824616
-823538
-822445
-821338
-820216
-819079
-817927
-816760
-815579
-814382
-813170
-811942
-810700
-809442
-808169
-806880
-805576
-804257
-802922
-801572
-800206
-798825
-797428
-796016
-794589
-793146
-791688
-790215
-788726
-787223
-785704
-784170
-782622
-781058
-779480
-777888
-776281
-774659
-773024
-771375
-769712
-768036
-766346
-764643
-762928
-761200
-759459
-757707
-755942
-754167
-752380
-750583
-748764
-746813
-744957
-743191
-741377
-739575
-737726
-735846
-733948
-732060
-730185
-728305
-726406
-724493
-722579
-720673
-718769
-716860
-714943
-713025
-711110
-709201
-707294
-705388
-703483
-701582
-699690
-697804
-695926
-694053
-692189
-690336
-688494
-686664
-684847
-683042
-681252
-679478
-677721
-675982
-674261
-672559
-670879
-669220
-667584
-665973
-664386
-662825
-661292
-659787
-658311
-656865
-655450
-654068
-652720
-651406
-650127
-648885
-647681
-646515
-645388
-644302
-643257
-642254
-641294
-640378
-639507
-638681
-637902
-637170
-636485
-635849
-635262
-634724
-634237
-633801
-633416
-633083
-632802
-632573
-632398
-632276
-632207
-632192
-632230
-632323
-632470
-632671
-632926
-633235
-633599
-634016
-634486
-635011
-635588
-636218
-636901
-637636
-638423
-639261
-640150
-641089
-642078
-643115
-644201
-645335
-646516
-647743
-649015
-650332
-651693
-653097
-654542
-656029
-657556
-659123
-660727
-662369
-664047
-665761
-667509
-669290
-671103
-672947
-674821
-676725
-678656
-680614
-682597
-684606
-686638
-688692
-690768
-692865
-694980
-697114
-699265
-701433
-703615
-705812
-708021
-710243
-712477
-714720
-716973
-719233
-721502
-723777
-726057
-728343
-730632
-732924
-735219
-737515
-739812
-742108
-744404
-746699
-748991
-751280
-753566
-755848
-758125
-760396
-762662
-764921
-767173
-769416
-771659
-773825
-776494
-778269
-780511
-782713
-784888
-787042
-789175
-791306
-793445
-795579
-797692
-799780
-801850
-803912
-805970
-808016
-810042
-812049
-814039
-816018
-817986
-819940
-821875
-823792
-825694
-827582
-829456
-831314
-833155
-834978
-836786
-838578
-840355
-842116
-843860
-845587
-847298
-848994
-850673
-852336
-853982
-855612
-857226
-858824
-860406
-861972
-863522
-865056
-866573
-868075
-869562
-871032
-872487
-873926
-875350
-876758
-878151
-879529
-880891
-882238
-883571
-884888
-886191
-887479
-888752
-890011
-891255
-892485
-893701
-894903
-896091
-897266
-898426
-899573
-900706
-901826
-902933
-904026
-905107
-906174
-907229
-908271
-909301
-910318
-911323
-912316
-913297
-914266
-915223
-916168
-917102
-918024
-918935
-919835
-920724
-921602
-922469
-923325
-924171
-925006
-925831
-926646
-927451
-928245
-929030
-929806
-930571
-931327
-932074
-932811
-933540
-934259
-934970
-935671
-936364
-937048
-937724
-938392
-939051
-939702
-940346
-940981
-941608
-942228
-942840
-943445
-944042
-944632
-945215
-945790
-946359
-946920
-947475
-948023
-948565
-949100
-949628
-950150
-950666
-951176
-951679
-952177
-952669
-953154
-953634
-954108
-954577
-955040
-955498
-955950
-956397
-956839
-957275
-957707
-958133
-958554
-958971
-959383
-959790
-960192
-960589
-960983
-961371
-961755
-962135
-962511
-962882
-963249
-963612
-963971
-964326
-964677
-965024
-965367
-965706
-966042
-966374
-966703
-967027
-967349
-967666
-967981
-968292
-968600
-968904
-969206
-969504
-969799
-970091
-970380
-970666
-970949
-971229
-971507
-971781
-972053
-972322
-972589
-972853
-973114
-973373
-973629
-973883
-974135
-974383
-974630
-974875
-975117
-975357
-975595
-975831
-976064
-976296
-976525
-976753
-976979
-977202
-977424
-977644
-977861
-978076
-978279
-978516
-978712
-978934
-979137
-979340
-979539
-979740
-979949
-980148
-980349
-980544
-980737
-980929
-981124
-981315
-981505
-981696
-981882
-982065
-982250
-982435
-982618
-982799
-982979
-983156
-983333
-983510
-983686
-983861
-984034
-984206
-984377
-984547
-984716
-984885
-985052
-985218
-985383
-985548
-985712
-985875
-986037
-986198
-986358
-986517
-986676
-986835
-986992
-987148
-987304
-987459
-987613
-987767
-987920
-988073
-988224
-988375
-988526
-988676
-988825
-988974
-989122
-989269
-989417
-989563
-989709
-989855
-990000
-990144
-990289
-990432
-990575
-990718
-990861
-991003
-991144
-991285
-991426
-991566
-991706
-991846
-991985
-992124
-992263
-992401
-992539
-992677
-992814
-992951
-993088
-993224
-993361
-993497
-993632
-993768
-993903
-994038
-994173
-994307
-994442
-994576
-994710
-994843
-994977
-995110
-995243
-995377
-995509
-995642
-995775
-995907
-996039
-996172
-996304
-996436
-996567
-996699
-996831
-996962
-997094
-997225
-997356
-997488
-997619
-997750
-997881
-998012
-998143
-998274
-998405
-998536
-998666
-998797
-998928
-999059
-999190
-999320
-999451
-999582
-999713
-999844
-999974
-1.00011e+06
-1.00024e+06
-1.00037e+06
-1.0005e+06
-1.00063e+06
-1.00076e+06
-1.00089e+06
-1.00102e+06
-1.00115e+06
-1.00128e+06
-1.00142e+06
-1.00155e+06
-1.00168e+06
-1.00181e+06
-1.00194e+06
-1.00207e+06
-1.0022e+06
-1.00234e+06
-1.00247e+06
-1.0026e+06
-1.00273e+06
-1.00286e+06
-1.003e+06
-1.00313e+06
-1.00326e+06
-1.00339e+06
-1.00352e+06
-1.00366e+06
-1.00379e+06
-1.00392e+06
-1.00406e+06
-1.00419e+06
-1.00432e+06
-1.00445e+06
-1.00459e+06
-1.00472e+06
-1.00485e+06
-1.00499e+06
-1.00512e+06
-1.00526e+06
-1.00539e+06
-1.00552e+06
-1.00566e+06
-1.00579e+06
-1.00593e+06
-1.00606e+06
-1.0062e+06
-1.00633e+06
-1.00647e+06
-1.0066e+06
-1.00674e+06
-1.00687e+06
-1.00701e+06
-1.00714e+06
-1.00728e+06
-1.00741e+06
-1.00755e+06
-1.00768e+06
-1.00782e+06
-1.00796e+06
-1.00809e+06
-1.00823e+06
-1.00837e+06
-1.0085e+06
-1.00864e+06
-1.00878e+06
-1.00892e+06
-1.00905e+06
-1.00919e+06
-1.00933e+06
-1.00947e+06
-1.0096e+06
-1.00974e+06
-1.00988e+06
-1.01002e+06
-1.01016e+06
-1.0103e+06
-1.01043e+06
-1.01057e+06
-1.01071e+06
-1.01085e+06
-1.01099e+06
-1.01113e+06
-1.01127e+06
-1.01141e+06
-1.01155e+06
-1.01169e+06
-1.01183e+06
-1.01197e+06
-1.01211e+06
-1.01225e+06
-1.01239e+06
-1.01253e+06
-1.01267e+06
-1.01281e+06
-1.01295e+06
-1.01309e+06
-1.01323e+06
-1.01337e+06
-1.01352e+06
-1.01366e+06
-1.0138e+06
-1.01394e+06
-1.01408e+06
-1.01422e+06
-1.01437e+06
-1.01451e+06
-1.01465e+06
-1.01479e+06
-1.01493e+06
-1.01508e+06
-1.01522e+06
-1.01536e+06
-1.0155e+06
-1.01565e+06
-1.01579e+06
-1.01593e+06
-1.01607e+06
-1.01622e+06
-1.01636e+06
-1.0165e+06
-1.01665e+06
-1.01679e+06
-1.01693e+06
-1.01708e+06
-1.01722e+06
-1.01736e+06
-1.01751e+06
-1.01765e+06
-1.01779e+06
-1.01794e+06
-1.01808e+06
-1.01822e+06
-1.01837e+06
-1.01851e+06
-1.01866e+06
-1.0188e+06
-1.01894e+06
-1.01909e+06
-1.01923e+06
-1.01938e+06
-1.01952e+06
-1.01966e+06
-1.01981e+06
-1.01995e+06
-1.0201e+06
-1.02024e+06
-1.02038e+06
-1.02053e+06
-1.02067e+06
-1.02082e+06
-1.02096e+06
-1.02111e+06
-1.02125e+06
-1.02139e+06
-1.02154e+06
-1.02168e+06
-1.02183e+06
-1.02197e+06
-1.02211e+06
-1.02226e+06
-1.0224e+06
-1.02255e+06
-1.02269e+06
-1.02284e+06
-1.02298e+06
-1.02312e+06
-1.02327e+06
-1.02341e+06
-1.02356e+06
-1.0237e+06
-1.02385e+06
-1.02399e+06
-1.02413e+06
-1.02428e+06
-1.02442e+06
-1.02457e+06
-1.02471e+06
-1.02485e+06
-1.025e+06
-1.02514e+06
-1.02529e+06
-1.02543e+06
-1.02557e+06
-1.02572e+06
-1.02586e+06
-1.026e+06
-1.02615e+06
-1.02629e+06
-1.02643e+06
-1.02658e+06
-1.02672e+06
-1.02686e+06
-1.02701e+06
-1.02715e+06
-1.02729e+06
-1.02744e+06
-1.02758e+06
-1.02772e+06
-1.02787e+06
-1.02801e+06
-1.02815e+06
-1.0283e+06
-1.02844e+06
-1.02858e+06
-1.02872e+06
-1.02887e+06
-1.02901e+06
-1.02915e+06
-1.02929e+06
-1.02943e+06
-1.02958e+06
-1.02972e+06
-1.02986e+06
-1.03e+06
-1.03014e+06
-1.03029e+06
-1.03043e+06
-1.03057e+06
-1.03071e+06
-1.03085e+06
-1.03099e+06
-1.03113e+06
-1.03127e+06
-1.03141e+06
-1.03155e+06
-1.03169e+06
-1.03183e+06
-1.03197e+06
-1.03211e+06
-1.03225e+06
-1.03239e+06
-1.03253e+06
-1.03267e+06
-1.03281e+06
-1.03295e+06
-1.03309e+06
-1.03323e+06
-1.03337e+06
-1.03351e+06
-1.03365e+06
-1.03379e+06
-1.03392e+06
-1.03406e+06
-1.0342e+06
-1.03434e+06
-1.03448e+06
-1.03461e+06
-1.03475e+06
-1.03489e+06
-1.03503e+06
-1.03516e+06
-1.0353e+06
-1.03544e+06
-1.03557e+06
-1.03571e+06
-1.03585e+06
-1.03598e+06
-1.03612e+06
-1.03626e+06
-1.03639e+06
-1.03653e+06
-1.03666e+06
-1.0368e+06
-1.03693e+06
-1.03707e+06
-1.03721e+06
-1.03734e+06
-1.03748e+06
-1.03761e+06
-1.03775e+06
-1.03788e+06
-1.03802e+06
-1.03815e+06
-1.03828e+06
-1.03842e+06
-1.03855e+06
-1.03869e+06
-1.03882e+06
-1.03895e+06
-1.03909e+06
-1.03922e+06
-1.03936e+06
-1.03949e+06
-1.03962e+06
-1.03976e+06
-1.03989e+06
-1.04002e+06
-1.04016e+06
-1.04029e+06
-1.04042e+06
-1.04055e+06
-1.04069e+06
-1.04082e+06
-1.04095e+06
-1.04108e+06
-1.04122e+06
-1.04135e+06
-1.04148e+06
-1.04161e+06
-1.04174e+06
-1.04188e+06
-1.04201e+06
-1.04214e+06
-1.04227e+06
-1.0424e+06
-1.04253e+06
-1.04267e+06
-1.0428e+06
-1.04293e+06
-1.04306e+06
-1.04319e+06
-1.04332e+06
-1.04345e+06
-1.04358e+06
-1.04371e+06
-1.04384e+06
-1.04398e+06
-1.04411e+06
-1.04424e+06
-1.04437e+06
-1.0445e+06
-1.04463e+06
-1.04476e+06
-1.04489e+06
-1.04502e+06
-1.04515e+06
-1.04528e+06
-1.04541e+06
-1.04554e+06
-1.04567e+06
-1.0458e+06
-1.04593e+06
-1.04606e+06
-1.04619e+06
-1.04632e+06
-1.04645e+06
-1.04658e+06
-1.04671e+06
-1.04684e+06
-1.04697e+06
-1.0471e+06
-1.04723e+06
-1.04736e+06
-1.04749e+06
-1.04762e+06
-1.04775e+06
-1.04788e+06
-1.04801e+06
-1.04814e+06
-1.04827e+06
-1.0484e+06
-1.04852e+06
-1.04865e+06
-1.04878e+06
-1.04891e+06
-1.04904e+06
-1.04917e+06
-1.0493e+06
-1.04943e+06
-1.04956e+06
-1.04969e+06
-1.04982e+06
-1.04995e+06
-1.05008e+06
-1.05021e+06
-1.05034e+06
-1.05047e+06
-1.0506e+06
-1.05073e+06
-1.05086e+06
-1.05099e+06
-1.05112e+06
-1.05125e+06
-1.05138e+06
-1.05151e+06
-1.05164e+06
-1.05178e+06
-1.05191e+06
-1.05204e+06
-1.05217e+06
-1.0523e+06
-1.05243e+06
-1.05256e+06
-1.05269e+06
-1.05282e+06
-1.05295e+06
-1.05308e+06
-1.05321e+06
-1.05334e+06
-1.05347e+06
-1.05361e+06
-1.05374e+06
-1.05387e+06
-1.054e+06
-1.05413e+06
-1.05426e+06
-1.05439e+06
-1.05452e+06
-1.05466e+06
-1.05479e+06
-1.05492e+06
-1.05505e+06
-1.05518e+06
-1.05531e+06
-1.05545e+06
-1.05558e+06
-1.05571e+06
-1.05584e+06
-1.05597e+06
-1.05611e+06
-1.05624e+06
-1.05637e+06
-1.0565e+06
-1.05663e+06
-1.05677e+06
-1.0569e+06
-1.05703e+06
-1.05716e+06
-1.0573e+06
-1.05743e+06
-1.05756e+06
-1.05769e+06
-1.05783e+06
-1.05796e+06
-1.05809e+06
-1.05823e+06
-1.05836e+06
-1.05849e+06
-1.05863e+06
-1.05876e+06
-1.05889e+06
-1.05902e+06
-1.05916e+06
-1.05929e+06
-1.05942e+06
-1.05956e+06
-1.05969e+06
-1.05983e+06
-1.05996e+06
-1.06009e+06
-1.06023e+06
-1.06036e+06
-1.06049e+06
-1.06063e+06
-1.06076e+06
-1.0609e+06
-1.06103e+06
-1.06116e+06
-1.0613e+06
-1.06143e+06
-1.06157e+06
-1.0617e+06
-1.06184e+06
-1.06197e+06
-1.0621e+06
-1.06224e+06
-1.06237e+06
-1.06251e+06
-1.06264e+06
-1.06278e+06
-1.06291e+06
-1.06305e+06
-1.06318e+06
-1.06332e+06
-1.06345e+06
-1.06359e+06
-1.06372e+06
-1.06386e+06
-1.06399e+06
-1.06413e+06
-1.06426e+06
-1.0644e+06
-1.06453e+06
-1.06467e+06
-1.0648e+06
-1.06494e+06
-1.06507e+06
-1.06521e+06
-1.06535e+06
-1.06548e+06
-1.06562e+06
-1.06575e+06
-1.06589e+06
-1.06602e+06
-1.06616e+06
-1.0663e+06
-1.06643e+06
-1.06657e+06
-1.0667e+06
-1.06684e+06
-1.06698e+06
-1.06711e+06
-1.06725e+06
-1.06738e+06
-1.06752e+06
-1.06766e+06
-1.06779e+06
-1.06793e+06
-1.06807e+06
-1.0682e+06
-1.06834e+06
-1.06848e+06
-1.06861e+06
-1.06875e+06
-1.06889e+06
-1.06902e+06
-1.06916e+06
-1.0693e+06
-1.06943e+06
-1.06957e+06
-1.06971e+06
-1.06984e+06
-1.06998e+06
-1.07012e+06
-1.07026e+06
-1.07039e+06
-1.07053e+06
-1.07067e+06
-1.07081e+06
-1.07094e+06
-1.07108e+06
-1.07122e+06
-1.07135e+06
-1.07149e+06
-1.07163e+06
-1.07177e+06
-1.07191e+06
-1.07204e+06
-1.07218e+06
-1.07232e+06
-1.07246e+06
-1.07259e+06
-1.07273e+06
-1.07287e+06
-1.07301e+06
-1.07315e+06
-1.07328e+06
-1.07342e+06
-1.07356e+06
-1.0737e+06
-1.07384e+06
-1.07397e+06
-1.07411e+06
-1.07425e+06
-1.07439e+06
-1.07453e+06
-1.07467e+06
-1.07481e+06
-1.07494e+06
-1.07508e+06
-1.07522e+06
-1.07536e+06
-1.0755e+06
-1.07564e+06
-1.07578e+06
-1.07591e+06
-1.07605e+06
-1.07619e+06
-1.07633e+06
-1.07647e+06
-1.07661e+06
-1.07675e+06
-1.07689e+06
-1.07703e+06
-1.07717e+06
-1.07731e+06
-1.07744e+06
-1.07758e+06
-1.07772e+06
-1.07786e+06
-1.078e+06
-1.07814e+06
-1.07828e+06
-1.07842e+06
-1.07856e+06
-1.0787e+06
-1.07884e+06
-1.07898e+06
-1.07912e+06
-1.07926e+06
-1.0794e+06
-1.07954e+06
-1.07968e+06
-1.07982e+06
-1.07996e+06
-1.0801e+06
-1.08024e+06
-1.08038e+06
-1.08052e+06
-1.08066e+06
-1.0808e+06
-1.08094e+06
-1.08108e+06
-1.08122e+06
-1.08136e+06
-1.0815e+06
-1.08164e+06
-1.08178e+06
-1.08192e+06
-1.08206e+06
-1.0822e+06
-1.08234e+06
-1.08249e+06
-1.08263e+06
-1.08277e+06
-1.08291e+06
-1.08305e+06
-1.08319e+06
-1.08333e+06
-1.08347e+06
-1.08361e+06
-1.08375e+06
-1.08389e+06
-1.08403e+06
-1.08417e+06
-1.08431e+06
-1.08445e+06
-1.08459e+06
-1.08473e+06
-1.08487e+06
-1.08501e+06
-1.08515e+06
-1.08529e+06
-1.08543e+06
-1.08556e+06
-1.0857e+06
-1.08584e+06
-1.08598e+06
-1.08611e+06
-1.08625e+06
-1.08639e+06
-1.08652e+06
-1.08666e+06
-1.08679e+06
-1.08693e+06
-1.08706e+06
-1.08719e+06
-1.08732e+06
-1.08745e+06
-1.08758e+06
-1.0877e+06
-1.08783e+06
-1.08795e+06
-1.08808e+06
-1.08819e+06
-1.08831e+06
-1.08843e+06
-1.08854e+06
-1.08865e+06
-1.08876e+06
-1.08886e+06
-1.08896e+06
-1.08906e+06
-1.08915e+06
-1.08924e+06
-1.08932e+06
-1.0894e+06
-1.08947e+06
-1.08953e+06
-1.08959e+06
-1.08964e+06
-1.08969e+06
-1.08972e+06
-1.08975e+06
-1.08977e+06
-1.08978e+06
-1.08977e+06
-1.08976e+06
-1.08974e+06
-1.0897e+06
-1.08965e+06
-1.08958e+06
-1.0895e+06
-1.08941e+06
-1.0893e+06
-1.08917e+06
-1.08902e+06
-1.08885e+06
-1.08866e+06
-1.08846e+06
-1.08822e+06
-1.08797e+06
-1.08769e+06
-1.08739e+06
-1.08706e+06
-1.08671e+06
-1.08633e+06
-1.08592e+06
-1.08548e+06
-1.085e+06
-1.0845e+06
-1.08396e+06
-1.0834e+06
-1.08279e+06
-1.08216e+06
-1.08148e+06
-1.08077e+06
-1.08003e+06
-1.07924e+06
-1.07842e+06
-1.07756e+06
-1.07666e+06
-1.07573e+06
-1.07475e+06
-1.07373e+06
-1.07268e+06
-1.07159e+06
-1.07046e+06
-1.06928e+06
-1.06808e+06
-1.06683e+06
-1.06555e+06
-1.06423e+06
-1.06287e+06
-1.06148e+06
-1.06006e+06
-1.05861e+06
-1.05713e+06
-1.05561e+06
-1.05407e+06
-1.05251e+06
-1.05091e+06
-1.0493e+06
-1.04767e+06
-1.04602e+06
-1.04435e+06
-1.04267e+06
-1.04098e+06
-1.03928e+06
-1.03757e+06
-1.03586e+06
-1.03415e+06
-1.03243e+06
-1.03073e+06
-1.02902e+06
-1.02733e+06
-1.02565e+06
-1.02398e+06
-1.02233e+06
-1.0207e+06
-1.01909e+06
-1.01751e+06
-1.01595e+06
-1.01442e+06
-1.01293e+06
-1.01143e+06
-1.00999e+06
-1.00858e+06
-1.00723e+06
-1.00592e+06
-1.00464e+06
-1.00342e+06
-1.00224e+06
-1.0011e+06
-1.00002e+06
-998985
-997999
-997063
-996178
-995345
-994565
-993837
-993160
-992534
-991958
-991433
-990957
-990531
-990154
-989825
-989543
-989307
-989117
-988971
-988868
-988807
-988785
-988803
-988857
-988947
-989070
-989227
-989415
-989634
-989880
-990155
-990455
-990780
-991128
-991498
-991889
-992298
-992725
-993168
-993627
-994099
-994584
-995081
-995589
-996108
-996635
-997172
-997716
-998267
-998824
-999386
-999953
-1.00052e+06
-1.0011e+06
-1.00167e+06
-1.00225e+06
-1.00284e+06
-1.00342e+06
-1.004e+06
-1.00459e+06
-1.00517e+06
-1.00576e+06
-1.00634e+06
-1.00693e+06
-1.00751e+06
-1.0081e+06
-1.00868e+06
-1.00926e+06
-1.00985e+06
-1.01042e+06
-1.011e+06
-1.01158e+06
-1.01215e+06
-1.01273e+06
-1.0133e+06
-1.01386e+06
-1.01443e+06
-1.015e+06
-1.01556e+06
-1.01612e+06
-1.01668e+06
-1.01724e+06
-1.01779e+06
-1.01835e+06
-1.0189e+06
-1.01944e+06
-1.01999e+06
-1.02053e+06
-1.02108e+06
-1.02162e+06
-1.02215e+06
-1.02269e+06
-1.02322e+06
-1.02375e+06
-1.02428e+06
-1.02481e+06
-1.02534e+06
-1.02586e+06
-1.02638e+06
-1.0269e+06
-1.02742e+06
-1.02793e+06
-1.02845e+06
-1.02896e+06
-1.02947e+06
-1.02998e+06
-1.03048e+06
-1.03099e+06
-1.03149e+06
-1.03199e+06
-1.03249e+06
-1.03299e+06
-1.03348e+06
-1.03398e+06
-1.03447e+06
-1.03496e+06
-1.03545e+06
-1.03594e+06
-1.03642e+06
-1.03691e+06
-1.03739e+06
-1.03787e+06
-1.03835e+06
-1.03883e+06
-1.0393e+06
-1.03978e+06
-1.04025e+06
-1.04073e+06
-1.0412e+06
-1.04166e+06
-1.04213e+06
-1.0426e+06
-1.04306e+06
-1.04353e+06
-1.04399e+06
-1.04445e+06
-1.04491e+06
-1.04536e+06
-1.04582e+06
-1.04628e+06
-1.04673e+06
-1.04718e+06
-1.04763e+06
-1.04808e+06
-1.04853e+06
-1.04898e+06
-1.04943e+06
-1.04987e+06
-1.05032e+06
-1.05076e+06
-1.0512e+06
-1.05164e+06
-1.05208e+06
-1.05252e+06
-1.05295e+06
-1.05339e+06
-1.05382e+06
-1.05426e+06
-1.05469e+06
-1.05512e+06
-1.05555e+06
-1.05598e+06
-1.05641e+06
-1.05683e+06
-1.05726e+06
-1.05768e+06
-1.05811e+06
-1.05853e+06
-1.05895e+06
-1.05937e+06
-1.05979e+06
-1.06021e+06
-1.06063e+06
-1.06104e+06
-1.06146e+06
-1.06187e+06
-1.06229e+06
-1.0627e+06
-1.06311e+06
-1.06352e+06
-1.06393e+06
-1.06434e+06
-1.06475e+06
-1.06516e+06
-1.06556e+06
-1.06597e+06
-1.06637e+06
-1.06678e+06
-1.06718e+06
-1.06758e+06
-1.06798e+06
-1.06838e+06
-1.06878e+06
-1.06918e+06
-1.06958e+06
-1.06997e+06
-1.07037e+06
-1.07076e+06
-1.07116e+06
-1.07155e+06
-1.07194e+06
-1.07233e+06
-1.07272e+06
-1.07311e+06
-1.0735e+06
-1.07389e+06
-1.07428e+06
-1.07467e+06
-1.07505e+06
-1.07544e+06
-1.07582e+06
-1.07621e+06
-1.07659e+06
-1.07697e+06
-1.07735e+06
-1.07773e+06
-1.07811e+06
-1.07849e+06
-1.07887e+06
-1.07925e+06
-1.07963e+06
-1.08e+06
-1.08038e+06
-1.08075e+06
-1.08113e+06
-1.0815e+06
-1.08187e+06
-1.08225e+06
-1.08262e+06
-1.08299e+06
-1.08336e+06
-1.08373e+06
-1.0841e+06
-1.08447e+06
-1.08483e+06
-1.0852e+06
-1.08557e+06
-1.08593e+06
-1.0863e+06
-1.08666e+06
-1.08703e+06
-1.08739e+06
-1.08775e+06
-1.08812e+06
-1.08848e+06
-1.08884e+06
-1.08919e+06
-1.08956e+06
-1.0899e+06
)
;

boundaryField
{
    sides
    {
        type            calculated;
        value           nonuniform List<scalar> 2(-1.0899e+06 -672921);
    }
    empty
    {
        type            empty;
    }
}


// ************************************************************************* //
