/*--------------------------------*- C++ -*----------------------------------*\
  =========                 |
  \\      /  F ield         | OpenFOAM: The Open Source CFD Toolbox
   \\    /   O peration     | Website:  https://openfoam.org
    \\  /    A nd           | Version:  9
     \\/     M anipulation  |
\*---------------------------------------------------------------------------*/
FoamFile
{
    format      ascii;
    class       surfaceScalarField;
    location    "0.036";
    object      phi;
}
// * * * * * * * * * * * * * * * * * * * * * * * * * * * * * * * * * * * * * //

dimensions      [1 0 -1 0 0 0 0];

internalField   nonuniform List<scalar> 
9999
(
6.56117
6.595
6.62883
6.66266
6.69649
6.73031
6.76414
6.79796
6.83178
6.8656
6.89942
6.93324
6.96706
7.00088
7.03469
7.06851
7.10232
7.13613
7.16994
7.20375
7.23756
7.27136
7.30517
7.33898
7.37278
7.40658
7.44038
7.47418
7.50798
7.54178
7.57557
7.60936
7.64316
7.67695
7.71074
7.74453
7.77832
7.81211
7.84589
7.87968
7.91346
7.94724
7.98103
8.01481
8.04859
8.08236
8.11614
8.14991
8.18368
8.21746
8.25124
8.28501
8.31878
8.35254
8.3863
8.42007
8.45383
8.4876
8.52137
8.55513
8.58889
8.62265
8.6564
8.69015
8.72391
8.75766
8.79142
8.82518
8.85894
8.89269
8.92644
8.96018
8.99392
9.02766
9.0614
9.09514
9.12889
9.16264
9.19639
9.23013
9.26387
9.29761
9.33134
9.36507
9.39879
9.43251
9.46624
9.49997
9.5337
9.56744
9.60118
9.63492
9.66866
9.70239
9.73611
9.76983
9.80354
9.83725
9.87095
9.90465
9.93836
9.97207
10.0058
10.0395
10.0732
10.107
10.1407
10.1744
10.2082
10.2419
10.2756
10.3093
10.343
10.3767
10.4104
10.4441
10.4778
10.5114
10.5451
10.5788
10.6124
10.6461
10.6798
10.7135
10.7472
10.781
10.8147
10.8485
10.8822
10.916
10.9498
10.9836
11.0174
11.0512
11.085
11.1188
11.1526
11.1864
11.2202
11.254
11.2879
11.3217
11.3555
11.3893
11.4232
11.457
11.4909
11.5247
11.5585
11.5924
11.6262
11.6601
11.6939
11.7277
11.7616
11.7954
11.8293
11.8631
11.8969
11.9308
11.9646
11.9984
12.0323
12.0661
12.0999
12.1338
12.1676
12.2015
12.2353
12.2691
12.303
12.3368
12.3706
12.4045
12.4383
12.4721
12.506
12.5398
12.5736
12.6075
12.6413
12.6751
12.709
12.7428
12.7766
12.8104
12.8443
12.8781
12.9119
12.9458
12.9796
13.0134
13.0473
13.0811
13.1149
13.1487
13.1826
13.2164
13.2502
13.2841
13.3179
13.3517
13.3855
13.4194
13.4532
13.487
13.5209
13.5547
13.5885
13.6223
13.6562
13.69
13.7238
13.7576
13.7915
13.8253
13.8591
13.8929
13.9268
13.9606
13.9944
14.0282
14.062
14.0959
14.1297
14.1635
14.1973
14.2312
14.265
14.2988
14.3326
14.3664
14.4003
14.4341
14.4679
14.5017
14.5355
14.5694
14.6032
14.637
14.6708
14.7046
14.7385
14.7723
14.8061
14.8399
14.8737
14.9075
14.9414
14.9752
15.009
15.0428
15.0766
15.1104
15.1443
15.1781
15.2119
15.2457
15.2795
15.3133
15.3472
15.381
15.4148
15.4486
15.4824
15.5162
15.55
15.5838
15.6177
15.6515
15.6853
15.7191
15.7529
15.7867
15.8205
15.8543
15.8881
15.922
15.9558
15.9896
16.0234
16.0572
16.091
16.1248
16.1586
16.1924
16.2262
16.2601
16.2939
16.3277
16.3615
16.3953
16.4291
16.4629
16.4967
16.5305
16.5643
16.5981
16.6319
16.6657
16.6995
16.7333
16.7671
16.8009
16.8348
16.8686
16.9024
16.9362
16.97
17.0038
17.0376
17.0714
17.1052
17.139
17.1728
17.2066
17.2404
17.2742
17.308
17.3418
17.3756
17.4094
17.4432
17.477
17.5108
17.5446
17.5784
17.6122
17.646
17.6798
17.7136
17.7474
17.7812
17.815
17.8488
17.8826
17.9164
17.9501
17.9839
18.0177
18.0515
18.0853
18.1191
18.1529
18.1867
18.2205
18.2543
18.2881
18.3219
18.3557
18.3895
18.4233
18.4571
18.4909
18.5246
18.5584
18.5922
18.626
18.6598
18.6936
18.7274
18.7612
18.795
18.8288
18.8626
18.8963
18.9301
18.9639
18.9977
19.0315
19.0653
19.0991
19.1329
19.1666
19.2004
19.2342
19.268
19.3018
19.3356
19.3694
19.4032
19.4369
19.4707
19.5045
19.5383
19.5721
19.6059
19.6396
19.6734
19.7072
19.741
19.7748
19.8086
19.8423
19.8761
19.9099
19.9437
19.9775
20.0113
20.045
20.0788
20.1126
20.1464
20.1802
20.2139
20.2477
20.2815
20.3153
20.3491
20.3828
20.4166
20.4504
20.4842
20.5179
20.5517
20.5855
20.6193
20.653
20.6868
20.7206
20.7544
20.7881
20.8219
20.8557
20.8895
20.9232
20.957
20.9908
21.0246
21.0583
21.0921
21.1259
21.1597
21.1934
21.2272
21.261
21.2948
21.3285
21.3623
21.3961
21.4298
21.4636
21.4974
21.5311
21.5649
21.5987
21.6325
21.6662
21.7
21.7338
21.7675
21.8013
21.8351
21.8688
21.9026
21.9364
21.9701
22.0039
22.0377
22.0714
22.1052
22.139
22.1727
22.2065
22.2403
22.274
22.3078
22.3415
22.3753
22.4091
22.4428
22.4766
22.5104
22.5441
22.5779
22.6116
22.6454
22.6792
22.7129
22.7467
22.7804
22.8142
22.848
22.8817
22.9155
22.9492
22.983
23.0168
23.0505
23.0843
23.118
23.1518
23.1855
23.2193
23.2531
23.2868
23.3206
23.3543
23.3881
23.4218
23.4556
23.4894
23.5231
23.5569
23.5906
23.6244
23.6581
23.6919
23.7256
23.7594
23.7931
23.8269
23.8606
23.8944
23.9281
23.9619
23.9956
24.0294
24.0631
24.0969
24.1306
24.1644
24.1981
24.2319
24.2656
24.2994
24.3331
24.3669
24.4006
24.4344
24.4681
24.5019
24.5356
24.5694
24.6031
24.6369
24.6706
24.7043
24.7381
24.7718
24.8056
24.8393
24.8731
24.9068
24.9406
24.9743
25.008
25.0418
25.0755
25.1093
25.143
25.1768
25.2105
25.2442
25.278
25.3117
25.3455
25.3792
25.4129
25.4467
25.4804
25.5142
25.5479
25.5816
25.6154
25.6491
25.6828
25.7166
25.7503
25.7841
25.8178
25.8515
25.8853
25.919
25.9527
25.9865
26.0202
26.0539
26.0877
26.1214
26.1551
26.1889
26.2226
26.2563
26.2901
26.3238
26.3575
26.3913
26.425
26.4587
26.4925
26.5262
26.5599
26.5936
26.6274
26.6611
26.6948
26.7286
26.7623
26.796
26.8297
26.8635
26.8972
26.9309
26.9647
26.9984
27.0321
27.0658
27.0996
27.1333
27.167
27.2007
27.2345
27.2682
27.3019
27.3356
27.3694
27.4031
27.4368
27.4705
27.5042
27.538
27.5717
27.6054
27.6391
27.6729
27.7066
27.7403
27.774
27.8077
27.8415
27.8752
27.9089
27.9426
27.9763
28.0101
28.0438
28.0775
28.1112
28.1449
28.1786
28.2124
28.2461
28.2798
28.3135
28.3472
28.3809
28.4146
28.4484
28.4821
28.5158
28.5495
28.5832
28.6169
28.6506
28.6844
28.7181
28.7518
28.7855
28.8192
28.8529
28.8866
28.9203
28.954
28.9878
29.0215
29.0552
29.0889
29.1226
29.1563
29.19
29.2237
29.2574
29.2911
29.3248
29.3585
29.3923
29.426
29.4597
29.4934
29.5271
29.5608
29.5945
29.6282
29.6619
29.6956
29.7293
29.763
29.7967
29.8304
29.8641
29.8978
29.9315
29.9652
29.9989
30.0326
30.0663
30.1
30.1337
30.1674
30.2011
30.2348
30.2685
30.3022
30.3359
30.3696
30.4033
30.437
30.4707
30.5044
30.5381
30.5718
30.6055
30.6392
30.6729
30.7066
30.7403
30.774
30.8077
30.8414
30.875
30.9087
30.9424
30.9761
31.0098
31.0435
31.0772
31.1109
31.1446
31.1783
31.212
31.2457
31.2793
31.313
31.3467
31.3804
31.4141
31.4478
31.4815
31.5152
31.5489
31.5825
31.6162
31.6499
31.6836
31.7173
31.751
31.7847
31.8184
31.852
31.8857
31.9194
31.9531
31.9868
32.0205
32.0541
32.0878
32.1215
32.1552
32.1889
32.2226
32.2562
32.2899
32.3236
32.3573
32.391
32.4246
32.4583
32.492
32.5257
32.5594
32.593
32.6267
32.6604
32.6941
32.7277
32.7614
32.7951
32.8288
32.8624
32.8961
32.9298
32.9635
32.9972
33.0308
33.0645
33.0982
33.1318
33.1655
33.1992
33.2329
33.2665
33.3002
33.3339
33.3675
33.4012
33.4349
33.4686
33.5022
33.5359
33.5696
33.6032
33.6369
33.6706
33.7042
33.7379
33.7716
33.8052
33.8389
33.8726
33.9062
33.9399
33.9736
34.0073
34.0409
34.0746
34.1082
34.1419
34.1756
34.2092
34.2429
34.2766
34.3102
34.3439
34.3776
34.4112
34.4449
34.4785
34.5122
34.5459
34.5795
34.6132
34.6468
34.6805
34.7142
34.7478
34.7815
34.8151
34.8488
34.8824
34.9161
34.9498
34.9834
35.0171
35.0507
35.0844
35.118
35.1517
35.1853
35.219
35.2527
35.2863
35.32
35.3536
35.3873
35.4209
35.4546
35.4882
35.5219
35.5555
35.5892
35.6228
35.6565
35.6901
35.7238
35.7574
35.7911
35.8247
35.8584
35.892
35.9257
35.9593
35.993
36.0266
36.0603
36.0939
36.1276
36.1612
36.1948
36.2285
36.2621
36.2958
36.3294
36.3631
36.3967
36.4304
36.464
36.4976
36.5313
36.5649
36.5986
36.6322
36.6658
36.6995
36.7331
36.7668
36.8004
36.8341
36.8677
36.9013
36.935
36.9686
37.0022
37.0359
37.0695
37.1031
37.1368
37.1704
37.2041
37.2377
37.2713
37.305
37.3386
37.3722
37.4059
37.4395
37.4731
37.5068
37.5404
37.574
37.6077
37.6413
37.6749
37.7086
37.7422
37.7758
37.8094
37.8431
37.8767
37.9103
37.944
37.9776
38.0112
38.0448
38.0785
38.1121
38.1457
38.1793
38.213
38.2466
38.2802
38.3139
38.3475
38.3811
38.4147
38.4483
38.482
38.5156
38.5492
38.5828
38.6165
38.6501
38.6837
38.7173
38.7509
38.7846
38.8182
38.8518
38.8854
38.919
38.9527
38.9863
39.0199
39.0535
39.0871
39.1208
39.1544
39.188
39.2216
39.2552
39.2888
39.3224
39.3561
39.3897
39.4233
39.4569
39.4905
39.5241
39.5577
39.5913
39.625
39.6586
39.6922
39.7258
39.7594
39.793
39.8266
39.8602
39.8938
39.9274
39.9611
39.9947
40.0283
40.0619
40.0955
40.1291
40.1627
40.1963
40.2299
40.2635
40.2971
40.3307
40.3643
40.3979
40.4315
40.4652
40.4988
40.5323
40.566
40.5996
40.6332
40.6668
40.7004
40.734
40.7676
40.8012
40.8348
40.8684
40.902
40.9356
40.9692
41.0028
41.0364
41.0699
41.1036
41.1372
41.1707
41.2043
41.2379
41.2715
41.3051
41.3387
41.3723
41.4059
41.4395
41.4731
41.5067
41.5403
41.5739
41.6075
41.6411
41.6747
41.7082
41.7418
41.7754
41.809
41.8426
41.8762
41.9098
41.9434
41.977
42.0105
42.0441
42.0777
42.1113
42.1449
42.1785
42.2121
42.2456
42.2792
42.3128
42.3464
42.38
42.4136
42.4472
42.4807
42.5143
42.5479
42.5815
42.6151
42.6487
42.6822
42.7158
42.7494
42.783
42.8165
42.8501
42.8837
42.9173
42.9509
42.9844
43.018
43.0516
43.0852
43.1187
43.1523
43.1859
43.2195
43.253
43.2866
43.3202
43.3538
43.3873
43.4209
43.4545
43.4881
43.5216
43.5552
43.5888
43.6223
43.6559
43.6895
43.7231
43.7566
43.7902
43.8238
43.8573
43.8909
43.9245
43.958
43.9916
44.0252
44.0587
44.0923
44.1259
44.1594
44.193
44.2266
44.2601
44.2937
44.3273
44.3608
44.3944
44.4279
44.4615
44.4951
44.5286
44.5622
44.5957
44.6293
44.6629
44.6964
44.73
44.7636
44.7971
44.8307
44.8642
44.8978
44.9313
44.9649
44.9985
45.032
45.0656
45.0991
45.1327
45.1662
45.1998
45.2333
45.2669
45.3004
45.334
45.3676
45.4011
45.4346
45.4682
45.5018
45.5353
45.5689
45.6024
45.6359
45.6695
45.7031
45.7366
45.7701
45.8037
45.8372
45.8708
45.9043
45.9379
45.9714
46.005
46.0385
46.0721
46.1056
46.1391
46.1727
46.2062
46.2398
46.2733
46.3069
46.3404
46.3739
46.4075
46.441
46.4746
46.5081
46.5417
46.5752
46.6087
46.6423
46.6758
46.7093
46.7429
46.7764
46.8099
46.8435
46.877
46.9106
46.9441
46.9776
47.0112
47.0447
47.0782
47.1118
47.1453
47.1788
47.2124
47.2459
47.2794
47.3129
47.3465
47.38
47.4135
47.4471
47.4806
47.5141
47.5476
47.5812
47.6147
47.6482
47.6818
47.7153
47.7488
47.7823
47.8159
47.8494
47.8829
47.9164
47.95
47.9835
48.017
48.0505
48.0841
48.1176
48.1511
48.1846
48.2181
48.2517
48.2852
48.3187
48.3522
48.3857
48.4193
48.4528
48.4863
48.5198
48.5533
48.5869
48.6204
48.6539
48.6874
48.7209
48.7544
48.7879
48.8215
48.855
48.8885
48.922
48.9555
48.989
49.0225
49.056
49.0896
49.1231
49.1566
49.1901
49.2236
49.2571
49.2906
49.3241
49.3576
49.3911
49.4246
49.4581
49.4916
49.5252
49.5587
49.5922
49.6257
49.6592
49.6927
49.7262
49.7597
49.7932
49.8267
49.8602
49.8937
49.9272
49.9607
49.9942
50.0277
50.0612
50.0947
50.1282
50.1617
50.1952
50.2287
50.2622
50.2957
50.3292
50.3627
50.3962
50.4297
50.4632
50.4967
50.5302
50.5637
50.5971
50.6306
50.6641
50.6976
50.7311
50.7646
50.7981
50.8316
50.8651
50.8986
50.9321
50.9655
50.999
51.0325
51.066
51.0995
51.133
51.1665
51.2
51.2334
51.2669
51.3004
51.3339
51.3674
51.4009
51.4344
51.4678
51.5013
51.5348
51.5683
51.6018
51.6352
51.6687
51.7022
51.7357
51.7692
51.8026
51.8361
51.8696
51.9031
51.9366
51.97
52.0035
52.037
52.0705
52.1039
52.1374
52.1709
52.2044
52.2378
52.2713
52.3048
52.3383
52.3717
52.4052
52.4387
52.4721
52.5056
52.5391
52.5726
52.606
52.6395
52.673
52.7064
52.7399
52.7734
52.8068
52.8403
52.8738
52.9072
52.9407
52.9742
53.0076
53.0411
53.0746
53.108
53.1415
53.1749
53.2084
53.2419
53.2753
53.3088
53.3423
53.3757
53.4092
53.4426
53.4761
53.5096
53.543
53.5765
53.6099
53.6434
53.6768
53.7103
53.7437
53.7772
53.8107
53.8441
53.8776
53.911
53.9445
53.9779
54.0114
54.0448
54.0783
54.1117
54.1452
54.1786
54.2121
54.2455
54.279
54.3124
54.3459
54.3793
54.4128
54.4462
54.4797
54.5131
54.5466
54.58
54.6134
54.6469
54.6803
54.7138
54.7472
54.7807
54.8141
54.8476
54.881
54.9144
54.9479
54.9813
55.0148
55.0482
55.0816
55.1151
55.1485
55.182
55.2154
55.2488
55.2823
55.3157
55.3491
55.3826
55.416
55.4494
55.4829
55.5163
55.5497
55.5832
55.6166
55.65
55.6835
55.7169
55.7503
55.7838
55.8172
55.8506
55.8841
55.9175
55.9509
55.9843
56.0178
56.0512
56.0846
56.118
56.1515
56.1849
56.2183
56.2517
56.2852
56.3186
56.352
56.3854
56.4189
56.4523
56.4857
56.5191
56.5525
56.586
56.6194
56.6528
56.6862
56.7196
56.7531
56.7865
56.8199
56.8533
56.8867
56.9201
56.9536
56.987
57.0204
57.0538
57.0872
57.1206
57.154
57.1874
57.2209
57.2543
57.2877
57.3211
57.3545
57.3879
57.4213
57.4547
57.4881
57.5215
57.555
57.5884
57.6218
57.6552
57.6886
57.722
57.7554
57.7888
57.8222
57.8556
57.889
57.9224
57.9558
57.9892
58.0226
58.056
58.0894
58.1228
58.1562
58.1896
58.223
58.2564
58.2898
58.3232
58.3566
58.39
58.4234
58.4568
58.4902
58.5236
58.557
58.5904
58.6238
58.6572
58.6905
58.7239
58.7573
58.7907
58.8241
58.8575
58.8909
58.9243
58.9577
58.9911
59.0244
59.0578
59.0912
59.1246
59.158
59.1914
59.2248
59.2581
59.2915
59.3249
59.3583
59.3917
59.4251
59.4585
59.4918
59.5252
59.5586
59.592
59.6254
59.6587
59.6921
59.7255
59.7589
59.7922
59.8256
59.859
59.8924
59.9258
59.9591
59.9925
60.0259
60.0593
60.0926
60.126
60.1594
60.1927
60.2261
60.2595
60.2929
60.3262
60.3596
60.393
60.4263
60.4597
60.4931
60.5264
60.5598
60.5932
60.6265
60.6599
60.6933
60.7266
60.76
60.7934
60.8267
60.8601
60.8935
60.9268
60.9602
60.9935
61.0269
61.0603
61.0936
61.127
61.1603
61.1937
61.2271
61.2604
61.2938
61.3271
61.3605
61.3938
61.4272
61.4606
61.4939
61.5273
61.5606
61.594
61.6273
61.6607
61.694
61.7274
61.7607
61.7941
61.8274
61.8608
61.8941
61.9275
61.9608
61.9942
62.0275
62.0609
62.0942
62.1275
62.1609
62.1942
62.2276
62.2609
62.2943
62.3276
62.361
62.3943
62.4276
62.461
62.4943
62.5277
62.561
62.5943
62.6277
62.661
62.6943
62.7277
62.761
62.7944
62.8277
62.861
62.8944
62.9277
62.961
62.9944
63.0277
63.061
63.0944
63.1277
63.161
63.1943
63.2277
63.261
63.2943
63.3277
63.361
63.3943
63.4276
63.461
63.4943
63.5276
63.5609
63.5943
63.6276
63.6609
63.6942
63.7276
63.7609
63.7942
63.8275
63.8608
63.8942
63.9275
63.9608
63.9941
64.0274
64.0608
64.0941
64.1274
64.1607
64.194
64.2273
64.2607
64.294
64.3273
64.3606
64.3939
64.4272
64.4605
64.4938
64.5272
64.5605
64.5938
64.6271
64.6604
64.6937
64.727
64.7603
64.7936
64.8269
64.8602
64.8935
64.9268
64.9601
64.9935
65.0268
65.0601
65.0934
65.1267
65.16
65.1933
65.2266
65.2599
65.2932
65.3265
65.3598
65.3931
65.4264
65.4597
65.4929
65.5262
65.5595
65.5928
65.6261
65.6594
65.6927
65.726
65.7593
65.7926
65.8259
65.8592
65.8925
65.9258
65.959
65.9923
66.0256
66.0589
66.0922
66.1255
66.1588
66.1921
66.2253
66.2586
66.2919
66.3252
66.3585
66.3918
66.425
66.4583
66.4916
66.5249
66.5582
66.5914
66.6247
66.658
66.6913
66.7246
66.7578
66.7911
66.8244
66.8577
66.8909
66.9242
66.9575
66.9908
67.024
67.0573
67.0906
67.1238
67.1571
67.1904
67.2237
67.2569
67.2902
67.3235
67.3567
67.39
67.4233
67.4565
67.4898
67.5231
67.5563
67.5896
67.6228
67.6561
67.6894
67.7226
67.7559
67.7892
67.8224
67.8557
67.8889
67.9222
67.9555
67.9887
68.022
68.0552
68.0885
68.1217
68.155
68.1882
68.2215
68.2548
68.288
68.3213
68.3545
68.3878
68.421
68.4543
68.4875
68.5208
68.554
68.5873
68.6205
68.6537
68.687
68.7202
68.7535
68.7867
68.82
68.8532
68.8865
68.9197
68.9529
68.9862
69.0194
69.0527
69.0859
69.1192
69.1524
69.1856
69.2189
69.2521
69.2853
69.3186
69.3518
69.385
69.4183
69.4515
69.4847
69.518
69.5512
69.5844
69.6177
69.6509
69.6841
69.7174
69.7506
69.7838
69.8171
69.8503
69.8835
69.9167
69.95
69.9832
70.0164
70.0496
70.0829
70.1161
70.1493
70.1825
70.2157
70.249
70.2822
70.3154
70.3486
70.3818
70.4151
70.4483
70.4815
70.5147
70.5479
70.5811
70.6144
70.6476
70.6808
70.714
70.7472
70.7804
70.8136
70.8468
70.8801
70.9133
70.9465
70.9797
71.0129
71.0461
71.0793
71.1125
71.1457
71.1789
71.2121
71.2453
71.2785
71.3117
71.3449
71.3781
71.4113
71.4445
71.4777
71.5109
71.5441
71.5773
71.6105
71.6437
71.6769
71.7101
71.7433
71.7765
71.8097
71.8429
71.8761
71.9093
71.9425
71.9757
72.0089
72.042
72.0752
72.1084
72.1416
72.1748
72.208
72.2412
72.2744
72.3075
72.3407
72.3739
72.4071
72.4403
72.4735
72.5066
72.5398
72.573
72.6062
72.6394
72.6725
72.7057
72.7389
72.7721
72.8052
72.8384
72.8716
72.9048
72.9379
72.9711
73.0043
73.0375
73.0706
73.1038
73.137
73.1701
73.2033
73.2365
73.2697
73.3028
73.336
73.3692
73.4023
73.4355
73.4687
73.5018
73.535
73.5681
73.6013
73.6345
73.6676
73.7008
73.7339
73.7671
73.8003
73.8334
73.8666
73.8997
73.9329
73.966
73.9992
74.0324
74.0655
74.0987
74.1318
74.165
74.1981
74.2313
74.2644
74.2976
74.3307
74.3639
74.397
74.4302
74.4633
74.4964
74.5296
74.5627
74.5959
74.629
74.6622
74.6953
74.7284
74.7616
74.7947
74.8279
74.861
74.8941
74.9273
74.9604
74.9936
75.0267
75.0598
75.093
75.1261
75.1592
75.1924
75.2255
75.2586
75.2917
75.3249
75.358
75.3911
75.4243
75.4574
75.4905
75.5236
75.5568
75.5899
75.623
75.6561
75.6893
75.7224
75.7555
75.7886
75.8217
75.8549
75.888
75.9211
75.9542
75.9873
76.0205
76.0536
76.0867
76.1198
76.1529
76.186
76.2191
76.2522
76.2854
76.3185
76.3516
76.3847
76.4178
76.4509
76.484
76.5171
76.5502
76.5833
76.6164
76.6495
76.6826
76.7157
76.7488
76.7819
76.815
76.8481
76.8812
76.9143
76.9474
76.9805
77.0136
77.0467
77.0798
77.1129
77.146
77.1791
77.2122
77.2453
77.2784
77.3115
77.3445
77.3776
77.4107
77.4438
77.4769
77.51
77.5431
77.5762
77.6092
77.6423
77.6754
77.7085
77.7416
77.7746
77.8077
77.8408
77.8739
77.907
77.94
77.9731
78.0062
78.0393
78.0723
78.1054
78.1385
78.1716
78.2046
78.2377
78.2708
78.3038
78.3369
78.37
78.403
78.4361
78.4692
78.5022
78.5353
78.5684
78.6014
78.6345
78.6676
78.7006
78.7337
78.7667
78.7998
78.8329
78.8659
78.899
78.932
78.9651
78.9981
79.0312
79.0642
79.0973
79.1303
79.1634
79.1964
79.2295
79.2625
79.2956
79.3286
79.3617
79.3947
79.4278
79.4608
79.4939
79.5269
79.5599
79.593
79.626
79.6591
79.6921
79.7251
79.7582
79.7912
79.8242
79.8573
79.8903
79.9234
79.9564
79.9894
80.0224
80.0555
80.0885
80.1215
80.1546
80.1876
80.2206
80.2536
80.2867
80.3197
80.3527
80.3857
80.4188
80.4518
80.4848
80.5178
80.5508
80.5839
80.6169
80.6499
80.6829
80.7159
80.7489
80.782
80.815
80.848
80.881
80.914
80.947
80.98
81.013
81.046
81.079
81.112
81.1451
81.1781
81.2111
81.2441
81.2771
81.3101
81.3431
81.3761
81.4091
81.4421
81.4751
81.5081
81.5411
81.574
81.607
81.64
81.673
81.706
81.739
81.772
81.805
81.838
81.871
81.9039
81.9369
81.9699
82.0029
82.0359
82.0689
82.1018
82.1348
82.1678
82.2008
82.2338
82.2667
82.2997
82.3327
82.3657
82.3986
82.4316
82.4646
82.4976
82.5305
82.5635
82.5965
82.6294
82.6624
82.6954
82.7283
82.7613
82.7943
82.8272
82.8602
82.8932
82.9261
82.9591
82.992
83.025
83.0579
83.0909
83.1239
83.1568
83.1898
83.2227
83.2557
83.2886
83.3216
83.3545
83.3875
83.4204
83.4534
83.4863
83.5193
83.5522
83.5851
83.6181
83.651
83.684
83.7169
83.7498
83.7828
83.8157
83.8486
83.8816
83.9145
83.9474
83.9804
84.0133
84.0462
84.0792
84.1121
84.145
84.178
84.2109
84.2438
84.2767
84.3096
84.3426
84.3755
84.4084
84.4413
84.4742
84.5072
84.5401
84.573
84.6059
84.6388
84.6717
84.7047
84.7376
84.7705
84.8034
84.8363
84.8692
84.9021
84.935
84.9679
85.0008
85.0337
85.0666
85.0995
85.1324
85.1653
85.1982
85.2311
85.264
85.2969
85.3298
85.3627
85.3956
85.4285
85.4613
85.4942
85.5271
85.56
85.5929
85.6258
85.6587
85.6915
85.7244
85.7573
85.7902
85.8231
85.8559
85.8888
85.9217
85.9546
85.9874
86.0203
86.0532
86.0861
86.1189
86.1518
86.1847
86.2175
86.2504
86.2833
86.3161
86.349
86.3818
86.4147
86.4476
86.4804
86.5133
86.5461
86.579
86.6118
86.6447
86.6775
86.7104
86.7432
86.7761
86.8089
86.8418
86.8746
86.9075
86.9403
86.9731
87.006
87.0388
87.0717
87.1045
87.1373
87.1702
87.203
87.2358
87.2687
87.3015
87.3343
87.3672
87.4
87.4328
87.4656
87.4985
87.5313
87.5641
87.5969
87.6297
87.6626
87.6954
87.7282
87.761
87.7938
87.8266
87.8594
87.8922
87.9251
87.9579
87.9907
88.0235
88.0563
88.0891
88.1219
88.1547
88.1875
88.2203
88.2531
88.2859
88.3187
88.3515
88.3843
88.417
88.4498
88.4826
88.5154
88.5482
88.581
88.6138
88.6465
88.6793
88.7121
88.7449
88.7777
88.8104
88.8432
88.876
88.9088
88.9415
88.9743
89.0071
89.0398
89.0726
89.1054
89.1381
89.1709
89.2036
89.2364
89.2692
89.3019
89.3347
89.3674
89.4002
89.4329
89.4657
89.4984
89.5312
89.5639
89.5967
89.6294
89.6622
89.6949
89.7276
89.7604
89.7931
89.8258
89.8586
89.8913
89.924
89.9568
89.9895
90.0222
90.055
90.0877
90.1204
90.1531
90.1858
90.2186
90.2513
90.284
90.3167
90.3494
90.3821
90.4148
90.4476
90.4803
90.513
90.5457
90.5784
90.6111
90.6438
90.6765
90.7092
90.7419
90.7746
90.8073
90.8399
90.8726
90.9053
90.938
90.9707
91.0034
91.0361
91.0687
91.1014
91.1341
91.1668
91.1995
91.2321
91.2648
91.2975
91.3301
91.3628
91.3955
91.4281
91.4608
91.4935
91.5261
91.5588
91.5914
91.6241
91.6567
91.6894
91.722
91.7547
91.7873
91.82
91.8526
91.8853
91.9179
91.9505
91.9832
92.0158
92.0484
92.0811
92.1137
92.1463
92.179
92.2116
92.2442
92.2768
92.3094
92.3421
92.3747
92.4073
92.4399
92.4725
92.5051
92.5377
92.5703
92.6029
92.6355
92.6681
92.7007
92.7333
92.7659
92.7985
92.8311
92.8637
92.8963
92.9289
92.9615
92.994
93.0266
93.0592
93.0918
93.1244
93.1569
93.1895
93.2221
93.2546
93.2872
93.3198
93.3523
93.3849
93.4174
93.45
93.4826
93.5151
93.5477
93.5802
93.6128
93.6453
93.6778
93.7104
93.7429
93.7755
93.808
93.8405
93.8731
93.9056
93.9381
93.9706
94.0031
94.0357
94.0682
94.1007
94.1332
94.1657
94.1982
94.2307
94.2632
94.2958
94.3283
94.3608
94.3932
94.4257
94.4582
94.4907
94.5232
94.5557
94.5882
94.6207
94.6531
94.6856
94.7181
94.7506
94.783
94.8155
94.848
94.8804
94.9129
94.9454
94.9778
95.0103
95.0427
95.0752
95.1076
95.1401
95.1725
95.2049
95.2374
95.2698
95.3022
95.3347
95.3671
95.3995
95.432
95.4644
95.4968
95.5292
95.5616
95.594
95.6264
95.6588
95.6912
95.7236
95.756
95.7884
95.8208
95.8532
95.8856
95.918
95.9504
95.9828
96.0151
96.0475
96.0799
96.1123
96.1446
96.177
96.2093
96.2417
96.2741
96.3064
96.3388
96.3711
96.4035
96.4358
96.4681
96.5005
96.5328
96.5651
96.5975
96.6298
96.6621
96.6944
96.7267
96.7591
96.7914
96.8237
96.856
96.8883
96.9206
96.9529
96.9852
97.0175
97.0497
97.082
97.1143
97.1466
97.1789
97.2111
97.2434
97.2757
97.3079
97.3402
97.3724
97.4047
97.4369
97.4692
97.5014
97.5337
97.5659
97.5981
97.6304
97.6626
97.6948
97.727
97.7592
97.7914
97.8237
97.8559
97.8881
97.9203
97.9525
97.9846
98.0168
98.049
98.0812
98.1134
98.1455
98.1777
98.2099
98.242
98.2742
98.3064
98.3385
98.3707
98.4028
98.4349
98.4671
98.4992
98.5313
98.5635
98.5956
98.6277
98.6598
98.6919
98.724
98.7561
98.7882
98.8203
98.8524
98.8845
98.9166
98.9487
98.9807
99.0128
99.0449
99.0769
99.109
99.1411
99.1731
99.2051
99.2372
99.2692
99.3013
99.3333
99.3653
99.3973
99.4293
99.4613
99.4934
99.5254
99.5573
99.5893
99.6213
99.6533
99.6853
99.7173
99.7492
99.7812
99.8132
99.8451
99.8771
99.909
99.9409
99.9729
100.005
100.037
100.069
100.101
100.132
100.164
100.196
100.228
100.26
100.292
100.324
100.356
100.388
100.419
100.451
100.483
100.515
100.547
100.579
100.611
100.642
100.674
100.706
100.738
100.77
100.801
100.833
100.865
100.897
100.929
100.96
100.992
101.024
101.056
101.087
101.119
101.151
101.183
101.214
101.246
101.278
101.309
101.341
101.373
101.405
101.436
101.468
101.5
101.531
101.563
101.595
101.626
101.658
101.689
101.721
101.753
101.784
101.816
101.847
101.879
101.911
101.942
101.974
102.005
102.037
102.068
102.1
102.132
102.163
102.195
102.226
102.258
102.289
102.321
102.352
102.384
102.415
102.446
102.478
102.509
102.541
102.572
102.604
102.635
102.667
102.698
102.729
102.761
102.792
102.823
102.855
102.886
102.917
102.949
102.98
103.011
103.043
103.074
103.105
103.137
103.168
103.199
103.23
103.262
103.293
103.324
103.355
103.387
103.418
103.449
103.48
103.511
103.542
103.574
103.605
103.636
103.667
103.698
103.729
103.76
103.791
103.823
103.854
103.885
103.916
103.947
103.978
104.009
104.04
104.071
104.102
104.133
104.164
104.195
104.226
104.257
104.287
104.318
104.349
104.38
104.411
104.442
104.473
104.504
104.534
104.565
104.596
104.627
104.658
104.688
104.719
104.75
104.781
104.811
104.842
104.873
104.903
104.934
104.965
104.995
105.026
105.057
105.087
105.118
105.148
105.179
105.21
105.24
105.271
105.301
105.332
105.362
105.393
105.423
105.453
105.484
105.514
105.545
105.575
105.605
105.636
105.666
105.697
105.727
105.757
105.787
105.818
105.848
105.878
105.908
105.939
105.969
105.999
106.029
106.059
106.089
106.12
106.15
106.18
106.21
106.24
106.27
106.3
106.33
106.36
106.39
106.42
106.45
106.48
106.51
106.539
106.569
106.599
106.629
106.659
106.689
106.718
106.748
106.778
106.807
106.837
106.867
106.897
106.926
106.956
106.985
107.015
107.045
107.074
107.104
107.133
107.163
107.192
107.221
107.251
107.28
107.31
107.339
107.368
107.398
107.427
107.456
107.486
107.515
107.544
107.573
107.602
107.632
107.661
107.69
107.719
107.748
107.777
107.806
107.835
107.864
107.893
107.922
107.951
107.98
108.008
108.037
108.066
108.095
108.124
108.152
108.181
108.21
108.238
108.267
108.296
108.324
108.353
108.381
108.41
108.438
108.467
108.495
108.524
108.552
108.581
108.609
108.637
108.665
108.694
108.722
108.75
108.778
108.807
108.835
108.863
108.891
108.919
108.947
108.975
109.003
109.031
109.059
109.087
109.114
109.142
109.17
109.198
109.226
109.253
109.281
109.309
109.336
109.364
109.391
109.419
109.447
109.474
109.501
109.529
109.556
109.584
109.611
109.638
109.666
109.693
109.72
109.747
109.774
109.802
109.829
109.856
109.883
109.91
109.937
109.964
109.991
110.018
110.044
110.071
110.098
110.125
110.152
110.178
110.205
110.232
110.258
110.285
110.311
110.338
110.364
110.391
110.417
110.444
110.47
110.496
110.523
110.549
110.575
110.601
110.628
110.654
110.68
110.706
110.732
110.758
110.784
110.81
110.836
110.862
110.888
110.914
110.939
110.965
110.991
111.017
111.042
111.068
111.094
111.119
111.145
111.17
111.196
111.221
111.247
111.272
111.298
111.323
111.348
111.374
111.399
111.424
111.449
111.475
111.5
111.525
111.55
111.575
111.6
111.625
111.65
111.675
111.7
111.725
111.75
111.775
111.799
111.824
111.849
111.874
111.898
111.923
111.948
111.972
111.997
112.022
112.046
112.071
112.095
112.12
112.144
112.169
112.193
112.217
112.242
112.266
112.29
112.315
112.339
112.363
112.387
112.411
112.436
112.46
112.484
112.508
112.532
112.556
112.58
112.604
112.628
112.652
112.676
112.7
112.724
112.748
112.772
112.796
112.819
112.843
112.867
112.891
112.915
112.938
112.962
112.986
113.009
113.033
113.057
113.08
113.104
113.128
113.151
113.175
113.198
113.222
113.245
113.269
113.292
113.316
113.339
113.363
113.386
113.41
113.433
113.456
113.48
113.503
113.527
113.55
113.573
113.597
113.62
113.643
113.666
113.69
113.713
113.736
113.759
113.783
113.806
113.829
113.852
113.876
113.899
113.922
113.945
113.968
113.991
114.015
114.038
114.061
114.084
114.107
114.13
114.153
114.176
114.2
114.223
114.246
114.269
114.292
114.315
114.338
114.361
114.384
114.407
114.43
114.453
114.476
114.499
114.522
114.545
114.568
114.591
114.614
114.637
114.66
114.683
114.706
114.729
114.752
114.775
114.798
114.821
114.844
114.867
114.89
114.913
114.936
114.959
114.982
115.005
115.028
115.051
115.074
115.097
115.12
115.143
115.166
115.188
115.211
115.234
115.257
115.28
115.303
115.326
115.349
115.372
115.395
115.418
115.441
115.464
115.487
115.51
115.533
115.556
115.579
115.602
115.624
115.647
115.67
115.693
115.716
115.739
115.762
115.785
115.808
115.831
115.854
115.877
115.9
115.923
115.946
115.969
115.992
116.015
116.038
116.061
116.084
116.107
116.13
116.153
116.176
116.199
116.222
116.245
116.268
116.291
116.314
116.337
116.359
116.382
116.405
116.428
116.451
116.475
116.498
116.521
116.544
116.567
116.59
116.613
116.636
116.659
116.682
116.705
116.728
116.751
116.774
116.797
116.82
116.843
116.866
116.889
116.912
116.935
116.958
116.981
117.004
117.027
117.05
117.073
117.096
117.12
117.143
117.166
117.189
117.212
117.235
117.258
117.281
117.304
117.327
117.35
117.373
117.397
117.42
117.443
117.466
117.489
117.512
117.535
117.558
117.581
117.605
117.628
117.651
117.674
117.697
117.72
117.743
117.767
117.79
117.813
117.836
117.859
117.882
117.905
117.929
117.952
117.975
117.998
118.021
118.044
118.068
118.091
118.114
118.137
118.16
118.184
118.207
118.23
118.253
118.276
118.3
118.323
118.346
118.369
118.392
118.416
118.439
118.462
118.485
118.509
118.532
118.555
118.578
118.602
118.625
118.648
118.671
118.694
118.718
118.741
118.764
118.788
118.811
118.834
118.857
118.881
118.904
118.927
118.95
118.974
118.997
119.02
119.044
119.067
119.09
119.113
119.137
119.16
119.183
119.207
119.23
119.253
119.277
119.3
119.323
119.347
119.37
119.393
119.417
119.44
119.463
119.487
119.51
119.533
119.557
119.58
119.603
119.627
119.65
119.674
119.697
119.72
119.744
119.767
119.79
119.814
119.837
119.861
119.884
119.907
119.931
119.954
119.978
120.001
120.024
120.048
120.071
120.095
120.118
120.141
120.165
120.188
120.212
120.235
120.259
120.282
120.305
120.329
120.352
120.376
120.399
120.423
120.446
120.47
120.493
120.517
120.54
120.563
120.587
120.61
120.634
120.657
120.681
120.704
120.728
120.751
120.775
120.798
120.822
120.845
120.869
120.892
120.916
120.939
120.963
120.986
121.01
121.033
121.057
121.081
121.104
121.128
121.151
121.175
121.198
121.222
121.245
121.269
121.292
121.316
121.34
121.363
121.387
121.41
121.434
121.457
121.481
121.505
121.528
121.552
121.575
121.599
121.622
121.646
121.67
121.693
121.717
121.741
121.764
121.788
121.811
121.835
121.859
121.882
121.906
121.929
121.953
121.977
122
122.024
122.048
122.071
122.095
122.119
122.142
122.166
122.19
122.213
122.237
122.261
122.284
122.308
122.332
122.355
122.379
122.403
122.426
122.45
122.474
122.497
122.521
122.545
122.569
122.592
122.616
122.64
122.663
122.687
122.711
122.735
122.758
122.782
122.806
122.829
122.853
122.877
122.901
122.924
122.948
122.972
122.996
123.019
123.043
123.067
123.091
123.115
123.138
123.162
123.186
123.21
123.233
123.257
123.281
123.305
123.329
123.352
123.376
123.4
123.424
123.448
123.471
123.495
123.519
123.543
123.567
123.591
123.614
123.638
123.662
123.686
123.71
123.734
123.757
123.781
123.805
123.829
123.853
123.877
123.9
123.924
123.948
123.972
123.996
124.02
124.044
124.068
124.091
124.115
124.139
124.163
124.187
124.211
124.235
124.259
124.283
124.307
124.33
124.354
124.378
124.402
124.426
124.45
124.474
124.498
124.522
124.546
124.57
124.594
124.618
124.642
124.666
124.689
124.713
124.737
124.761
124.785
124.809
124.833
124.857
124.881
124.905
124.929
124.953
124.977
125.001
125.025
125.049
125.073
125.097
125.121
125.145
125.169
125.193
125.217
125.241
125.265
125.289
125.313
125.337
125.361
125.385
125.409
125.433
125.457
125.481
125.506
125.53
125.554
125.578
125.602
125.626
125.65
125.674
125.698
125.722
125.746
125.77
125.794
125.818
125.843
125.867
125.891
125.915
125.939
125.963
125.987
126.011
126.035
126.059
126.084
126.108
126.132
126.156
126.18
126.204
126.228
126.252
126.277
126.301
126.325
126.349
126.373
126.397
126.421
126.446
126.47
126.494
126.518
126.542
126.566
126.591
126.615
126.639
126.663
126.687
126.712
126.736
126.76
126.784
126.808
126.832
126.857
126.881
126.905
126.929
126.954
126.978
127.002
127.026
127.05
127.075
127.099
127.123
127.147
127.172
127.196
127.22
127.244
127.269
127.293
127.317
127.341
127.366
127.39
127.414
127.438
127.463
127.487
127.511
127.536
127.56
127.584
127.608
127.633
127.657
127.681
127.706
127.73
127.754
127.779
127.803
127.827
127.852
127.876
127.9
127.925
127.949
127.973
127.998
128.022
128.046
128.071
128.095
128.119
128.144
128.168
128.192
128.217
128.241
128.265
128.29
128.314
128.339
128.363
128.387
128.412
128.436
128.461
128.485
128.509
128.534
128.558
128.583
128.607
128.631
128.656
128.68
128.705
128.729
128.753
128.778
128.802
128.827
128.851
128.876
128.9
128.925
128.949
128.973
128.998
129.022
129.047
129.071
129.096
129.12
129.145
129.169
129.194
129.218
129.243
129.267
129.292
129.316
129.341
129.365
129.39
129.414
129.439
129.463
129.488
129.512
129.537
129.561
129.586
129.61
129.635
129.659
129.684
129.708
129.733
129.757
129.782
129.806
129.831
129.856
129.88
129.905
129.929
129.954
129.978
130.003
130.028
130.052
130.077
130.101
130.126
130.15
130.175
130.2
130.224
130.249
130.273
130.298
130.323
130.347
130.372
130.397
130.421
130.446
130.47
130.495
130.52
130.544
130.569
130.594
130.618
130.643
130.668
130.692
130.717
130.741
130.766
130.791
130.815
130.84
130.865
130.889
130.914
130.939
130.964
130.988
131.013
131.038
131.062
131.087
131.112
131.136
131.161
131.186
131.211
131.235
131.26
131.285
131.309
131.334
131.359
131.384
131.408
131.433
131.458
131.483
131.507
131.532
131.557
131.582
131.606
131.631
131.656
131.681
131.705
131.73
131.755
131.78
131.805
131.829
131.854
131.879
131.904
131.928
131.953
131.978
132.003
132.028
132.052
132.077
132.102
132.127
132.152
132.177
132.201
132.226
132.251
132.276
132.301
132.326
132.35
132.375
132.4
132.425
132.45
132.475
132.5
132.524
132.549
132.574
132.599
132.624
132.649
132.674
132.699
132.723
132.748
132.773
132.798
132.823
132.848
132.873
132.898
132.923
132.948
132.973
132.997
133.022
133.047
133.072
133.097
133.122
133.147
133.172
133.197
133.222
133.247
133.272
133.297
133.322
133.347
133.372
133.397
133.422
133.447
133.472
133.496
133.521
133.546
133.571
133.596
133.621
133.646
133.671
133.696
133.721
133.746
133.771
133.796
133.821
133.847
133.872
133.897
133.922
133.947
133.972
133.997
134.022
134.047
134.072
134.097
134.122
134.147
134.172
134.197
134.222
134.247
134.272
134.297
134.322
134.348
134.373
134.398
134.423
134.448
134.473
134.498
134.523
134.548
134.573
134.598
134.624
134.649
134.674
134.699
134.724
134.749
134.774
134.799
134.825
134.85
134.875
134.9
134.925
134.95
134.975
135.001
135.026
135.051
135.076
135.101
135.126
135.152
135.177
135.202
135.227
135.252
135.277
135.303
135.328
135.353
135.378
135.403
135.429
135.454
135.479
135.504
135.529
135.555
135.58
135.605
135.63
135.656
135.681
135.706
135.731
135.757
135.782
135.807
135.832
135.858
135.883
135.908
135.933
135.959
135.984
136.009
136.034
136.06
136.085
136.11
136.135
136.161
136.186
136.211
136.237
136.262
136.287
136.313
136.338
136.363
136.388
136.414
136.439
136.464
136.49
136.515
136.54
136.566
136.591
136.616
136.642
136.667
136.692
136.718
136.743
136.769
136.794
136.819
136.845
136.87
136.895
136.921
136.946
136.971
136.997
137.022
137.048
137.073
137.098
137.124
137.149
137.175
137.2
137.225
137.251
137.276
137.302
137.327
137.353
137.378
137.403
137.429
137.454
137.48
137.505
137.531
137.556
137.582
137.607
137.632
137.658
137.683
137.709
137.734
137.76
137.785
137.811
137.836
137.862
137.887
137.913
137.938
137.964
137.989
138.015
138.04
138.066
138.091
138.117
138.142
138.168
138.193
138.219
138.244
138.27
138.295
138.321
138.346
138.372
138.398
138.423
138.449
138.474
138.5
138.525
138.551
138.576
138.602
138.628
138.653
138.679
138.704
138.73
138.755
138.781
138.807
138.832
138.858
138.883
138.909
138.935
138.96
138.986
139.011
139.037
139.063
139.088
139.114
139.14
139.165
139.191
139.217
139.242
139.268
139.293
139.319
139.345
139.37
139.396
139.422
139.447
139.473
139.499
139.524
139.55
139.576
139.601
139.627
139.653
139.679
139.704
139.73
139.756
139.781
139.807
139.833
139.858
139.884
139.91
139.936
139.961
139.987
140.013
140.039
140.064
140.09
140.116
140.142
140.167
140.193
140.219
140.245
140.27
140.296
140.322
140.348
140.373
140.399
140.425
140.451
140.476
140.502
140.528
140.554
140.58
140.605
140.631
140.657
140.683
140.709
140.735
140.76
140.786
140.812
140.838
140.864
140.889
140.915
140.941
140.967
140.993
141.019
141.045
141.07
141.096
141.122
141.148
141.174
141.2
141.226
141.251
141.277
141.303
141.329
141.355
141.381
141.407
141.433
141.459
141.484
141.51
141.536
141.562
141.588
141.614
141.64
141.666
141.692
141.718
141.744
141.77
141.795
141.821
141.847
141.873
141.899
141.925
141.951
141.977
142.003
142.029
142.055
142.081
142.107
142.133
142.159
142.185
142.211
142.237
142.263
142.289
142.315
142.341
142.367
142.393
142.419
142.445
142.471
142.497
142.523
142.549
142.575
142.601
142.627
142.653
142.679
142.705
142.731
142.757
142.783
142.809
142.835
142.862
142.888
142.914
142.94
142.966
142.992
143.018
143.044
143.07
143.096
143.122
143.148
143.174
143.201
143.227
143.253
143.279
143.305
143.331
143.357
143.383
143.409
143.436
143.462
143.488
143.514
143.54
143.566
143.592
143.619
143.645
143.671
143.697
143.723
143.749
143.776
143.802
143.828
143.854
143.88
143.906
143.933
143.959
143.985
144.011
144.037
144.064
144.09
144.116
144.142
144.168
144.195
144.221
144.247
144.273
144.299
144.326
144.352
144.378
144.404
144.431
144.457
144.483
144.509
144.536
144.562
144.588
144.614
144.641
144.667
144.693
144.72
144.746
144.772
144.798
144.825
144.851
144.877
144.904
144.93
144.956
144.982
145.009
145.035
145.061
145.088
145.114
145.14
145.167
145.193
145.219
145.246
145.272
145.298
145.325
145.351
145.377
145.404
145.43
145.456
145.483
145.509
145.536
145.562
145.588
145.615
145.641
145.667
145.694
145.72
145.747
145.773
145.799
145.826
145.852
145.879
145.905
145.931
145.958
145.984
146.011
146.037
146.064
146.09
146.116
146.143
146.169
146.196
146.222
146.249
146.275
146.302
146.328
146.354
146.381
146.407
146.434
146.46
146.487
146.513
146.54
146.566
146.593
146.619
146.646
146.672
146.699
146.725
146.752
146.778
146.805
146.831
146.858
146.884
146.911
146.937
146.964
146.991
147.017
147.044
147.07
147.097
147.123
147.15
147.176
147.203
147.229
147.256
147.283
147.309
147.336
147.362
147.389
147.416
147.442
147.469
147.495
147.522
147.548
147.575
147.602
147.628
147.655
147.682
147.708
147.735
147.761
147.788
147.815
147.841
147.868
147.895
147.921
147.948
147.975
148.001
148.028
148.054
148.081
148.108
148.134
148.161
148.188
148.214
148.241
148.268
148.295
148.321
148.348
148.375
148.401
148.428
148.455
148.481
148.508
148.535
148.562
148.588
148.615
148.642
148.668
148.695
148.722
148.749
148.775
148.802
148.829
148.856
148.882
148.909
148.936
148.963
148.989
149.016
149.043
149.07
149.097
149.123
149.15
149.177
149.204
149.23
149.257
149.284
149.311
149.338
149.364
149.391
149.418
149.445
149.472
149.499
149.525
149.552
149.579
149.606
149.633
149.66
149.686
149.713
149.74
149.767
149.794
149.821
149.848
149.874
149.901
149.928
149.955
149.982
150.009
150.036
150.063
150.089
150.116
150.143
150.17
150.197
150.224
150.251
150.278
150.305
150.332
150.359
150.386
150.412
150.439
150.466
150.493
150.52
150.547
150.574
150.601
150.628
150.655
150.682
150.709
150.736
150.763
150.79
150.817
150.844
150.871
150.898
150.925
150.952
150.979
151.006
151.033
151.06
151.087
151.114
151.141
151.168
151.195
151.222
151.249
151.276
151.303
151.33
151.357
151.384
151.411
151.438
151.465
151.492
151.519
151.546
151.573
151.6
151.627
151.654
151.682
151.709
151.736
151.763
151.79
151.817
151.844
151.871
151.898
151.925
151.952
151.98
152.007
152.034
152.061
152.088
152.115
152.142
152.169
152.197
152.224
152.251
152.278
152.305
152.332
152.359
152.387
152.414
152.441
152.468
152.495
152.522
152.55
152.577
152.604
152.631
152.658
152.685
152.713
152.74
152.767
152.794
152.821
152.849
152.876
152.903
152.93
152.958
152.985
153.012
153.039
153.066
153.094
153.121
153.148
153.175
153.203
153.23
153.257
153.284
153.312
153.339
153.366
153.393
153.421
153.448
153.475
153.503
153.53
153.557
153.584
153.612
153.639
153.666
153.694
153.721
153.748
153.776
153.803
153.83
153.858
153.885
153.912
153.94
153.967
153.994
154.022
154.049
154.076
154.104
154.131
154.158
154.186
154.213
154.24
154.268
154.295
154.322
154.35
154.377
154.405
154.432
154.459
154.487
154.514
154.542
154.569
154.596
154.624
154.651
154.679
154.706
154.734
154.761
154.788
154.816
154.843
154.871
154.898
154.926
154.953
154.98
155.008
155.035
155.063
155.09
155.118
155.145
155.173
155.2
155.228
155.255
155.283
155.31
155.338
155.365
155.393
155.42
155.448
155.475
155.503
155.53
155.558
155.585
155.613
155.64
155.668
155.695
155.723
155.75
155.778
155.805
155.833
155.861
155.888
155.916
155.943
155.971
155.998
156.026
156.053
156.081
156.109
156.136
156.164
156.191
156.219
156.247
156.274
156.302
156.329
156.357
156.385
156.412
156.44
156.467
156.495
156.523
156.55
156.578
156.606
156.633
156.661
156.689
156.716
156.744
156.772
156.799
156.827
156.854
156.882
156.91
156.938
156.965
156.993
157.021
157.048
157.076
157.104
157.131
157.159
157.187
157.214
157.242
157.27
157.298
157.325
157.353
157.381
157.408
157.436
157.464
157.492
157.519
157.547
157.575
157.603
157.63
157.658
157.686
157.714
157.741
157.769
157.797
157.825
157.853
157.88
157.908
157.936
157.964
157.991
158.019
158.047
158.075
158.103
158.131
158.158
158.186
158.214
158.242
158.27
158.297
158.325
158.353
158.381
158.409
158.437
158.464
158.492
158.52
158.548
158.576
158.604
158.632
158.66
158.687
158.715
158.743
158.771
158.799
158.827
158.855
158.883
158.911
158.938
158.966
158.994
159.022
159.05
159.078
159.106
159.134
159.162
159.19
159.218
159.246
159.273
159.301
159.329
159.357
159.385
159.413
159.441
159.469
159.497
159.525
159.553
159.581
159.609
159.637
159.665
159.693
159.721
159.749
159.777
159.805
159.833
159.861
159.889
159.917
159.945
159.973
160.001
160.029
160.057
160.085
160.113
160.141
160.169
160.197
160.225
160.253
160.282
160.31
160.338
160.366
160.394
160.422
160.45
160.478
160.506
160.534
160.562
160.59
160.618
160.647
160.675
160.703
160.731
160.759
160.787
160.815
160.843
160.871
160.9
160.928
160.956
160.984
161.012
161.04
161.068
161.097
161.125
161.153
161.181
161.209
161.237
161.265
161.294
161.322
161.35
161.378
161.406
161.435
161.463
161.491
161.519
161.547
161.576
161.604
161.632
161.66
161.688
161.717
161.745
161.773
161.801
161.83
161.858
161.886
161.914
161.943
161.971
161.999
162.027
162.056
162.084
162.112
162.14
162.169
162.197
162.225
162.253
162.282
162.31
162.338
162.367
162.395
162.423
162.451
162.48
162.508
162.536
162.565
162.593
162.621
162.65
162.678
162.706
162.735
162.763
162.791
162.82
162.848
162.876
162.905
162.933
162.961
162.99
163.018
163.047
163.075
163.103
163.132
163.16
163.188
163.217
163.245
163.274
163.302
163.33
163.359
163.387
163.416
163.444
163.472
163.501
163.529
163.558
163.586
163.615
163.643
163.672
163.7
163.728
163.757
163.785
163.814
163.842
163.871
163.899
163.928
163.956
163.985
164.013
164.042
164.07
164.099
164.127
164.156
164.184
164.213
164.241
164.27
164.298
164.327
164.355
164.384
164.412
164.441
164.469
164.498
164.526
164.555
164.583
164.612
164.64
164.669
164.698
164.726
164.755
164.783
164.812
164.84
164.869
164.898
164.926
164.955
164.983
165.012
165.041
165.069
165.098
165.126
165.155
165.184
165.212
165.241
165.269
165.298
165.327
165.355
165.384
165.413
165.441
165.47
165.499
165.527
165.556
165.585
165.613
165.642
165.671
165.699
165.728
165.757
165.785
165.814
165.843
165.871
165.9
165.929
165.957
165.986
166.015
166.044
166.072
166.101
166.13
166.158
166.187
166.216
166.245
166.273
166.302
166.331
166.36
166.388
166.417
166.446
166.475
166.503
166.532
166.561
166.59
166.618
166.647
166.676
166.705
166.734
166.762
166.791
166.82
166.849
166.878
166.906
166.935
166.964
166.993
167.022
167.05
167.079
167.108
167.137
167.166
167.195
167.223
167.252
167.281
167.31
167.339
167.368
167.397
167.425
167.454
167.483
167.512
167.541
167.57
167.599
167.628
167.657
167.685
167.714
167.743
167.772
167.801
167.83
167.859
167.888
167.917
167.946
167.975
168.004
168.032
168.061
168.09
168.119
168.148
168.177
168.206
168.235
168.264
168.293
168.322
168.351
168.38
168.409
168.438
168.467
168.496
168.525
168.554
168.583
168.612
168.641
168.67
168.699
168.728
168.757
168.786
168.815
168.844
168.873
168.902
168.931
168.96
168.989
169.018
169.047
169.076
169.105
169.134
169.164
169.193
169.222
169.251
169.28
169.309
169.338
169.367
169.396
169.425
169.454
169.483
169.513
169.542
169.571
169.6
169.629
169.658
169.687
169.716
169.746
169.775
169.804
169.833
169.862
169.891
169.92
169.95
169.979
170.008
170.037
170.066
170.095
170.125
170.154
170.183
170.212
170.241
170.27
170.3
170.329
170.358
170.387
170.416
170.446
170.475
170.504
170.533
170.563
170.592
170.621
170.65
170.679
170.709
170.738
170.767
170.796
170.826
170.855
170.884
170.913
170.943
170.972
171.001
171.031
171.06
171.089
171.118
171.148
171.177
171.206
171.236
171.265
171.294
171.324
171.353
171.382
171.411
171.441
171.47
171.499
171.529
171.558
171.587
171.617
171.646
171.675
171.705
171.734
171.764
171.793
171.822
171.852
171.881
171.91
171.94
171.969
171.999
172.028
172.057
172.087
172.116
172.146
172.175
172.204
172.234
172.263
172.293
172.322
172.351
172.381
172.41
172.44
172.469
172.499
172.528
172.558
172.587
172.616
172.646
172.675
172.705
172.734
172.764
172.793
172.823
172.852
172.882
172.911
172.941
172.97
173
173.029
173.059
173.088
173.118
173.147
173.177
173.206
173.236
173.265
173.295
173.324
173.354
173.383
173.413
173.443
173.472
173.502
173.531
173.561
173.59
173.62
173.649
173.679
173.709
173.738
173.768
173.797
173.827
173.857
173.886
173.916
173.945
173.975
174.005
174.034
174.064
174.093
174.123
174.153
174.182
174.212
174.242
174.271
174.301
174.331
174.36
174.39
174.42
174.449
174.479
174.509
174.538
174.568
174.598
174.627
174.657
174.687
174.716
174.746
174.776
174.805
174.835
174.865
174.895
174.924
174.954
174.984
175.013
175.043
175.073
175.103
175.132
175.162
175.192
175.222
175.251
175.281
175.311
175.341
175.37
175.4
175.43
175.46
175.49
175.519
175.549
175.579
175.609
175.638
175.668
175.698
175.728
175.758
175.788
175.817
175.847
175.877
175.907
175.937
175.966
175.996
176.026
176.056
176.086
176.116
176.146
176.175
176.205
176.235
176.265
176.295
176.325
176.355
176.385
176.414
176.444
176.474
176.504
176.534
176.564
176.594
176.624
176.654
176.684
176.713
176.743
176.773
176.803
176.833
176.863
176.893
176.923
176.953
176.983
177.013
177.043
177.073
177.103
177.133
177.163
177.193
177.223
177.253
177.283
177.313
177.343
177.372
177.402
177.432
177.462
177.493
177.523
177.553
177.583
177.613
177.643
177.673
177.703
177.733
177.763
177.793
177.823
177.853
177.883
177.913
177.943
177.973
178.003
178.033
178.063
178.093
178.123
178.153
178.184
178.214
178.244
178.274
178.304
178.334
178.364
178.394
178.424
178.454
178.485
178.515
178.545
178.575
178.605
178.635
178.665
178.696
178.726
178.756
178.786
178.816
178.846
178.876
178.907
178.937
178.967
178.997
179.027
179.058
179.088
179.118
179.148
179.178
179.208
179.239
179.269
179.299
179.329
179.36
179.39
179.42
179.45
179.48
179.511
179.541
179.571
179.601
179.632
179.662
179.692
179.722
179.753
179.783
179.813
179.843
179.874
179.904
179.934
179.965
179.995
180.025
180.055
180.086
180.116
180.146
180.177
180.207
180.237
180.268
180.298
180.328
180.359
180.389
180.419
180.45
180.48
180.51
180.541
180.571
180.601
180.632
180.662
180.692
180.723
180.753
180.784
180.814
180.844
180.875
180.905
180.935
180.966
180.996
181.027
181.057
181.088
181.118
181.148
181.179
181.209
181.24
181.27
181.3
181.331
181.361
181.392
181.422
181.453
181.483
181.514
181.544
181.575
181.605
181.635
181.666
181.696
181.727
181.757
181.788
181.818
181.849
181.879
181.91
181.94
181.971
182.001
182.032
182.062
182.093
182.124
182.154
182.185
182.215
182.246
182.276
182.307
182.337
182.368
182.398
182.429
182.46
182.49
182.521
182.551
182.582
182.612
182.643
182.674
182.704
182.735
182.765
182.796
182.827
182.857
182.888
182.918
182.949
182.98
183.01
183.041
183.072
183.102
183.133
183.163
183.194
183.225
183.255
183.286
183.317
183.347
183.378
183.409
183.439
183.47
183.501
183.531
183.562
183.593
183.624
183.654
183.685
183.716
183.746
183.777
183.808
183.839
183.869
183.9
183.931
183.961
183.992
184.023
184.054
184.084
184.115
184.146
184.177
184.207
184.238
184.269
184.3
184.331
184.361
184.392
184.423
184.454
184.484
184.515
184.546
184.577
184.608
184.638
184.669
184.7
184.731
184.762
184.793
184.823
184.854
184.885
184.916
184.947
184.978
185.008
185.039
185.07
185.101
185.132
185.163
185.194
185.225
185.255
185.286
185.317
185.348
185.379
185.41
185.441
185.472
185.503
185.533
185.564
185.595
185.626
185.657
185.688
185.719
185.75
185.781
185.812
185.843
185.874
185.905
185.936
185.967
185.998
186.028
186.059
186.09
186.121
186.152
186.183
186.214
186.245
186.276
186.307
186.338
186.369
186.4
186.431
186.462
186.493
186.524
186.555
186.586
186.618
186.649
186.68
186.711
186.742
186.773
186.804
186.835
186.866
186.897
186.928
186.959
186.99
187.021
187.052
187.083
187.114
187.146
187.177
187.208
187.239
187.27
187.301
187.332
187.363
187.394
187.426
187.457
187.488
187.519
187.55
187.581
187.612
187.643
187.675
187.706
187.737
187.768
187.799
187.83
187.862
187.893
187.924
187.955
187.986
188.018
188.049
188.08
188.111
188.142
188.174
188.205
188.236
188.267
188.298
188.33
188.361
188.392
188.423
188.455
188.486
188.517
188.548
188.58
188.611
188.642
188.673
188.705
188.736
188.767
188.798
188.83
188.861
188.892
188.923
188.955
188.986
189.017
189.049
189.08
189.111
189.143
189.174
189.205
189.237
189.268
189.299
189.331
189.362
189.393
189.425
189.456
189.487
189.519
189.55
189.581
189.613
189.644
189.675
189.707
189.738
189.77
189.801
189.832
189.864
189.895
189.927
189.958
189.989
190.021
190.052
190.084
190.115
190.147
190.178
190.209
190.241
190.272
190.304
190.335
190.367
190.398
190.43
190.461
190.492
190.524
190.555
190.587
190.618
190.65
190.681
190.713
190.744
190.776
190.807
190.839
190.87
190.902
190.933
190.965
190.996
191.028
191.059
191.091
191.122
191.154
191.186
191.217
191.249
191.28
191.312
191.343
191.375
191.406
191.438
191.47
191.501
191.533
191.564
191.596
191.628
191.659
191.691
191.722
191.754
191.786
191.817
191.849
191.88
191.912
191.944
191.975
192.007
192.039
192.07
192.102
192.133
192.165
192.197
192.228
192.26
192.292
192.323
192.355
192.387
192.418
192.45
192.482
192.514
192.545
192.577
192.609
192.64
192.672
192.704
192.735
192.767
192.799
192.831
192.862
192.894
192.926
192.958
192.989
193.021
193.053
193.085
193.116
193.148
193.18
193.212
193.243
193.275
193.307
193.339
193.37
193.402
193.434
193.466
193.498
193.529
193.561
193.593
193.625
193.657
193.689
193.72
193.752
193.784
193.816
193.848
193.88
193.911
193.943
193.975
194.007
194.039
194.071
194.103
194.134
194.166
194.198
194.23
194.262
194.294
194.326
194.358
194.389
194.421
194.453
194.485
194.517
194.549
194.581
194.613
194.645
194.677
194.709
194.741
194.773
194.805
194.836
194.868
194.9
194.932
194.964
194.996
195.028
195.06
195.092
195.124
195.156
195.188
195.22
195.252
195.284
195.316
195.348
195.38
195.412
195.444
195.476
195.508
195.54
195.572
195.604
195.636
195.668
195.7
195.732
195.765
195.797
195.829
195.861
195.893
195.925
195.957
195.989
196.021
196.053
196.085
196.117
196.149
196.182
196.214
196.246
196.278
196.31
196.342
196.374
196.406
196.438
196.471
196.503
196.535
196.567
196.599
196.631
196.663
196.696
196.728
196.76
196.792
196.824
196.856
196.889
196.921
196.953
196.985
197.017
197.05
197.082
197.114
197.146
197.178
197.211
197.243
197.275
197.307
197.339
197.372
197.404
197.436
197.468
197.501
197.533
197.565
197.597
197.63
197.662
197.694
197.726
197.759
197.791
197.823
197.856
197.888
197.92
197.952
197.985
198.017
198.049
198.082
198.114
198.146
198.179
198.211
198.243
198.276
198.308
198.34
198.373
198.405
198.437
198.47
198.502
198.534
198.567
198.599
198.632
198.664
198.696
198.729
198.761
198.793
198.826
198.858
198.891
198.923
198.955
198.988
199.02
199.053
199.085
199.118
199.15
199.182
199.215
199.247
199.28
199.312
199.345
199.377
199.409
199.442
199.474
199.507
199.539
199.572
199.604
199.637
199.669
199.702
199.734
199.767
199.799
199.832
199.864
199.897
199.929
199.962
199.994
200.027
200.059
200.092
200.124
200.157
200.19
200.222
200.255
200.287
200.32
200.352
200.385
200.417
200.45
200.483
200.515
200.548
200.58
200.613
200.646
200.678
200.711
200.743
200.776
200.809
200.841
200.874
200.906
200.939
200.972
201.004
201.037
201.07
201.102
201.135
201.168
201.2
201.233
201.266
201.298
201.331
201.364
201.396
201.429
201.462
201.494
201.527
201.56
201.592
201.625
201.658
201.69
201.723
201.756
201.789
201.821
201.854
201.887
201.92
201.952
201.985
202.018
202.051
202.083
202.116
202.149
202.182
202.214
202.247
202.28
202.313
202.345
202.378
202.411
202.444
202.477
202.509
202.542
202.575
202.608
202.641
202.673
202.706
202.739
202.772
202.805
202.838
202.87
202.903
202.936
202.969
203.002
203.035
203.068
203.1
203.133
203.166
203.199
203.232
203.265
203.298
203.331
203.363
203.396
203.429
203.462
203.495
203.528
203.561
203.594
203.627
203.66
203.693
203.726
203.758
203.791
203.824
203.857
203.89
203.923
203.956
203.989
204.022
204.055
204.088
204.121
204.154
204.187
204.22
204.253
204.286
204.319
204.352
204.385
204.418
204.451
204.484
204.517
204.55
204.583
204.616
204.649
204.682
204.715
204.748
204.781
204.814
204.848
204.881
204.914
204.947
204.98
205.013
205.046
205.079
205.112
205.145
205.178
205.211
205.245
205.278
205.311
205.344
205.377
205.41
205.443
205.476
205.509
205.543
205.576
205.609
205.642
205.675
205.708
205.741
205.775
205.808
205.841
205.874
205.907
205.941
205.974
206.007
206.04
206.073
206.106
206.14
206.173
206.206
206.239
206.273
206.306
206.339
206.372
206.405
206.439
206.472
206.505
206.538
206.572
206.605
206.638
206.671
206.705
206.738
206.771
206.804
206.838
206.871
206.904
206.938
206.971
207.004
207.038
207.071
207.104
207.137
207.171
207.204
207.237
207.271
207.304
207.337
207.371
207.404
207.437
207.471
207.504
207.537
207.571
207.604
207.638
207.671
207.704
207.738
207.771
207.804
207.838
207.871
207.905
207.938
207.971
208.005
208.038
208.072
208.105
208.139
208.172
208.205
208.239
208.272
208.306
208.339
208.373
208.406
208.439
208.473
208.506
208.54
208.573
208.607
208.64
208.674
208.707
208.741
208.774
208.808
208.841
208.875
208.908
208.942
208.975
209.009
209.042
209.076
209.109
209.143
209.176
209.21
209.244
209.277
209.311
209.344
209.378
209.411
209.445
209.478
209.512
209.546
209.579
209.613
209.646
209.68
209.714
209.747
209.781
209.814
209.848
209.882
209.915
209.949
209.982
210.016
210.05
210.083
210.117
210.151
210.184
210.218
210.252
210.285
210.319
210.353
210.386
210.42
210.454
210.487
210.521
210.555
210.588
210.622
210.656
210.689
210.723
210.757
210.791
210.824
210.858
210.892
210.925
210.959
210.993
211.027
211.06
211.094
211.128
211.162
211.195
211.229
211.263
211.297
211.331
211.364
211.398
211.432
211.466
211.499
211.533
211.567
211.601
211.635
211.668
211.702
211.736
211.77
211.804
211.838
211.871
211.905
211.939
211.973
212.007
212.041
212.075
212.108
212.142
212.176
212.21
212.244
212.278
212.312
212.345
212.379
212.413
212.447
212.481
212.515
212.549
212.583
212.617
212.651
212.685
212.718
212.752
212.786
212.82
212.854
212.888
212.922
212.956
212.99
213.024
213.058
213.092
213.126
213.16
213.194
213.228
213.262
213.296
213.33
213.364
213.398
213.432
213.466
213.5
213.534
213.568
213.602
213.636
213.67
213.704
213.738
213.772
213.806
213.84
213.874
213.908
213.942
213.976
214.01
214.045
214.079
214.113
214.147
214.181
214.215
214.249
214.283
214.317
214.351
214.386
214.42
214.454
214.488
214.522
214.556
214.59
214.624
214.659
214.693
214.727
214.761
214.795
214.829
214.863
214.898
214.932
214.966
215
215.034
215.069
215.103
215.137
215.171
215.205
215.239
215.274
215.308
215.342
215.376
215.411
215.445
215.479
215.513
215.547
215.582
215.616
215.65
215.684
215.719
215.753
215.787
215.822
215.856
215.89
215.924
215.959
215.993
216.027
216.062
216.096
216.13
216.164
216.199
216.233
216.267
216.302
216.336
216.37
216.405
216.439
216.473
216.508
216.542
216.576
216.611
216.645
216.679
216.714
216.748
216.783
216.817
216.851
216.886
216.92
216.955
216.989
217.023
217.058
217.092
217.127
217.161
217.195
217.23
217.264
217.299
217.333
217.368
217.402
217.436
217.471
217.505
217.54
217.574
217.609
217.643
217.678
217.712
217.747
217.781
217.816
217.85
217.885
217.919
217.954
217.988
218.023
218.057
218.092
218.126
218.161
218.195
218.23
218.264
218.299
218.333
218.368
218.402
218.437
218.472
218.506
218.541
218.575
218.61
218.644
218.679
218.714
218.748
218.783
218.817
218.852
218.887
218.921
218.956
218.99
219.025
219.06
219.094
219.129
219.164
219.198
219.233
219.267
219.302
219.337
219.371
219.406
219.441
219.475
219.51
219.545
219.579
219.614
219.649
219.683
219.718
219.753
219.788
219.822
219.857
219.892
219.926
219.961
219.996
220.031
220.065
220.1
220.135
220.17
220.204
220.239
220.274
220.309
220.343
220.378
220.413
220.448
220.482
220.517
220.552
220.587
220.622
220.656
220.691
220.726
220.761
220.796
220.83
220.865
220.9
220.935
220.97
221.005
221.039
221.074
221.109
221.144
221.179
221.214
221.249
221.283
221.318
221.353
221.388
221.423
221.458
221.493
221.528
221.562
221.597
221.632
221.667
221.702
221.737
221.772
221.807
221.842
221.877
221.912
221.947
221.982
222.017
222.051
222.086
222.121
222.156
222.191
222.226
222.261
222.296
222.331
222.366
222.401
222.436
222.471
222.506
222.541
222.576
222.611
222.646
222.681
222.716
222.751
222.786
222.821
222.856
222.891
222.926
222.962
222.997
223.032
223.067
223.102
223.137
223.172
223.207
223.242
223.277
223.312
223.347
223.382
223.418
223.453
223.488
223.523
223.558
223.593
223.628
223.663
223.698
223.734
223.769
223.804
223.839
223.874
223.909
223.945
223.98
224.015
224.05
224.085
224.12
224.156
224.191
224.226
224.261
224.296
224.331
224.367
224.402
224.437
224.472
224.508
224.543
224.578
224.613
224.648
224.684
224.719
224.754
224.789
224.825
224.86
224.895
224.93
224.966
225.001
225.036
225.072
225.107
225.142
225.177
225.213
225.248
225.283
225.319
225.354
225.389
225.425
225.46
225.495
225.531
225.566
225.601
225.637
225.672
225.707
225.743
225.778
225.813
225.849
225.884
225.919
225.955
225.99
226.026
226.061
226.096
226.132
226.167
226.203
226.238
226.273
226.309
226.344
226.38
226.415
226.451
226.486
226.521
226.557
226.592
226.628
226.663
226.699
226.734
226.77
226.805
226.841
226.876
226.911
226.947
226.982
227.018
227.053
227.089
227.124
227.16
227.195
227.231
227.267
227.302
227.338
227.373
227.409
227.444
227.48
227.515
227.551
227.586
227.622
227.658
227.693
227.729
227.764
227.8
227.835
227.871
227.907
227.942
227.978
228.013
228.049
228.085
228.12
228.156
228.191
228.227
228.263
228.298
228.334
228.37
228.405
228.441
228.477
228.512
228.548
228.584
228.619
228.655
228.691
228.726
228.762
228.798
228.833
228.869
228.905
228.94
228.976
229.012
229.047
229.083
229.119
229.155
229.19
229.226
229.262
229.298
229.333
229.369
229.405
229.441
229.476
229.512
229.548
229.584
229.619
229.655
229.691
229.727
229.763
229.798
229.834
229.87
229.906
229.942
229.977
230.013
230.049
230.085
230.121
230.157
230.192
230.228
230.264
230.3
230.336
230.372
230.408
230.443
230.479
230.515
230.551
230.587
230.623
230.659
230.695
230.73
230.766
230.802
230.838
230.874
230.91
230.946
230.982
231.018
231.054
231.09
231.126
231.162
231.197
231.233
231.269
231.305
231.341
231.377
231.413
231.449
231.485
231.521
231.557
231.593
231.629
231.665
231.701
231.737
231.773
231.809
231.845
231.881
231.917
231.953
231.989
232.025
232.061
232.097
232.134
232.17
232.206
232.242
232.278
232.314
232.35
232.386
232.422
232.458
232.494
232.53
232.566
232.603
232.639
232.675
232.711
232.747
232.783
232.819
232.855
232.892
232.928
232.964
233
233.036
233.072
233.108
233.145
233.181
233.217
233.253
233.289
233.325
233.362
233.398
233.434
233.47
233.506
233.543
233.579
233.615
233.651
233.687
233.724
233.76
233.796
233.832
233.869
233.905
233.941
233.977
234.014
234.05
234.086
234.122
234.159
234.195
234.231
234.267
234.304
234.34
234.376
234.413
234.449
234.485
234.522
234.558
234.594
234.63
234.667
234.703
234.74
234.776
234.812
234.849
234.885
234.921
234.958
234.994
235.03
235.067
235.103
235.139
235.176
235.212
235.249
235.285
235.321
235.358
235.394
235.431
235.467
235.503
235.54
235.576
235.613
235.649
235.686
235.722
235.758
235.795
235.831
235.868
235.904
235.941
235.977
236.014
236.05
236.087
236.123
236.16
236.196
236.233
236.269
236.306
236.342
236.379
236.415
236.452
236.488
236.525
236.561
236.598
236.634
236.671
236.707
236.744
236.78
236.817
236.854
236.89
236.927
236.963
237
237.036
237.073
237.11
237.146
237.183
237.219
237.256
237.293
237.329
237.366
237.403
237.439
237.476
237.512
237.549
237.586
237.622
237.659
237.696
237.732
237.769
237.806
237.842
237.879
237.916
237.952
237.989
238.026
238.062
238.099
238.136
238.173
238.209
238.246
238.283
238.319
238.356
238.393
238.43
238.466
238.503
238.54
238.577
238.613
238.65
238.687
238.724
238.76
238.797
238.834
238.871
238.907
238.944
238.981
239.018
239.055
239.091
239.128
239.165
239.202
239.239
239.276
239.312
239.349
239.386
239.423
239.46
239.497
239.533
239.57
239.607
239.644
239.681
239.718
239.755
239.792
239.828
239.865
239.902
239.939
239.976
240.013
240.05
240.087
240.124
240.161
240.197
240.234
240.271
240.308
240.345
240.382
240.419
240.456
240.493
240.53
240.567
240.604
240.641
240.678
240.715
240.752
240.789
240.826
240.863
240.9
240.937
240.974
241.011
241.048
241.085
241.122
241.159
241.196
241.233
241.27
241.307
241.344
241.381
241.418
241.455
241.492
241.529
241.567
241.604
241.641
241.678
241.715
241.752
241.789
241.826
241.863
241.9
241.937
241.975
242.012
242.049
242.086
242.123
242.16
242.197
242.235
242.272
242.309
242.346
242.383
242.42
242.458
242.495
242.532
242.569
242.606
242.643
242.681
242.718
242.755
242.792
242.829
242.867
242.904
242.941
242.978
243.016
243.053
243.09
243.127
243.165
243.202
243.239
243.276
243.314
243.351
243.388
243.425
243.463
243.5
243.537
243.574
243.612
243.649
243.686
243.724
243.761
243.798
243.836
243.873
243.91
243.948
243.985
244.022
244.06
244.097
244.134
244.172
244.209
244.246
244.284
244.321
244.359
244.396
244.433
244.471
244.508
244.545
244.583
244.62
244.658
244.695
244.732
244.77
244.807
244.845
244.882
244.92
244.957
244.995
245.032
245.069
245.107
245.144
245.182
245.219
245.257
245.294
245.332
245.369
245.407
245.444
245.482
245.519
245.557
245.594
245.632
245.669
245.707
245.744
245.782
245.819
245.857
245.894
245.932
245.969
246.007
246.045
246.082
246.12
246.157
246.195
246.232
246.27
246.308
246.345
246.383
246.42
246.458
246.496
246.533
246.571
246.608
246.646
246.684
246.721
246.759
246.797
246.834
246.872
246.91
246.947
246.985
247.023
247.06
247.098
247.136
247.173
247.211
247.249
247.286
247.324
247.362
247.399
247.437
247.475
247.513
247.55
247.588
247.626
247.663
247.701
247.739
247.777
247.814
247.852
247.89
247.928
247.965
248.003
248.041
248.079
248.117
248.154
248.192
248.23
248.268
248.306
248.343
248.381
248.419
248.457
248.495
248.532
248.57
248.608
248.646
248.684
248.722
248.759
248.797
248.835
248.873
248.911
248.949
248.987
249.025
249.062
249.1
249.138
249.176
249.214
249.252
249.29
249.328
249.366
249.404
249.442
249.479
249.517
249.555
249.593
249.631
249.669
249.707
249.745
249.783
249.821
249.859
249.897
249.935
249.973
250.011
250.049
250.087
250.125
250.163
250.201
250.239
250.277
250.315
250.353
250.391
250.429
250.467
250.505
250.543
250.581
250.619
250.657
250.695
250.733
250.772
250.81
250.848
250.886
250.924
250.962
251
251.038
251.076
251.114
251.152
251.191
251.229
251.267
251.305
251.343
251.381
251.419
251.457
251.496
251.534
251.572
251.61
251.648
251.686
251.725
251.763
251.801
251.839
251.877
251.916
251.954
251.992
252.03
252.068
252.107
252.145
252.183
252.221
252.259
252.298
252.336
252.374
252.412
252.451
252.489
252.527
252.565
252.604
252.642
252.68
252.719
252.757
252.795
252.833
252.872
252.91
252.948
252.987
253.025
253.063
253.102
253.14
253.178
253.217
253.255
253.293
253.332
253.37
253.408
253.447
253.485
253.523
253.562
253.6
253.639
253.677
253.715
253.754
253.792
253.83
253.869
253.907
253.946
253.984
254.023
254.061
254.099
254.138
254.176
254.215
254.253
254.292
254.33
254.368
254.407
254.445
254.484
254.522
254.561
254.599
254.638
254.676
254.715
254.753
254.792
254.83
254.869
254.907
254.946
254.984
255.023
255.061
255.1
255.139
255.177
255.216
255.254
255.293
255.331
255.37
255.408
255.447
255.486
255.524
255.563
255.601
255.64
255.679
255.717
255.756
255.794
255.833
255.872
255.91
255.949
255.987
256.026
256.065
256.103
256.142
256.181
256.219
256.258
256.297
256.335
256.374
256.413
256.451
256.49
256.529
256.567
256.606
256.645
256.684
256.722
256.761
256.8
256.838
256.877
256.916
256.955
256.993
257.032
257.071
257.11
257.148
257.187
257.226
257.265
257.303
257.342
257.381
257.42
257.458
257.497
257.536
257.575
257.614
257.652
257.691
257.73
257.769
257.808
257.847
257.885
257.924
257.963
258.002
258.041
258.08
258.119
258.157
258.196
258.235
258.274
258.313
258.352
258.391
258.43
258.468
258.507
258.546
258.585
258.624
258.663
258.702
258.741
258.78
258.819
258.858
258.897
258.936
258.974
259.013
259.052
259.091
259.13
259.169
259.208
259.247
259.286
259.325
259.364
259.403
259.442
259.481
259.52
259.559
259.598
259.637
259.676
259.715
259.754
259.793
259.832
259.871
259.91
259.949
259.989
260.028
260.067
260.106
260.145
260.184
260.223
260.262
260.301
260.34
260.379
260.418
260.457
260.497
260.536
260.575
260.614
260.653
260.692
260.731
260.77
260.81
260.849
260.888
260.927
260.966
261.005
261.044
261.084
261.123
261.162
261.201
261.24
261.279
261.319
261.358
261.397
261.436
261.475
261.515
261.554
261.593
261.632
261.672
261.711
261.75
261.789
261.828
261.868
261.907
261.946
261.985
262.025
262.064
262.103
262.142
262.182
262.221
262.26
262.299
262.339
262.378
262.417
262.457
262.496
262.535
262.574
262.614
262.653
262.692
262.732
262.771
262.81
262.85
262.889
262.928
262.968
263.007
263.046
263.086
263.125
263.164
263.204
263.243
263.282
263.322
263.361
263.4
263.44
263.479
263.518
263.558
263.597
263.637
263.676
263.715
263.755
263.794
263.833
263.873
263.912
263.952
263.991
264.03
264.07
264.109
264.149
264.188
264.227
264.267
264.306
264.346
264.385
264.424
264.464
264.503
264.543
264.582
264.621
264.661
264.7
264.74
264.779
264.819
264.858
264.897
264.937
264.976
265.016
265.055
265.095
265.134
265.173
265.213
265.252
265.292
265.331
265.37
265.41
265.449
265.489
265.528
265.568
265.607
265.646
265.686
265.725
265.765
265.804
265.844
265.883
265.922
265.962
266.001
266.041
266.08
266.119
266.159
266.198
266.238
266.277
266.316
266.356
266.395
266.434
266.474
266.513
266.553
266.592
266.631
266.671
266.71
266.749
266.789
266.828
266.867
266.907
266.946
266.985
267.025
267.064
267.103
267.143
267.182
267.221
267.26
267.3
267.339
267.378
267.417
267.457
267.496
267.535
267.574
267.613
267.653
267.692
267.731
267.77
267.809
267.849
267.888
267.927
267.966
268.005
268.044
268.083
268.122
268.161
268.2
268.239
268.279
268.318
268.357
268.396
268.434
268.473
268.512
268.551
268.59
268.629
268.668
268.707
268.746
268.785
268.823
268.862
268.901
268.94
268.979
269.017
269.056
269.095
269.133
269.172
269.211
269.249
269.288
269.326
269.365
269.404
269.442
269.481
269.519
269.557
269.596
269.634
269.673
269.711
269.749
269.788
269.826
269.864
269.902
269.94
269.979
270.017
270.055
270.093
270.131
270.169
270.207
270.245
270.283
270.321
270.358
270.396
270.434
270.472
270.509
270.547
270.585
270.622
270.66
270.697
270.735
270.772
270.81
270.847
270.884
270.922
270.959
270.996
271.033
271.07
271.107
271.144
271.181
271.218
271.255
271.292
271.329
271.365
271.402
271.439
271.475
271.512
271.548
271.585
271.621
271.657
271.694
271.73
271.766
271.802
271.838
271.874
271.91
271.946
271.981
272.017
272.053
272.088
272.124
272.159
272.195
272.23
272.265
272.301
272.336
272.371
272.406
272.441
272.476
272.51
272.545
272.58
272.614
272.649
272.683
272.717
272.752
272.786
272.82
272.854
272.888
272.922
272.956
272.989
273.023
273.057
273.09
273.124
273.157
273.19
273.223
273.256
273.289
273.322
273.355
273.388
273.42
273.453
273.485
273.518
273.55
273.582
273.614
273.646
273.678
273.71
273.742
273.774
273.805
273.837
273.868
273.9
273.931
273.962
273.993
274.024
274.055
274.086
274.117
274.147
274.178
274.208
274.239
274.269
274.299
274.329
274.36
274.39
274.42
274.449
274.479
274.509
274.538
274.568
274.598
274.627
274.656
274.686
274.715
274.744
274.773
274.802
274.831
274.86
274.889
274.917
274.946
274.975
275.003
275.032
275.06
275.089
275.117
275.146
275.174
275.202
275.231
275.259
275.287
275.315
275.343
275.372
275.4
275.428
275.456
275.484
275.512
275.54
275.568
275.596
275.624
275.652
275.68
275.708
275.736
275.764
275.792
275.82
275.848
275.876
275.904
275.932
275.96
275.988
276.016
276.045
276.073
276.101
276.129
276.158
276.186
276.215
276.243
276.272
276.3
276.329
276.358
276.386
276.415
276.444
276.473
276.502
276.531
276.56
276.589
276.618
276.648
276.677
276.707
276.736
276.766
276.796
276.825
276.855
276.885
276.915
276.945
276.976
277.006
277.036
277.067
277.097
277.128
277.159
277.19
277.22
277.252
277.283
277.314
277.345
277.377
277.408
277.44
277.471
277.503
277.535
277.567
277.599
277.632
277.664
277.696
277.729
277.761
277.794
277.827
277.86
277.893
277.926
277.959
277.992
278.026
278.059
278.093
278.127
278.16
278.194
278.228
278.262
278.297
278.331
278.365
278.4
278.434
278.469
278.504
278.538
278.573
278.608
278.643
278.679
278.714
278.749
278.785
278.82
278.856
278.892
278.928
278.963
278.999
279.036
279.072
279.108
279.144
279.181
279.217
279.254
279.29
279.327
279.364
279.401
279.438
279.475
279.512
279.549
279.586
279.624
279.661
279.698
279.736
279.774
279.811
279.849
279.887
279.925
279.963
280.001
280.039
280.077
280.115
280.153
280.192
280.23
280.269
280.307
280.346
280.384
280.423
280.462
280.501
280.54
280.578
280.617
280.656
280.696
280.735
280.774
280.813
280.852
280.892
280.931
280.971
281.01
281.05
281.089
281.129
281.169
281.208
281.248
281.288
281.328
281.368
281.408
281.448
281.488
281.528
281.568
281.608
281.648
281.689
281.729
281.769
281.81
281.85
281.89
281.931
281.971
282.012
282.053
282.093
282.134
282.175
282.215
282.256
282.297
282.338
282.378
282.419
282.46
282.501
282.542
282.583
282.624
282.665
282.706
282.748
282.789
282.83
282.871
282.912
282.954
282.995
283.036
283.077
283.119
283.16
283.202
283.243
283.285
283.326
283.368
283.409
283.451
283.492
283.534
283.575
283.617
283.659
283.7
283.742
283.784
283.826
283.867
283.909
283.951
283.993
284.035
284.076
284.118
284.16
284.202
284.244
284.286
284.328
284.37
284.412
284.454
284.496
284.538
284.58
284.622
284.664
284.707
284.749
284.791
284.833
284.875
284.917
284.96
285.002
285.044
285.086
285.129
285.171
285.213
285.255
285.298
285.34
285.382
285.425
285.467
285.51
285.552
285.594
285.637
285.679
285.722
285.764
285.807
285.849
285.892
285.934
285.977
286.019
286.062
286.104
286.147
286.189
286.232
286.275
286.317
286.36
286.402
286.445
286.488
286.53
286.573
286.616
286.658
286.701
286.744
286.786
286.829
286.872
286.915
286.957
287
287.043
287.086
287.128
287.171
287.214
287.257
287.299
287.342
287.385
287.428
287.471
287.514
287.556
287.599
287.642
287.685
287.728
287.771
287.814
287.857
287.9
287.942
287.985
288.028
288.071
288.114
288.157
288.2
288.243
288.286
288.329
288.372
288.415
288.458
288.501
288.544
288.587
288.63
288.673
288.716
288.759
288.802
288.845
288.888
288.931
288.975
289.018
289.061
289.104
289.147
289.19
289.233
289.276
289.319
289.363
289.406
289.449
289.492
289.535
289.578
289.621
289.665
289.708
289.751
289.794
289.837
289.88
289.924
289.967
290.01
290.053
290.097
290.14
290.183
290.226
290.269
290.313
290.356
290.399
290.442
290.486
290.529
290.572
290.616
290.659
290.702
290.745
290.789
290.832
290.875
290.919
290.962
291.005
291.049
291.092
291.135
291.179
291.222
291.265
291.309
291.352
291.395
291.439
291.482
291.526
291.569
291.612
291.656
291.699
291.743
291.786
291.829
291.873
291.916
291.96
292.003
292.047
292.09
292.134
292.177
292.22
292.264
292.307
292.351
292.394
292.438
292.481
292.525
292.568
292.612
292.655
292.699
292.742
292.786
292.829
292.873
292.916
292.96
293.004
293.047
293.091
293.134
293.178
293.221
293.265
293.308
293.352
293.396
293.439
293.483
293.526
293.57
293.614
293.657
293.701
293.744
293.788
293.832
293.875
293.919
293.963
294.006
294.05
294.094
294.137
294.181
294.225
294.268
294.312
294.356
294.399
294.443
294.487
294.53
294.574
294.618
294.662
294.705
294.749
294.793
294.837
294.88
294.924
294.968
295.012
295.055
295.099
295.143
295.187
295.23
295.274
295.318
295.362
295.406
295.449
295.493
295.537
295.581
295.625
295.668
295.712
295.756
295.8
295.844
295.888
295.932
295.975
296.019
296.063
296.107
296.151
296.195
296.239
296.283
296.327
296.37
296.414
296.458
296.502
296.546
296.59
296.634
296.678
296.722
296.766
296.81
296.854
296.898
296.942
296.986
297.03
297.074
297.118
297.162
297.206
297.25
297.294
297.338
297.382
297.426
297.47
297.514
297.558
297.602
297.646
297.69
297.734
297.778
297.822
297.866
297.91
297.954
297.999
298.043
298.087
298.131
298.175
298.219
298.263
298.307
298.351
298.396
298.44
298.484
298.528
298.572
298.616
298.661
298.705
298.749
298.793
298.837
298.881
298.926
298.97
299.014
299.058
299.103
299.147
299.191
299.235
299.279
299.324
299.368
299.412
299.456
299.501
299.545
299.589
299.634
299.678
299.722
299.766
299.811
299.855
299.899
299.944
299.988
300.032
300.077
300.121
300.165
300.21
300.254
300.298
300.343
300.387
300.432
300.476
300.52
300.565
300.609
300.653
300.698
300.742
300.787
300.831
300.876
300.92
300.964
301.009
301.053
301.098
301.142
301.187
301.231
301.276
301.32
301.365
301.409
301.454
301.498
301.543
301.587
301.632
301.676
301.721
301.765
301.81
301.854
301.899
301.943
301.988
302.032
302.077
302.122
302.166
302.211
302.255
302.3
302.345
302.389
302.434
302.478
302.523
302.568
302.612
302.657
302.702
302.746
302.791
302.835
302.88
302.925
302.969
303.014
303.059
303.103
303.148
303.193
303.238
303.282
303.327
303.372
303.416
303.461
303.506
303.551
303.595
303.64
303.685
303.73
303.774
303.819
303.864
303.909
303.953
303.998
304.043
304.088
304.133
304.177
304.222
304.267
304.312
304.357
304.401
304.446
304.491
304.536
304.581
304.626
304.671
304.715
304.76
304.805
304.85
304.895
304.94
304.985
305.03
305.074
305.119
305.164
305.209
305.254
305.299
305.344
305.389
305.434
305.479
305.524
305.569
305.614
305.659
305.703
305.748
305.793
305.838
305.883
305.928
305.973
306.018
306.063
306.108
306.153
306.198
306.243
306.288
306.333
306.379
306.424
306.469
306.514
306.559
306.604
306.649
306.694
306.739
306.784
306.829
306.874
306.919
306.964
307.009
307.055
307.1
307.145
307.19
307.235
307.28
307.325
307.37
307.416
307.461
307.506
307.551
307.596
307.641
307.686
307.732
307.777
307.822
307.867
307.912
307.958
308.003
308.048
308.093
308.138
308.184
308.229
308.274
308.319
308.365
308.41
308.455
308.5
308.546
308.591
308.636
308.681
308.727
308.772
308.817
308.862
308.908
308.953
308.998
309.044
309.089
309.134
309.18
309.225
309.27
309.315
309.361
309.406
309.452
309.497
309.542
309.588
309.633
309.678
309.724
309.769
309.814
309.86
309.905
309.951
309.996
310.041
310.087
310.132
310.178
310.223
310.268
310.314
310.359
310.405
310.45
310.496
310.541
310.587
310.632
310.677
310.723
310.768
310.814
310.859
310.905
310.95
310.996
311.041
311.087
311.132
311.178
311.223
311.269
311.314
311.36
311.405
311.451
311.497
311.542
311.588
311.633
311.679
311.724
311.77
311.816
311.861
311.907
311.952
311.998
312.043
312.089
312.135
312.18
312.226
312.272
312.317
312.363
312.408
312.454
312.5
312.545
312.591
312.637
312.682
312.728
312.774
312.819
312.865
312.911
312.956
313.002
313.048
313.094
313.139
313.185
313.231
313.276
313.322
313.368
313.414
313.459
313.505
313.551
313.597
313.642
313.688
313.734
313.78
313.826
313.871
313.917
313.963
314.009
314.055
314.1
314.146
314.192
314.238
314.284
314.329
314.375
314.421
314.467
314.513
314.559
314.605
314.65
314.696
314.742
314.788
314.834
314.88
314.926
314.972
315.018
315.063
315.109
315.155
315.201
315.247
315.293
315.339
315.385
315.431
315.477
315.523
315.569
315.615
315.661
315.707
315.753
315.799
315.845
315.891
315.937
315.983
316.029
316.075
316.121
316.167
316.213
316.259
316.305
316.351
316.397
316.443
316.489
316.535
316.581
316.627
316.673
316.719
316.765
316.811
316.858
316.904
316.95
316.996
317.042
317.088
317.134
317.18
317.227
317.273
317.319
317.365
317.411
317.457
317.503
317.55
317.596
317.642
317.688
317.734
317.78
317.827
317.873
317.919
317.965
318.012
318.058
318.104
318.15
318.196
318.243
318.289
318.335
318.381
318.428
318.474
318.52
318.566
318.613
318.659
318.705
318.752
318.798
318.844
318.89
318.937
318.983
319.029
319.076
319.122
319.168
319.215
319.261
319.307
319.354
319.4
319.447
319.493
319.539
319.586
319.632
319.678
319.725
319.771
319.818
319.864
319.91
319.957
320.003
320.05
320.096
320.143
320.189
320.235
320.282
320.328
320.375
320.421
320.468
320.514
320.561
320.607
320.654
320.7
320.747
320.793
320.84
320.886
320.933
320.979
321.026
321.072
321.119
321.165
321.212
321.259
321.305
321.352
321.398
321.445
321.491
321.538
321.585
321.631
321.678
321.724
321.771
321.818
321.864
321.911
321.957
322.004
322.051
322.097
322.144
322.191
322.237
322.284
322.331
322.377
322.424
322.471
322.517
322.564
322.611
322.657
322.704
322.751
322.797
322.844
322.891
322.938
322.984
323.031
323.078
323.124
323.171
323.218
323.265
323.311
323.358
323.405
323.451
323.498
323.545
323.592
323.638
323.685
323.732
323.778
323.825
323.872
323.918
323.965
324.012
324.058
324.105
324.152
324.198
324.245
324.292
324.338
324.385
324.431
324.478
324.524
324.571
324.617
324.664
324.71
324.756
324.803
324.849
324.895
324.942
324.988
325.034
325.08
325.126
325.172
325.218
325.264
325.31
325.356
325.402
325.448
325.494
325.539
325.585
325.631
325.676
325.721
325.767
325.812
325.857
325.903
325.948
325.993
326.038
326.083
326.128
326.172
326.217
326.262
326.306
326.351
326.395
326.439
326.484
326.528
326.572
326.616
326.66
326.704
326.748
326.791
326.835
326.879
326.922
326.966
327.009
327.052
327.096
327.139
327.182
327.225
327.268
327.311
327.354
327.397
327.44
327.482
327.525
327.568
327.61
327.653
327.695
327.738
327.78
327.823
327.865
327.908
327.95
327.992
328.035
328.077
328.119
328.162
328.204
328.246
328.288
328.331
328.373
328.415
328.457
328.499
328.542
328.584
328.626
328.668
328.711
328.753
328.795
328.838
328.88
328.922
328.964
329.007
329.049
329.092
329.134
329.176
329.219
329.261
329.304
329.346
329.389
329.431
329.474
329.516
329.559
329.601
329.644
329.687
329.729
329.772
329.815
329.858
329.9
329.943
329.986
330.029
330.072
330.115
330.158
330.2
330.243
330.286
330.329
330.372
330.415
330.459
330.502
330.545
330.588
330.631
330.674
330.717
330.761
330.804
330.847
330.89
330.934
330.977
331.02
331.064
331.107
331.151
331.194
331.238
331.281
331.325
331.368
331.412
331.455
331.499
331.543
331.586
331.63
331.673
331.717
331.761
331.805
331.848
331.892
331.936
331.98
332.024
332.068
332.111
332.155
332.199
332.243
332.287
332.331
332.375
332.419
332.463
332.507
332.551
332.595
332.639
332.684
332.728
332.772
332.816
332.86
332.905
332.949
332.993
333.037
333.082
333.126
333.17
333.215
333.259
333.303
333.348
333.392
333.437
333.481
333.526
333.57
333.615
333.659
333.704
333.748
333.793
333.837
333.882
333.927
333.971
334.016
334.061
334.105
334.15
334.195
334.24
334.284
334.329
334.374
334.419
334.464
334.509
334.553
334.598
334.643
334.688
334.733
334.778
334.823
334.868
334.913
334.958
335.003
335.048
335.093
335.138
335.183
335.228
335.274
335.319
335.364
335.409
335.454
335.499
335.545
335.59
335.635
335.68
335.726
335.771
335.816
335.862
335.907
335.952
335.998
336.043
336.089
336.134
336.179
336.225
336.27
336.316
336.361
336.407
336.452
336.498
336.543
336.589
336.635
336.68
336.726
336.771
336.817
336.863
336.908
336.954
337
337.046
337.091
337.137
337.183
337.229
337.274
337.32
337.366
337.412
337.458
337.504
337.549
337.595
337.641
337.687
337.733
337.779
337.825
337.871
337.917
337.963
338.009
338.055
338.101
338.147
338.193
338.239
338.285
338.332
338.378
338.424
)
;

boundaryField
{
    sides
    {
        type            calculated;
        value           nonuniform List<scalar> 2(338.47 -6.52734);
    }
    empty
    {
        type            empty;
        value           nonuniform List<scalar> 0();
    }
}


// ************************************************************************* //
