/*--------------------------------*- C++ -*----------------------------------*\
  =========                 |
  \\      /  F ield         | OpenFOAM: The Open Source CFD Toolbox
   \\    /   O peration     | Website:  https://openfoam.org
    \\  /    A nd           | Version:  9
     \\/     M anipulation  |
\*---------------------------------------------------------------------------*/
FoamFile
{
    format      ascii;
    class       volScalarField;
    location    "0.015";
    object      T;
}
// * * * * * * * * * * * * * * * * * * * * * * * * * * * * * * * * * * * * * //

dimensions      [0 0 0 1 0 0 0];

internalField   nonuniform List<scalar> 
10000
(
335.885
335.88
335.878
335.876
335.875
335.874
335.873
335.872
335.87
335.869
335.869
335.869
335.869
335.868
335.865
335.861
335.852
335.828
335.759
335.585
335.397
335.285
335.224
335.189
335.168
335.156
335.147
335.14
335.134
335.129
335.124
335.119
335.114
335.109
335.105
335.101
335.097
335.094
335.091
335.088
335.084
335.082
335.08
335.079
335.077
335.075
335.072
335.072
335.071
335.069
335.067
335.065
335.064
335.064
335.064
335.065
335.065
335.063
335.057
335.037
334.98
334.821
334.607
334.468
334.391
334.346
334.32
334.302
334.288
334.279
334.274
334.271
334.266
334.26
334.255
334.255
334.257
334.257
334.253
334.248
334.243
334.241
334.241
334.243
334.246
334.247
334.246
334.244
334.243
334.239
334.228
334.193
334.095
333.951
333.854
333.8
333.77
333.755
333.745
333.735
333.727
333.723
333.721
333.719
333.714
333.708
333.704
333.701
333.701
333.702
333.7
333.697
333.692
333.69
333.691
333.693
333.696
333.697
333.696
333.694
333.69
333.676
333.636
333.522
333.341
333.212
333.14
333.099
333.076
333.063
333.055
333.049
333.044
333.042
333.041
333.038
333.034
333.031
333.03
333.032
333.034
333.033
333.03
333.025
333.023
333.024
333.025
333.026
333.021
333.006
332.956
332.829
332.682
332.594
332.549
332.526
332.512
332.501
332.491
332.482
332.477
332.474
332.473
332.471
332.468
332.465
332.462
332.46
332.459
332.458
332.459
332.458
332.457
332.457
332.458
332.458
332.456
332.448
332.424
332.353
332.205
332.076
332.003
331.963
331.939
331.922
331.91
331.903
331.901
331.9
331.894
331.886
331.88
331.878
331.881
331.885
331.883
331.878
331.866
331.855
331.854
331.856
331.861
331.87
331.869
331.854
331.808
331.684
331.553
331.473
331.431
331.413
331.405
331.401
331.396
331.39
331.384
331.38
331.38
331.382
331.383
331.384
331.382
331.379
331.371
331.349
331.282
331.184
331.115
331.076
331.056
331.047
331.037
331.027
331.022
331.02
331.023
331.022
331.018
331.012
331.011
331.013
331.018
331.02
331.014
330.999
330.953
330.854
330.741
330.673
330.644
330.629
330.607
330.587
330.566
330.554
330.549
330.554
330.569
330.579
330.579
330.574
330.563
330.55
330.547
330.549
330.553
330.558
330.553
330.525
330.437
330.302
330.206
330.153
330.126
330.116
330.113
330.108
330.098
330.088
330.081
330.078
330.079
330.077
330.073
330.071
330.074
330.075
330.076
330.074
330.073
330.07
330.059
330.024
329.926
329.802
329.72
329.677
329.657
329.645
329.63
329.618
329.611
329.611
329.614
329.61
329.603
329.595
329.593
329.597
329.603
329.606
329.605
329.599
329.592
329.58
329.54
329.444
329.337
329.266
329.221
329.196
329.189
329.189
329.186
329.176
329.164
329.157
329.155
329.16
329.161
329.162
329.161
329.163
329.162
329.158
329.131
329.063
328.954
328.872
328.822
328.799
328.793
328.799
328.805
328.797
328.783
328.762
328.748
328.744
328.749
328.768
328.788
328.793
328.789
328.767
328.733
328.664
328.55
328.456
328.414
328.402
328.395
328.375
328.355
328.333
328.32
328.314
328.319
328.332
328.337
328.333
328.325
328.31
328.303
328.304
328.31
328.321
328.326
328.323
328.312
328.285
328.21
328.076
327.967
327.905
327.867
327.845
327.833
327.823
327.813
327.805
327.802
327.804
327.805
327.799
327.79
327.78
327.776
327.778
327.786
327.79
327.792
327.79
327.781
327.778
327.769
327.753
327.695
327.572
327.457
327.382
327.334
327.308
327.299
327.299
327.3
327.29
327.278
327.266
327.26
327.261
327.269
327.272
327.268
327.259
327.247
327.245
327.249
327.259
327.27
327.271
327.26
327.236
327.177
327.058
326.934
326.865
326.835
326.818
326.794
326.773
326.753
326.743
326.742
326.752
326.764
326.764
326.757
326.744
326.729
326.724
326.725
326.734
326.742
326.745
326.744
326.74
326.73
326.705
326.629
326.5
326.399
326.341
326.311
326.295
326.28
326.265
326.257
326.253
326.255
326.253
326.247
326.239
326.234
326.233
326.237
326.237
326.234
326.231
326.234
326.239
326.245
326.242
326.221
326.178
326.065
325.927
325.836
325.791
325.778
325.778
325.766
325.748
325.726
325.703
325.695
325.692
325.702
325.724
325.733
325.73
325.721
325.701
325.678
325.673
325.673
325.681
325.703
325.714
325.717
325.711
325.687
325.658
325.597
325.47
325.33
325.25
325.211
325.187
325.159
325.136
325.115
325.104
325.103
325.111
325.122
325.121
325.114
325.102
325.089
325.084
325.083
325.088
325.093
325.092
325.088
325.084
325.085
325.087
325.089
325.083
325.068
325.019
324.902
324.766
324.679
324.63
324.6
324.575
324.558
324.55
324.552
324.552
324.546
324.535
324.521
324.514
324.511
324.516
324.532
324.541
324.539
324.532
324.515
324.494
324.49
324.493
324.499
324.511
324.514
324.484
324.399
324.258
324.141
324.063
324.02
324.002
324.001
324.016
324.035
324.035
324.027
324.009
323.979
323.961
323.956
323.957
323.967
323.993
324.006
324.007
324.004
323.991
323.962
323.945
323.915
323.854
323.741
323.659
323.619
323.596
323.57
323.548
323.529
323.515
323.509
323.508
323.517
323.525
323.525
323.521
323.515
323.512
323.509
323.505
323.502
323.498
323.489
323.46
323.378
323.265
323.185
323.142
323.121
323.101
323.09
323.086
323.084
323.078
323.071
323.067
323.067
323.066
323.061
323.056
323.054
323.055
323.054
323.051
323.049
323.049
323.049
323.048
323.041
323.024
322.979
322.864
322.72
322.623
322.563
322.533
322.519
322.506
322.496
322.491
322.49
322.485
322.478
322.472
322.469
322.471
322.468
322.463
322.459
322.457
322.459
322.457
322.455
322.453
322.453
322.453
322.449
322.438
322.406
322.324
322.19
322.088
322.03
321.992
321.968
321.96
321.958
321.95
321.942
321.935
321.933
321.935
321.931
321.924
321.919
321.916
321.918
321.919
321.916
321.913
321.91
321.91
321.911
321.91
321.905
321.89
321.852
321.755
321.624
321.534
321.487
321.452
321.43
321.422
321.421
321.416
321.41
321.406
321.406
321.405
321.402
321.398
321.394
321.383
321.349
321.302
321.266
321.248
321.243
321.234
321.228
321.225
321.227
321.225
321.222
321.218
321.213
321.206
321.183
321.119
321.006
320.917
320.873
320.847
320.825
320.814
320.814
320.81
320.803
320.796
320.791
320.785
320.766
320.73
320.695
320.676
320.672
320.665
320.655
320.646
320.642
320.645
320.643
320.639
320.635
320.632
320.624
320.6
320.529
320.417
320.332
320.29
320.265
320.244
320.232
320.233
320.231
320.223
320.213
320.208
320.209
320.209
320.205
320.199
320.19
320.167
320.109
320.041
319.989
319.963
319.955
319.944
319.933
319.925
319.926
319.928
319.924
319.919
319.913
319.903
319.877
319.814
319.749
319.708
319.694
319.685
319.674
319.666
319.663
319.657
319.638
319.593
319.538
319.506
319.493
319.476
319.463
319.456
319.458
319.454
319.446
319.437
319.426
319.405
319.355
319.296
319.25
319.227
319.221
319.208
319.193
319.181
319.175
319.179
319.176
319.17
319.166
319.167
319.167
319.159
319.137
319.081
318.985
318.91
318.863
318.831
318.817
318.811
318.801
318.792
318.786
318.787
318.785
318.78
318.775
318.771
318.767
318.752
318.706
318.639
318.59
318.571
318.564
318.551
318.54
318.535
318.536
318.531
318.516
318.478
318.413
318.36
318.334
318.31
318.291
318.28
318.283
318.28
318.273
318.266
318.257
318.241
318.2
318.143
318.099
318.08
318.073
318.061
318.051
318.046
318.045
318.036
318.014
317.981
317.951
317.933
317.914
317.888
317.856
317.826
317.806
317.791
317.772
317.755
317.743
317.739
317.729
317.706
317.674
317.641
317.616
317.599
317.578
317.553
317.533
317.52
317.511
317.494
317.472
317.451
317.433
317.42
317.402
317.377
317.351
317.329
317.312
317.292
317.27
317.249
317.233
317.221
317.203
317.178
317.152
317.129
317.111
317.095
317.077
317.059
317.042
317.026
317.005
316.98
316.955
316.933
316.914
316.897
316.88
316.864
316.848
316.83
316.808
316.785
316.763
316.745
316.728
316.708
316.684
316.661
316.645
316.637
316.623
316.595
316.567
316.543
316.534
316.526
316.499
316.467
316.44
316.425
316.429
316.413
316.38
316.347
316.321
316.313
316.315
316.293
316.259
316.229
316.208
316.208
316.197
316.166
316.133
316.107
316.097
316.101
316.08
316.046
316.014
315.989
315.984
315.986
315.962
315.927
315.892
315.866
315.857
315.866
315.856
315.825
315.786
315.754
315.73
315.725
315.728
315.705
315.671
315.641
315.618
315.618
315.618
315.592
315.557
315.528
315.506
315.502
315.484
315.452
315.42
315.396
315.393
315.406
315.395
315.362
315.316
315.271
315.242
315.222
315.23
315.252
315.252
315.224
315.183
315.133
315.095
315.069
315.055
315.064
315.072
315.051
315.017
314.979
314.951
314.931
314.935
314.928
314.898
314.861
314.832
314.81
314.812
314.815
314.79
314.753
314.713
314.684
314.667
314.675
314.687
314.668
314.632
314.583
314.54
314.512
314.495
314.507
314.532
314.53
314.5
314.458
314.399
314.355
314.326
314.306
314.314
314.342
314.354
314.333
314.296
314.245
314.191
314.155
314.127
314.107
314.112
314.139
314.153
314.134
314.099
314.052
314.009
313.978
313.954
313.947
313.955
313.943
313.912
313.878
313.851
313.838
313.841
313.822
313.788
313.755
313.73
313.721
313.726
313.707
313.675
313.644
313.619
313.612
313.599
313.569
313.539
313.515
313.512
313.517
313.496
313.461
313.421
313.391
313.368
313.366
313.374
313.356
313.324
313.291
313.265
313.257
313.258
313.234
313.199
313.163
313.137
313.125
313.134
313.132
313.104
313.066
313.028
313
312.981
312.985
312.984
312.957
312.923
312.893
312.869
312.868
312.86
312.831
312.797
312.77
312.758
312.767
312.765
312.735
312.693
312.642
312.608
312.584
312.581
312.605
312.628
312.615
312.581
312.532
312.468
312.424
312.396
312.374
312.38
312.412
312.437
312.425
312.392
312.344
312.279
312.233
312.204
312.181
312.182
312.211
312.235
312.223
312.19
312.142
312.079
312.034
312.006
311.984
311.988
312.02
312.046
312.035
312.003
311.956
311.892
311.845
311.814
311.789
311.782
311.802
311.831
311.826
311.796
311.754
311.698
311.657
311.63
311.612
311.62
311.641
311.636
311.606
311.563
311.513
311.478
311.453
311.447
311.465
311.481
311.464
311.429
311.379
311.329
311.297
311.273
311.272
311.293
311.307
311.287
311.252
311.202
311.154
311.124
311.1
311.1
311.119
311.124
311.098
311.061
311.017
310.984
310.959
310.952
310.965
310.965
310.936
310.898
310.853
310.821
310.797
310.795
310.81
310.807
310.779
310.739
310.696
310.666
310.643
310.644
310.663
310.663
310.635
310.596
310.544
310.503
310.474
310.45
310.446
310.465
310.481
310.463
310.43
310.385
310.341
310.311
310.287
310.283
310.297
310.295
310.268
310.233
310.203
310.179
310.176
310.169
310.139
310.097
310.048
310.014
309.989
309.98
310.002
310.037
310.039
310.012
309.973
309.915
309.861
309.828
309.803
309.791
309.805
309.824
309.811
309.779
309.738
309.702
309.676
309.664
309.674
309.682
309.658
309.621
309.569
309.525
309.497
309.477
309.484
309.51
309.516
309.491
309.454
309.4
309.352
309.321
309.297
309.292
309.311
309.33
309.316
309.285
309.245
309.205
309.173
309.143
309.115
309.09
309.071
309.075
309.098
309.109
309.089
309.054
309.004
308.951
308.917
308.892
308.882
308.898
308.919
308.907
308.876
308.833
308.787
308.756
308.731
308.724
308.736
308.733
308.705
308.668
308.63
308.602
308.583
308.588
308.597
308.577
308.543
308.498
308.46
308.434
308.422
308.436
308.457
308.446
308.414
308.37
308.315
308.278
308.251
308.232
308.238
308.258
308.253
308.224
308.189
308.158
308.133
308.126
308.121
308.092
308.052
308.004
307.971
307.947
307.945
307.975
308.013
308.011
307.982
307.941
307.876
307.814
307.778
307.752
307.737
307.75
307.784
307.793
307.77
307.734
307.681
307.622
307.586
307.559
307.54
307.547
307.582
307.605
307.592
307.56
307.519
307.465
307.421
307.39
307.361
307.334
307.312
307.31
307.337
307.368
307.362
307.332
307.29
307.223
307.155
307.117
307.09
307.07
307.076
307.116
307.158
307.157
307.129
307.089
307.023
306.951
306.911
306.884
306.863
306.87
306.91
306.949
306.945
306.915
306.874
306.806
306.736
306.697
306.67
306.651
306.659
306.699
306.732
306.723
306.693
306.65
306.585
306.53
306.497
306.473
306.462
306.48
306.513
306.515
306.488
306.45
306.391
306.334
306.3
306.275
306.259
306.272
306.308
306.321
306.3
306.266
306.216
306.162
306.127
306.101
306.083
306.089
306.106
306.095
306.064
306.024
305.983
305.956
305.935
305.939
305.958
305.951
305.921
305.88
305.828
305.792
305.766
305.753
305.767
305.794
305.788
305.759
305.719
305.664
305.624
305.597
305.576
305.579
305.6
305.601
305.574
305.537
305.49
305.455
305.429
305.414
305.425
305.443
305.431
305.4
305.36
305.317
305.286
305.26
305.242
305.244
305.238
305.211
305.183
305.162
305.162
305.164
305.14
305.106
305.067
305.036
305.012
305.002
305.006
304.988
304.958
304.93
304.908
304.908
304.907
304.881
304.845
304.804
304.775
304.754
304.758
304.785
304.794
304.771
304.735
304.679
304.613
304.574
304.548
304.528
304.534
304.567
304.586
304.57
304.538
304.493
304.442
304.408
304.382
304.367
304.375
304.39
304.374
304.343
304.301
304.261
304.233
304.212
304.214
304.232
304.225
304.196
304.157
304.111
304.079
304.055
304.047
304.063
304.074
304.054
304.02
303.973
303.928
303.9
303.877
303.876
303.898
303.907
303.885
303.85
303.801
303.754
303.724
303.701
303.696
303.713
303.723
303.701
303.668
303.62
303.578
303.551
303.529
303.533
303.559
303.566
303.543
303.507
303.453
303.398
303.365
303.34
303.33
303.349
303.386
303.388
303.362
303.325
303.266
303.201
303.163
303.137
303.119
303.127
303.165
303.189
303.174
303.143
303.098
303.03
302.98
302.949
302.925
302.915
302.936
302.98
302.993
302.972
302.938
302.889
302.82
302.771
302.74
302.713
302.691
302.689
302.714
302.741
302.732
302.703
302.664
302.616
302.582
302.557
302.54
302.548
302.564
302.548
302.517
302.472
302.42
302.385
302.36
302.346
302.359
302.386
302.384
302.357
302.32
302.27
302.231
302.204
302.182
302.181
302.196
302.19
302.162
302.125
302.085
302.056
302.034
302.031
302.049
302.047
302.02
301.983
301.934
301.897
301.872
301.856
301.867
301.893
301.889
301.861
301.822
301.763
301.714
301.684
301.66
301.653
301.676
301.712
301.711
301.684
301.647
301.592
301.54
301.507
301.482
301.463
301.468
301.49
301.488
301.462
301.428
301.391
301.362
301.338
301.329
301.321
301.294
301.26
301.224
301.198
301.179
301.186
301.212
301.214
301.188
301.152
301.096
301.044
301.014
300.99
300.981
301.002
301.039
301.038
301.012
300.975
300.916
300.854
300.819
300.794
300.775
300.782
300.816
300.833
300.815
300.783
300.737
300.679
300.643
300.617
300.598
300.605
300.637
300.65
300.629
300.596
300.546
300.481
300.44
300.413
300.391
300.39
300.418
300.444
300.432
300.403
300.362
300.304
300.261
300.232
300.209
300.203
300.224
300.247
300.235
300.205
300.165
300.113
300.075
300.048
300.025
300.018
300.032
300.034
300.011
299.979
299.945
299.919
299.898
299.898
299.9
299.877
299.845
299.807
299.776
299.752
299.74
299.748
299.742
299.715
299.681
299.647
299.621
299.603
299.607
299.618
299.601
299.571
299.528
299.486
299.457
299.434
299.425
299.439
299.451
299.433
299.404
299.371
299.343
299.318
299.296
299.27
299.243
299.215
299.189
299.169
299.169
299.19
299.19
299.164
299.129
299.081
299.044
299.018
298.999
299.006
299.034
299.037
299.012
298.976
298.917
298.842
298.799
298.772
298.75
298.75
298.786
298.846
298.859
298.838
298.805
298.756
298.674
298.607
298.572
298.547
298.526
298.528
298.566
298.617
298.622
298.599
298.565
298.514
298.441
298.393
298.363
298.338
298.319
298.324
298.353
298.368
298.35
298.32
298.28
298.242
298.213
298.189
298.173
298.168
298.147
298.118
298.088
298.064
298.048
298.059
298.086
298.082
298.055
298.017
297.955
297.893
297.858
297.833
297.816
297.824
297.868
297.901
297.891
297.863
297.824
297.759
297.688
297.65
297.622
297.599
297.588
297.605
297.644
297.651
297.629
297.598
297.555
297.511
297.482
297.457
297.438
297.438
297.433
297.407
297.375
297.344
297.32
297.306
297.315
297.327
297.31
297.279
297.236
297.19
297.16
297.136
297.121
297.131
297.146
297.132
297.103
297.067
297.033
297.008
296.988
296.989
296.996
296.976
296.945
296.898
296.85
296.82
296.796
296.786
296.806
296.844
296.844
296.819
296.784
296.73
296.667
296.63
296.603
296.582
296.577
296.601
296.625
296.613
296.585
296.547
296.5
296.467
296.442
296.423
296.426
296.443
296.433
296.404
296.364
296.304
296.258
296.229
296.206
296.198
296.221
296.272
296.286
296.267
296.235
296.188
296.115
296.058
296.027
296.002
295.984
295.99
296.026
296.05
296.037
296.007
295.967
295.906
295.859
295.829
295.806
295.792
295.807
295.84
295.841
295.816
295.783
295.731
295.678
295.646
295.621
295.604
295.613
295.645
295.65
295.627
295.593
295.541
295.471
295.43
295.403
295.381
295.377
295.407
295.458
295.466
295.443
295.411
295.36
295.281
295.224
295.192
295.168
295.15
295.156
295.198
295.237
295.23
295.203
295.168
295.111
295.05
295.015
294.989
294.968
294.965
294.99
295.013
295
294.972
294.932
294.875
294.831
294.803
294.78
294.769
294.786
294.816
294.812
294.786
294.751
294.697
294.644
294.612
294.587
294.567
294.568
294.593
294.603
294.584
294.554
294.515
294.478
294.451
294.428
294.416
294.424
294.415
294.388
294.353
294.312
294.283
294.259
294.247
294.259
294.275
294.261
294.232
294.194
294.15
294.12
294.096
294.078
294.082
294.096
294.082
294.054
294.017
293.976
293.948
293.925
293.911
293.922
293.935
293.919
293.89
293.853
293.816
293.788
293.765
293.751
293.747
293.725
293.695
293.658
293.626
293.601
293.584
293.593
293.627
293.637
293.616
293.585
293.54
293.482
293.446
293.42
293.398
293.391
293.409
293.427
293.412
293.383
293.344
293.296
293.263
293.237
293.216
293.213
293.231
293.23
293.205
293.173
293.134
293.103
293.08
293.065
293.076
293.102
293.094
293.068
293.03
292.968
292.894
292.854
292.827
292.804
292.792
292.809
292.859
292.883
292.869
292.841
292.803
292.749
292.708
292.68
292.658
292.644
292.654
292.667
292.65
292.621
292.578
292.514
292.468
292.44
292.418
292.407
292.428
292.482
292.503
292.487
292.458
292.418
292.351
292.285
292.251
292.225
292.202
292.19
292.205
292.242
292.247
292.225
292.195
292.153
292.108
292.078
292.053
292.031
292.025
292.031
292.015
291.987
291.953
291.923
291.899
291.884
291.894
291.918
291.911
291.885
291.849
291.793
291.738
291.707
291.682
291.663
291.663
291.695
291.723
291.712
291.685
291.65
291.598
291.545
291.513
291.486
291.461
291.436
291.415
291.404
291.42
291.458
291.463
291.441
291.41
291.366
291.305
291.264
291.237
291.215
291.2
291.212
291.243
291.244
291.221
291.189
291.14
291.083
291.049
291.023
291.002
290.997
291.02
291.047
291.037
291.011
290.975
290.923
290.876
290.847
290.823
290.804
290.804
290.825
290.825
290.802
290.771
290.731
290.698
290.673
290.653
290.649
290.664
290.659
290.634
290.601
290.555
290.517
290.491
290.47
290.463
290.482
290.497
290.48
290.451
290.41
290.352
290.31
290.284
290.262
290.251
290.269
290.314
290.326
290.307
290.278
290.236
290.17
290.11
290.077
290.051
290.026
290.004
289.991
290.004
290.044
290.059
290.041
290.013
289.975
289.921
289.881
289.853
289.83
289.81
289.808
289.822
289.814
289.788
289.756
289.723
289.697
289.675
289.666
289.681
289.683
289.66
289.628
289.58
289.522
289.488
289.463
289.443
289.44
289.47
289.505
289.5
289.475
289.442
289.393
289.341
289.309
289.284
289.263
289.254
289.269
289.274
289.253
289.224
289.182
289.14
289.112
289.09
289.076
289.089
289.122
289.121
289.097
289.064
289.013
288.939
288.894
288.866
288.844
288.829
288.84
288.888
288.918
288.907
288.88
288.845
288.787
288.722
288.686
288.66
288.638
288.626
288.64
288.679
288.685
288.664
288.635
288.593
288.535
288.497
288.471
288.449
288.434
288.443
288.464
288.455
288.43
288.396
288.347
288.307
288.281
288.259
288.248
288.266
288.3
288.297
288.273
288.24
288.188
288.112
288.065
288.037
288.015
287.999
288.01
288.065
288.123
288.124
288.102
288.071
288.024
287.938
287.841
287.795
287.767
287.742
287.72
287.705
287.713
287.764
287.826
287.832
287.811
287.782
287.74
287.671
287.607
287.574
287.548
287.526
287.512
287.524
287.561
287.572
287.553
287.524
287.485
287.426
287.383
287.356
287.333
287.316
287.319
287.348
287.356
287.336
287.307
287.267
287.216
287.181
287.156
287.134
287.122
287.135
287.156
287.146
287.12
287.087
287.04
287.002
286.975
286.952
286.935
286.937
286.952
286.941
286.915
286.882
286.841
286.812
286.788
286.768
286.765
286.785
286.789
286.768
286.74
286.7
286.653
286.62
286.594
286.57
286.548
286.534
286.544
286.582
286.596
286.578
286.551
286.514
286.456
286.397
286.363
286.338
286.313
286.288
286.265
286.245
286.239
286.261
286.3
286.299
286.276
286.247
286.205
286.151
286.116
286.09
286.068
286.05
286.054
286.074
286.069
286.045
286.015
285.974
285.938
285.913
285.89
285.875
285.879
285.885
285.867
285.839
285.803
285.766
285.739
285.717
285.702
285.71
285.725
285.712
285.685
285.651
285.604
285.57
285.545
285.524
285.514
285.531
285.551
285.538
285.512
285.478
285.428
285.385
285.358
285.335
285.317
285.318
285.34
285.34
285.317
285.288
285.244
285.195
285.164
285.14
285.12
285.114
285.135
285.157
285.145
285.119
285.086
285.039
285
284.974
284.951
284.933
284.935
284.954
284.946
284.921
284.89
284.844
284.803
284.776
284.753
284.737
284.742
284.771
284.775
284.753
284.725
284.683
284.627
284.589
284.564
284.542
284.525
284.531
284.563
284.57
284.55
284.523
284.486
284.438
284.405
284.38
284.357
284.34
284.34
284.34
284.319
284.291
284.253
284.216
284.191
284.169
284.155
284.166
284.195
284.193
284.17
284.141
284.1
284.057
284.028
284.005
283.985
283.977
283.991
283.99
283.967
283.938
283.895
283.849
283.82
283.796
283.776
283.771
283.793
283.811
283.797
283.771
283.739
283.693
283.657
283.631
283.608
283.589
283.583
283.595
283.588
283.565
283.537
283.508
283.484
283.464
283.455
283.46
283.445
283.419
283.384
283.335
283.297
283.271
283.249
283.231
283.231
283.255
283.259
283.239
283.213
283.184
283.159
283.136
283.118
283.103
283.081
283.055
283.026
282.996
282.972
282.95
282.936
282.945
282.957
282.942
282.916
282.883
282.844
282.816
282.793
282.774
282.769
282.783
282.776
282.753
282.723
282.679
282.639
282.612
282.59
282.574
282.579
282.611
282.621
282.602
282.575
282.538
282.48
282.43
282.401
282.377
282.356
282.341
282.349
282.368
282.358
282.334
282.305
282.268
282.239
282.216
282.196
282.188
282.201
282.201
282.18
282.151
282.111
282.064
282.035
282.012
281.992
281.987
282.008
282.028
282.014
281.988
281.955
281.903
281.854
281.825
281.802
281.782
281.775
281.796
281.826
281.817
281.793
281.763
281.717
281.662
281.629
281.605
281.584
281.571
281.582
281.613
281.611
281.589
281.56
281.516
281.446
281.395
281.368
281.345
281.325
281.32
281.348
281.401
281.41
281.39
281.364
281.327
281.267
281.211
281.18
281.156
281.135
281.121
281.13
281.161
281.162
281.14
281.113
281.072
281.007
280.958
280.931
280.908
280.888
280.881
280.903
280.945
280.946
280.925
280.897
280.858
280.8
280.757
280.731
280.708
280.688
280.681
280.7
280.717
280.703
280.678
280.645
280.596
280.552
280.525
280.503
280.484
280.48
280.507
280.532
280.521
280.496
280.465
280.414
280.346
280.306
280.28
280.258
280.239
280.236
280.266
280.312
280.313
280.292
280.266
280.229
280.175
280.131
280.104
280.08
280.057
280.036
280.021
280.013
279.995
279.971
279.948
279.927
279.914
279.923
279.932
279.915
279.889
279.856
279.811
279.78
279.756
279.735
279.722
279.733
279.754
279.745
279.721
279.69
279.642
279.584
279.55
279.525
279.504
279.489
279.497
279.54
279.566
279.553
279.529
279.499
279.451
279.385
279.343
279.317
279.294
279.272
279.255
279.254
279.272
279.269
279.247
279.221
279.191
279.166
279.143
279.125
279.121
279.132
279.119
279.095
279.064
279.019
278.979
278.953
278.931
278.913
278.911
278.936
278.946
278.929
278.903
278.87
278.82
278.779
278.753
278.731
278.711
278.704
278.723
278.74
278.725
278.701
278.67
278.623
278.577
278.549
278.526
278.505
278.491
278.498
278.526
278.525
278.504
278.478
278.443
278.398
278.366
278.342
278.318
278.295
278.272
278.251
278.234
278.234
278.258
278.262
278.242
278.216
278.18
278.121
278.067
278.038
278.015
277.995
277.982
277.996
278.044
278.066
278.051
278.027
277.996
277.946
277.879
277.84
277.815
277.792
277.772
277.763
277.779
277.807
277.8
277.778
277.75
277.711
277.664
277.634
277.611
277.589
277.573
277.575
277.595
277.589
277.566
277.538
277.498
277.449
277.418
277.395
277.374
277.358
277.363
277.393
277.398
277.379
277.353
277.32
277.274
277.239
277.214
277.191
277.171
277.159
277.167
277.17
277.151
277.126
277.095
277.062
277.037
277.015
276.995
276.986
276.991
276.978
276.954
276.926
276.889
276.86
276.837
276.816
276.8
276.803
276.82
276.812
276.789
276.763
276.729
276.694
276.669
276.645
276.623
276.6
276.578
276.559
276.549
276.564
276.582
276.57
276.546
276.517
276.473
276.415
276.38
276.356
276.334
276.315
276.311
276.333
276.353
276.339
276.316
276.287
276.246
276.205
276.179
276.156
276.136
276.122
276.128
276.14
276.125
276.101
276.072
276.033
276
275.976
275.954
275.936
275.934
275.953
275.951
275.931
275.905
275.87
275.823
275.791
275.767
275.745
275.727
275.72
275.736
275.74
275.721
275.696
275.665
275.629
275.602
275.579
275.558
275.54
275.538
275.538
275.519
275.495
275.469
275.445
275.423
275.405
275.4
275.396
275.376
275.351
275.317
275.276
275.248
275.225
275.205
275.192
275.202
275.228
275.223
275.202
275.176
275.143
275.106
275.079
275.056
275.034
275.013
274.995
274.976
274.954
274.931
274.909
274.888
274.87
274.868
274.881
274.873
274.851
274.826
274.798
274.774
274.752
274.732
274.716
274.698
274.676
274.652
274.622
274.589
274.564
274.542
274.523
274.515
274.533
274.557
274.547
274.524
274.498
274.462
274.421
274.393
274.37
274.348
274.325
274.303
274.282
274.262
274.244
274.227
274.213
274.212
274.228
274.227
274.207
274.183
274.152
274.107
274.07
274.045
274.023
274.003
273.988
273.992
274.006
273.995
273.972
273.946
273.912
273.882
273.859
273.837
273.817
273.802
273.799
273.785
273.763
273.74
273.718
273.698
273.685
273.69
273.681
273.659
273.632
273.593
273.543
273.511
273.488
273.467
273.449
273.447
273.473
273.493
273.48
273.457
273.431
273.396
273.361
273.336
273.314
273.292
273.271
273.253
273.235
273.214
273.192
273.17
273.151
273.138
273.144
273.142
273.122
273.098
273.068
273.035
273.011
272.989
272.969
272.956
272.963
272.962
272.942
272.917
272.887
272.851
272.825
272.803
272.783
272.768
272.773
272.779
272.762
272.739
272.71
272.675
272.648
272.626
272.606
272.591
272.597
272.622
272.617
272.596
272.571
272.537
272.48
272.427
272.398
272.375
272.353
272.331
272.309
272.288
272.269
272.258
272.272
272.312
272.319
272.301
272.277
272.248
272.202
272.148
272.116
272.093
272.071
272.052
272.041
272.054
272.078
272.069
272.048
272.022
271.988
271.947
271.919
271.897
271.876
271.858
271.854
271.864
271.852
271.83
271.802
271.762
271.704
271.669
271.645
271.624
271.606
271.6
271.626
271.669
271.669
271.649
271.625
271.593
271.541
271.485
271.455
271.432
271.411
271.393
271.386
271.406
271.432
271.422
271.401
271.375
271.339
271.279
271.23
271.203
271.181
271.16
271.142
271.136
271.159
271.19
271.184
271.163
271.138
271.108
271.066
271.034
271.01
270.988
270.966
270.944
270.922
270.9
270.879
270.858
270.84
270.831
270.844
270.849
270.832
270.808
270.781
270.746
270.718
270.695
270.674
270.656
270.65
270.668
270.674
270.657
270.634
270.604
270.559
270.493
270.453
270.428
270.406
270.385
270.364
270.345
270.335
270.348
270.387
270.392
270.373
270.35
270.322
270.28
270.233
270.204
270.182
270.161
270.143
270.135
270.152
270.17
270.157
270.135
270.109
270.072
270.024
269.992
269.969
269.948
269.929
269.917
269.927
269.941
269.927
269.905
269.879
269.842
269.792
269.759
269.736
269.715
269.695
269.68
269.682
269.709
269.712
269.694
269.672
269.647
269.618
269.588
269.564
269.541
269.518
269.493
269.467
269.444
269.422
269.401
269.381
269.364
269.361
269.379
269.38
269.361
269.338
269.31
269.27
269.235
269.211
269.189
269.169
269.152
269.149
269.16
269.151
269.129
269.106
269.077
269.051
269.029
269.008
268.989
268.98
268.974
268.955
268.933
268.906
268.872
268.844
268.822
268.802
268.786
268.785
268.813
268.826
268.81
268.787
268.76
268.72
268.652
268.599
268.572
268.55
268.528
268.508
268.489
268.477
268.489
268.535
268.553
268.539
268.517
268.492
268.456
268.398
268.348
268.322
268.3
268.279
268.26
268.25
268.263
268.29
268.284
268.263
268.24
268.21
268.166
268.127
268.102
268.081
268.06
268.041
268.028
268.034
268.034
268.016
267.994
267.969
267.943
267.921
267.901
267.882
267.872
267.868
267.851
267.828
267.802
267.762
267.721
267.695
267.674
267.654
267.64
267.645
267.681
267.694
267.678
267.656
267.63
267.592
267.531
267.489
267.465
267.443
267.423
267.406
267.403
267.427
267.444
267.431
267.409
267.385
267.352
267.31
267.282
267.26
267.239
267.22
267.208
267.216
267.225
267.21
267.188
267.163
267.126
267.068
267.022
266.997
266.975
266.954
266.933
266.914
266.898
266.898
266.93
266.961
266.953
266.932
266.909
266.881
266.838
266.794
266.767
266.746
266.724
266.704
266.686
266.678
266.683
266.673
266.652
266.63
266.604
266.581
266.56
266.54
266.523
266.514
266.501
266.481
266.459
266.434
266.406
266.383
266.361
266.342
266.326
266.327
266.341
266.331
266.31
266.287
266.256
266.215
266.185
266.163
266.142
266.123
266.107
266.107
266.115
266.102
266.081
266.057
266.028
265.999
265.976
265.955
265.936
265.919
265.915
265.912
265.894
265.872
265.847
265.818
265.794
265.773
265.753
265.736
265.73
265.738
265.727
265.706
265.683
265.652
265.615
265.588
265.566
265.546
265.527
265.515
265.522
265.523
265.506
265.484
265.459
265.425
265.395
265.373
265.352
265.333
265.318
265.319
265.329
265.317
265.296
265.272
265.242
265.202
265.174
265.152
265.131
265.112
265.095
265.09
265.098
265.086
265.066
265.044
265.022
265.001
264.981
264.964
264.957
264.96
264.947
264.925
264.901
264.868
264.811
264.76
264.733
264.711
264.69
264.67
264.652
264.641
264.652
264.696
264.71
264.695
264.674
264.651
264.622
264.58
264.545
264.521
264.5
264.48
264.459
264.44
264.422
264.403
264.382
264.361
264.341
264.32
264.301
264.284
264.28
264.295
264.294
264.276
264.254
264.229
264.192
264.149
264.122
264.101
264.081
264.062
264.05
264.058
264.078
264.069
264.049
264.027
264
263.96
263.922
263.898
263.877
263.857
263.837
263.821
263.815
263.804
263.784
263.763
263.741
263.719
263.699
263.679
263.661
263.651
263.658
263.654
263.634
263.613
263.587
263.55
263.515
263.492
263.471
263.452
263.435
263.431
263.447
263.445
263.426
263.404
263.379
263.342
263.3
263.274
263.253
263.232
263.214
263.203
263.212
263.226
263.215
263.194
263.172
263.144
263.103
263.069
263.046
263.026
263.006
262.989
262.981
262.994
262.997
262.981
262.96
262.937
262.908
262.872
262.847
262.826
262.805
262.785
262.765
262.744
262.724
262.704
262.683
262.663
262.643
262.625
262.613
262.62
262.636
262.625
262.605
262.583
262.556
262.515
262.469
262.442
262.421
262.401
262.382
262.368
262.369
262.389
262.385
262.366
262.344
262.32
262.287
262.253
262.229
262.208
262.188
262.169
262.154
262.153
262.149
262.13
262.109
262.087
262.062
262.039
262.019
261.999
261.981
261.97
261.964
261.947
261.927
261.905
261.879
261.85
261.828
261.808
261.788
261.771
261.764
261.772
261.766
261.746
261.725
261.701
261.67
261.643
261.622
261.602
261.582
261.565
261.557
261.559
261.545
261.525
261.504
261.479
261.448
261.421
261.4
261.379
261.359
261.339
261.319
261.3
261.284
261.281
261.304
261.321
261.308
261.288
261.267
261.239
261.196
261.123
261.073
261.047
261.026
261.006
260.988
260.974
260.976
261.013
261.035
261.023
261.004
260.982
260.955
260.911
260.846
260.807
260.784
260.763
260.744
260.727
260.721
260.741
260.781
260.78
260.762
260.742
260.718
260.686
260.631
260.583
260.557
260.537
260.517
260.498
260.483
260.483
260.502
260.499
260.481
260.46
260.437
260.407
260.371
260.346
260.325
260.305
260.286
260.27
260.266
260.267
260.252
260.232
260.21
260.185
260.156
260.134
260.113
260.094
260.076
260.064
260.066
260.058
260.039
260.019
259.996
259.965
259.933
259.911
259.89
259.871
259.853
259.841
259.845
259.843
259.825
259.805
259.783
259.756
259.729
259.708
259.688
259.669
259.652
259.643
259.651
259.647
259.628
259.608
259.586
259.557
259.519
259.49
259.468
259.448
259.428
259.409
259.389
259.37
259.354
259.349
259.357
259.348
259.329
259.309
259.286
259.256
259.224
259.201
259.181
259.161
259.142
259.128
259.127
259.128
259.112
259.092
259.071
259.045
259.012
258.986
258.965
258.946
258.927
258.911
258.905
258.91
258.898
258.878
258.858
258.835
258.806
258.781
258.761
258.741
258.722
258.705
258.696
258.7
258.691
258.672
258.652
258.631
258.607
258.581
258.559
258.539
258.519
258.498
258.477
258.453
258.425
258.403
258.383
258.363
258.343
258.325
258.312
258.313
258.332
258.328
258.309
258.289
258.268
258.24
258.201
258.17
258.148
258.128
258.108
258.09
258.074
258.067
258.064
258.047
258.028
258.008
257.988
257.968
257.948
257.93
257.914
257.904
257.892
257.873
257.853
257.833
257.811
257.789
257.769
257.749
257.73
257.714
257.705
257.692
257.673
257.653
257.632
257.607
257.577
257.555
257.535
257.516
257.498
257.486
257.492
257.497
257.483
257.463
257.442
257.418
257.384
257.352
257.331
257.311
257.292
257.275
257.265
257.277
257.296
257.286
257.267
257.247
257.225
257.194
257.139
257.078
257.048
257.026
257.007
256.987
256.968
256.949
256.931
256.918
256.92
256.952
256.963
256.949
256.93
256.909
256.886
256.855
256.808
256.774
256.753
256.733
256.714
256.696
256.682
256.682
256.689
256.676
256.657
256.637
256.615
256.586
256.556
256.534
256.514
256.495
256.476
256.462
256.459
256.457
256.441
256.422
256.401
256.379
256.353
256.33
256.311
256.291
256.272
256.256
256.244
256.231
256.212
256.193
256.173
256.153
256.133
256.113
256.094
256.076
256.061
256.056
256.05
256.033
256.013
255.993
255.969
255.937
255.91
255.89
255.871
255.852
255.835
255.824
255.827
255.82
255.802
255.783
255.762
255.739
255.715
255.695
255.675
255.656
255.639
255.626
255.627
255.619
255.601
255.582
255.561
255.536
255.501
255.461
255.437
255.416
255.397
255.378
255.359
255.34
255.324
255.314
255.326
255.341
255.33
255.311
255.291
255.271
255.247
255.212
255.173
255.148
255.128
255.109
255.089
255.07
255.052
255.036
255.027
255.036
255.039
255.023
255.004
254.984
254.961
254.93
254.881
254.846
254.824
254.805
254.786
254.769
254.756
254.762
254.797
254.808
254.794
254.775
254.755
254.732
254.7
254.64
254.568
254.534
254.512
254.492
254.473
254.455
254.438
254.427
254.437
254.475
254.482
254.467
254.448
254.428
254.406
254.378
254.334
254.298
254.276
254.256
254.237
254.219
254.204
254.199
254.205
254.195
254.177
254.158
254.137
254.113
254.082
254.056
254.036
254.017
253.998
253.981
253.968
253.967
253.959
253.941
253.922
253.902
253.881
253.857
253.837
253.817
253.798
253.78
253.763
253.751
253.737
253.719
253.7
253.681
253.662
253.643
253.624
253.605
253.587
253.571
253.561
253.548
253.53
253.511
253.492
253.473
253.451
253.43
253.411
253.392
253.373
253.354
253.336
253.319
253.3
253.281
253.262
253.244
253.225
253.207
253.191
253.183
253.184
253.172
253.153
253.134
253.115
253.092
253.062
253.034
253.013
252.994
252.975
252.957
252.941
252.931
252.922
252.905
252.886
252.867
252.848
252.829
252.81
252.791
252.773
252.756
252.745
252.743
252.732
252.713
252.694
252.675
252.652
252.621
252.587
252.565
252.546
252.527
252.509
252.492
252.479
252.48
252.477
252.461
252.442
252.423
252.403
252.381
252.36
252.341
252.323
252.304
252.287
252.272
252.257
252.238
252.22
252.2
252.18
252.155
252.13
252.11
252.091
252.072
252.055
252.04
252.036
252.036
252.021
252.002
251.983
251.964
251.942
251.917
251.895
251.876
251.857
251.838
251.82
251.803
251.79
251.778
251.761
251.743
251.724
251.706
251.689
251.674
251.656
251.638
251.619
251.6
251.581
251.562
251.543
251.525
251.506
251.488
251.47
251.456
251.444
251.428
251.409
251.391
251.372
251.352
251.333
251.314
251.295
251.277
251.26
251.247
251.242
251.23
251.212
251.194
251.175
251.154
251.129
251.096
251.072
251.053
251.034
251.016
250.998
250.982
250.973
250.976
250.967
250.949
250.931
250.912
250.892
250.867
250.839
250.818
250.799
250.78
250.762
250.746
250.733
250.73
250.719
250.701
250.683
250.664
250.644
250.622
250.599
250.579
250.561
250.542
250.524
250.508
250.495
250.483
250.466
250.447
250.429
250.41
250.391
250.37
250.347
250.327
250.309
250.29
250.272
250.253
250.236
250.222
250.214
250.203
250.186
250.168
250.149
250.13
250.109
250.086
250.066
250.047
250.029
250.011
249.994
249.98
249.976
249.968
249.951
249.933
249.915
249.896
249.878
249.86
249.844
249.829
249.812
249.794
249.775
249.757
249.737
249.713
249.678
249.629
249.599
249.578
249.56
249.542
249.524
249.511
249.508
249.532
249.543
249.53
249.512
249.494
249.474
249.452
249.421
249.379
249.353
249.334
249.315
249.297
249.28
249.267
249.265
249.265
249.25
249.232
249.214
249.195
249.174
249.147
249.12
249.1
249.081
249.063
249.045
249.029
249.018
249.013
248.998
248.98
248.962
248.944
248.925
248.904
248.883
248.863
248.845
248.827
248.809
248.791
248.776
248.765
248.749
248.732
248.713
248.695
248.676
248.657
248.633
248.604
248.581
248.562
248.544
248.525
248.508
248.491
248.48
248.482
248.48
248.465
248.447
248.429
248.41
248.389
248.363
248.334
248.314
248.295
248.277
248.26
248.243
248.231
248.223
248.208
248.19
248.172
248.154
248.135
248.115
248.095
248.077
248.059
248.042
248.025
248.011
247.997
247.98
247.962
247.944
247.925
247.906
247.888
247.87
247.852
247.835
247.82
247.812
247.813
247.802
247.786
247.77
247.754
247.737
247.716
247.68
247.642
247.623
247.611
247.6
247.59
247.582
247.578
247.585
247.605
247.609
247.607
247.605
247.604
247.603
247.6
247.592
247.589
247.597
247.61
247.627
247.645
247.665
247.69
247.717
247.734
247.746
247.755
247.762
247.766
247.764
247.761
247.761
247.76
247.758
247.754
247.75
247.747
247.742
247.736
247.729
247.722
247.714
247.701
247.692
247.687
247.683
247.679
247.677
247.678
247.687
247.691
247.692
247.692
247.693
247.694
247.695
247.692
247.695
247.701
247.709
247.716
247.724
247.734
247.745
247.75
247.753
247.755
247.755
247.752
247.744
247.736
247.732
247.728
247.724
247.721
247.72
247.726
247.729
247.726
247.723
247.719
247.715
247.708
247.694
247.683
247.679
247.678
247.678
247.678
247.681
247.692
247.711
247.72
247.725
247.73
247.734
247.739
247.741
247.736
247.724
247.722
247.725
247.727
247.728
247.729
247.731
247.735
247.744
247.748
247.746
247.742
247.738
247.734
247.729
247.719
247.708
247.703
247.7
247.698
247.695
247.695
247.697
247.702
247.702
247.701
247.701
247.7
247.699
247.696
247.694
247.696
247.699
247.703
247.707
247.713
247.72
247.725
247.73
247.733
247.736
247.737
247.736
247.734
247.734
247.734
247.733
247.731
247.73
247.731
247.733
247.731
247.728
247.725
247.722
247.719
247.715
247.709
247.698
247.693
247.69
247.689
247.687
247.687
247.686
247.686
247.688
247.691
247.702
247.717
247.723
247.727
247.73
247.734
247.738
247.74
247.739
247.73
247.712
247.708
247.708
247.709
247.71
247.71
247.709
247.709
247.711
247.721
247.73
247.729
247.727
247.724
247.721
247.718
247.713
247.705
247.701
247.698
247.697
247.696
247.696
247.698
247.706
247.71
247.711
247.712
247.713
247.714
247.714
247.711
247.71
247.712
247.715
247.718
247.722
247.726
247.733
247.737
247.738
247.739
247.739
247.738
247.735
247.729
247.726
247.723
247.721
247.719
247.717
247.717
247.718
247.716
247.714
247.712
247.711
247.708
247.704
247.702
247.701
247.7
247.7
247.7
247.702
247.707
247.711
247.713
247.715
247.717
247.719
247.722
247.725
247.727
247.73
247.732
247.734
247.735
247.736
247.736
247.733
247.726
247.715
247.711
247.709
247.707
247.705
247.704
247.705
247.712
247.728
247.735
247.735
247.734
247.732
247.73
247.726
247.714
247.686
247.671
247.668
247.667
247.668
247.669
247.673
247.685
247.713
247.732
247.737
247.74
247.742
247.743
247.743
247.736
247.714
247.702
247.7
247.7
247.7
247.7
247.702
247.71
247.728
247.735
247.735
247.734
247.732
247.73
247.726
247.717
247.705
247.701
247.699
247.699
247.698
247.699
247.702
247.711
247.714
247.715
247.716
247.717
247.717
247.716
247.712
247.708
247.709
247.711
247.712
247.714
247.717
247.722
247.73
247.734
247.735
247.735
247.735
247.734
247.732
247.729
247.721
247.716
247.714
247.712
247.711
247.71
247.709
247.709
247.711
247.712
247.711
247.711
247.71
247.71
247.709
247.707
247.706
247.706
247.707
247.708
247.709
247.712
247.718
247.725
247.728
247.729
247.731
247.732
247.733
247.732
247.728
247.716
247.711
247.709
247.709
247.708
247.707
247.706
247.706
247.708
247.715
247.72
247.721
247.72
247.719
247.718
247.718
247.717
247.717
247.717
247.717
247.718
247.718
247.718
247.718
247.718
247.718
247.717
247.711
247.701
247.699
247.7
247.701
247.702
247.704
247.706
247.714
247.724
247.727
247.728
247.728
247.727
247.726
247.721
247.711
247.704
247.702
247.701
247.7
247.7
247.701
247.708
247.722
247.727
247.728
247.728
247.727
247.726
247.724
247.718
247.708
247.705
247.705
247.705
247.706
247.707
247.71
247.716
247.721
247.722
247.724
247.725
247.725
247.725
247.723
247.72
247.72
247.719
247.719
247.719
247.719
247.719
247.722
247.722
247.722
247.721
247.72
247.719
247.717
247.714
247.71
247.708
247.707
247.707
247.707
247.707
247.707
247.709
247.716
247.726
247.73
247.732
247.732
247.733
247.734
247.734
247.733
247.727
247.709
247.694
247.691
247.691
247.691
247.692
247.692
247.692
247.695
247.705
247.722
247.728
247.729
247.728
247.727
247.727
247.725
247.722
247.715
247.708
247.707
247.706
247.706
247.706
247.706
247.707
247.711
247.717
247.718
247.719
247.719
247.72
247.721
247.722
247.722
247.723
247.724
247.724
247.725
247.724
247.721
247.718
247.718
247.717
247.717
247.717
247.716
247.716
247.716
247.716
247.717
247.717
247.716
247.715
247.715
247.713
247.71
247.702
247.698
247.697
247.697
247.696
247.697
247.698
247.701
247.71
247.718
247.72
247.72
247.721
247.721
247.721
247.72
247.714
247.71
247.71
247.71
247.711
247.711
247.712
247.714
247.722
247.734
247.737
247.737
247.737
247.736
247.736
247.735
247.735
247.733
247.728
247.714
247.698
247.693
247.692
247.692
247.692
247.691
247.692
247.692
247.693
247.697
247.709
247.718
247.72
247.721
247.722
247.722
247.723
247.722
247.721
247.72
247.72
247.721
247.721
247.722
247.723
247.726
247.728
247.728
247.727
247.727
247.726
247.723
247.717
247.702
247.693
247.691
247.69
247.69
247.69
247.691
247.693
247.7
247.717
247.727
247.728
247.729
247.729
247.729
247.729
247.729
247.728
247.723
247.712
247.708
247.708
247.708
247.708
247.709
247.709
247.709
247.71
247.712
247.717
247.719
247.72
247.719
247.719
247.718
247.718
247.717
247.715
247.714
247.713
247.713
247.713
247.713
247.714
247.716
247.719
247.719
247.719
247.719
247.719
247.719
247.718
247.716
247.716
247.716
247.716
247.717
247.717
247.718
247.721
247.727
247.731
247.732
247.732
247.732
247.732
247.732
247.731
247.729
247.723
247.709
247.7
247.698
247.698
247.697
247.697
247.697
247.698
247.702
247.712
247.719
247.72
247.72
247.72
247.72
247.719
247.718
247.713
247.71
247.71
247.71
247.71
247.711
247.712
247.714
247.719
247.721
247.722
247.722
247.722
247.722
247.721
247.718
247.715
247.714
247.713
247.713
247.713
247.712
247.713
247.714
247.717
247.719
247.719
247.72
247.72
247.72
247.72
247.72
247.72
247.72
247.72
247.72
247.72
247.72
247.719
247.717
247.711
247.705
247.703
247.703
247.704
247.704
247.705
247.706
247.709
247.717
247.733
247.739
247.74
247.74
247.739
247.739
247.738
247.735
247.726
247.704
247.691
247.689
247.688
247.688
247.687
247.688
247.689
247.692
247.704
247.725
247.732
247.733
247.733
247.733
247.733
247.733
247.731
247.726
247.715
247.71
247.709
247.709
247.71
247.71
247.71
247.712
247.715
247.716
247.716
247.716
247.716
247.716
247.715
247.713
247.708
247.707
247.707
247.706
247.706
247.706
247.707
247.708
247.713
247.717
247.717
247.717
247.718
247.718
247.718
247.718
247.718
247.718
247.718
247.718
247.72
247.72
247.721
247.721
247.721
247.721
247.721
247.721
247.718
247.713
247.709
247.709
247.709
247.708
247.708
247.708
247.709
247.71
247.713
247.717
247.717
247.717
247.717
247.717
247.716
247.716
247.715
247.713
247.712
247.712
247.712
247.712
247.713
247.713
247.716
247.719
247.72
247.721
247.721
247.721
247.721
247.721
247.721
247.719
247.716
247.715
247.715
247.715
247.715
247.715
247.715
247.715
247.715
247.715
247.715
247.715
247.715
247.715
247.715
247.714
247.713
247.71
247.708
247.708
247.708
247.708
247.708
247.708
247.71
247.716
247.724
247.726
247.726
247.726
247.726
247.726
247.725
247.721
247.71
247.698
247.695
247.694
247.695
247.695
247.695
247.696
247.7
247.713
247.725
247.728
247.728
247.728
247.728
247.728
247.728
247.725
247.719
247.715
247.714
247.714
247.713
247.713
247.713
247.714
247.716
247.717
247.717
247.717
247.718
247.718
247.717
247.717
247.716
247.716
247.716
247.716
247.716
247.716
247.717
247.718
247.718
247.719
247.719
247.719
247.719
247.719
247.719
247.718
247.717
247.716
247.715
247.712
247.709
247.709
247.709
247.709
247.709
247.71
247.71
247.71
247.711
247.714
247.718
247.719
247.719
247.719
247.719
247.718
247.718
247.717
247.713
247.711
247.711
247.711
247.711
247.711
247.712
247.714
247.722
247.729
247.73
247.73
247.73
247.73
247.73
247.728
247.721
247.703
247.691
247.688
247.688
247.688
247.688
247.688
247.689
247.694
247.708
247.72
247.722
247.723
247.723
247.723
247.723
247.723
247.722
247.719
247.717
247.716
247.716
247.717
247.717
247.717
247.717
247.716
247.716
247.716
247.715
247.714
247.714
247.714
247.714
247.715
247.715
247.716
247.719
247.722
247.723
247.723
247.723
247.723
247.722
247.721
247.719
247.716
247.709
247.705
247.705
247.705
247.705
247.706
247.707
247.707
247.708
247.708
247.71
247.715
247.729
247.736
247.738
247.738
247.739
247.739
247.74
247.74
247.74
247.74
247.74
247.739
247.736
247.728
247.707
247.688
247.684
247.683
247.683
247.683
247.683
247.684
247.687
247.694
247.711
247.724
247.726
247.727
247.726
247.726
247.726
247.725
247.723
247.717
247.712
247.711
247.711
247.712
247.712
247.712
247.713
247.714
247.716
247.716
247.716
247.716
247.716
247.715
247.715
247.715
247.715
247.716
247.717
247.719
247.72
247.721
247.722
247.722
247.722
247.72
247.718
247.712
247.708
247.707
247.707
247.707
247.707
247.708
247.711
247.715
247.723
247.735
247.74
247.741
247.741
247.74
247.738
247.736
247.734
247.731
247.725
247.709
247.697
247.694
247.694
247.695
247.697
247.697
247.698
247.699
247.703
247.712
247.716
247.716
247.715
247.715
247.715
247.715
247.715
247.714
247.711
247.711
247.711
247.712
247.712
247.711
247.711
247.713
247.717
247.717
247.717
247.717
247.718
247.719
247.72
247.719
247.717
247.715
247.715
247.714
247.713
247.711
247.71
247.71
247.711
247.717
247.729
247.734
247.737
247.738
247.739
247.739
247.739
247.737
247.734
247.73
247.722
247.707
247.685
247.679
247.678
247.679
247.681
247.684
247.686
247.688
247.691
247.703
247.729
247.742
247.744
247.744
247.743
247.743
247.743
247.744
247.744
247.739
247.721
247.7
247.695
247.694
247.692
247.691
247.688
247.686
247.686
247.686
247.69
247.704
247.719
247.724
247.727
247.729
247.731
247.731
247.731
247.73
247.725
247.717
247.713
247.711
247.709
247.708
247.708
247.709
247.711
247.716
247.719
247.721
247.723
247.724
247.724
247.723
247.72
247.718
247.716
247.714
247.713
247.712
247.713
247.718
247.725
247.727
247.729
247.731
247.733
247.734
247.734
247.732
247.726
247.71
247.696
247.691
247.689
247.688
247.688
247.688
247.689
247.692
247.699
247.712
247.723
247.726
247.727
247.727
247.726
247.723
247.721
247.719
247.717
247.715
247.711
247.708
247.708
247.709
247.711
247.711
247.711
247.71
247.709
247.708
247.706
247.705
247.704
247.705
247.708
247.715
247.724
247.728
247.729
247.729
247.729
247.727
247.723
247.716
247.706
247.701
247.7
247.7
247.701
247.703
247.707
247.712
247.718
247.721
247.722
247.721
247.719
247.716
247.712
247.708
247.706
247.706
247.706
247.708
247.711
247.716
247.721
247.724
247.724
247.724
247.722
247.719
247.715
247.71
247.708
247.708
247.708
247.71
247.713
247.715
247.721
247.728
247.73
247.729
247.728
247.727
247.727
247.727
247.727
247.722
247.713
247.711
247.711
247.71
247.708
247.706
247.705
247.708
247.713
247.715
247.717
247.72
247.722
247.722
247.72
247.718
247.716
247.713
247.711
247.711
247.713
247.723
247.729
247.732
247.736
247.738
247.739
247.737
247.731
247.714
247.695
247.688
247.686
247.685
247.685
247.687
247.69
247.698
247.71
247.727
247.732
247.733
247.732
247.73
247.726
247.723
247.72
247.716
247.711
247.71
247.711
247.714
247.716
247.717
247.717
247.718
247.721
247.721
247.719
247.717
247.717
247.717
247.717
247.713
247.71
247.71
247.711
247.71
247.708
247.706
247.707
247.712
247.713
247.714
247.715
247.717
247.719
247.721
247.724
247.725
247.725
247.724
247.725
247.73
247.732
247.73
247.729
247.729
247.73
247.731
247.727
247.709
247.692
247.689
247.688
247.686
247.683
247.68
247.678
247.679
247.685
247.707
247.724
247.729
247.732
247.735
247.736
247.736
247.733
247.728
247.726
247.724
247.722
247.722
247.722
247.723
247.724
247.722
247.713
247.702
247.697
247.694
247.691
247.69
247.691
247.695
247.708
247.73
247.741
247.745
247.746
247.746
247.744
247.739
247.729
247.713
247.691
247.679
247.677
247.678
247.68
247.686
247.694
247.702
247.712
247.727
247.736
247.737
247.735
247.731
247.723
247.715
247.709
247.702
247.697
247.696
247.698
247.703
247.712
247.72
247.729
247.739
247.742
247.742
247.74
247.736
247.727
247.715
247.698
247.686
247.683
247.682
247.683
247.685
247.692
247.705
247.724
247.736
247.741
247.743
247.744
247.743
247.737
247.724
247.714
247.707
247.701
247.698
247.698
247.702
247.712
247.718
247.723
247.73
247.733
247.734
247.728
247.71
247.701
247.696
247.69
247.685
247.682
247.683
247.691
247.715
247.73
247.737
247.742
247.745
247.746
247.744
247.738
247.72
247.699
247.691
247.688
247.688
247.69
247.694
247.703
247.718
247.733
247.737
247.737
247.736
247.73
247.722
247.713
247.701
247.692
247.691
247.693
247.698
247.708
247.716
247.725
247.739
247.748
247.748
247.746
247.738
247.728
247.722
247.716
247.705
247.69
247.686
247.687
247.693
247.701
247.706
247.709
247.712
247.721
247.732
247.734
247.731
247.725
247.721
247.72
247.718
247.712
247.705
247.704
247.708
247.711
247.714
247.716
247.721
247.734
247.738
247.738
247.737
247.736
247.735
247.732
247.717
247.691
247.681
247.677
247.675
247.674
247.675
247.679
247.692
247.72
247.748
247.756
247.757
247.756
247.753
247.745
247.734
247.722
247.704
247.681
247.675
247.676
247.68
247.688
247.696
247.702
247.706
247.714
247.733
247.748
247.751
247.748
247.742
247.74
247.741
247.743
247.747
247.748
247.739
247.705
247.686
247.682
247.678
247.673
247.665
247.658
247.656
247.657
247.669
247.704
247.727
247.738
247.747
247.754
247.757
247.757
247.754
247.742
247.715
247.693
247.682
247.677
247.676
247.676
247.679
247.688
247.706
247.739
247.767
247.775
247.776
247.775
247.772
247.765
247.758
247.75
247.738
247.71
247.672
247.66
247.659
247.661
247.663
247.663
247.662
247.659
247.661
247.677
247.717
247.736
247.742
247.748
247.755
247.76
247.76
247.758
247.748
247.72
247.695
247.683
247.677
247.674
247.674
247.677
247.686
247.707
247.734
247.749
247.754
247.755
247.754
247.75
247.74
247.721
247.694
247.677
247.673
247.672
247.674
247.679
247.69
247.707
247.728
247.751
247.758
247.758
247.757
247.751
247.739
247.726
247.715
247.702
247.683
247.676
247.677
247.683
247.693
247.705
247.711
247.715
247.72
247.73
247.741
247.743
247.738
247.728
247.724
247.724
247.725
247.73
247.74
247.749
247.753
247.748
247.721
247.702
247.696
247.688
247.676
247.664
247.658
247.657
247.66
247.676
247.712
247.735
247.749
247.761
247.768
247.769
247.768
247.762
247.745
247.711
247.683
247.67
247.665
247.664
247.665
247.67
247.683
247.702
247.727
247.756
247.77
247.772
247.771
247.766
247.754
247.738
247.723
247.712
247.71
247.711
247.716
247.724
247.728
247.72
247.694
247.685
247.682
247.677
247.667
247.656
247.65
247.652
247.676
247.713
247.726
247.736
247.749
247.761
247.767
247.767
247.752
247.723
247.708
247.696
247.68
247.67
247.666
247.67
247.697
247.738
247.757
247.772
247.789
247.799
247.801
247.798
247.777
247.716
247.662
247.638
247.621
247.61
247.606
247.606
247.611
247.629
247.67
247.736
247.774
247.789
247.795
247.795
247.794
247.786
247.769
247.74
247.7
247.659
247.644
247.642
247.643
247.648
247.662
247.683
247.706
247.733
247.768
247.783
247.783
247.779
247.769
247.75
247.733
247.718
247.701
247.672
247.66
247.66
247.667
247.683
247.697
247.705
247.712
247.723
247.744
247.752
247.749
247.736
247.726
247.721
247.719
247.714
247.698
247.69
247.696
247.708
247.713
247.714
247.715
247.722
247.732
247.728
247.716
247.71
247.708
247.707
247.702
247.7
247.71
247.725
247.733
247.739
247.747
247.757
247.756
247.742
247.726
247.716
247.707
247.689
247.668
247.665
247.675
247.692
247.702
247.708
247.715
247.734
247.748
247.745
247.729
247.718
247.714
247.712
247.707
247.693
247.691
247.705
247.72
247.727
247.729
247.733
247.748
247.758
247.75
247.731
247.72
247.715
247.712
247.7
247.677
247.673
247.686
247.702
247.71
247.713
247.715
247.728
247.752
247.755
247.742
247.728
247.723
247.724
247.724
247.711
247.677
247.669
247.677
247.686
247.686
247.682
247.675
247.677
247.714
247.754
247.758
247.759
247.762
247.773
247.789
247.8
247.794
247.74
247.681
247.665
247.655
247.639
247.614
247.595
247.588
247.594
247.635
247.718
247.756
247.779
247.808
247.834
247.847
247.85
247.845
247.812
247.731
247.673
247.643
247.613
247.59
247.58
247.579
247.591
247.641
247.71
247.744
247.773
247.802
247.819
247.824
247.815
247.773
247.738
247.72
247.695
247.668
247.652
247.651
247.677
247.708
247.718
247.729
247.748
247.768
247.774
247.756
247.698
247.677
247.671
247.662
247.644
247.625
247.618
247.632
247.699
247.746
247.759
247.771
247.792
247.815
247.827
247.827
247.803
247.727
247.675
247.652
247.627
247.602
247.591
247.589
247.596
247.629
247.712
247.784
247.819
247.841
247.85
247.852
247.848
247.828
247.78
247.695
247.621
247.592
247.584
247.584
247.589
247.607
247.644
247.708
247.792
247.835
247.845
247.845
247.839
247.819
247.784
247.729
247.647
247.591
247.579
247.579
247.585
247.605
247.639
247.686
247.758
247.83
247.848
247.849
247.844
247.824
247.792
247.754
247.702
247.624
247.59
247.586
247.591
247.61
247.642
247.672
247.708
247.768
247.808
247.813
247.807
247.785
247.756
247.731
247.7
247.659
247.646
247.648
247.664
247.691
247.717
247.747
247.777
247.784
247.781
247.764
247.739
247.708
247.664
247.63
247.624
247.628
247.645
247.669
247.7
247.75
247.804
247.815
247.814
247.8
247.777
247.755
247.727
247.67
247.622
247.614
247.619
247.638
247.656
247.67
247.687
247.73
247.792
247.807
247.805
247.791
247.78
247.772
247.763
247.739
247.669
247.627
247.622
247.626
247.632
247.636
247.64
247.654
247.702
247.772
247.789
247.791
247.789
247.786
247.782
247.774
247.745
247.688
247.667
247.666
247.67
247.671
247.668
247.665
247.675
247.718
247.734
247.735
247.738
247.747
247.766
247.778
247.772
247.731
247.715
247.712
247.705
247.689
247.666
247.653
247.66
247.699
247.71
247.711
247.715
247.729
247.749
247.76
247.749
247.712
247.707
247.711
247.709
247.701
247.686
247.677
247.692
247.744
247.754
247.751
247.751
247.758
247.772
247.785
247.78
247.721
247.665
247.657
247.654
247.647
247.63
247.607
247.594
247.601
247.664
247.729
247.745
247.756
247.775
247.801
247.821
247.825
247.802
247.735
247.704
247.69
247.669
247.642
247.624
247.622
247.648
247.7
247.719
247.735
247.759
247.783
247.792
247.78
247.735
247.712
247.7
247.679
247.655
247.644
247.654
247.697
247.719
247.73
247.749
247.772
247.783
247.773
247.74
247.728
247.719
247.702
247.681
247.674
247.693
247.719
247.726
247.733
247.751
247.771
247.774
247.738
247.678
247.662
247.653
247.634
247.606
247.589
247.593
247.654
247.735
247.76
247.78
247.812
247.846
247.863
247.861
247.811
247.723
247.687
247.659
247.619
247.583
247.566
247.57
247.622
247.696
247.728
247.76
247.802
247.837
247.848
247.832
247.781
247.759
247.741
247.71
247.67
247.649
247.654
247.652
247.647
247.65
247.663
247.68
247.681
247.681
247.713
247.742
247.758
247.77
247.79
247.821
247.825
247.795
247.747
247.718
247.696
247.665
247.602
247.57
247.571
247.604
247.649
247.675
247.691
247.707
247.753
247.822
247.844
247.835
247.799
247.777
247.77
247.773
247.781
247.78
247.728
247.644
247.633
247.642
247.644
247.637
247.617
247.583
247.555
247.555
247.63
247.739
247.767
247.78
247.803
247.841
247.882
247.905
247.907
247.861
247.73
247.662
247.632
247.598
247.557
247.53
247.522
247.532
247.598
247.735
247.799
247.83
247.86
247.881
247.889
247.883
247.842
247.721
247.623
247.591
247.579
247.575
247.576
247.588
247.627
247.72
247.81
247.828
247.827
247.813
247.789
247.768
247.746
247.702
247.647
247.637
247.654
247.683
247.698
247.7
247.701
247.724
247.768
247.769
247.744
247.729
247.73
247.738
247.741
247.702
247.656
247.661
247.676
247.676
247.667
247.649
247.644
247.69
247.763
247.776
247.779
247.787
247.81
247.849
247.884
247.895
247.873
247.756
247.647
247.607
247.57
247.521
247.485
247.472
247.472
247.49
247.559
247.718
247.847
247.906
247.938
247.949
247.948
247.932
247.876
247.755
247.607
247.538
247.516
247.513
247.519
247.546
247.613
247.734
247.844
247.884
247.892
247.89
247.873
247.824
247.724
247.613
247.567
247.555
247.556
247.57
247.618
247.722
247.836
247.883
247.893
247.892
247.876
247.823
247.707
247.566
247.509
247.496
247.498
247.513
247.561
247.663
247.817
247.907
247.933
247.935
247.927
247.894
247.813
247.67
247.555
247.505
247.488
247.486
247.498
247.551
247.68
247.802
247.864
247.903
247.923
247.926
247.9
247.795
247.684
247.635
247.597
247.567
247.554
247.563
247.638
247.738
247.767
247.78
247.794
247.804
247.802
247.758
247.663
247.638
247.642
247.654
247.66
247.664
247.679
247.747
247.81
247.811
247.788
247.775
247.776
247.782
247.772
247.684
247.617
247.616
247.62
247.614
247.591
247.562
247.559
247.631
247.771
247.812
247.829
247.857
247.906
247.951
247.965
247.945
247.815
247.643
247.578
247.527
247.464
247.424
247.412
247.415
247.448
247.559
247.782
247.929
247.998
248.03
248.038
248.035
248.013
247.947
247.82
247.622
247.448
247.398
247.391
247.397
247.423
247.485
247.57
247.662
247.782
247.946
248.004
248.004
247.982
247.928
247.851
247.793
247.745
247.68
247.556
247.501
247.501
247.535
247.601
247.641
247.665
247.68
247.709
247.793
247.85
247.844
247.798
247.766
247.758
247.764
247.769
247.729
247.646
247.643
247.678
247.694
247.69
247.672
247.662
247.696
247.728
247.702
247.669
247.667
247.678
247.693
247.691
247.704
247.768
247.816
247.841
247.857
247.874
247.876
247.829
247.738
247.669
247.605
247.513
247.437
247.429
247.458
247.542
247.624
247.689
247.768
247.919
248.006
248.012
247.983
247.907
247.846
247.809
247.777
247.713
247.57
247.493
247.488
247.526
247.566
247.572
247.564
247.54
247.532
247.592
247.786
247.864
247.88
247.896
247.932
247.983
248.01
248.004
247.911
247.672
247.546
247.485
247.425
247.385
247.375
247.39
247.465
247.673
247.913
248.019
248.062
248.071
248.066
248.031
247.933
247.742
247.482
247.352
247.325
247.326
247.346
247.41
247.524
247.663
247.851
248.058
248.119
248.12
248.091
248.023
247.914
247.814
247.748
247.691
247.597
247.441
247.404
247.423
247.494
247.587
247.637
247.661
247.664
247.663
247.69
247.803
247.868
247.845
247.789
247.772
247.779
247.806
247.828
247.79
247.655
247.632
247.662
247.67
247.658
247.626
247.608
247.655
247.765
247.771
247.756
247.762
247.787
247.814
247.796
247.696
247.674
247.677
247.668
247.633
247.599
247.615
247.692
247.703
247.705
247.727
247.782
247.822
247.798
247.766
247.789
247.793
247.77
247.718
247.687
247.707
247.68
247.598
247.558
247.555
247.564
247.558
247.551
247.641
247.786
247.876
247.939
248.007
248.069
248.071
247.991
247.811
247.656
247.526
247.371
247.228
247.209
247.243
247.369
247.564
247.739
247.928
248.173
248.286
248.289
248.244
248.107
247.911
247.721
247.489
247.189
247.085
247.087
247.138
247.275
247.472
247.643
247.826
248.104
248.295
248.308
248.261
248.13
247.926
247.769
247.635
247.456
247.197
247.138
247.175
247.299
247.519
247.702
247.827
247.944
248.144
248.326
248.331
248.253
248.058
247.803
247.625
247.481
247.307
247.027
246.933
246.963
247.082
247.32
247.596
247.805
248.001
248.267
248.56
248.614
248.583
248.466
248.224
247.93
247.667
247.366
246.965
246.77
246.754
246.791
246.917
247.172
247.475
247.813
248.253
248.599
248.675
248.672
248.618
248.449
248.166
247.789
247.267
246.867
246.752
246.739
246.765
246.88
247.123
247.557
248.153
248.528
248.67
248.699
248.686
248.6
248.337
247.783
247.219
246.931
246.781
246.725
246.724
246.818
247.178
247.82
248.218
248.481
248.659
248.735
248.73
248.553
247.982
247.477
247.197
246.932
246.742
246.671
246.701
246.993
247.606
247.944
248.195
248.476
248.667
248.724
248.64
248.157
247.695
247.489
247.259
247.003
246.842
246.813
246.99
247.512
247.773
247.931
248.156
248.388
248.498
248.451
248.04
247.716
247.593
247.444
247.233
247.082
247.063
247.314
247.678
247.794
247.9
248.083
248.259
248.297
248.088
247.755
247.66
247.576
247.417
247.242
247.194
247.371
247.668
247.744
247.811
247.958
248.145
248.199
247.998
247.737
247.691
247.647
247.53
247.354
247.279
247.429
247.679
247.687
247.694
247.759
247.904
247.991
247.871
247.68
247.735
247.809
247.794
247.721
247.668
247.775
247.935
247.843
247.672
247.603
247.597
247.578
247.377
247.207
247.302
247.523
247.647
247.7
247.745
247.936
248.286
248.328
248.162
247.986
247.903
247.863
247.759
247.35
247.07
247.107
247.27
247.348
247.346
247.32
247.381
247.832
248.223
248.231
248.188
248.207
248.29
248.372
248.301
247.749
247.329
247.246
247.184
247.057
246.896
246.84
246.966
247.604
248.106
248.291
248.481
248.709
248.82
248.798
248.455
247.584
247.084
246.807
246.55
246.404
246.383
246.491
246.979
247.996
248.656
249.017
249.225
249.294
249.281
249.092
248.461
247.267
246.494
246.135
245.968
245.924
245.94
246.087
246.52
247.394
248.591
249.279
249.545
249.609
249.598
249.498
249.204
248.634
247.654
246.504
245.961
245.801
245.784
245.821
245.989
246.372
246.989
247.931
249.015
249.549
249.689
249.698
249.639
249.411
248.969
248.196
247.016
246.203
245.872
245.756
245.745
245.793
246.012
246.586
247.702
248.629
249.094
249.382
249.541
249.594
249.538
249.134
248.082
247.378
247.041
246.711
246.412
246.233
246.201
246.428
247.266
247.778
247.962
248.158
248.455
248.743
248.858
248.68
247.891
247.569
247.515
247.458
247.326
247.118
246.953
246.949
247.412
247.977
248.004
247.926
247.927
247.992
248.111
248.145
247.825
247.215
247.169
247.348
247.484
247.515
247.492
247.468
247.568
248.097
248.48
248.423
248.185
248.044
247.998
247.993
247.933
247.523
246.964
246.916
247.118
247.301
247.338
247.299
247.212
247.206
247.588
248.274
248.362
248.235
248.192
248.241
248.404
248.58
248.53
247.812
247.328
247.324
247.329
247.265
247.084
246.835
246.721
246.916
247.704
247.981
248.022
248.085
248.269
248.567
248.743
248.611
247.889
247.624
247.589
247.529
247.357
247.1
246.962
247.102
247.689
247.823
247.812
247.855
248.019
248.246
248.292
247.893
247.587
247.653
247.698
247.65
247.503
247.385
247.496
247.939
247.964
247.774
247.703
247.741
247.831
247.783
247.328
247.196
247.414
247.627
247.678
247.646
247.622
247.838
248.348
248.374
248.085
247.866
247.786
247.77
247.672
247.167
246.825
246.951
247.284
247.463
247.505
247.491
247.548
248.025
248.549
248.518
248.24
248.078
248.062
248.108
248.065
247.49
246.964
247.019
247.261
247.321
247.272
247.124
247.033
247.266
248.099
248.302
248.184
248.15
248.231
248.465
248.655
248.478
247.59
247.347
247.406
247.399
247.28
247.016
246.757
246.747
247.383
247.928
247.928
247.93
248.031
248.307
248.61
248.62
247.953
247.592
247.677
247.708
247.631
247.419
247.2
247.209
247.775
248.054
247.889
247.732
247.75
247.868
247.942
247.638
246.989
246.987
247.274
247.42
247.411
247.326
247.285
247.583
248.485
248.714
248.567
248.449
248.48
248.609
248.647
248.133
246.962
246.683
246.643
246.568
246.346
246.011
245.823
245.902
246.797
248.228
248.744
249.105
249.68
250.323
250.657
250.672
250.052
248.307
247.354
246.801
246.06
245.283
244.778
244.605
244.753
245.83
247.123
247.667
248.231
249.065
249.89
250.341
250.34
249.423
248.639
248.442
248.246
247.869
247.336
246.878
246.772
247.196
247.35
247.057
246.815
246.765
246.793
246.768
246.525
246.53
247.224
248.124
248.715
249.185
249.715
250.18
250.211
249.88
248.971
247.876
246.757
245.512
244.863
244.767
244.849
245.222
246.148
247.798
249.224
250.046
250.484
250.62
250.441
249.356
248.082
247.306
246.465
245.81
245.594
245.932
246.699
247.031
247.396
248.001
248.478
248.438
248.174
248.322
248.407
248.333
248.191
248.24
248.348
247.943
247.367
247.025
246.733
246.256
246.044
246.336
247.066
247.613
248.024
248.554
249.309
249.462
249.045
248.207
247.599
247.076
246.274
245.583
245.57
246.213
247.238
247.906
248.386
248.937
249.791
250.126
249.875
248.762
247.629
246.853
246.08
244.962
244.494
244.639
245.518
247.053
248.299
249.366
250.592
251.641
251.777
251.492
250.419
248.744
247.024
244.948
243.215
242.78
242.793
243.136
244.133
245.97
248.817
251.238
252.49
252.974
253.052
252.775
251.301
248.209
246.174
244.655
243.284
242.437
242.199
242.669
244.819
246.505
247.529
249.056
250.861
251.895
251.777
249.689
248.562
248.297
247.934
247.204
246.2
245.253
244.861
245.502
247.145
247.242
246.854
246.844
247.111
247.536
247.433
246.098
245.873
246.977
248.095
248.666
248.819
248.802
248.841
249.395
250.615
250.842
249.675
248.001
246.972
246.167
244.982
242.894
242.307
242.649
244.167
246.275
247.695
248.721
249.65
251.187
252.962
253.31
252.909
251.175
248.945
247.19
245.267
242.302
240.756
240.755
241.431
243.177
245.642
247.804
249.942
252.656
254.797
255.111
254.83
253.535
251.052
248.292
244.706
240.693
239.199
239.01
239.192
240.062
242.007
245.287
250.096
254.171
256.082
256.644
256.648
256.187
254.291
249.543
244.756
242.361
240.553
239.313
238.804
239.007
241.014
245.235
247.831
250.113
252.878
254.804
255.263
253.475
249.693
248.393
247.457
246.042
244.427
243.3
243.06
244.422
246.362
246.534
246.638
247.242
248.391
248.633
246.491
245.468
246.207
246.751
246.691
246.298
245.574
245.057
245.29
247.802
249.848
249.752
249.596
249.875
250.744
251.056
248.53
245.549
245.31
245.268
244.952
244.174
243.04
241.954
241.433
241.614
243.821
248.587
250.889
252.436
254.88
257.258
258.062
257.53
253.138
246.509
243.974
242.05
239.812
238.42
237.997
238.107
238.898
240.298
242.056
244.73
248.292
252.401
256.669
258.892
259.206
258.835
257.235
253.954
247.612
240.494
237.562
236.376
236.021
236.129
237.222
240.411
246.553
253.031
256.86
258.701
259.154
259.037
257.701
252.901
245.365
241.653
239.436
237.832
237.098
237.189
239.001
244.327
248.977
252.01
255.189
257.22
257.574
255.411
249.472
246.658
244.856
242.732
240.987
240.214
240.56
243.65
246.391
247.605
249.424
252.04
253.2
251.295
246.983
245.861
245.22
244.104
242.573
241.374
240.986
241.78
245.734
248.329
249.351
250.902
253.58
254.969
252.973
247.028
245.166
244.293
242.953
241.142
239.47
238.307
237.844
238.128
240.629
247.125
251.642
254.738
258.497
260.767
261.002
257.965
248.564
243.582
241.179
238.66
236.564
235.615
235.522
235.705
236.518
238.748
243.354
250.959
258.224
261.672
262.546
262.447
261.321
257.082
246.934
238.505
235.355
233.823
233.041
232.928
233.772
236.225
239.817
244.642
250.257
256.247
261.562
263.362
263.411
262.213
258.796
253.3
244.042
235.051
232.007
230.924
230.663
231.079
233.513
237.547
242.046
247.236
251.666
255.161
258.182
261.904
263.73
263.505
261.019
256.051
249.771
240.685
233.131
230.986
230.593
230.824
232.589
237.238
241.865
246.997
251.888
255.106
256.916
257.986
258.907
260.691
261.343
259.359
254.151
247.879
239.249
231.17
228.447
227.714
227.726
228.987
233.119
237.801
243.116
248.887
253.491
257.219
260.686
264.904
266.884
266.525
263.76
258.638
250.465
238.358
231.515
228.783
227.373
226.849
227.246
229.516
234.698
243.784
254.044
261.687
266.822
268.945
269.39
267.833
258.742
247.315
242.837
239.207
235.704
233.272
232.097
231.988
233.72
239.986
244.779
247.708
252.496
258.214
260.377
256.528
251.036
250.519
250.165
248.962
247.229
245.793
245.503
247.427
248.239
245.959
243.425
241.94
240.063
237.354
237.479
241.305
246.868
250.765
253.708
256.702
260.053
260.624
258.791
253.751
247.243
238.263
229.591
226.613
225.997
226.145
227.428
231.086
237.354
245.307
253.718
261.638
265.641
266.235
265.475
262.481
256.3
243.958
232.837
228.578
226.441
225.345
225.345
227.028
230.854
236.191
243.373
252.259
262.139
269.657
271.763
271.714
270.095
265.207
253.104
238.84
232.863
229.289
226.779
225.775
225.994
228.202
234.893
245.569
252.982
260.383
266.402
268.778
267.162
255.653
248.008
245.432
242.511
239.399
236.952
235.681
235.733
238.957
244.166
245.821
247.523
251.599
255.177
252.493
247.735
248.638
249.673
249.477
248.688
247.529
246.802
247.176
250.246
250.953
247.734
244.002
241.254
236.93
232.34
232.301
235.838
242.172
246.971
250.529
253.522
257.486
262.18
263.341
261.889
256.426
249.579
241.223
230.101
224.777
223.864
224.014
225.249
229.001
235.587
243.709
252.272
260.653
268.348
271.706
271.969
270.61
266.385
256.464
240.221
231.737
227.93
225.645
224.687
224.802
225.988
228.334
232.523
240.21
251.491
261.083
266.95
269.298
269.756
268.443
260.167
248.899
244.235
240.317
237.743
237.675
238.6
238.689
239.119
239.917
241.221
243.535
247.122
251.556
253.973
255.236
255.871
256.472
258.365
260.638
259.738
255.156
250.475
246.174
241.28
240.178
241.367
245.286
250.328
253.194
253.661
250.592
243.909
241.122
238.747
235.535
232.644
231.575
232.715
234.594
234.993
235.516
236.859
239.77
244.389
249.606
254.986
257.979
259.457
260.28
261.387
261.443
257.787
250.378
240.978
229.727
223.69
221.696
221.101
221.342
223.337
228.336
235.844
245.217
255.992
266.73
272.693
273.968
273.716
271.737
264.698
248.282
236.644
230.718
226.27
224.404
224.316
225.493
227.227
228.949
231.599
236.304
244.021
255.213
266.989
274.866
277.917
278.678
277.785
270.416
257.905
252.28
247.016
241.58
238.848
236.468
233.715
231.826
231
231.075
232.094
235.447
242.842
251.167
259.024
264.597
266.894
265.355
258.196
254.966
252.7
249.37
245.86
244.229
244.362
242.13
238.618
235.562
230.704
226.08
225.912
228.275
233.888
241.276
249.001
255.314
257.592
257.815
257.161
254.955
250.96
245.62
240.062
235.71
232.935
231.553
231.329
232.54
238.296
247.492
254.293
261.31
265.919
266.278
260.152
255.968
254.138
251.642
249.701
248.761
245.021
240.216
235.78
231.537
230.52
231.403
234.874
241.414
250.407
257.387
259.71
260.001
259.014
254.308
248.46
243.984
238.649
234.614
233.179
233.209
235.016
237.554
239.889
243.873
249.809
256.493
260.844
263.704
266.163
269.187
269.177
264.285
255.597
242.044
229.705
227.422
227.553
229.819
236.161
241.884
248.872
255.529
257.787
257.44
255.182
253.295
251.129
247.607
242.836
238.041
234.713
233.038
232.559
232.627
233.404
235.971
241.454
250.025
261.205
272.158
277.094
277.92
277.428
273.862
261.299
244.911
238.301
234.791
233.975
233.691
233.437
233.264
232.42
231.864
234.007
240.15
246.283
250.47
254.095
256.794
257.259
256.627
254.462
250.609
245.76
241.293
238.031
236.085
235.546
236.759
241.132
243.887
246.389
250.033
251.651
249.358
248.697
250.319
251.547
252.531
254.261
255.177
254.861
253.304
251.242
249.189
247.21
245.415
243.529
241.669
240.293
239.844
240.495
244.578
250.165
252.352
255.158
260.663
264.896
263.306
254.548
252.093
251.471
250.42
248.551
245.796
241.817
237.847
237.149
237.699
236.613
236.279
236.62
237.752
240.101
243.701
249.465
257.097
262.565
266.542
268.846
269.081
267.635
262.971
252.236
241.102
235.288
230.9
228.044
227.112
227.888
233.043
240.947
245.166
249.954
257.173
261.722
259.975
255.334
255.266
255.408
255.064
254.564
254.333
253.881
249.642
242.878
238.052
233.745
230.749
230.271
230.767
232.794
237.154
243.572
249.72
254.165
257.53
260.442
263.665
264.649
263.59
258.933
251.737
243.51
237.323
236.045
236.141
237.44
239.93
243.709
247.041
247.071
246.825
248.211
248.836
248.885
248.798
248.426
246.73
243.43
239.611
237.182
236.028
235.885
236.452
238.958
244.627
253.266
260.033
262.456
262.947
262.296
257.341
247.38
241.723
236.892
233.491
232.913
232.959
233.134
233.769
235.431
238.592
243.233
248.428
251.763
253.799
254.635
255.031
255.762
257.449
258.181
255.46
250.77
247.715
244.211
235.347
230.486
231.085
234.426
239.151
242.438
244.329
244.869
244.854
244.839
245.323
246.092
245.993
245.228
243.269
241.626
241.517
241.99
243.632
246.961
250.524
251.232
252.773
254.777
255.063
254.763
253.715
251.699
248.858
245.969
244.428
245.067
247.657
247.474
247.387
248.358
249.486
247.978
248.748
253.642
257.396
259.93
262.563
263.909
262.814
258.689
251.873
241.365
234.02
231.34
230.085
229.729
230.589
234.175
239.595
245.412
251.321
257.138
263.396
270.345
272.418
271.816
268.486
261.404
246.317
231.946
228.631
228.024
228.364
231.11
238.89
247.931
252.918
256.762
259.318
260.332
260.352
258.431
251.982
245.365
241.194
237.528
233.798
230.39
229.247
229.196
229.684
231.352
234.382
238.329
243.476
249.41
252.536
253.016
252.749
251.412
248.262
244.481
240.376
237.129
236.161
236.128
236.928
240.041
245.152
249.326
252.256
253.305
251.883
246.645
244.21
242.246
239.446
237.207
236.541
237.838
241.578
242.819
243.321
244.56
247.242
251.138
252.392
251.905
251.68
251.439
250.832
249.586
247.697
245.552
243.633
241.99
241.068
240.98
241.865
245.378
253.565
263.393
269.027
271.654
272.465
271.555
263.977
253.108
249.159
245.989
244.289
244.502
244.313
244.133
244.26
244.224
244.163
246.192
249.93
252.338
253.161
253.072
250.898
245.002
241.057
238.432
235.67
233.591
232.835
233.193
236.209
242.344
245.986
248.703
252.11
255.71
257.737
257.617
253.821
251.005
249.676
248.063
245.877
243.591
241.582
240.1
239.607
240.634
245.598
249.183
251.041
253.92
257.63
259.638
259.306
256.251
254.558
253.417
251.355
247.703
244.531
242.383
240.951
240.218
240.383
242.405
244.193
245.325
247.025
249.089
249.924
250.727
251.65
252.135
252.471
252.272
251.066
248.782
244.624
239.257
236.982
236.068
235.535
235.478
236.37
239.714
245.673
248.781
250.393
251.981
252.953
253.286
253.133
251.827
249.828
248.873
247.914
246.95
246.251
245.802
245.681
246.112
247.872
249.32
250.401
251.895
253.589
254.721
255.388
255.877
257.017
260.829
262.654
261.996
259.879
255.955
246.978
242.327
242.384
243.982
246.055
247.641
248.035
248.018
247.267
244.61
241.76
240.26
239.174
238.602
238.415
238.644
239.885
242.685
244.99
246.846
248.267
248.646
248.482
247.828
246.897
245.67
244.234
242.973
242.255
242.068
242.155
242.847
245
250.026
256.848
260.271
263.192
264.492
264.593
263.137
257.274
250.91
249.448
249.218
249.414
250.631
251.821
252.685
253.428
253.485
252.165
251.291
251.117
250.821
250.265
249.435
248.457
246.668
243.567
242.257
242.081
242.158
242.543
243.197
243.834
244.57
245.516
247.046
250.155
254.98
256.833
257.047
256.912
256.619
256.139
254.717
249.615
244.641
243.613
243.285
243.127
243.325
244.331
247.54
251.563
253.732
256.194
260.683
268.681
282.238
304.414
337.069
376.063
405.649
418.315
423.939
428.019
430.387
431.639
431.937
431.829
431.675
431.659
432.813
437.149
438.035
435.303
430.393
420.148
399.642
391.451
389.068
387.618
386.726
386.688
387.049
387.248
387.712
389.587
394.164
396.881
397.764
398.434
399.66
401.158
401.342
401.078
400.183
397.051
387.226
381.155
380.261
380.228
380.517
381.322
383.075
386.675
394.47
402.311
405.683
407.889
409.762
411.162
412.133
412.654
412.495
410.198
407.896
407.395
407.112
406.906
407.068
407.588
407.217
405.812
403.921
401.398
397.767
394.923
392.71
390.934
389.699
389.032
388.858
389.029
389.898
392.134
397.54
407.062
411.902
414.669
417.629
420.09
422.226
424.044
425.852
426.727
426.925
425.069
414.131
404.357
402.451
401.536
400.571
399.403
397.605
395.166
391.818
389.314
387.514
386.042
385.031
384.574
384.588
385.145
386.579
389.21
394.2
403.156
408.952
412.03
414.874
417.157
418.74
419.686
420.027
419.617
415.782
403.9
397.967
396.321
395.065
393.856
393.496
395.091
396.444
395.49
393.764
392.446
391.084
388.541
385.64
385.223
385.572
386.715
388.751
391.328
393.943
396.382
398.389
399.979
401.297
403.142
408.087
414.513
415.826
415.727
414.789
412.946
410.783
409.017
407.759
406.28
404.968
403.386
399.717
393.617
392.401
392.787
394.289
396.235
397.337
396
390.117
388.489
388.796
389.228
389.381
389.409
389.382
389.344
389.39
389.446
389.374
389.354
390.14
393.7
398.56
399.744
399.639
399.384
399.482
399.962
400.993
402.218
402.433
399.192
396.639
397.112
398.212
399.026
399.917
401.384
401.855
401.557
400.375
398.655
396.303
393.597
391.813
390.415
389.444
388.991
388.996
389.428
390.136
391.237
392.967
395.392
398.598
403.049
411.218
421.016
423.714
424.069
423.777
421.282
410.305
398.256
395.102
393.509
392.369
392.342
392.26
391.588
391.26
391.286
391.671
392.907
395.494
400.207
409.497
418.55
421.759
422.908
423.161
423.071
422.226
418.526
405.722
394.12
391.037
389.461
388.293
387.332
386.677
386.533
386.634
387.107
388.237
390.019
391.989
394.096
395.976
397.334
398.229
398.829
399.341
400.092
401.89
406.942
415.831
419.33
419.75
419.238
418.719
418.677
418.783
417.72
409.066
398.044
396.139
396.111
396.265
396.212
395.961
395.393
394.576
393.701
392.947
392.533
392.663
393.253
393.481
393.673
394.196
395.373
397.378
400.365
405.201
415.198
424.218
426.195
426.404
425.985
424.665
422.132
415.293
398.616
391.851
391.01
391.071
391.62
393.2
396.766
404.728
416.053
420.193
421.165
421.294
421.174
420.661
419.644
418.355
417.055
416.077
415.069
413.006
404.759
396.248
395.097
395.455
396.625
397.723
398.882
400.668
405.388
413.384
415.73
416.015
415.685
414.534
413.322
412.108
409.879
404.34
401.892
401.77
402.317
403.414
404.428
405.093
405.206
403.875
402.173
401.781
401.453
401.099
401.183
402.775
403.848
403.575
402.895
402.235
401.108
398.599
397.768
398.022
398.959
400.118
401.524
402.255
402.437
402.285
400.754
396.04
393.276
392.313
391.557
390.863
390.47
390.385
390.447
390.688
391.247
392.221
393.682
395.906
399.966
407.876
412.679
413.728
413.862
413.754
413.334
412.387
411.221
409.708
406.401
400.416
398.734
398.649
399.068
399.951
401.097
402.082
402.732
403.066
403.099
402.619
400.688
395.582
391.672
390.433
389.734
389.183
388.827
388.739
389.054
390.608
394.777
397.741
398.745
399.43
400.098
400.562
400.769
400.721
399.967
398.475
397.903
397.582
397.162
396.707
396.343
396.086
395.945
395.946
396.26
397.484
401.104
408.203
411.275
412.219
412.694
412.97
412.829
410.765
402.405
396.423
395.183
394.662
394.242
394.07
394.385
396.219
402.011
407.679
409.185
409.811
410.354
410.816
411
411.017
410.951
410.687
410.079
408.889
406.112
400.893
399.073
398.838
398.923
399.306
400.289
402.396
404.203
404.736
404.856
404.83
404.514
403.253
399.106
392.418
390.331
389.798
389.656
389.654
389.764
390.165
390.857
391.467
392.036
392.427
392.657
392.813
392.922
393.153
393.959
396.524
402.921
406.99
407.873
408.043
408.099
408.217
408.507
408.99
409.528
409.974
410.268
410.377
410.341
409.935
408.338
403.336
398.673
397.478
397.033
396.817
396.801
397.312
399.56
403.444
404.923
405.544
405.957
406.2
406.23
405.802
403.625
398.276
395.79
395.071
394.667
394.362
394.218
394.279
394.867
396.81
401.304
404.053
404.898
405.268
405.421
405.449
405.253
404.184
401.181
399.357
398.756
398.373
398.126
397.954
397.839
397.683
396.971
395.192
394.552
394.591
394.953
395.187
395.216
395.143
394.955
394.502
393.565
392.883
392.591
392.428
392.285
392.146
392.099
392.172
392.418
392.772
393.192
393.751
394.453
395.281
396.584
399.702
406.901
410.524
411.135
411.224
411.078
410.733
410.455
410.094
409.205
405.361
396.738
394.033
393.644
393.669
393.851
393.946
394.017
394.11
394.297
394.452
394.435
394.237
394.186
394.428
394.543
394.222
394.112
)
;

boundaryField
{
    sides
    {
        type            zeroGradient;
    }
    empty
    {
        type            empty;
    }
}


// ************************************************************************* //
