/*--------------------------------*- C++ -*----------------------------------*\
  =========                 |
  \\      /  F ield         | OpenFOAM: The Open Source CFD Toolbox
   \\    /   O peration     | Website:  https://openfoam.org
    \\  /    A nd           | Version:  9
     \\/     M anipulation  |
\*---------------------------------------------------------------------------*/
FoamFile
{
    format      ascii;
    class       volScalarField;
    location    "0.018";
    object      rho;
}
// * * * * * * * * * * * * * * * * * * * * * * * * * * * * * * * * * * * * * //

dimensions      [1 -3 0 0 0 0 0];

internalField   nonuniform List<scalar> 
10000
(
0.622566
0.62255
0.622523
0.622497
0.622478
0.622467
0.62246
0.622456
0.622453
0.622451
0.622448
0.622447
0.622445
0.622442
0.62244
0.622438
0.622436
0.622434
0.622432
0.62243
0.622428
0.622426
0.622424
0.622422
0.62242
0.622417
0.622415
0.622413
0.622411
0.622409
0.622407
0.622405
0.622402
0.6224
0.622398
0.622396
0.622394
0.622392
0.622389
0.622387
0.622385
0.622383
0.622381
0.622378
0.622376
0.622374
0.622372
0.622369
0.622367
0.622365
0.622363
0.62236
0.622358
0.622356
0.622354
0.622351
0.622349
0.622347
0.622345
0.622342
0.62234
0.622338
0.622335
0.622333
0.622331
0.622328
0.622326
0.622324
0.622321
0.622319
0.622317
0.622314
0.622312
0.622309
0.622307
0.622305
0.622302
0.6223
0.622297
0.622295
0.622293
0.62229
0.622288
0.622285
0.622283
0.622281
0.622278
0.622276
0.622273
0.622271
0.622268
0.622266
0.622263
0.622261
0.622258
0.622256
0.622253
0.622251
0.622248
0.622246
0.622243
0.622241
0.622238
0.622236
0.622233
0.622231
0.622228
0.622225
0.622223
0.62222
0.622218
0.622215
0.622213
0.62221
0.622207
0.622205
0.622202
0.6222
0.622197
0.622194
0.622192
0.622189
0.622186
0.622184
0.622181
0.622179
0.622176
0.622173
0.622171
0.622168
0.622165
0.622162
0.62216
0.622157
0.622154
0.622152
0.622149
0.622146
0.622144
0.622141
0.622138
0.622135
0.622133
0.62213
0.622127
0.622124
0.622122
0.622119
0.622116
0.622113
0.62211
0.622108
0.622105
0.622102
0.622099
0.622096
0.622094
0.622091
0.622088
0.622085
0.622082
0.622079
0.622076
0.622074
0.622071
0.622068
0.622065
0.622062
0.622059
0.622056
0.622053
0.622051
0.622048
0.622045
0.622042
0.622039
0.622036
0.622033
0.62203
0.622027
0.622024
0.622021
0.622018
0.622015
0.622012
0.622009
0.622006
0.622003
0.622
0.621997
0.621994
0.621991
0.621988
0.621985
0.621982
0.621979
0.621976
0.621973
0.62197
0.621967
0.621964
0.621961
0.621958
0.621955
0.621952
0.621949
0.621946
0.621942
0.621939
0.621936
0.621933
0.62193
0.621927
0.621924
0.621921
0.621917
0.621914
0.621911
0.621908
0.621905
0.621902
0.621898
0.621895
0.621892
0.621889
0.621886
0.621883
0.621879
0.621876
0.621873
0.62187
0.621866
0.621863
0.62186
0.621857
0.621853
0.62185
0.621847
0.621844
0.62184
0.621837
0.621834
0.621831
0.621827
0.621824
0.621821
0.621817
0.621814
0.621811
0.621807
0.621804
0.621801
0.621797
0.621794
0.621791
0.621787
0.621784
0.621781
0.621777
0.621774
0.62177
0.621767
0.621764
0.62176
0.621757
0.621753
0.62175
0.621747
0.621743
0.62174
0.621736
0.621733
0.621729
0.621726
0.621722
0.621719
0.621715
0.621712
0.621709
0.621705
0.621702
0.621698
0.621695
0.621691
0.621688
0.621684
0.62168
0.621677
0.621673
0.62167
0.621666
0.621663
0.621659
0.621656
0.621652
0.621648
0.621645
0.621641
0.621638
0.621634
0.62163
0.621627
0.621623
0.62162
0.621616
0.621612
0.621609
0.621605
0.621601
0.621598
0.621594
0.62159
0.621587
0.621583
0.621579
0.621576
0.621572
0.621568
0.621565
0.621561
0.621557
0.621553
0.62155
0.621546
0.621542
0.621539
0.621535
0.621531
0.621527
0.621524
0.62152
0.621516
0.621512
0.621508
0.621505
0.621501
0.621497
0.621493
0.621489
0.621486
0.621482
0.621478
0.621474
0.62147
0.621466
0.621463
0.621459
0.621455
0.621451
0.621447
0.621443
0.621439
0.621435
0.621432
0.621428
0.621424
0.62142
0.621416
0.621412
0.621408
0.621404
0.6214
0.621396
0.621392
0.621388
0.621384
0.62138
0.621376
0.621372
0.621368
0.621364
0.62136
0.621356
0.621352
0.621348
0.621344
0.62134
0.621336
0.621332
0.621328
0.621324
0.62132
0.621316
0.621312
0.621308
0.621304
0.6213
0.621296
0.621292
0.621288
0.621283
0.621279
0.621275
0.621271
0.621267
0.621263
0.621259
0.621255
0.62125
0.621246
0.621242
0.621238
0.621234
0.62123
0.621225
0.621221
0.621217
0.621213
0.621209
0.621205
0.6212
0.621196
0.621192
0.621188
0.621183
0.621179
0.621175
0.621171
0.621166
0.621162
0.621158
0.621154
0.621149
0.621145
0.621141
0.621136
0.621132
0.621128
0.621124
0.621119
0.621115
0.621111
0.621106
0.621102
0.621098
0.621093
0.621089
0.621085
0.62108
0.621076
0.621071
0.621067
0.621063
0.621058
0.621054
0.621049
0.621045
0.621041
0.621036
0.621032
0.621027
0.621023
0.621018
0.621014
0.62101
0.621005
0.621001
0.620996
0.620992
0.620987
0.620983
0.620978
0.620974
0.620969
0.620965
0.62096
0.620956
0.620951
0.620947
0.620942
0.620937
0.620933
0.620928
0.620924
0.620919
0.620915
0.62091
0.620906
0.620901
0.620896
0.620892
0.620887
0.620883
0.620878
0.620873
0.620869
0.620864
0.620859
0.620855
0.62085
0.620845
0.620841
0.620836
0.620831
0.620827
0.620822
0.620817
0.620813
0.620808
0.620803
0.620799
0.620794
0.620789
0.620784
0.62078
0.620775
0.62077
0.620765
0.620761
0.620756
0.620751
0.620746
0.620742
0.620737
0.620732
0.620727
0.620722
0.620718
0.620713
0.620708
0.620703
0.620698
0.620693
0.620689
0.620684
0.620679
0.620674
0.620669
0.620664
0.620659
0.620655
0.62065
0.620645
0.62064
0.620635
0.62063
0.620625
0.62062
0.620615
0.62061
0.620605
0.620601
0.620596
0.620591
0.620586
0.620581
0.620576
0.620571
0.620566
0.620561
0.620556
0.620551
0.620546
0.620541
0.620536
0.620531
0.620526
0.620521
0.620516
0.620511
0.620506
0.620501
0.620495
0.62049
0.620485
0.62048
0.620475
0.62047
0.620465
0.62046
0.620455
0.62045
0.620445
0.620439
0.620434
0.620429
0.620424
0.620419
0.620414
0.620409
0.620403
0.620398
0.620393
0.620388
0.620383
0.620378
0.620372
0.620367
0.620362
0.620357
0.620352
0.620346
0.620341
0.620336
0.620331
0.620325
0.62032
0.620315
0.62031
0.620304
0.620299
0.620294
0.620288
0.620283
0.620278
0.620273
0.620267
0.620262
0.620257
0.620251
0.620246
0.620241
0.620235
0.62023
0.620225
0.620219
0.620214
0.620209
0.620203
0.620198
0.620192
0.620187
0.620182
0.620176
0.620171
0.620165
0.62016
0.620155
0.620149
0.620144
0.620138
0.620133
0.620127
0.620122
0.620116
0.620111
0.620105
0.6201
0.620094
0.620089
0.620083
0.620078
0.620072
0.620067
0.620061
0.620056
0.62005
0.620045
0.620039
0.620034
0.620028
0.620023
0.620017
0.620011
0.620006
0.62
0.619995
0.619989
0.619983
0.619978
0.619972
0.619967
0.619961
0.619955
0.61995
0.619944
0.619938
0.619933
0.619927
0.619921
0.619916
0.61991
0.619904
0.619899
0.619893
0.619887
0.619882
0.619876
0.61987
0.619865
0.619859
0.619853
0.619847
0.619842
0.619836
0.61983
0.619824
0.619819
0.619813
0.619807
0.619801
0.619795
0.61979
0.619784
0.619778
0.619772
0.619766
0.619761
0.619755
0.619749
0.619743
0.619737
0.619731
0.619725
0.61972
0.619714
0.619708
0.619702
0.619696
0.61969
0.619684
0.619678
0.619672
0.619667
0.619661
0.619655
0.619649
0.619643
0.619637
0.619631
0.619625
0.619619
0.619613
0.619607
0.619601
0.619595
0.619589
0.619583
0.619577
0.619571
0.619565
0.619559
0.619553
0.619547
0.619541
0.619535
0.619529
0.619523
0.619517
0.619511
0.619505
0.619499
0.619492
0.619486
0.61948
0.619474
0.619468
0.619462
0.619456
0.61945
0.619444
0.619437
0.619431
0.619425
0.619419
0.619413
0.619407
0.619401
0.619394
0.619388
0.619382
0.619376
0.61937
0.619363
0.619357
0.619351
0.619345
0.619339
0.619332
0.619326
0.61932
0.619314
0.619307
0.619301
0.619295
0.619289
0.619282
0.619276
0.61927
0.619263
0.619257
0.619251
0.619244
0.619238
0.619232
0.619225
0.619219
0.619213
0.619206
0.6192
0.619194
0.619187
0.619181
0.619175
0.619168
0.619162
0.619155
0.619149
0.619143
0.619136
0.61913
0.619123
0.619117
0.619111
0.619104
0.619098
0.619091
0.619085
0.619078
0.619072
0.619065
0.619059
0.619052
0.619046
0.619039
0.619033
0.619026
0.61902
0.619013
0.619007
0.619
0.618994
0.618987
0.618981
0.618974
0.618967
0.618961
0.618954
0.618948
0.618941
0.618935
0.618928
0.618921
0.618915
0.618908
0.618901
0.618895
0.618888
0.618882
0.618875
0.618868
0.618862
0.618855
0.618848
0.618842
0.618835
0.618828
0.618822
0.618815
0.618808
0.618801
0.618795
0.618788
0.618781
0.618775
0.618768
0.618761
0.618754
0.618748
0.618741
0.618734
0.618727
0.61872
0.618714
0.618707
0.6187
0.618693
0.618686
0.61868
0.618673
0.618666
0.618659
0.618652
0.618645
0.618639
0.618632
0.618625
0.618618
0.618611
0.618604
0.618597
0.618591
0.618584
0.618577
0.61857
0.618563
0.618556
0.618549
0.618542
0.618535
0.618528
0.618521
0.618514
0.618507
0.6185
0.618493
0.618486
0.618479
0.618472
0.618465
0.618458
0.618451
0.618444
0.618437
0.61843
0.618423
0.618416
0.618409
0.618402
0.618395
0.618388
0.618381
0.618374
0.618367
0.61836
0.618353
0.618346
0.618338
0.618331
0.618324
0.618317
0.61831
0.618303
0.618296
0.618289
0.618281
0.618274
0.618267
0.61826
0.618253
0.618246
0.618238
0.618231
0.618224
0.618217
0.61821
0.618202
0.618195
0.618188
0.618181
0.618173
0.618166
0.618159
0.618152
0.618144
0.618137
0.61813
0.618123
0.618115
0.618108
0.618101
0.618093
0.618086
0.618079
0.618071
0.618064
0.618057
0.618049
0.618042
0.618035
0.618027
0.61802
0.618013
0.618005
0.617998
0.61799
0.617983
0.617976
0.617968
0.617961
0.617953
0.617946
0.617939
0.617931
0.617924
0.617916
0.617909
0.617901
0.617894
0.617886
0.617879
0.617871
0.617864
0.617856
0.617849
0.617841
0.617834
0.617826
0.617819
0.617811
0.617804
0.617796
0.617789
0.617781
0.617774
0.617766
0.617758
0.617751
0.617743
0.617736
0.617728
0.61772
0.617713
0.617705
0.617698
0.61769
0.617682
0.617675
0.617667
0.617659
0.617652
0.617644
0.617636
0.617629
0.617621
0.617613
0.617606
0.617598
0.61759
0.617582
0.617575
0.617567
0.617559
0.617552
0.617544
0.617536
0.617528
0.617521
0.617513
0.617505
0.617497
0.617489
0.617482
0.617474
0.617466
0.617458
0.61745
0.617443
0.617435
0.617427
0.617419
0.617411
0.617403
0.617395
0.617388
0.61738
0.617372
0.617364
0.617356
0.617348
0.61734
0.617332
0.617324
0.617317
0.617309
0.617301
0.617293
0.617285
0.617277
0.617269
0.617261
0.617253
0.617245
0.617237
0.617229
0.617221
0.617213
0.617205
0.617197
0.617189
0.617181
0.617173
0.617165
0.617157
0.617149
0.617141
0.617133
0.617125
0.617116
0.617108
0.6171
0.617092
0.617084
0.617076
0.617068
0.61706
0.617052
0.617043
0.617035
0.617027
0.617019
0.617011
0.617003
0.616995
0.616986
0.616978
0.61697
0.616962
0.616954
0.616945
0.616937
0.616929
0.616921
0.616913
0.616904
0.616896
0.616888
0.61688
0.616871
0.616863
0.616855
0.616846
0.616838
0.61683
0.616822
0.616813
0.616805
0.616797
0.616788
0.61678
0.616772
0.616763
0.616755
0.616747
0.616738
0.61673
0.616721
0.616713
0.616705
0.616696
0.616688
0.61668
0.616671
0.616663
0.616654
0.616646
0.616637
0.616629
0.616621
0.616612
0.616604
0.616595
0.616587
0.616578
0.61657
0.616561
0.616553
0.616544
0.616536
0.616527
0.616519
0.61651
0.616502
0.616493
0.616484
0.616476
0.616467
0.616459
0.61645
0.616442
0.616433
0.616424
0.616416
0.616407
0.616399
0.61639
0.616381
0.616373
0.616364
0.616355
0.616347
0.616338
0.616329
0.616321
0.616312
0.616303
0.616295
0.616286
0.616277
0.616269
0.61626
0.616251
0.616242
0.616234
0.616225
0.616216
0.616207
0.616199
0.61619
0.616181
0.616172
0.616164
0.616155
0.616146
0.616137
0.616128
0.61612
0.616111
0.616102
0.616093
0.616084
0.616075
0.616067
0.616058
0.616049
0.61604
0.616031
0.616022
0.616013
0.616004
0.615995
0.615987
0.615978
0.615969
0.61596
0.615951
0.615942
0.615933
0.615924
0.615915
0.615906
0.615897
0.615888
0.615879
0.61587
0.615861
0.615852
0.615843
0.615834
0.615825
0.615816
0.615807
0.615798
0.615789
0.61578
0.615771
0.615762
0.615752
0.615743
0.615734
0.615725
0.615716
0.615707
0.615698
0.615689
0.61568
0.61567
0.615661
0.615652
0.615643
0.615634
0.615625
0.615615
0.615606
0.615597
0.615588
0.615579
0.615569
0.61556
0.615551
0.615542
0.615533
0.615523
0.615514
0.615505
0.615495
0.615486
0.615477
0.615468
0.615458
0.615449
0.61544
0.61543
0.615421
0.615412
0.615402
0.615393
0.615384
0.615374
0.615365
0.615356
0.615346
0.615337
0.615327
0.615318
0.615309
0.615299
0.61529
0.61528
0.615271
0.615262
0.615252
0.615243
0.615233
0.615224
0.615214
0.615205
0.615195
0.615186
0.615176
0.615167
0.615157
0.615148
0.615138
0.615129
0.615119
0.61511
0.6151
0.615091
0.615081
0.615071
0.615062
0.615052
0.615043
0.615033
0.615023
0.615014
0.615004
0.614995
0.614985
0.614975
0.614966
0.614956
0.614946
0.614937
0.614927
0.614917
0.614908
0.614898
0.614888
0.614879
0.614869
0.614859
0.614849
0.61484
0.61483
0.61482
0.61481
0.614801
0.614791
0.614781
0.614771
0.614762
0.614752
0.614742
0.614732
0.614722
0.614712
0.614703
0.614693
0.614683
0.614673
0.614663
0.614653
0.614643
0.614634
0.614624
0.614614
0.614604
0.614594
0.614584
0.614574
0.614564
0.614554
0.614544
0.614534
0.614524
0.614514
0.614504
0.614494
0.614485
0.614475
0.614465
0.614454
0.614444
0.614434
0.614424
0.614414
0.614404
0.614394
0.614384
0.614374
0.614364
0.614354
0.614344
0.614334
0.614324
0.614314
0.614303
0.614293
0.614283
0.614273
0.614263
0.614253
0.614243
0.614232
0.614222
0.614212
0.614202
0.614192
0.614181
0.614171
0.614161
0.614151
0.614141
0.61413
0.61412
0.61411
0.6141
0.614089
0.614079
0.614069
0.614058
0.614048
0.614038
0.614028
0.614017
0.614007
0.613997
0.613986
0.613976
0.613965
0.613955
0.613945
0.613934
0.613924
0.613914
0.613903
0.613893
0.613882
0.613872
0.613861
0.613851
0.613841
0.61383
0.61382
0.613809
0.613799
0.613788
0.613778
0.613767
0.613757
0.613746
0.613736
0.613725
0.613715
0.613704
0.613693
0.613683
0.613672
0.613662
0.613651
0.613641
0.61363
0.613619
0.613609
0.613598
0.613587
0.613577
0.613566
0.613556
0.613545
0.613534
0.613523
0.613513
0.613502
0.613491
0.613481
0.61347
0.613459
0.613448
0.613438
0.613427
0.613416
0.613405
0.613395
0.613384
0.613373
0.613362
0.613352
0.613341
0.61333
0.613319
0.613308
0.613297
0.613287
0.613276
0.613265
0.613254
0.613243
0.613232
0.613221
0.61321
0.613199
0.613188
0.613178
0.613167
0.613156
0.613145
0.613134
0.613123
0.613112
0.613101
0.61309
0.613079
0.613068
0.613057
0.613046
0.613035
0.613024
0.613012
0.613001
0.61299
0.612979
0.612968
0.612957
0.612946
0.612935
0.612924
0.612913
0.612901
0.61289
0.612879
0.612868
0.612857
0.612846
0.612834
0.612823
0.612812
0.612801
0.61279
0.612778
0.612767
0.612756
0.612745
0.612733
0.612722
0.612711
0.612699
0.612688
0.612677
0.612665
0.612654
0.612643
0.612631
0.61262
0.612609
0.612597
0.612586
0.612575
0.612563
0.612552
0.61254
0.612529
0.612517
0.612506
0.612495
0.612483
0.612472
0.61246
0.612449
0.612437
0.612426
0.612414
0.612403
0.612391
0.612379
0.612368
0.612356
0.612345
0.612333
0.612322
0.61231
0.612298
0.612287
0.612275
0.612263
0.612252
0.61224
0.612229
0.612217
0.612205
0.612193
0.612182
0.61217
0.612158
0.612147
0.612135
0.612123
0.612111
0.6121
0.612088
0.612076
0.612064
0.612052
0.612041
0.612029
0.612017
0.612005
0.611993
0.611981
0.611969
0.611958
0.611946
0.611934
0.611922
0.61191
0.611898
0.611886
0.611874
0.611862
0.61185
0.611838
0.611826
0.611814
0.611802
0.61179
0.611778
0.611766
0.611754
0.611742
0.61173
0.611718
0.611706
0.611693
0.611681
0.611669
0.611657
0.611645
0.611633
0.611621
0.611608
0.611596
0.611584
0.611572
0.611559
0.611547
0.611535
0.611523
0.61151
0.611498
0.611486
0.611474
0.611461
0.611449
0.611437
0.611424
0.611412
0.6114
0.611387
0.611375
0.611362
0.61135
0.611338
0.611325
0.611313
0.6113
0.611288
0.611275
0.611263
0.61125
0.611238
0.611225
0.611213
0.6112
0.611188
0.611175
0.611162
0.61115
0.611137
0.611125
0.611112
0.611099
0.611087
0.611074
0.611061
0.611049
0.611036
0.611023
0.61101
0.610998
0.610985
0.610972
0.610959
0.610947
0.610934
0.610921
0.610908
0.610895
0.610882
0.61087
0.610857
0.610844
0.610831
0.610818
0.610805
0.610792
0.610779
0.610766
0.610753
0.61074
0.610727
0.610714
0.610701
0.610688
0.610675
0.610662
0.610649
0.610636
0.610623
0.61061
0.610596
0.610583
0.61057
0.610557
0.610544
0.610531
0.610517
0.610504
0.610491
0.610478
0.610464
0.610451
0.610438
0.610424
0.610411
0.610398
0.610384
0.610371
0.610358
0.610344
0.610331
0.610317
0.610304
0.61029
0.610277
0.610263
0.61025
0.610236
0.610223
0.610209
0.610196
0.610182
0.610168
0.610155
0.610141
0.610128
0.610114
0.6101
0.610087
0.610073
0.610059
0.610045
0.610032
0.610018
0.610004
0.60999
0.609976
0.609963
0.609949
0.609935
0.609921
0.609907
0.609893
0.609879
0.609865
0.609851
0.609837
0.609823
0.609809
0.609795
0.609781
0.609767
0.609753
0.609739
0.609725
0.60971
0.609696
0.609682
0.609668
0.609654
0.609639
0.609625
0.609611
0.609596
0.609582
0.609568
0.609553
0.609539
0.609525
0.60951
0.609496
0.609481
0.609467
0.609452
0.609438
0.609423
0.609409
0.609394
0.60938
0.609365
0.60935
0.609336
0.609321
0.609306
0.609292
0.609277
0.609262
0.609247
0.609233
0.609218
0.609203
0.609188
0.609173
0.609158
0.609143
0.609128
0.609113
0.609098
0.609083
0.609068
0.609053
0.609038
0.609023
0.609008
0.608993
0.608977
0.608962
0.608947
0.608932
0.608916
0.608901
0.608886
0.60887
0.608855
0.60884
0.608824
0.608809
0.608793
0.608778
0.608762
0.608747
0.608731
0.608715
0.6087
0.608684
0.608668
0.608653
0.608637
0.608621
0.608605
0.60859
0.608574
0.608558
0.608542
0.608526
0.60851
0.608494
0.608478
0.608462
0.608446
0.60843
0.608414
0.608397
0.608381
0.608365
0.608349
0.608332
0.608316
0.6083
0.608283
0.608267
0.60825
0.608234
0.608217
0.608201
0.608184
0.608168
0.608151
0.608134
0.608118
0.608101
0.608084
0.608067
0.60805
0.608033
0.608016
0.608
0.607982
0.607965
0.607948
0.607931
0.607914
0.607897
0.60788
0.607863
0.607845
0.607828
0.60781
0.607793
0.607775
0.607758
0.60774
0.607723
0.607705
0.607688
0.607669
0.607653
0.607634
0.607617
0.607598
0.607582
0.607562
0.607546
0.607526
0.60751
0.607489
0.607473
0.607453
0.607437
0.607416
0.6074
0.607379
0.607363
0.607342
0.607326
0.607305
0.607289
0.607268
0.607252
0.60723
0.607214
0.607192
0.607176
0.607154
0.607138
0.607116
0.6071
0.607078
0.607061
0.607039
0.607022
0.607
0.606983
0.606961
0.606944
0.606922
0.606905
0.606882
0.606865
0.606842
0.606825
0.606802
0.606785
0.606762
0.606745
0.606722
0.606704
0.606681
0.606663
0.60664
0.606621
0.606599
0.60658
0.606557
0.606537
0.606516
0.606495
0.606473
0.606453
0.606431
0.60641
0.606388
0.606367
0.606345
0.606324
0.606302
0.60628
0.606258
0.606236
0.606214
0.606192
0.60617
0.606147
0.606125
0.606102
0.60608
0.606057
0.606034
0.606012
0.605989
0.605966
0.605943
0.605919
0.605896
0.605873
0.605849
0.605826
0.605802
0.605778
0.605754
0.60573
0.605706
0.605682
0.605658
0.605633
0.605609
0.605584
0.605559
0.605535
0.60551
0.605485
0.605459
0.605434
0.605409
0.605383
0.605358
0.605332
0.605306
0.60528
0.605254
0.605228
0.605201
0.605175
0.605148
0.605121
0.605095
0.605068
0.60504
0.605013
0.604986
0.604958
0.60493
0.604903
0.604875
0.604847
0.604818
0.60479
0.604761
0.604733
0.604704
0.604675
0.604646
0.604616
0.604587
0.604557
0.604528
0.604498
0.604468
0.604437
0.604407
0.604376
0.604346
0.604315
0.604284
0.604252
0.604221
0.604189
0.604157
0.604125
0.604093
0.604061
0.604028
0.603996
0.603963
0.60393
0.603896
0.603863
0.603829
0.603795
0.603761
0.603727
0.603692
0.603658
0.603623
0.603588
0.603552
0.603517
0.603481
0.603445
0.603409
0.603373
0.603336
0.603299
0.603262
0.603225
0.603187
0.60315
0.603112
0.603073
0.603035
0.602996
0.602957
0.602918
0.602879
0.602839
0.602799
0.602759
0.602719
0.602678
0.602637
0.602596
0.602555
0.602513
0.602471
0.602429
0.602386
0.602344
0.602301
0.602258
0.602214
0.60217
0.602126
0.602082
0.602037
0.601992
0.601947
0.601902
0.601856
0.60181
0.601764
0.601717
0.60167
0.601623
0.601576
0.601528
0.60148
0.601431
0.601383
0.601334
0.601285
0.601235
0.601185
0.601135
0.601085
0.601034
0.600983
0.600932
0.60088
0.600828
0.600776
0.600724
0.600671
0.600618
0.600564
0.600511
0.600457
0.600402
0.600348
0.600293
0.600237
0.600182
0.600126
0.60007
0.600013
0.599957
0.599899
0.599842
0.599784
0.599726
0.599668
0.599609
0.59955
0.599491
0.599432
0.599372
0.599312
0.599251
0.599191
0.59913
0.599068
0.599007
0.598945
0.598883
0.59882
0.598757
0.598694
0.598631
0.598567
0.598503
0.598439
0.598375
0.59831
0.598245
0.59818
0.598114
0.598048
0.597982
0.597916
0.597849
0.597782
0.597715
0.597648
0.59758
0.597512
0.597444
0.597375
0.597307
0.597238
0.597169
0.597099
0.59703
0.59696
0.59689
0.596819
0.596749
0.596678
0.596607
0.596536
0.596464
0.596393
0.596321
0.596249
0.596176
0.596104
0.596031
0.595958
0.595885
0.595812
0.595739
0.595665
0.595591
0.595517
0.595443
0.595369
0.595294
0.59522
0.595145
0.59507
0.594995
0.594919
0.594844
0.594768
0.594693
0.594617
0.594541
0.594465
0.594388
0.594312
0.594235
0.594159
0.594082
0.594005
0.593928
0.593851
0.593774
0.593696
0.593619
0.593541
0.593463
0.593386
0.593308
0.59323
0.593152
0.593074
0.592995
0.592917
0.592839
0.59276
0.592682
0.592603
0.592524
0.592445
0.592367
0.592288
0.592209
0.59213
0.59205
0.591971
0.591892
0.591813
0.591733
0.591654
0.591575
0.591495
0.591416
0.591336
0.591256
0.591177
0.591097
0.591017
0.590937
0.590858
0.590778
0.590698
0.590618
0.590538
0.590458
0.590378
0.590298
0.590218
0.590138
0.590058
0.589977
0.589897
0.589817
0.589737
0.589657
0.589576
0.589496
0.589416
0.589336
0.589255
0.589175
0.589095
0.589014
0.588934
0.588854
0.588773
0.588693
0.588613
0.588532
0.588452
0.588371
0.588291
0.588211
0.58813
0.58805
0.587969
0.587889
0.587808
0.587728
0.587648
0.587567
0.587487
0.587406
0.587326
0.587245
0.587165
0.587084
0.587004
0.586924
0.586843
0.586763
0.586682
0.586602
0.586521
0.586441
0.586361
0.58628
0.5862
0.586119
0.586039
0.585959
0.585878
0.585798
0.585717
0.585637
0.585557
0.585476
0.585396
0.585316
0.585235
0.585155
0.585075
0.584994
0.584914
0.584834
0.584753
0.584673
0.584593
0.584513
0.584432
0.584352
0.584272
0.584191
0.584111
0.584031
0.583951
0.583871
0.58379
0.58371
0.58363
0.58355
0.58347
0.583389
0.583309
0.583229
0.583149
0.583069
0.582989
0.582909
0.582828
0.582748
0.582668
0.582588
0.582508
0.582428
0.582348
0.582268
0.582188
0.582108
0.582028
0.581948
0.581868
0.581788
0.581708
0.581628
0.581548
0.581468
0.581388
0.581308
0.581228
0.581148
0.581068
0.580988
0.580908
0.580828
0.580748
0.580668
0.580589
0.580509
0.580429
0.580349
0.580269
0.580189
0.58011
0.58003
0.57995
0.57987
0.57979
0.579711
0.579631
0.579551
0.579471
0.579392
0.579312
0.579232
0.579152
0.579073
0.578993
0.578913
0.578834
0.578754
0.578674
0.578595
0.578515
0.578435
0.578356
0.578276
0.578196
0.578117
0.578037
0.577958
0.577878
0.577798
0.577719
0.577639
0.57756
0.57748
0.577401
0.577321
0.577242
0.577162
0.577083
0.577003
0.576924
0.576844
0.576765
0.576685
0.576606
0.576527
0.576447
0.576368
0.576288
0.576209
0.57613
0.57605
0.575971
0.575891
0.575812
0.575733
0.575653
0.575574
0.575495
0.575415
0.575336
0.575257
0.575178
0.575098
0.575019
0.57494
0.574861
0.574781
0.574702
0.574623
0.574544
0.574464
0.574385
0.574306
0.574227
0.574148
0.574069
0.573989
0.57391
0.573831
0.573752
0.573673
0.573594
0.573515
0.573436
0.573357
0.573278
0.573198
0.573119
0.57304
0.572961
0.572882
0.572803
0.572724
0.572645
0.572566
0.572487
0.572408
0.572329
0.57225
0.572171
0.572093
0.572014
0.571935
0.571856
0.571777
0.571698
0.571619
0.57154
0.571461
0.571382
0.571304
0.571225
0.571146
0.571067
0.570988
0.57091
0.570831
0.570752
0.570673
0.570594
0.570516
0.570437
0.570358
0.570279
0.570201
0.570122
0.570043
0.569965
0.569886
0.569807
0.569728
0.56965
0.569571
0.569493
0.569414
0.569335
0.569257
0.569178
0.569099
0.569021
0.568942
0.568864
0.568785
0.568707
0.568628
0.568549
0.568471
0.568392
0.568314
0.568235
0.568157
0.568078
0.568
0.567921
0.567843
0.567764
0.567686
0.567608
0.567529
0.567451
0.567372
0.567294
0.567215
0.567137
0.567059
0.56698
0.566902
0.566824
0.566745
0.566667
0.566589
0.56651
0.566432
0.566354
0.566275
0.566197
0.566119
0.566041
0.565962
0.565884
0.565806
0.565728
0.565649
0.565571
0.565493
0.565415
0.565337
0.565258
0.56518
0.565102
0.565024
0.564946
0.564868
0.56479
0.564711
0.564633
0.564555
0.564477
0.564399
0.564321
0.564243
0.564165
0.564087
0.564009
0.563931
0.563853
0.563775
0.563697
0.563619
0.563541
0.563463
0.563385
0.563307
0.563229
0.563151
0.563073
0.562995
0.562917
0.562839
0.562761
0.562683
0.562606
0.562528
0.56245
0.562372
0.562294
0.562216
0.562138
0.562061
0.561983
0.561905
0.561827
0.561749
0.561672
0.561594
0.561516
0.561438
0.561361
0.561283
0.561205
0.561127
0.56105
0.560972
0.560894
0.560817
0.560739
0.560661
0.560584
0.560506
0.560428
0.560351
0.560273
0.560196
0.560118
0.56004
0.559963
0.559885
0.559808
0.55973
0.559652
0.559575
0.559497
0.55942
0.559342
0.559265
0.559187
0.55911
0.559032
0.558955
0.558877
0.5588
0.558723
0.558645
0.558568
0.55849
0.558413
0.558335
0.558258
0.558181
0.558103
0.558026
0.557949
0.557871
0.557794
0.557716
0.557639
0.557562
0.557485
0.557407
0.55733
0.557253
0.557175
0.557098
0.557021
0.556944
0.556866
0.556789
0.556712
0.556635
0.556557
0.55648
0.556403
0.556326
0.556249
0.556172
0.556094
0.556017
0.55594
0.555863
0.555786
0.555709
0.555632
0.555555
0.555477
0.5554
0.555323
0.555246
0.555169
0.555092
0.555015
0.554938
0.554861
0.554784
0.554707
0.55463
0.554553
0.554476
0.554399
0.554322
0.554245
0.554168
0.554091
0.554014
0.553938
0.553861
0.553784
0.553707
0.55363
0.553553
0.553476
0.553399
0.553323
0.553246
0.553169
0.553092
0.553015
0.552938
0.552862
0.552785
0.552708
0.552631
0.552555
0.552478
0.552401
0.552324
0.552248
0.552171
0.552094
0.552018
0.551941
0.551864
0.551787
0.551711
0.551634
0.551558
0.551481
0.551404
0.551328
0.551251
0.551174
0.551098
0.551021
0.550945
0.550868
0.550792
0.550715
0.550638
0.550562
0.550485
0.550409
0.550332
0.550256
0.550179
0.550103
0.550026
0.54995
0.549873
0.549797
0.549721
0.549644
0.549568
0.549491
0.549415
0.549338
0.549262
0.549186
0.549109
0.549033
0.548957
0.54888
0.548804
0.548728
0.548651
0.548575
0.548499
0.548422
0.548346
0.54827
0.548194
0.548117
0.548041
0.547965
0.547889
0.547812
0.547736
0.54766
0.547584
0.547507
0.547431
0.547355
0.547279
0.547203
0.547127
0.547051
0.546974
0.546898
0.546822
0.546746
0.54667
0.546594
0.546518
0.546442
0.546366
0.54629
0.546214
0.546137
0.546061
0.545985
0.545909
0.545833
0.545757
0.545681
0.545605
0.545529
0.545454
0.545378
0.545302
0.545226
0.54515
0.545074
0.544998
0.544922
0.544846
0.54477
0.544694
0.544619
0.544543
0.544467
0.544391
0.544315
0.544239
0.544163
0.544088
0.544012
0.543936
0.54386
0.543785
0.543709
0.543633
0.543557
0.543482
0.543406
0.54333
0.543254
0.543179
0.543103
0.543027
0.542952
0.542876
0.5428
0.542725
0.542649
0.542573
0.542498
0.542422
0.542346
0.542271
0.542195
0.54212
0.542044
0.541969
0.541893
0.541817
0.541742
0.541666
0.541591
0.541515
0.54144
0.541364
0.541289
0.541213
0.541138
0.541062
0.540987
0.540911
0.540836
0.540761
0.540685
0.54061
0.540534
0.540459
0.540384
0.540308
0.540233
0.540157
0.540082
0.540007
0.539931
0.539856
0.539781
0.539705
0.53963
0.539555
0.53948
0.539404
0.539329
0.539254
0.539178
0.539103
0.539028
0.538953
0.538878
0.538802
0.538727
0.538652
0.538577
0.538502
0.538426
0.538351
0.538276
0.538201
0.538126
0.538051
0.537976
0.5379
0.537825
0.53775
0.537675
0.5376
0.537525
0.53745
0.537375
0.5373
0.537225
0.53715
0.537075
0.537
0.536925
0.53685
0.536775
0.5367
0.536625
0.53655
0.536475
0.5364
0.536325
0.53625
0.536175
0.5361
0.536025
0.535951
0.535876
0.535801
0.535726
0.535651
0.535576
0.535501
0.535427
0.535352
0.535277
0.535202
0.535127
0.535053
0.534978
0.534903
0.534828
0.534754
0.534679
0.534604
0.534529
0.534455
0.53438
0.534305
0.53423
0.534156
0.534081
0.534006
0.533932
0.533857
0.533782
0.533708
0.533633
0.533559
0.533484
0.533409
0.533335
0.53326
0.533186
0.533111
0.533037
0.532962
0.532887
0.532813
0.532738
0.532664
0.532589
0.532515
0.53244
0.532366
0.532291
0.532217
0.532142
0.532068
0.531994
0.531919
0.531845
0.53177
0.531696
0.531621
0.531547
0.531473
0.531398
0.531324
0.53125
0.531175
0.531101
0.531027
0.530952
0.530878
0.530804
0.530729
0.530655
0.530581
0.530507
0.530432
0.530358
0.530284
0.53021
0.530135
0.530061
0.529987
0.529913
0.529838
0.529764
0.52969
0.529616
0.529542
0.529468
0.529393
0.529319
0.529245
0.529171
0.529097
0.529023
0.528949
0.528875
0.528801
0.528727
0.528652
0.528578
0.528504
0.52843
0.528356
0.528282
0.528208
0.528134
0.52806
0.527986
0.527912
0.527838
0.527764
0.52769
0.527617
0.527543
0.527469
0.527395
0.527321
0.527247
0.527173
0.527099
0.527025
0.526951
0.526878
0.526804
0.52673
0.526656
0.526582
0.526508
0.526435
0.526361
0.526287
0.526213
0.526139
0.526066
0.525992
0.525918
0.525844
0.525771
0.525697
0.525623
0.52555
0.525476
0.525402
0.525328
0.525255
0.525181
0.525107
0.525034
0.52496
0.524887
0.524813
0.524739
0.524666
0.524592
0.524519
0.524445
0.524371
0.524298
0.524224
0.524151
0.524077
0.524004
0.52393
0.523857
0.523783
0.52371
0.523636
0.523563
0.523489
0.523416
0.523342
0.523269
0.523195
0.523122
0.523048
0.522975
0.522902
0.522828
0.522755
0.522682
0.522608
0.522535
0.522461
0.522388
0.522315
0.522241
0.522168
0.522095
0.522021
0.521948
0.521875
0.521802
0.521728
0.521655
0.521582
0.521509
0.521435
0.521362
0.521289
0.521216
0.521142
0.521069
0.520996
0.520923
0.52085
0.520777
0.520703
0.52063
0.520557
0.520484
0.520411
0.520338
0.520265
0.520192
0.520119
0.520045
0.519972
0.519899
0.519826
0.519753
0.51968
0.519607
0.519534
0.519461
0.519388
0.519315
0.519242
0.519169
0.519096
0.519023
0.51895
0.518877
0.518804
0.518731
0.518659
0.518586
0.518513
0.51844
0.518367
0.518294
0.518221
0.518148
0.518076
0.518003
0.51793
0.517857
0.517784
0.517711
0.517639
0.517566
0.517493
0.51742
0.517347
0.517275
0.517202
0.517129
0.517056
0.516984
0.516911
0.516838
0.516766
0.516693
0.51662
0.516548
0.516475
0.516402
0.51633
0.516257
0.516184
0.516112
0.516039
0.515966
0.515894
0.515821
0.515749
0.515676
0.515604
0.515531
0.515458
0.515386
0.515313
0.515241
0.515168
0.515096
0.515023
0.514951
0.514878
0.514806
0.514733
0.514661
0.514588
0.514516
0.514444
0.514371
0.514299
0.514226
0.514154
0.514082
0.514009
0.513937
0.513864
0.513792
0.51372
0.513647
0.513575
0.513503
0.51343
0.513358
0.513286
0.513214
0.513141
0.513069
0.512997
0.512924
0.512852
0.51278
0.512708
0.512635
0.512563
0.512491
0.512419
0.512347
0.512274
0.512202
0.51213
0.512058
0.511986
0.511914
0.511842
0.511769
0.511697
0.511625
0.511553
0.511481
0.511409
0.511337
0.511265
0.511193
0.511121
0.511049
0.510977
0.510905
0.510833
0.510761
0.510689
0.510617
0.510545
0.510473
0.510401
0.510329
0.510257
0.510185
0.510113
0.510041
0.509969
0.509897
0.509825
0.509753
0.509681
0.50961
0.509538
0.509466
0.509394
0.509322
0.50925
0.509179
0.509107
0.509035
0.508963
0.508891
0.50882
0.508748
0.508676
0.508604
0.508532
0.508461
0.508389
0.508317
0.508246
0.508174
0.508102
0.50803
0.507959
0.507887
0.507815
0.507744
0.507672
0.5076
0.507529
0.507457
0.507386
0.507314
0.507242
0.507171
0.507099
0.507028
0.506956
0.506885
0.506813
0.506741
0.50667
0.506598
0.506527
0.506455
0.506384
0.506312
0.506241
0.506169
0.506098
0.506026
0.505955
0.505884
0.505812
0.505741
0.505669
0.505598
0.505527
0.505455
0.505384
0.505312
0.505241
0.50517
0.505098
0.505027
0.504956
0.504884
0.504813
0.504742
0.50467
0.504599
0.504528
0.504457
0.504385
0.504314
0.504243
0.504172
0.5041
0.504029
0.503958
0.503887
0.503815
0.503744
0.503673
0.503602
0.503531
0.50346
0.503388
0.503317
0.503246
0.503175
0.503104
0.503033
0.502962
0.502891
0.50282
0.502748
0.502677
0.502606
0.502535
0.502464
0.502393
0.502322
0.502251
0.50218
0.502109
0.502038
0.501967
0.501896
0.501825
0.501754
0.501683
0.501612
0.501541
0.501471
0.5014
0.501329
0.501258
0.501187
0.501116
0.501045
0.500974
0.500903
0.500833
0.500762
0.500691
0.50062
0.500549
0.500478
0.500408
0.500337
0.500266
0.500195
0.500125
0.500054
0.499983
0.499912
0.499842
0.499771
0.4997
0.499629
0.499559
0.499488
0.499417
0.499347
0.499276
0.499205
0.499135
0.499064
0.498993
0.498923
0.498852
0.498782
0.498711
0.49864
0.49857
0.498499
0.498429
0.498358
0.498288
0.498217
0.498146
0.498076
0.498005
0.497935
0.497864
0.497794
0.497723
0.497653
0.497583
0.497512
0.497442
0.497371
0.497301
0.49723
0.49716
0.497089
0.497019
0.496949
0.496878
0.496808
0.496738
0.496667
0.496597
0.496527
0.496456
0.496386
0.496316
0.496245
0.496175
0.496105
0.496034
0.495964
0.495894
0.495824
0.495753
0.495683
0.495613
0.495543
0.495472
0.495402
0.495332
0.495262
0.495192
0.495121
0.495051
0.494981
0.494911
0.494841
0.494771
0.494701
0.49463
0.49456
0.49449
0.49442
0.49435
0.49428
0.49421
0.49414
0.49407
0.494
0.49393
0.49386
0.49379
0.49372
0.49365
0.49358
0.49351
0.49344
0.49337
0.4933
0.49323
0.49316
0.49309
0.49302
0.49295
0.49288
0.49281
0.49274
0.492671
0.492601
0.492531
0.492461
0.492391
0.492321
0.492251
0.492182
0.492112
0.492042
0.491972
0.491902
0.491833
0.491763
0.491693
0.491623
0.491554
0.491484
0.491414
0.491344
0.491275
0.491205
0.491135
0.491066
0.490996
0.490926
0.490857
0.490787
0.490717
0.490648
0.490578
0.490508
0.490439
0.490369
0.4903
0.49023
0.49016
0.490091
0.490021
0.489952
0.489882
0.489813
0.489743
0.489674
0.489604
0.489535
0.489465
0.489396
0.489326
0.489257
0.489187
0.489118
0.489048
0.488979
0.488909
0.48884
0.488771
0.488701
0.488632
0.488562
0.488493
0.488424
0.488354
0.488285
0.488216
0.488146
0.488077
0.488008
0.487938
0.487869
0.4878
0.48773
0.487661
0.487592
0.487523
0.487453
0.487384
0.487315
0.487246
0.487176
0.487107
0.487038
0.486969
0.4869
0.48683
0.486761
0.486692
0.486623
0.486554
0.486485
0.486416
0.486346
0.486277
0.486208
0.486139
0.48607
0.486001
0.485932
0.485863
0.485794
0.485725
0.485656
0.485587
0.485518
0.485449
0.48538
0.485311
0.485242
0.485173
0.485104
0.485035
0.484966
0.484897
0.484828
0.484759
0.48469
0.484621
0.484552
0.484483
0.484415
0.484346
0.484277
0.484208
0.484139
0.48407
0.484001
0.483933
0.483864
0.483795
0.483726
0.483657
0.483589
0.48352
0.483451
0.483382
0.483314
0.483245
0.483176
0.483107
0.483039
0.48297
0.482901
0.482833
0.482764
0.482695
0.482627
0.482558
0.482489
0.482421
0.482352
0.482283
0.482215
0.482146
0.482078
0.482009
0.48194
0.481872
0.481803
0.481735
0.481666
0.481598
0.481529
0.481461
0.481392
0.481324
0.481255
0.481187
0.481118
0.48105
0.480981
0.480913
0.480844
0.480776
0.480707
0.480639
0.480571
0.480502
0.480434
0.480365
0.480297
0.480229
0.48016
0.480092
0.480024
0.479955
0.479887
0.479819
0.47975
0.479682
0.479614
0.479546
0.479477
0.479409
0.479341
0.479273
0.479204
0.479136
0.479068
0.479
0.478931
0.478863
0.478795
0.478727
0.478659
0.478591
0.478522
0.478454
0.478386
0.478318
0.47825
0.478182
0.478114
0.478046
0.477978
0.477909
0.477841
0.477773
0.477705
0.477637
0.477569
0.477501
0.477433
0.477365
0.477297
0.477229
0.477161
0.477093
0.477025
0.476957
0.476889
0.476822
0.476754
0.476686
0.476618
0.47655
0.476482
0.476414
0.476346
0.476278
0.476211
0.476143
0.476075
0.476007
0.475939
0.475871
0.475804
0.475736
0.475668
0.4756
0.475532
0.475465
0.475397
0.475329
0.475261
0.475194
0.475126
0.475058
0.474991
0.474923
0.474855
0.474788
0.47472
0.474652
0.474585
0.474517
0.474449
0.474382
0.474314
0.474247
0.474179
0.474111
0.474044
0.473976
0.473909
0.473841
0.473774
0.473706
0.473638
0.473571
0.473503
0.473436
0.473368
0.473301
0.473234
0.473166
0.473099
0.473031
0.472964
0.472896
0.472829
0.472762
0.472694
0.472627
0.472559
0.472492
0.472425
0.472357
0.47229
0.472223
0.472155
0.472088
0.472021
0.471953
0.471886
0.471819
0.471751
0.471684
0.471617
0.47155
0.471482
0.471415
0.471348
0.471281
0.471214
0.471146
0.471079
0.471012
0.470945
0.470878
0.470811
0.470743
0.470676
0.470609
0.470542
0.470475
0.470408
0.470341
0.470274
0.470207
0.47014
0.470072
0.470005
0.469938
0.469871
0.469804
0.469737
0.46967
0.469603
0.469536
0.469469
0.469402
0.469336
0.469269
0.469202
0.469135
0.469068
0.469001
0.468934
0.468867
0.4688
0.468733
0.468667
0.4686
0.468533
0.468466
0.468399
0.468332
0.468266
0.468199
0.468132
0.468065
0.467998
0.467932
0.467865
0.467798
0.467731
0.467665
0.467598
0.467531
0.467465
0.467398
0.467331
0.467265
0.467198
0.467131
0.467065
0.466998
0.466931
0.466865
0.466798
0.466732
0.466665
0.466598
0.466532
0.466465
0.466399
0.466332
0.466266
0.466199
0.466133
0.466066
0.466
0.465933
0.465867
0.4658
0.465734
0.465667
0.465601
0.465535
0.465468
0.465402
0.465335
0.465269
0.465203
0.465136
0.46507
0.465003
0.464937
0.464871
0.464804
0.464738
0.464672
0.464606
0.464539
0.464473
0.464407
0.46434
0.464274
0.464208
0.464142
0.464076
0.464009
0.463943
0.463877
0.463811
0.463745
0.463678
0.463612
0.463546
0.46348
0.463414
0.463348
0.463282
0.463216
0.46315
0.463084
0.463017
0.462951
0.462885
0.462819
0.462753
0.462687
0.462621
0.462555
0.462489
0.462423
0.462357
0.462291
0.462225
0.46216
0.462094
0.462028
0.461962
0.461896
0.46183
0.461764
0.461698
0.461632
0.461567
0.461501
0.461435
0.461369
0.461303
0.461238
0.461172
0.461106
0.46104
0.460974
0.460909
0.460843
0.460777
0.460712
0.460646
0.46058
0.460515
0.460449
0.460383
0.460318
0.460252
0.460186
0.460121
0.460055
0.459989
0.459924
0.459858
0.459793
0.459727
0.459662
0.459596
0.459531
0.459465
0.459399
0.459334
0.459269
0.459203
0.459138
0.459072
0.459007
0.458941
0.458876
0.45881
0.458745
0.45868
0.458614
0.458549
0.458484
0.458418
0.458353
0.458287
0.458222
0.458157
0.458092
0.458026
0.457961
0.457896
0.45783
0.457765
0.4577
0.457635
0.45757
0.457504
0.457439
0.457374
0.457309
0.457244
0.457179
0.457113
0.457048
0.456983
0.456918
0.456853
0.456788
0.456723
0.456658
0.456593
0.456528
0.456463
0.456398
0.456333
0.456268
0.456203
0.456138
0.456073
0.456008
0.455943
0.455878
0.455813
0.455748
0.455683
0.455618
0.455554
0.455489
0.455424
0.455359
0.455294
0.455229
0.455165
0.4551
0.455035
0.45497
0.454906
0.454841
0.454776
0.454711
0.454647
0.454582
0.454517
0.454453
0.454388
0.454323
0.454259
0.454194
0.45413
0.454065
0.454
0.453936
0.453871
0.453807
0.453742
0.453678
0.453613
0.453549
0.453484
0.45342
0.453355
0.453291
0.453226
0.453162
0.453098
0.453033
0.452969
0.452904
0.45284
0.452776
0.452711
0.452647
0.452583
0.452518
0.452454
0.45239
0.452326
0.452261
0.452197
0.452133
0.452069
0.452004
0.45194
0.451876
0.451812
0.451748
0.451684
0.45162
0.451555
0.451491
0.451427
0.451363
0.451299
0.451235
0.451171
0.451107
0.451043
0.450979
0.450915
0.450851
0.450787
0.450723
0.450659
0.450596
0.450532
0.450468
0.450404
0.45034
0.450276
0.450212
0.450149
0.450085
0.450021
0.449957
0.449894
0.44983
0.449766
0.449702
0.449639
0.449575
0.449511
0.449448
0.449384
0.449321
0.449257
0.449193
0.44913
0.449066
0.449003
0.448939
0.448876
0.448812
0.448749
0.448685
0.448622
0.448558
0.448495
0.448432
0.448368
0.448305
0.448241
0.448178
0.448115
0.448052
0.447988
0.447925
0.447862
0.447798
0.447735
0.447672
0.447609
0.447546
0.447483
0.447419
0.447356
0.447293
0.44723
0.447167
0.447104
0.447041
0.446978
0.446915
0.446852
0.446789
0.446726
0.446663
0.4466
0.446537
0.446474
0.446411
0.446349
0.446286
0.446223
0.44616
0.446097
0.446035
0.445972
0.445909
0.445846
0.445784
0.445721
0.445658
0.445596
0.445533
0.44547
0.445408
0.445345
0.445283
0.44522
0.445158
0.445095
0.445033
0.44497
0.444908
0.444846
0.444783
0.444721
0.444659
0.444596
0.444534
0.444472
0.444409
0.444347
0.444285
0.444223
0.444161
0.444098
0.444036
0.443974
0.443912
0.44385
0.443788
0.443726
0.443664
0.443602
0.44354
0.443478
0.443416
0.443354
0.443292
0.44323
0.443169
0.443107
0.443045
0.442983
0.442922
0.44286
0.442798
0.442737
0.442675
0.442613
0.442552
0.44249
0.442429
0.442367
0.442306
0.442244
0.442183
0.442121
0.44206
0.441999
0.441937
0.441876
0.441815
0.441753
0.441692
0.441631
0.44157
0.441509
0.441447
0.441386
0.441325
0.441264
0.441203
0.441142
0.441081
0.44102
0.44096
0.440899
0.440838
0.440777
0.440716
0.440655
0.440595
0.440534
0.440473
0.440413
0.440352
0.440292
0.440231
0.440171
0.44011
0.44005
0.439989
0.439929
0.439869
0.439808
0.439748
0.439688
0.439628
0.439567
0.439507
0.439447
0.439387
0.439327
0.439267
0.439207
0.439147
0.439087
0.439027
0.438968
0.438908
0.438848
0.438788
0.438729
0.438669
0.438609
0.43855
0.43849
0.438431
0.438371
0.438312
0.438253
0.438193
0.438134
0.438075
0.438016
0.437956
0.437897
0.437838
0.437779
0.43772
0.437661
0.437602
0.437544
0.437485
0.437426
0.437367
0.437309
0.43725
0.437191
0.437133
0.437074
0.437016
0.436958
0.436899
0.436841
0.436783
0.436725
0.436667
0.436608
0.43655
0.436492
0.436435
0.436377
0.436319
0.436261
0.436203
0.436146
0.436088
0.436031
0.435973
0.435916
0.435858
0.435801
0.435744
0.435687
0.435629
0.435572
0.435515
0.435458
0.435402
0.435345
0.435288
0.435231
0.435175
0.435118
0.435062
0.435005
0.434949
0.434893
0.434836
0.43478
0.434724
0.434668
0.434612
0.434556
0.434501
0.434445
0.434389
0.434334
0.434278
0.434223
0.434167
0.434112
0.434057
0.434002
0.433947
0.433892
0.433837
0.433782
0.433728
0.433673
0.433618
0.433564
0.43351
0.433455
0.433401
0.433347
0.433293
0.433239
0.433186
0.433132
0.433078
0.433025
0.432971
0.432918
0.432865
0.432812
0.432759
0.432706
0.432653
0.4326
0.432548
0.432495
0.432443
0.432391
0.432338
0.432286
0.432234
0.432183
0.432131
0.432079
0.432028
0.431976
0.431925
0.431874
0.431823
0.431772
0.431722
0.431671
0.43162
0.43157
0.43152
0.43147
0.43142
0.43137
0.43132
0.431271
0.431221
0.431172
0.431123
0.431074
0.431025
0.430977
0.430928
0.43088
0.430831
0.430783
0.430735
0.430688
0.43064
0.430593
0.430545
0.430498
0.430451
0.430404
0.430358
0.430311
0.430265
0.430219
0.430173
0.430127
0.430082
0.430036
0.429991
0.429946
0.429901
0.429857
0.429812
0.429768
0.429724
0.42968
0.429636
0.429593
0.429549
0.429506
0.429463
0.429421
0.429378
0.429336
0.429294
0.429252
0.429211
0.429169
0.429128
0.429087
0.429046
0.429006
0.428965
0.428925
0.428886
0.428846
0.428807
0.428768
0.428729
0.42869
0.428652
0.428614
0.428576
0.428538
0.428501
0.428463
0.428427
0.42839
0.428354
0.428317
0.428282
0.428246
0.428211
0.428176
0.428141
0.428106
0.428072
0.428038
0.428004
0.427971
0.427938
0.427905
0.427872
0.42784
0.427808
0.427776
0.427745
0.427714
0.427683
0.427652
0.427622
0.427592
0.427562
0.427533
0.427504
0.427475
0.427447
0.427418
0.427391
0.427363
0.427336
0.427309
0.427282
0.427256
0.42723
0.427204
0.427178
0.427153
0.427128
0.427104
0.42708
0.427056
0.427032
0.427009
0.426986
0.426963
0.426941
0.426919
0.426897
0.426876
0.426855
0.426834
0.426813
0.426793
0.426773
0.426753
0.426734
0.426715
0.426696
0.426678
0.42666
0.426642
0.426625
0.426607
0.426591
0.426574
0.426558
0.426542
0.426526
0.42651
0.426495
0.42648
0.426466
0.426451
0.426437
0.426423
0.42641
0.426397
0.426384
0.426371
0.426358
0.426346
0.426334
0.426323
0.426311
0.4263
0.426289
0.426278
0.426268
0.426258
0.426248
0.426238
0.426228
0.426219
0.42621
0.426201
0.426193
0.426184
0.426176
0.426168
0.42616
0.426153
0.426145
0.426138
0.426131
0.426124
0.426118
0.426111
0.426105
0.426099
0.426093
0.426087
0.426082
0.426076
0.426071
0.426066
0.426061
0.426056
0.426051
0.426047
0.426042
0.426038
0.426034
0.42603
0.426026
0.426022
0.426019
0.426015
0.426012
0.426009
0.426005
0.426002
0.426
0.425997
0.425994
0.425991
0.425989
0.425986
0.425984
0.425982
0.425979
0.425977
0.425975
0.425973
0.425971
0.42597
0.425968
0.425966
0.425964
0.425963
0.425961
0.42596
0.425959
0.425957
0.425956
0.425955
0.425954
0.425952
0.425951
0.42595
0.425949
0.425948
0.425947
0.425947
0.425946
0.425945
0.425944
0.425943
0.425943
0.425942
0.425941
0.425941
0.42594
0.42594
0.425939
0.425939
0.425938
0.425938
0.425937
0.425937
0.425936
0.425936
0.425936
0.425935
0.425935
0.425935
0.425934
0.425934
0.425934
0.425934
0.425933
0.425933
0.425933
0.425933
0.425932
0.425932
0.425932
0.425932
0.425932
0.425931
0.425931
0.425931
0.425931
0.425931
0.425931
0.425931
0.425931
0.42593
0.42593
0.42593
0.42593
0.42593
0.42593
0.42593
0.42593
0.42593
0.42593
0.42593
0.42593
0.425929
0.425929
0.425929
0.425929
0.425929
0.425929
0.425929
0.425929
0.425929
0.425929
0.425929
0.425929
0.425929
0.425929
0.425929
0.425929
0.425929
0.425929
0.425929
0.425929
0.425929
0.425929
0.425928
0.425928
0.425928
0.425928
0.425928
0.425928
0.425928
0.425928
0.425928
0.425928
0.425928
0.425928
0.425928
0.425928
0.425928
0.425928
0.425928
0.425928
0.425928
0.425928
0.425928
0.425928
0.425928
0.425928
0.425928
0.425928
0.425928
0.425928
0.425928
0.425928
0.425928
0.425928
0.425928
0.425928
0.425928
0.425928
0.425928
0.425928
0.425928
0.425928
0.425928
0.425928
0.425928
0.425928
0.425928
0.425928
0.425928
0.425928
0.425928
0.425928
0.425928
0.425928
0.425927
0.425927
0.425927
0.425927
0.425927
0.425927
0.425927
0.425927
0.425927
0.425927
0.425927
0.425927
0.425927
0.425927
0.425927
0.425927
0.425927
0.425927
0.425927
0.425927
0.425927
0.425927
0.425927
0.425927
0.425927
0.425927
0.425927
0.425927
0.425927
0.425927
0.425927
0.425927
0.425927
0.425927
0.425927
0.425927
0.425927
0.425927
0.425927
0.425927
0.425927
0.425927
0.425927
0.425927
0.425927
0.425927
0.425927
0.425927
0.425927
0.425927
0.425927
0.425927
0.425927
0.425927
0.425927
0.425927
0.425927
0.425927
0.425927
0.425927
0.425927
0.425927
0.425927
0.425927
0.425927
0.425927
0.425927
0.425927
0.425927
0.425927
0.425927
0.425927
0.425927
0.425927
0.425927
0.425927
0.425927
0.425927
0.425927
0.425927
0.425927
0.425927
0.425927
0.425927
0.425927
0.425927
0.425927
0.425926
0.425926
0.425926
0.425926
0.425926
0.425926
0.425926
0.425926
0.425926
0.425926
0.425926
0.425926
0.425926
0.425926
0.425926
0.425926
0.425926
0.425926
0.425926
0.425926
0.425926
0.425926
0.425926
0.425926
0.425926
0.425926
0.425926
0.425926
0.425926
0.425926
0.425926
0.425926
0.425926
0.425926
0.425926
0.425926
0.425926
0.425926
0.425926
0.425926
0.425926
0.425926
0.425926
0.425926
0.425926
0.425926
0.425926
0.425926
0.425926
0.425926
0.425926
0.425926
0.425926
0.425926
0.425926
0.425926
0.425926
0.425926
0.425926
0.425926
0.425926
0.425926
0.425926
0.425926
0.425926
0.425926
0.425926
0.425926
0.425926
0.425926
0.425926
0.425926
0.425926
0.425926
0.425926
0.425926
0.425926
0.425926
0.425926
0.425926
0.425926
0.425926
0.425926
0.425926
0.425926
0.425926
0.425926
0.425926
0.425926
0.425926
0.425926
0.425926
0.425926
0.425926
0.425926
0.425926
0.425926
0.425926
0.425926
0.425926
0.425926
0.425926
0.425926
0.425926
0.425926
0.425926
0.425926
0.425926
0.425926
0.425926
0.425926
0.425926
0.425926
0.425926
0.425926
0.425926
0.425926
0.425926
0.425926
0.425926
0.425926
0.425926
0.425926
0.425926
0.425926
0.425926
0.425926
0.425926
0.425926
0.425926
0.425926
0.425926
0.425926
0.425926
0.425926
0.425926
0.425926
0.425925
0.425925
0.425925
0.425925
0.425925
0.425925
0.425925
0.425925
0.425925
0.425925
0.425925
0.425925
0.425925
0.425925
0.425925
0.425925
0.425925
0.425925
0.425925
0.425925
0.425925
0.425925
0.425925
0.425925
0.425925
0.425925
0.425925
0.425925
0.425925
0.425925
0.425925
0.425925
0.425925
0.425925
0.425925
0.425925
0.425925
0.425925
0.425925
0.425925
0.425925
0.425925
0.425925
0.425925
0.425925
0.425925
0.425925
0.425925
0.425925
0.425925
0.425925
0.425925
0.425925
0.425925
0.425925
0.425925
0.425925
0.425925
0.425925
0.425925
0.425925
0.425925
0.425925
0.425925
0.425925
0.425925
0.425925
0.425925
0.425925
0.425925
0.425925
0.425925
0.425925
0.425925
0.425925
0.425925
0.425925
0.425925
0.425925
0.425925
0.425925
0.425925
0.425925
0.425925
0.425925
0.425925
0.425925
0.425925
0.425925
0.425925
0.425925
0.425925
0.425925
0.425925
0.425925
0.425925
0.425925
0.425925
0.425925
0.425925
0.425925
0.425925
0.425925
0.425925
0.425925
0.425925
0.425925
0.425925
0.425925
0.425925
0.425925
0.425925
0.425925
0.425925
0.425925
0.425925
0.425925
0.425925
0.425925
0.425925
0.425925
0.425925
0.425925
0.425925
0.425925
0.425925
0.425925
0.425925
0.425925
0.425925
0.425925
0.425925
0.425925
0.425925
0.425925
0.425925
0.425925
0.425925
0.425925
0.425925
0.425925
0.425925
0.425925
0.425925
0.425925
0.425925
0.425925
0.425925
0.425925
0.425925
0.425925
0.425925
0.425925
0.425925
0.425925
0.425925
0.425925
0.425925
0.425925
0.425925
0.425925
0.425925
0.425925
0.425925
0.425925
0.425925
0.425925
0.425925
0.425925
0.425925
0.425925
0.425925
0.425925
0.425925
0.425925
0.425925
0.425925
0.425925
0.425925
0.425925
0.425925
0.425925
0.425925
0.425925
0.425925
0.425925
0.425925
0.425925
0.425925
0.425925
0.425925
0.425925
0.425925
0.425925
0.425925
0.425925
0.425925
0.425925
0.425925
0.425925
0.425925
0.425924
0.425924
0.425924
0.425924
0.425924
0.425924
0.425924
0.425924
0.425924
0.425924
0.425924
0.425924
0.425924
0.425924
0.425924
0.425924
0.425924
0.425924
0.425924
0.425924
0.425924
0.425924
0.425924
0.425924
0.425924
0.425924
0.425924
0.425924
0.425924
0.425924
0.425924
0.425924
0.425924
0.425924
0.425924
0.425924
0.425924
0.425924
0.425924
0.425924
0.425924
0.425924
0.425924
0.425924
0.425924
0.425924
0.425924
0.425924
0.425924
0.425924
0.425924
0.425924
0.425924
0.425924
0.425924
0.425924
0.425924
0.425924
0.425924
0.425924
0.425924
0.425924
0.425924
0.425924
0.425924
0.425924
0.425924
0.425924
0.425924
0.425924
0.425924
0.425924
0.425924
0.425924
0.425924
0.425924
0.425924
0.425924
0.425924
0.425924
0.425924
0.425924
0.425924
0.425924
0.425924
0.425924
0.425924
0.425924
0.425924
0.425924
0.425924
0.425924
0.425924
0.425924
0.425924
0.425924
0.425924
0.425924
0.425924
0.425924
0.425924
0.425924
0.425924
0.425924
0.425924
0.425924
0.425924
0.425924
0.425924
0.425924
0.425924
0.425924
0.425924
0.425924
0.425924
0.425924
0.425924
0.425924
0.425924
0.425924
0.425924
0.425924
0.425924
0.425924
0.425924
0.425924
0.425924
0.425924
0.425924
0.425924
0.425924
0.425924
0.425924
0.425924
0.425924
0.425924
0.425924
0.425924
0.425924
0.425924
0.425924
0.425924
0.425924
0.425924
0.425924
0.425924
0.425924
0.425924
0.425924
0.425924
0.425924
0.425924
0.425924
0.425924
0.425924
0.425924
0.425924
0.425924
0.425924
0.425924
0.425924
0.425924
0.425924
0.425924
0.425924
0.425924
0.425924
0.425924
0.425924
0.425924
0.425924
0.425924
0.425924
0.425924
0.425924
0.425924
0.425924
0.425924
0.425924
0.425924
0.425924
0.425924
0.425924
0.425924
0.425924
0.425924
0.425924
0.425924
0.425924
0.425924
0.425924
0.425924
0.425924
0.425924
0.425924
0.425924
0.425924
0.425924
0.425924
0.425924
0.425924
0.425924
0.425924
0.425924
0.425924
0.425924
0.425924
0.425924
0.425924
0.425924
0.425924
0.425924
0.425924
0.425924
0.425924
0.425924
0.425924
0.425924
0.425924
0.425924
0.425924
0.425924
0.425924
0.425924
0.425924
0.425924
0.425924
0.425924
0.425924
0.425924
0.425924
0.425924
0.425924
0.425924
0.425924
0.425924
0.425924
0.425924
0.425924
0.425924
0.425924
0.425924
0.425924
0.425924
0.425924
0.425923
0.425923
0.425923
0.425923
0.425923
0.425923
0.425923
0.425923
0.425923
0.425923
0.425923
0.425923
0.425923
0.425923
0.425923
0.425923
0.425923
0.425923
0.425923
0.425923
0.425923
0.425923
0.425923
0.425923
0.425923
0.425923
0.425923
0.425923
0.425923
0.425923
0.425923
0.425923
0.425923
0.425923
0.425923
0.425923
0.425923
0.425923
0.425923
0.425923
0.425923
0.425923
0.425923
0.425923
0.425923
0.425923
0.425923
0.425923
0.425923
0.425923
0.425923
0.425923
0.425923
0.425923
0.425923
0.425923
0.425923
0.425923
0.425923
0.425923
0.425923
0.425923
0.425923
0.425923
0.425923
0.425923
0.425923
0.425923
0.425923
0.425923
0.425923
0.425923
0.425923
0.425923
0.425923
0.425923
0.425923
0.425923
0.425923
0.425923
0.425923
0.425923
0.425923
0.425923
0.425923
0.425923
0.425923
0.425923
0.425923
0.425923
0.425923
0.425923
0.425923
0.425923
0.425923
0.425923
0.425923
0.425923
0.425923
0.425923
0.425923
0.425923
0.425923
0.425923
0.425923
0.425923
0.425923
0.425923
0.425923
0.425923
0.425923
0.425923
0.425923
0.425923
0.425923
0.425923
0.425923
0.425923
0.425923
0.425923
0.425923
0.425923
0.425923
0.425923
0.425923
0.425923
0.425923
0.425923
0.425923
0.425923
0.425923
0.425923
0.425923
0.425923
0.425923
0.425923
0.425923
0.425923
0.425923
0.425923
0.425923
0.425923
0.425923
0.425923
0.425923
0.425923
0.425923
0.425923
0.425923
0.425923
0.425923
0.425923
0.425923
0.425923
0.425923
0.425923
0.425923
0.425923
0.425923
0.425923
0.425923
0.425923
0.425923
0.425923
0.425923
0.425923
0.425923
0.425923
0.425923
0.425923
0.425923
0.425923
0.425923
0.425923
0.425923
0.425923
0.425923
0.425923
0.425923
0.425923
0.425923
0.425923
0.425923
0.425923
0.425923
0.425923
0.425923
0.425923
0.425923
0.425923
0.425923
0.425923
0.425923
0.425923
0.425923
0.425923
0.425923
0.425923
0.425923
0.425923
0.425923
0.425923
0.425923
0.425923
0.425923
0.425923
0.425923
0.425923
0.425923
0.425923
0.425923
0.425923
0.425923
0.425923
0.425923
0.425923
0.425923
0.425923
0.425923
0.425923
0.425923
0.425923
0.425923
0.425923
0.425923
0.425923
0.425923
0.425923
0.425923
0.425923
0.425923
0.425923
0.425923
0.425923
0.425923
0.425923
0.425923
0.425923
0.425923
0.425923
0.425923
0.425923
0.425923
0.425923
0.425923
0.425923
0.425923
0.425923
0.425923
0.425923
0.425923
0.425923
0.425922
0.425922
0.425922
0.425922
0.425922
0.425922
0.425922
0.425922
0.425922
0.425922
0.425922
0.425922
0.425922
0.425922
0.425922
0.425922
0.425922
0.425922
0.425922
0.425922
0.425922
0.425922
0.425922
0.425922
0.425922
0.425922
0.425922
0.425922
0.425922
0.425922
0.425922
0.425922
0.425922
0.425922
0.425922
0.425922
0.425922
0.425922
0.425922
0.425922
0.425922
0.425922
0.425922
0.425922
0.425922
0.425922
0.425922
0.425922
0.425922
0.425922
0.425922
0.425922
0.425922
0.425922
0.425922
0.425922
0.425922
0.425922
0.425922
0.425922
0.425922
0.425922
0.425922
0.425922
0.425922
0.425922
0.425922
0.425922
0.425922
0.425922
0.425922
0.425922
0.425922
0.425922
0.425922
0.425922
0.425922
0.425922
0.425922
0.425922
0.425922
0.425922
0.425922
0.425922
0.425922
0.425922
0.425922
0.425922
0.425922
0.425922
0.425922
0.425922
0.425922
0.425922
0.425922
0.425922
0.425922
0.425922
0.425922
0.425922
0.425922
0.425922
0.425922
0.425922
0.425922
0.425922
0.425922
0.425922
0.425922
0.425922
0.425922
0.425922
0.425922
0.425922
0.425922
0.425922
0.425922
0.425922
0.425922
0.425922
0.425922
0.425922
0.425922
0.425922
0.425922
0.425922
0.425922
0.425922
0.425922
0.425922
0.425922
0.425922
0.425922
0.425922
0.425922
0.425922
0.425922
0.425922
0.425922
0.425922
0.425922
0.425922
0.425922
0.425922
0.425922
0.425922
0.425922
0.425922
0.425922
0.425922
0.425922
0.425922
0.425922
0.425922
0.425922
0.425922
0.425922
0.425922
0.425922
0.425922
0.425922
0.425922
0.425922
0.425922
0.425922
0.425922
0.425922
0.425922
0.425922
0.425922
0.425922
0.425922
0.425922
0.425922
0.425922
0.425922
0.425922
0.425922
0.425922
0.425922
0.425922
0.425922
0.425922
0.425922
0.425922
0.425922
0.425922
0.425922
0.425922
0.425922
0.425922
0.425922
0.425922
0.425922
0.425922
0.425922
0.425922
0.425922
0.425922
0.425922
0.425922
0.425922
0.425922
0.425922
0.425922
0.425922
0.425922
0.425922
0.425922
0.425922
0.425922
0.425922
0.425922
0.425922
0.425922
0.425922
0.425922
0.425922
0.425922
0.425922
0.425922
0.425922
0.425922
0.425922
0.425922
0.425922
0.425922
0.425922
0.425922
0.425922
0.425922
0.425922
0.425922
0.425922
0.425922
0.425922
0.425922
0.425922
0.425922
0.425921
0.425921
0.425921
0.425921
0.425921
0.425921
0.425921
0.425921
0.425921
0.425921
0.425921
0.425921
0.425921
0.425921
0.425921
0.425921
0.425921
0.425921
0.425921
0.425921
0.425921
0.425921
0.425921
0.425921
0.425921
0.425921
0.425921
0.425921
0.425921
0.425921
0.425921
0.425921
0.425921
0.425921
0.425921
0.425921
0.425921
0.425921
0.425921
0.425921
0.425921
0.425921
0.425921
0.425921
0.425921
0.425921
0.425921
0.425921
0.425921
0.425921
0.425921
0.425921
0.425921
0.425921
0.425921
0.425921
0.425921
0.425921
0.425921
0.425921
0.425921
0.425921
0.425921
0.425921
0.425921
0.425921
0.425921
0.425921
0.425921
0.425921
0.425921
0.425921
0.425921
0.425921
0.425921
0.425921
0.425921
0.425921
0.425921
0.425921
0.425921
0.425921
0.425921
0.425921
0.425921
0.425921
0.425921
0.425921
0.425921
0.425921
0.425921
0.425921
0.425921
0.425921
0.425921
0.425921
0.425921
0.425921
0.425921
0.425921
0.425921
0.425921
0.425921
0.425921
0.425921
0.425921
0.425921
0.425921
0.425921
0.425921
0.425921
0.425921
0.425921
0.425921
0.425921
0.425921
0.425921
0.425921
0.425921
0.425921
0.425921
0.425921
0.425921
0.425921
0.425921
0.425921
0.425921
0.425921
0.425921
0.425921
0.425921
0.425921
0.425921
0.425921
0.425921
0.425921
0.425921
0.425921
0.425921
0.425921
0.425921
0.425921
0.425921
0.425921
0.425921
0.425921
0.425921
0.425921
0.425921
0.425921
0.425921
0.425921
0.425921
0.425921
0.425921
0.425921
0.425921
0.425921
0.425921
0.425921
0.425921
0.425921
0.425921
0.425921
0.425921
0.425921
0.425921
0.425921
0.425921
0.425921
0.425921
0.425921
0.425921
0.425921
0.425921
0.425921
0.425921
0.425921
0.425921
0.425921
0.425921
0.425921
0.425921
0.425921
0.425921
0.425921
0.425921
0.425921
0.425921
0.425921
0.425921
0.425921
0.425921
0.425921
0.425921
0.425921
0.425921
0.425921
0.425921
0.425921
0.425921
0.425921
0.425921
0.425921
0.425921
0.425921
0.425921
0.425921
0.425921
0.425921
0.425921
0.425921
0.425921
0.425921
0.425921
0.425921
0.425921
0.425921
0.425921
0.425921
0.425921
0.42592
0.42592
0.42592
0.42592
0.42592
0.42592
0.42592
0.42592
0.42592
0.42592
0.42592
0.42592
0.42592
0.42592
0.42592
0.42592
0.42592
0.42592
0.42592
0.42592
0.42592
0.42592
0.42592
0.42592
0.42592
0.42592
0.42592
0.42592
0.42592
0.42592
0.42592
0.42592
0.42592
0.42592
0.42592
0.42592
0.42592
0.42592
0.42592
0.42592
0.42592
0.42592
0.42592
0.42592
0.42592
0.42592
0.42592
0.42592
0.42592
0.42592
0.42592
0.42592
0.42592
0.42592
0.42592
0.42592
0.42592
0.42592
0.42592
0.42592
0.42592
0.42592
0.42592
0.42592
0.42592
0.42592
0.42592
0.42592
0.42592
0.42592
0.42592
0.42592
0.42592
0.42592
0.42592
0.42592
0.42592
0.42592
0.42592
0.42592
0.42592
0.42592
0.42592
0.42592
0.42592
0.42592
0.42592
0.42592
0.42592
0.42592
0.42592
0.42592
0.42592
0.42592
0.42592
0.42592
0.42592
0.42592
0.42592
0.42592
0.42592
0.42592
0.42592
0.42592
0.42592
0.42592
0.42592
0.42592
0.42592
0.42592
0.42592
0.42592
0.42592
0.42592
0.42592
0.42592
0.42592
0.42592
0.42592
0.42592
0.42592
0.42592
0.42592
0.42592
0.42592
0.42592
0.42592
0.42592
0.42592
0.42592
0.42592
0.42592
0.42592
0.42592
0.42592
0.42592
0.42592
0.42592
0.42592
0.42592
0.42592
0.42592
0.42592
0.42592
0.42592
0.42592
0.42592
0.42592
0.42592
0.42592
0.42592
0.42592
0.42592
0.42592
0.42592
0.42592
0.42592
0.42592
0.42592
0.42592
0.42592
0.42592
0.42592
0.42592
0.42592
0.42592
0.42592
0.42592
0.42592
0.42592
0.42592
0.42592
0.42592
0.42592
0.42592
0.42592
0.42592
0.42592
0.42592
0.42592
0.42592
0.42592
0.42592
0.42592
0.42592
0.42592
0.42592
0.42592
0.42592
0.42592
0.42592
0.42592
0.42592
0.42592
0.42592
0.42592
0.42592
0.42592
0.42592
0.42592
0.42592
0.42592
0.425919
0.425919
0.425919
0.425919
0.425919
0.425919
0.425919
0.425919
0.425919
0.425919
0.425919
0.425919
0.425919
0.425919
0.425919
0.425919
0.425919
0.425919
0.425919
0.425919
0.425919
0.425919
0.425919
0.425919
0.425919
0.425919
0.425919
0.425919
0.425919
0.425919
0.425919
0.425919
0.425919
0.425919
0.425919
0.425919
0.425919
0.425919
0.425919
0.425919
0.425919
0.425919
0.425919
0.425919
0.425919
0.425919
0.425919
0.425919
0.425919
0.425919
0.425919
0.425919
0.425919
0.425919
0.425919
0.425919
0.425919
0.425919
0.425919
0.425919
0.425919
0.425919
0.425919
0.425919
0.425919
0.425919
0.425919
0.425919
0.425919
0.425919
0.425919
0.425919
0.425919
0.425919
0.425919
0.425919
0.425919
0.425919
0.425919
0.425919
0.425919
0.425919
0.425919
0.425919
0.425919
0.425919
0.425919
0.425919
0.425919
0.425919
0.425919
0.425919
0.425919
0.425919
0.425919
0.425919
0.425919
0.425919
0.425919
0.425919
0.425919
0.425919
0.425919
0.425919
0.425919
0.425919
0.425919
0.425919
0.425919
0.425919
0.425919
0.425919
0.425919
0.425919
0.425919
0.425919
0.425919
0.425919
0.425919
0.425919
0.425919
0.425919
0.425919
0.425919
0.425919
0.425919
0.425919
0.425919
0.425919
0.425919
0.425919
0.425919
0.425919
0.425919
0.425919
0.425919
0.425919
0.425919
0.425919
0.425919
0.425919
0.425919
0.425919
0.425919
0.425919
0.425919
0.425919
0.425919
0.425919
0.425919
0.425919
0.425919
0.425919
0.425919
0.425919
0.425919
0.425919
0.425919
0.425919
0.425919
0.425919
0.425919
0.425919
0.425919
0.425919
0.425919
0.425919
0.425919
0.425919
0.425919
0.425919
0.425919
0.425919
0.425919
0.425919
0.425919
0.425919
0.425919
0.425919
0.425919
0.425919
0.425919
0.425919
0.425919
0.425919
0.425918
0.425918
0.425918
0.425918
0.425918
0.425918
0.425918
0.425918
0.425918
0.425918
0.425918
0.425918
0.425918
0.425918
0.425918
0.425918
0.425918
0.425918
0.425918
0.425918
0.425918
0.425918
0.425918
0.425918
0.425918
0.425918
0.425918
0.425918
0.425918
0.425918
0.425918
0.425918
0.425918
0.425918
0.425918
0.425918
0.425918
0.425918
0.425918
0.425918
0.425918
0.425918
0.425918
0.425918
0.425918
0.425918
0.425918
0.425918
0.425918
0.425918
0.425918
0.425918
0.425918
0.425918
0.425918
0.425918
0.425918
0.425918
0.425918
0.425918
0.425918
0.425918
0.425918
0.425918
0.425918
0.425918
0.425918
0.425918
0.425918
0.425918
0.425918
0.425918
0.425918
0.425918
0.425918
0.425918
0.425918
0.425918
0.425918
0.425918
0.425918
0.425918
0.425918
0.425918
0.425918
0.425918
0.425918
0.425918
0.425918
0.425918
0.425918
0.425918
0.425918
0.425918
0.425918
0.425918
0.425918
0.425918
0.425918
0.425918
0.425918
0.425918
0.425918
0.425918
0.425918
0.425918
0.425918
0.425918
0.425918
0.425918
0.425918
0.425918
0.425918
0.425918
0.425918
0.425918
0.425918
0.425918
0.425918
0.425918
0.425918
0.425918
0.425918
0.425918
0.425918
0.425918
0.425918
0.425918
0.425918
0.425918
0.425918
0.425918
0.425918
0.425918
0.425918
0.425918
0.425918
0.425918
0.425918
0.425918
0.425918
0.425918
0.425918
0.425918
0.425918
0.425918
0.425918
0.425918
0.425918
0.425918
0.425918
0.425918
0.425918
0.425918
0.425918
0.425918
0.425918
0.425918
0.425918
0.425918
0.425918
0.425918
0.425918
0.425918
0.425918
0.425918
0.425918
0.425918
0.425918
0.425917
0.425917
0.425917
0.425917
0.425917
0.425917
0.425917
0.425917
0.425917
0.425917
0.425917
0.425917
0.425917
0.425917
0.425917
0.425917
0.425917
0.425917
0.425917
0.425917
0.425917
0.425917
0.425917
0.425917
0.425917
0.425917
0.425917
0.425917
0.425917
0.425917
0.425917
0.425917
0.425917
0.425917
0.425917
0.425917
0.425917
0.425917
0.425917
0.425917
0.425917
0.425917
0.425917
0.425917
0.425917
0.425917
0.425917
0.425917
0.425917
0.425917
0.425917
0.425917
0.425917
0.425917
0.425917
0.425917
0.425917
0.425917
0.425917
0.425917
0.425917
0.425917
0.425917
0.425917
0.425917
0.425917
0.425917
0.425917
0.425917
0.425917
0.425917
0.425917
0.425917
0.425917
0.425917
0.425917
0.425917
0.425917
0.425917
0.425917
0.425917
0.425917
0.425917
0.425917
0.425917
0.425917
0.425917
0.425917
0.425917
0.425917
0.425917
0.425917
0.425917
0.425917
0.425917
0.425917
0.425917
0.425917
0.425917
0.425917
0.425917
0.425917
0.425917
0.425917
0.425917
0.425917
0.425917
0.425917
0.425917
0.425917
0.425917
0.425917
0.425917
0.425917
0.425917
0.425917
0.425917
0.425917
0.425917
0.425917
0.425917
0.425917
0.425917
0.425917
0.425917
0.425917
0.425917
0.425917
0.425917
0.425917
0.425917
0.425917
0.425917
0.425917
0.425917
0.425917
0.425917
0.425917
0.425917
0.425917
0.425917
0.425917
0.425917
0.425917
0.425917
0.425917
0.425917
0.425917
0.425917
0.425917
0.425917
0.425917
0.425917
0.425917
0.425916
0.425916
0.425916
0.425916
0.425916
0.425916
0.425916
0.425916
0.425916
0.425916
0.425916
0.425916
0.425916
0.425916
0.425916
0.425916
0.425916
0.425916
0.425916
0.425916
0.425916
0.425916
0.425916
0.425916
0.425916
0.425916
0.425916
0.425916
0.425916
0.425916
0.425916
0.425916
0.425916
0.425916
0.425916
0.425916
0.425916
0.425916
0.425916
0.425916
0.425916
0.425916
0.425916
0.425916
0.425916
0.425916
0.425916
0.425916
0.425916
0.425916
0.425916
0.425916
0.425916
0.425916
0.425916
0.425916
0.425916
0.425916
0.425916
0.425916
0.425916
0.425916
0.425916
0.425916
0.425916
0.425916
0.425916
0.425916
0.425916
0.425916
0.425916
0.425916
0.425916
0.425916
0.425916
0.425916
0.425916
0.425916
0.425916
0.425916
0.425916
0.425916
0.425916
0.425916
0.425916
0.425916
0.425916
0.425916
0.425916
0.425916
0.425916
0.425916
0.425916
0.425916
0.425916
0.425916
0.425916
0.425916
0.425916
0.425916
0.425916
0.425916
0.425916
0.425916
0.425916
0.425916
0.425916
0.425916
0.425916
0.425916
0.425916
0.425916
0.425916
0.425916
0.425916
0.425916
0.425916
0.425916
0.425916
0.425916
0.425916
0.425916
0.425916
0.425916
0.425916
0.425916
0.425916
0.425916
0.425916
0.425916
0.425916
0.425916
0.425916
0.425916
0.425916
0.425916
0.425916
0.425916
0.425916
0.425916
0.425916
0.425916
0.425915
0.425915
0.425915
0.425915
0.425915
0.425915
0.425915
0.425915
0.425915
0.425915
0.425915
0.425915
0.425915
0.425915
0.425915
0.425915
0.425915
0.425915
0.425915
0.425915
0.425915
0.425915
0.425915
0.425915
0.425915
0.425915
0.425915
0.425915
0.425915
0.425915
0.425915
0.425915
0.425915
0.425915
0.425915
0.425915
0.425915
0.425915
0.425915
0.425915
0.425915
0.425915
0.425915
0.425915
0.425915
0.425915
0.425915
0.425915
0.425915
0.425915
0.425915
0.425915
0.425915
0.425915
0.425915
0.425915
0.425915
0.425915
0.425915
0.425915
0.425915
0.425915
0.425915
0.425915
0.425915
0.425915
0.425915
0.425915
0.425915
0.425915
0.425915
0.425915
0.425915
0.425915
0.425915
0.425915
0.425915
0.425915
0.425915
0.425915
0.425915
0.425915
0.425915
0.425915
0.425915
0.425915
0.425915
0.425915
0.425915
0.425915
0.425915
0.425915
0.425915
0.425915
0.425915
0.425915
0.425915
0.425915
0.425915
0.425915
0.425915
0.425915
0.425915
0.425915
0.425915
0.425915
0.425915
0.425915
0.425915
0.425915
0.425915
0.425915
0.425915
0.425915
0.425915
0.425915
0.425915
0.425915
0.425915
0.425915
0.425915
0.425915
0.425915
0.425915
0.425915
0.425915
0.425915
0.425915
0.425915
0.425915
0.425914
0.425914
0.425914
0.425914
0.425914
0.425914
0.425914
0.425914
0.425914
0.425914
0.425914
0.425914
0.425914
0.425914
0.425914
0.425914
0.425914
0.425914
0.425914
0.425914
0.425914
0.425914
0.425914
0.425914
0.425914
0.425914
0.425914
0.425914
0.425914
0.425914
0.425914
0.425914
0.425914
0.425914
0.425914
0.425914
0.425914
0.425914
0.425914
0.425914
0.425914
0.425914
0.425914
0.425914
0.425914
0.425914
0.425914
0.425914
0.425914
0.425914
0.425914
0.425914
0.425914
0.425914
0.425914
0.425914
0.425914
0.425914
0.425914
0.425914
0.425914
0.425914
0.425914
0.425914
0.425914
0.425914
0.425914
0.425914
0.425914
0.425914
0.425914
0.425914
0.425914
0.425914
0.425914
0.425914
0.425914
0.425914
0.425914
0.425914
0.425914
0.425914
0.425914
0.425914
0.425914
0.425914
0.425914
0.425914
0.425914
0.425914
0.425914
0.425914
0.425914
0.425914
0.425914
0.425914
0.425914
0.425914
0.425914
0.425914
0.425914
0.425914
0.425914
0.425914
0.425914
0.425914
0.425914
0.425914
0.425914
0.425914
0.425914
0.425914
0.425914
0.425914
0.425914
0.425914
0.425914
0.425914
0.425914
0.425914
0.425914
0.425913
0.425913
0.425913
0.425913
0.425913
0.425913
0.425913
0.425913
0.425913
0.425913
0.425913
0.425913
0.425913
0.425913
0.425913
0.425913
0.425913
0.425913
0.425913
0.425913
0.425913
0.425913
0.425913
0.425913
0.425913
0.425913
0.425913
0.425913
0.425913
0.425913
0.425913
0.425913
0.425913
0.425913
0.425913
0.425913
0.425913
0.425913
0.425913
0.425913
0.425913
0.425913
0.425913
0.425913
0.425913
0.425913
0.425913
0.425913
0.425913
0.425913
0.425913
0.425913
0.425913
0.425913
0.425913
0.425913
0.425913
0.425913
0.425913
0.425913
0.425913
0.425913
0.425913
0.425913
0.425913
0.425913
0.425913
0.425913
0.425913
0.425913
0.425913
0.425913
0.425913
0.425913
0.425913
0.425913
0.425913
0.425913
0.425913
0.425913
0.425913
0.425913
0.425913
0.425913
0.425913
0.425913
0.425913
0.425913
0.425913
0.425913
0.425913
0.425913
0.425913
0.425913
0.425913
0.425913
0.425913
0.425913
0.425913
0.425913
0.425913
0.425913
0.425913
0.425913
0.425913
0.425913
0.425913
0.425913
0.425913
0.425913
0.425913
0.425912
0.425912
0.425912
0.425912
0.425912
0.425912
0.425912
0.425912
0.425912
0.425912
0.425912
0.425912
0.425912
0.425912
0.425912
0.425912
0.425912
0.425912
0.425912
0.425912
0.425912
0.425912
0.425912
0.425912
0.425912
0.425912
0.425912
0.425912
0.425912
0.425912
0.425912
0.425912
0.425912
0.425912
0.425912
0.425912
0.425912
0.425912
0.425912
0.425912
0.425912
0.425912
0.425912
0.425912
0.425912
0.425912
0.425912
0.425912
0.425912
0.425912
0.425912
0.425912
0.425912
0.425912
0.425912
0.425912
0.425912
0.425912
0.425912
0.425912
0.425912
0.425912
0.425912
0.425912
0.425912
0.425912
0.425912
0.425912
0.425912
0.425912
0.425912
0.425912
0.425912
0.425912
0.425912
0.425912
0.425912
0.425912
0.425912
0.425912
0.425912
0.425912
0.425912
0.425912
0.425912
0.425912
0.425912
0.425912
0.425912
0.425912
0.425912
0.425912
0.425912
0.425912
0.425912
0.425912
0.425912
0.425912
0.425912
0.425912
0.425912
0.425912
0.425912
0.425911
0.425911
0.425911
0.425911
0.425911
0.425911
0.425911
0.425911
0.425911
0.425911
0.425911
0.425911
0.425911
0.425911
0.425911
0.425911
0.425911
0.425911
0.425911
0.425911
0.425911
0.425911
0.425911
0.425911
0.425911
0.425911
0.425911
0.425911
0.425911
0.425911
0.425911
0.425911
0.425911
0.425911
0.425911
0.425911
0.425911
0.425911
0.425911
0.425911
0.425911
0.425911
0.425911
0.425911
0.425911
0.425911
0.425911
0.425911
0.425911
0.425911
0.425911
0.425911
0.425911
0.425911
0.425911
0.425911
0.425911
0.425911
0.425911
0.425911
0.425911
0.425911
0.425911
0.425911
0.425911
0.425911
0.425911
0.425911
0.425911
0.425911
0.425911
0.425911
0.425911
0.425911
0.425911
0.425911
0.425911
0.425911
0.425911
0.425911
0.425911
0.425911
0.425911
0.425911
0.425911
0.425911
0.425911
0.425911
0.425911
0.425911
0.425911
0.425911
0.425911
0.425911
0.425911
0.425911
0.42591
0.42591
0.42591
0.42591
0.42591
0.42591
0.42591
0.42591
0.42591
0.42591
0.42591
0.42591
0.42591
0.42591
0.42591
0.42591
0.42591
0.42591
0.42591
0.42591
0.42591
0.42591
0.42591
0.42591
0.42591
0.42591
0.42591
0.42591
0.42591
0.42591
0.42591
0.42591
0.42591
0.42591
0.42591
0.42591
0.42591
0.42591
0.42591
0.42591
0.42591
0.42591
0.42591
0.42591
0.42591
0.42591
0.42591
0.42591
0.42591
0.42591
0.42591
0.42591
0.42591
0.42591
0.42591
0.42591
0.42591
0.42591
0.42591
0.42591
0.42591
0.42591
0.42591
0.42591
0.42591
0.42591
0.42591
0.42591
0.42591
0.42591
0.42591
0.42591
0.42591
0.42591
0.42591
0.42591
0.42591
0.42591
0.42591
0.42591
0.42591
0.42591
0.42591
0.42591
0.42591
0.42591
0.42591
0.42591
0.42591
0.42591
0.425909
0.425909
0.425909
0.425909
0.425909
0.425909
0.425909
0.425909
0.425909
0.425909
0.425909
0.425909
0.425909
0.425909
0.425909
0.425909
0.425909
0.425909
0.425909
0.425909
0.425909
0.425909
0.425909
0.425909
0.425909
0.425909
0.425909
0.425909
0.425909
0.425909
0.425909
0.425909
0.425909
0.425909
0.425909
0.425909
0.425909
0.425909
0.425909
0.425909
0.425909
0.425909
0.425909
0.425909
0.425909
0.425909
0.425909
0.425909
0.425909
0.425909
0.425909
0.425909
0.425909
0.425909
0.425909
0.425909
0.425909
0.425909
0.425909
0.425909
0.425909
0.425909
0.425909
0.425909
0.425909
0.425909
0.425909
0.425909
0.425909
0.425909
0.425909
0.425909
0.425909
0.425909
0.425909
0.425909
0.425909
0.425909
0.425909
0.425909
0.425909
0.425909
0.425909
0.425908
0.425908
0.425908
0.425908
0.425908
0.425908
0.425908
0.425908
0.425908
0.425908
0.425908
0.425908
0.425908
0.425908
0.425908
0.425908
0.425908
0.425908
0.425908
0.425908
0.425908
0.425908
0.425908
0.425908
0.425908
0.425908
0.425908
0.425908
0.425908
0.425908
0.425908
0.425908
0.425908
0.425908
0.425908
0.425908
0.425908
0.425908
0.425908
0.425908
0.425908
0.425908
0.425908
0.425908
0.425908
0.425908
0.425908
0.425908
0.425908
0.425908
0.425908
0.425908
0.425908
0.425908
0.425908
0.425908
0.425908
0.425908
0.425908
0.425908
0.425908
0.425908
0.425908
0.425908
0.425908
0.425908
0.425908
0.425908
0.425908
0.425908
0.425908
0.425908
0.425908
0.425908
0.425908
0.425908
0.425908
0.425908
0.425907
0.425907
0.425907
0.425907
0.425907
0.425907
0.425907
0.425907
0.425907
0.425907
0.425907
0.425907
0.425907
0.425907
0.425907
0.425907
0.425907
0.425907
0.425907
0.425907
0.425907
0.425907
0.425907
0.425907
0.425907
0.425907
0.425907
0.425907
0.425907
0.425907
0.425907
0.425907
0.425907
0.425907
0.425907
0.425907
0.425907
0.425907
0.425907
0.425907
0.425907
0.425907
0.425907
0.425907
0.425907
0.425907
0.425907
0.425907
0.425907
0.425907
0.425907
0.425907
0.425907
0.425907
0.425907
0.425907
0.425907
0.425907
0.425907
0.425907
0.425907
0.425907
0.425907
0.425907
0.425907
0.425907
0.425907
0.425907
0.425907
0.425907
0.425907
0.425907
0.425907
0.425907
0.425906
0.425906
0.425906
0.425906
0.425906
0.425906
0.425906
0.425906
0.425906
0.425906
0.425906
0.425906
0.425906
0.425906
0.425906
0.425906
0.425906
0.425906
0.425906
0.425906
0.425906
0.425906
0.425906
0.425906
0.425906
0.425906
0.425906
0.425906
0.425906
0.425906
0.425906
0.425906
0.425906
0.425906
0.425906
0.425906
0.425906
0.425906
0.425906
0.425906
0.425906
0.425906
0.425906
0.425906
0.425906
0.425906
0.425906
0.425906
0.425906
0.425906
0.425906
0.425906
0.425906
0.425906
0.425906
0.425906
0.425906
0.425906
0.425906
0.425906
0.425906
0.425906
0.425906
0.425906
0.425906
0.425906
0.425906
0.425906
0.425906
0.425905
0.425905
0.425905
0.425905
0.425905
0.425905
0.425905
0.425905
0.425905
0.425905
0.425905
0.425905
0.425905
0.425905
0.425905
0.425905
0.425905
0.425905
0.425905
0.425905
0.425905
0.425905
0.425905
0.425905
0.425905
0.425905
0.425905
0.425905
0.425905
0.425905
0.425905
0.425905
0.425905
0.425905
0.425905
0.425905
0.425905
0.425905
0.425905
0.425905
0.425905
0.425905
0.425905
0.425905
0.425905
0.425905
0.425905
0.425905
0.425905
0.425905
0.425905
0.425905
0.425905
0.425905
0.425905
0.425905
0.425905
0.425905
0.425905
0.425905
0.425905
0.425905
0.425905
0.425905
0.425905
0.425904
0.425904
0.425904
0.425904
0.425904
0.425904
0.425904
0.425904
0.425904
0.425904
0.425904
0.425904
0.425904
0.425904
0.425904
0.425904
0.425904
0.425904
0.425904
0.425904
0.425904
0.425904
0.425904
0.425904
0.425904
0.425904
0.425904
0.425904
0.425904
0.425904
0.425904
0.425904
0.425904
0.425904
0.425904
0.425904
0.425904
0.425904
0.425904
0.425904
0.425904
0.425904
0.425904
0.425904
0.425904
0.425904
0.425904
0.425904
0.425904
0.425904
0.425904
0.425904
0.425904
0.425904
0.425904
0.425904
0.425904
0.425904
0.425904
0.425904
0.425904
0.425903
0.425903
0.425903
0.425903
0.425903
0.425903
0.425903
0.425903
0.425903
0.425903
0.425903
0.425903
0.425903
0.425903
0.425903
0.425903
0.425903
0.425903
0.425903
0.425903
0.425903
0.425903
0.425903
0.425903
0.425903
0.425903
0.425903
0.425903
0.425903
0.425903
0.425903
0.425903
0.425903
0.425903
0.425903
0.425903
0.425903
0.425903
0.425903
0.425903
0.425903
0.425903
0.425903
0.425903
0.425903
0.425903
0.425903
0.425903
0.425903
0.425903
0.425903
0.425903
0.425903
0.425903
0.425903
0.425903
0.425903
0.425903
0.425902
0.425902
0.425902
0.425902
0.425902
0.425902
0.425902
0.425902
0.425902
0.425902
0.425902
0.425902
0.425902
0.425902
0.425902
0.425902
0.425902
0.425902
0.425902
0.425902
0.425902
0.425902
0.425902
0.425902
0.425902
0.425902
0.425902
0.425902
0.425902
0.425902
0.425902
0.425902
0.425902
0.425902
0.425902
0.425902
0.425902
0.425902
0.425902
0.425902
0.425902
0.425902
0.425902
0.425902
0.425902
0.425902
0.425902
0.425902
0.425902
0.425902
0.425902
0.425902
0.425902
0.425902
0.425902
0.425901
0.425901
0.425901
0.425901
0.425901
0.425901
0.425901
0.425901
0.425901
0.425901
0.425901
0.425901
0.425901
0.425901
0.425901
0.425901
0.425901
0.425901
0.425901
0.425901
0.425901
0.425901
0.425901
0.425901
0.425901
0.425901
0.425901
0.425901
0.425901
0.425901
0.425901
0.425901
0.425901
0.425901
0.425901
0.425901
0.425901
0.425901
0.425901
0.425901
0.425901
0.425901
0.425901
0.425901
0.425901
0.425901
0.425901
0.425901
0.425901
0.425901
0.425901
0.4259
0.4259
0.4259
0.4259
0.4259
0.4259
0.4259
0.4259
0.4259
0.4259
0.4259
0.4259
0.4259
0.4259
0.4259
0.4259
0.4259
0.4259
0.4259
0.4259
0.4259
0.4259
0.4259
0.4259
0.4259
0.4259
0.4259
0.4259
0.4259
0.4259
0.4259
0.4259
0.4259
0.4259
0.4259
0.4259
0.4259
0.4259
0.4259
0.4259
0.4259
0.4259
0.4259
0.4259
0.4259
0.4259
0.4259
0.4259
0.4259
0.4259
0.425899
0.425899
0.425899
0.425899
0.425899
0.425899
0.425899
0.425899
0.425899
0.425899
0.425899
0.425899
0.425899
0.425899
0.425899
0.425899
0.425899
0.425899
0.425899
0.425899
0.425899
0.425899
0.425899
0.425899
0.425899
0.425899
0.425899
0.425899
0.425899
0.425899
0.425899
0.425899
0.425899
0.425899
0.425899
0.425899
0.425899
0.425899
0.425899
0.425899
0.425899
0.425899
0.425899
0.425899
0.425899
0.425899
0.425899
0.425898
0.425898
0.425898
0.425898
0.425898
0.425898
0.425898
0.425898
0.425898
0.425898
0.425898
0.425898
0.425898
0.425898
0.425898
0.425898
0.425898
0.425898
0.425898
0.425898
0.425898
0.425898
0.425898
0.425898
0.425898
0.425898
0.425898
0.425898
0.425898
0.425898
0.425898
0.425898
0.425898
0.425898
0.425898
0.425898
0.425898
0.425898
0.425898
0.425898
0.425898
0.425898
0.425898
0.425898
0.425897
0.425897
0.425897
0.425897
0.425897
0.425897
0.425897
0.425897
0.425897
0.425897
0.425897
0.425897
0.425897
0.425897
0.425897
0.425897
0.425897
0.425897
0.425897
0.425897
0.425897
0.425897
0.425897
0.425897
0.425897
0.425897
0.425897
0.425897
0.425897
0.425897
0.425897
0.425897
0.425897
0.425897
0.425897
0.425897
0.425897
0.425897
0.425897
0.425897
0.425897
0.425897
0.425896
0.425896
0.425896
0.425896
0.425896
0.425896
0.425896
0.425896
0.425896
0.425896
0.425896
0.425896
0.425896
0.425896
0.425896
0.425896
0.425896
0.425896
0.425896
0.425896
0.425896
0.425896
0.425896
0.425896
0.425896
0.425896
0.425896
0.425896
0.425896
0.425896
0.425896
0.425896
0.425896
0.425896
0.425896
0.425896
0.425896
0.425896
0.425896
0.425896
0.425895
0.425895
0.425895
0.425895
0.425895
0.425895
0.425895
0.425895
0.425895
0.425895
0.425895
0.425895
0.425895
0.425895
0.425895
0.425895
0.425895
0.425895
0.425895
0.425895
0.425895
0.425895
0.425895
0.425895
0.425895
0.425895
0.425895
0.425895
0.425895
0.425895
0.425895
0.425895
0.425895
0.425895
0.425895
0.425895
0.425895
0.425895
0.425895
0.425895
0.425894
0.425894
0.425894
0.425894
0.425894
0.425894
0.425894
0.425894
0.425894
0.425894
0.425894
0.425894
0.425894
0.425894
0.425894
0.425894
0.425894
0.425894
0.425894
0.425894
0.425894
0.425894
0.425894
0.425894
0.425894
0.425894
0.425894
0.425894
0.425894
0.425894
0.425894
0.425894
0.425894
0.425894
0.425894
0.425894
0.425893
0.425893
0.425893
0.425893
0.425893
0.425893
0.425893
0.425893
0.425893
0.425893
0.425893
0.425893
0.425893
0.425893
0.425893
0.425893
0.425893
0.425893
0.425893
0.425893
0.425893
0.425893
0.425893
0.425893
0.425893
0.425893
0.425893
0.425893
0.425893
0.425893
0.425893
0.425893
0.425893
0.425893
0.425893
0.425893
0.425892
0.425892
0.425892
0.425892
0.425892
0.425892
0.425892
0.425892
0.425892
0.425892
0.425892
0.425892
0.425892
0.425892
0.425892
0.425892
0.425892
0.425892
0.425892
0.425892
0.425892
0.425892
0.425892
0.425892
0.425892
0.425892
0.425892
0.425892
0.425892
0.425892
0.425892
0.425892
0.425892
0.425892
0.425891
0.425891
0.425891
0.425891
0.425891
0.425891
0.425891
0.425891
0.425891
0.425891
0.425891
0.425891
0.425891
0.425891
0.425891
0.425891
0.425891
0.425891
0.425891
0.425891
0.425891
0.425891
0.425891
0.425891
0.425891
0.425891
0.425891
0.425891
0.425891
0.425891
0.425891
0.425891
0.42589
0.42589
0.42589
0.42589
0.42589
0.42589
0.42589
0.42589
0.42589
0.42589
0.42589
0.42589
0.42589
0.42589
0.42589
0.42589
0.42589
0.42589
0.42589
0.42589
0.42589
0.42589
0.42589
0.42589
0.42589
0.42589
0.42589
0.42589
0.42589
0.42589
0.425889
0.425889
0.425889
0.425889
0.425889
0.425889
0.425889
0.425889
0.425889
0.425889
0.425889
0.425889
0.425889
0.425889
0.425889
0.425889
0.425889
0.425889
0.425889
0.425889
0.425889
0.425889
0.425889
0.425889
0.425889
0.425889
0.425889
0.425889
0.425889
0.425889
0.425888
0.425888
0.425888
0.425888
0.425888
0.425888
0.425888
0.425888
0.425888
0.425888
0.425888
0.425888
0.425888
0.425888
0.425888
0.425888
0.425888
0.425888
0.425888
0.425888
0.425888
0.425888
0.425888
0.425888
0.425888
0.425888
0.425888
0.425888
0.425888
0.425887
0.425887
0.425887
0.425887
0.425887
0.425887
0.425887
0.425887
0.425887
0.425887
0.425887
0.425887
0.425887
0.425887
0.425887
0.425887
0.425887
0.425887
0.425887
0.425887
0.425887
0.425887
0.425887
0.425887
0.425887
0.425887
0.425887
0.425887
0.425886
0.425886
0.425886
0.425886
0.425886
0.425886
0.425886
0.425886
0.425886
0.425886
0.425886
0.425886
0.425886
0.425886
0.425886
0.425886
0.425886
0.425886
0.425886
0.425886
0.425886
0.425886
0.425886
0.425886
0.425886
0.425886
0.425885
0.425885
0.425885
0.425885
0.425885
0.425885
0.425885
0.425885
0.425885
0.425885
0.425885
0.425885
0.425885
0.425885
0.425885
0.425885
0.425885
0.425885
0.425885
0.425885
0.425885
0.425885
0.425885
0.425885
0.425885
0.425885
0.425884
0.425884
0.425884
0.425884
0.425884
0.425884
0.425884
0.425884
0.425884
0.425884
0.425884
0.425884
0.425884
0.425884
0.425884
0.425884
0.425884
0.425884
0.425884
0.425884
0.425884
0.425884
0.425884
0.425884
0.425883
0.425883
0.425883
0.425883
0.425883
0.425883
0.425883
0.425883
0.425883
0.425883
0.425883
0.425883
0.425883
0.425883
0.425883
0.425883
0.425883
0.425883
0.425883
0.425883
0.425883
0.425883
0.425883
0.425883
0.425882
0.425882
0.425882
0.425882
0.425882
0.425882
0.425882
0.425882
0.425882
0.425882
0.425882
0.425882
0.425882
0.425882
0.425882
0.425882
0.425882
0.425882
0.425882
0.425882
0.425882
0.425882
0.425882
0.425881
0.425881
0.425881
0.425881
0.425881
0.425881
0.425881
0.425881
0.425881
0.425881
0.425881
0.425881
0.425881
0.425881
0.425881
0.425881
0.425881
0.425881
0.425881
0.425881
0.425881
0.425881
0.42588
0.42588
0.42588
0.42588
0.42588
0.42588
0.42588
0.42588
0.42588
0.42588
0.42588
0.42588
0.42588
0.42588
0.42588
0.42588
0.42588
0.42588
0.42588
0.42588
0.42588
0.425879
0.425879
0.425879
0.425879
0.425879
0.425879
0.425879
0.425879
0.425879
0.425879
0.425879
0.425879
0.425879
0.425879
0.425879
0.425879
0.425879
0.425879
0.425879
0.425879
0.425879
0.425878
0.425878
0.425878
0.425878
0.425878
0.425878
0.425878
0.425878
0.425878
0.425878
0.425878
0.425878
0.425878
0.425878
0.425878
0.425878
0.425878
0.425878
0.425878
0.425878
0.425877
0.425877
0.425877
0.425877
0.425877
0.425877
0.425877
0.425877
0.425877
0.425877
0.425877
0.425877
0.425877
0.425877
0.425877
0.425877
0.425877
0.425877
0.425877
0.425876
0.425876
0.425876
0.425876
0.425876
0.425876
0.425876
0.425876
0.425876
0.425876
0.425876
0.425876
0.425876
0.425876
0.425876
0.425876
0.425876
0.425876
0.425876
0.425875
0.425875
0.425875
0.425875
0.425875
0.425875
0.425875
0.425875
0.425875
0.425875
0.425875
0.425875
0.425875
0.425875
0.425875
0.425875
0.425875
0.425875
0.425875
0.425875
0.425875
0.425875
0.425875
0.425874
0.425874
0.425874
0.425874
0.425874
0.425874
0.425874
0.425874
0.425874
0.425874
0.425874
0.425874
0.425874
0.425874
0.425874
0.425875
0.425875
0.425875
0.425875
0.425875
0.425875
0.425875
0.425875
0.425875
0.425875
0.425876
0.425876
0.425876
0.425876
0.425877
0.425877
0.425877
0.425878
0.425878
0.425879
0.425879
0.42588
0.42588
0.425881
0.425882
0.425882
0.425883
0.425884
0.425885
0.425886
0.425887
0.425889
0.42589
0.425891
0.425893
0.425895
0.425896
0.425898
0.4259
0.425902
0.425905
0.425907
0.42591
0.425913
0.425916
0.425919
0.425922
0.425926
0.425929
0.425933
0.425938
0.425942
0.425947
0.425952
0.425957
0.425963
0.425969
0.425975
0.425981
0.425988
0.425996
0.426003
0.426011
0.426019
0.426028
0.426037
0.426047
0.426057
0.426068
0.426079
0.42609
0.426102
0.426114
0.426127
0.426141
0.426155
0.426169
0.426184
0.4262
0.426216
0.426232
0.426249
0.426267
0.426286
0.426305
0.426324
0.426344
0.426365
0.426386
0.426408
0.42643
0.426453
0.426476
0.4265
0.426525
0.42655
0.426575
0.426601
0.426628
0.426655
0.426682
0.42671
0.426738
0.426767
0.426796
0.426825
0.426855
0.426885
0.426915
0.426946
0.426976
0.427007
0.427038
0.427069
0.427101
0.427132
0.427163
0.427195
0.427226
0.427257
0.427288
0.427319
0.42735
0.427381
0.427411
0.427442
0.427472
0.427502
0.427531
0.42756
0.427589
0.427617
0.427645
0.427673
0.4277
0.427726
0.427752
0.427778
0.427803
0.427828
0.427852
0.427875
0.427898
0.42792
0.427942
0.427963
0.427984
0.428004
0.428023
0.428042
0.428061
0.428078
0.428095
0.428112
0.428128
0.428143
0.428158
0.428172
0.428186
0.428199
0.428212
0.428224
0.428236
0.428247
0.428258
0.428268
0.428278
0.428287
0.428296
0.428304
0.428313
0.42832
0.428327
0.428334
0.428341
0.428347
0.428353
0.428359
0.428364
0.428369
0.428373
0.428378
0.428382
0.428386
0.428389
0.428393
0.428396
0.428399
0.428402
0.428404
0.428407
0.428409
0.428411
0.428413
0.428415
0.428417
0.428418
0.42842
0.428421
0.428422
0.428424
0.428425
0.428426
0.428426
0.428427
0.428428
0.428429
0.428429
0.42843
0.42843
0.428431
0.428431
0.428431
0.428432
0.428432
0.428432
0.428432
0.428433
0.428433
0.428433
0.428433
0.428433
0.428433
0.428433
0.428433
0.428433
0.428433
0.428433
0.428433
0.428433
0.428433
0.428433
0.428433
0.428433
0.428433
0.428432
0.428432
0.428432
0.428432
0.428432
0.428432
0.428432
0.428432
0.428432
0.428431
0.428431
0.428431
0.428431
0.428431
0.428431
0.428431
0.42843
0.42843
0.42843
0.42843
0.42843
0.42843
0.42843
0.428429
0.428429
0.428429
0.428429
0.428429
0.428429
0.428429
0.428428
0.428428
0.428428
0.428428
0.428428
0.428428
0.428428
0.428427
0.428427
0.428427
0.428427
0.428427
0.428427
0.428427
0.428426
0.428426
0.428426
0.428426
0.428426
0.428426
0.428426
0.428426
0.428425
0.428425
0.428425
0.428425
0.428425
0.428425
0.428425
0.428424
0.428424
0.428424
0.428424
0.428424
0.428424
0.428424
0.428423
0.428423
0.428423
0.428423
0.428423
0.428423
0.428423
0.428423
0.428422
0.428422
0.428422
0.428422
0.428422
0.428422
0.428422
0.428421
0.428421
0.428421
0.428421
0.428421
0.428421
0.428421
0.428421
0.42842
0.42842
0.42842
0.42842
0.42842
0.42842
0.42842
0.42842
0.428419
0.428419
0.428419
0.428419
0.428419
0.428419
0.428419
0.428419
0.428418
0.428418
0.428418
0.428418
0.428418
0.428418
0.428417
0.428417
0.428417
0.428417
0.428417
0.428417
0.428417
0.428417
0.428416
0.428416
0.428416
0.428416
0.428416
0.428416
0.428416
0.428416
0.428415
0.428415
0.428415
0.428415
0.428415
0.428415
0.428414
0.428414
0.428414
0.428414
0.428414
0.428414
0.428414
0.428414
0.428413
0.428413
0.428413
0.428413
0.428413
0.428413
0.428413
0.428413
0.428412
0.428412
0.428412
0.428412
0.428412
0.428412
0.428411
0.428411
0.428411
0.428411
0.428411
0.428411
0.428411
0.428411
0.42841
0.42841
0.42841
0.42841
0.42841
0.42841
0.428409
0.428409
0.428409
0.428409
0.428409
0.428409
0.428408
0.428408
0.428408
0.428408
0.428408
0.428408
0.428408
0.428408
0.428407
0.428407
0.428407
0.428407
0.428407
0.428407
0.428406
0.428406
0.428406
0.428406
0.428406
0.428406
0.428405
0.428405
0.428405
0.428405
0.428405
0.428405
0.428404
0.428404
0.428404
0.428404
0.428404
0.428404
0.428403
0.428403
0.428403
0.428403
0.428403
0.428403
0.428402
0.428402
0.428402
0.428402
0.428402
0.428402
0.428401
0.428401
0.428401
0.428401
0.428401
0.428401
0.4284
0.4284
0.4284
0.4284
0.4284
0.4284
0.428399
0.428399
0.428399
0.428399
0.428399
0.428399
0.428398
0.428398
0.428398
0.428398
0.428397
0.428397
0.428397
0.428397
0.428397
0.428397
0.428396
0.428396
0.428396
0.428396
0.428396
0.428396
0.428395
0.428395
0.428395
0.428395
0.428394
0.428394
0.428394
0.428394
0.428394
0.428394
0.428393
0.428393
0.428393
0.428393
0.428392
0.428392
0.428392
0.428392
0.428392
0.428392
0.428391
0.428391
0.428391
0.428391
0.42839
0.42839
0.42839
0.42839
0.42839
0.42839
0.428389
0.428389
0.428389
0.428389
0.428388
0.428388
0.428388
0.428388
0.428387
0.428387
0.428387
0.428387
0.428387
0.428387
0.428386
0.428386
0.428386
0.428386
0.428385
0.428385
0.428385
0.428385
0.428384
0.428384
0.428384
0.428384
0.428383
0.428383
0.428383
0.428383
0.428383
0.428383
0.428382
0.428382
0.428382
0.428382
0.428381
0.428381
0.428381
0.428381
0.42838
0.42838
0.42838
0.42838
0.428379
0.428379
0.428379
0.428379
0.428378
0.428378
0.428378
0.428378
0.428377
0.428377
0.428377
0.428377
0.428376
0.428376
0.428376
0.428376
0.428375
0.428375
0.428375
0.428375
0.428374
0.428374
0.428374
0.428374
0.428373
0.428374
0.428373
0.428373
0.428373
0.428373
0.428372
0.428372
0.428372
0.428372
0.428371
0.428371
0.428371
0.428371
0.42837
0.42837
0.42837
0.42837
0.428369
0.42837
0.428369
0.428369
0.428369
0.428369
0.428368
0.428368
0.428368
0.428368
0.428367
0.428368
0.428367
0.428367
0.428367
0.428367
0.428366
0.428366
0.428366
0.428366
0.428365
0.428366
0.428365
0.428365
0.428365
0.428365
0.428364
0.428364
0.428364
0.428364
0.428363
0.428364
0.428363
0.428363
0.428363
0.428363
0.428363
0.428363
0.428362
0.428363
0.428363
0.428363
0.428363
0.428363
0.428363
0.428364
0.428364
0.428364
0.428364
0.428365
0.428365
0.428365
0.428366
0.428366
0.428367
0.428367
0.428368
0.428369
0.428369
0.42837
0.42837
0.428371
0.428372
0.428372
0.428373
0.428373
0.428374
0.428374
0.428375
0.428375
0.428376
0.428376
0.428376
0.428377
0.428377
0.428377
0.428377
0.428377
0.428377
0.428377
0.428377
0.428377
0.428377
0.428376
0.428376
0.428376
0.428375
0.428375
0.428374
0.428374
0.428373
0.428372
0.428371
0.428371
0.42837
0.428369
0.428367
0.428366
0.428365
0.428364
0.428362
0.428361
0.428359
0.428357
0.428356
0.428354
0.428352
0.42835
0.428348
0.428346
0.428343
0.428341
0.428339
0.428337
0.428334
0.428332
0.42833
0.428327
0.428325
0.428323
0.42832
0.428318
0.428316
0.428313
0.428311
0.428309
0.428307
0.428305
0.428303
0.428301
0.428299
0.428297
0.428295
0.428294
0.428292
0.42829
0.428289
0.428287
0.428286
0.428285
0.428283
0.428282
0.428281
0.42828
0.428279
0.428278
0.428277
0.428276
0.428275
0.428274
0.428273
0.428273
0.428271
0.428271
0.42827
0.428269
0.428268
0.428268
0.428266
0.428266
0.428264
0.428264
0.428262
0.428261
0.42826
0.428259
0.428258
0.428257
0.428255
0.428255
0.428253
0.428252
0.428251
0.42825
0.428248
0.428248
0.428246
0.428245
0.428244
0.428243
0.428241
0.42824
0.428239
0.428238
0.428236
0.428236
0.428235
0.428234
0.428233
0.428233
0.428231
0.428231
0.428229
0.428229
0.428227
0.428227
0.428225
0.428225
0.428224
0.428223
0.428222
0.428221
0.42822
0.42822
0.428218
0.428218
0.428216
0.428216
0.428214
0.428214
0.428212
0.428212
0.42821
0.42821
0.428208
0.428208
0.428206
)
;

boundaryField
{
    sides
    {
        type            calculated;
        value           nonuniform List<scalar> 2(0.428206 0.622566);
    }
    empty
    {
        type            empty;
    }
}


// ************************************************************************* //
