/*--------------------------------*- C++ -*----------------------------------*\
  =========                 |
  \\      /  F ield         | OpenFOAM: The Open Source CFD Toolbox
   \\    /   O peration     | Website:  https://openfoam.org
    \\  /    A nd           | Version:  9
     \\/     M anipulation  |
\*---------------------------------------------------------------------------*/
FoamFile
{
    format      ascii;
    class       volScalarField;
    location    "0.043";
    object      rho_0;
}
// * * * * * * * * * * * * * * * * * * * * * * * * * * * * * * * * * * * * * //

dimensions      [1 -3 0 0 0 0 0];

internalField   nonuniform List<scalar> 
10000
(
0.193922
0.19392
0.193916
0.193912
0.193909
0.193905
0.193902
0.193898
0.193894
0.193891
0.193887
0.193884
0.19388
0.193876
0.193873
0.193869
0.193866
0.193862
0.193859
0.193855
0.193852
0.193848
0.193844
0.193841
0.193837
0.193834
0.19383
0.193827
0.193823
0.193819
0.193816
0.193812
0.193809
0.193805
0.193802
0.193798
0.193795
0.193791
0.193787
0.193784
0.19378
0.193777
0.193773
0.19377
0.193766
0.193763
0.193759
0.193755
0.193752
0.193748
0.193745
0.193741
0.193738
0.193734
0.193731
0.193727
0.193724
0.19372
0.193716
0.193713
0.193709
0.193706
0.193702
0.193699
0.193695
0.193692
0.193688
0.193685
0.193681
0.193678
0.193674
0.19367
0.193667
0.193663
0.19366
0.193656
0.193653
0.193649
0.193646
0.193642
0.193639
0.193635
0.193632
0.193628
0.193625
0.193621
0.193618
0.193614
0.193611
0.193607
0.193604
0.1936
0.193596
0.193593
0.19359
0.193586
0.193583
0.193579
0.193576
0.193572
0.193568
0.193565
0.193561
0.193558
0.193555
0.193551
0.193548
0.193544
0.193541
0.193537
0.193533
0.19353
0.193527
0.193523
0.19352
0.193516
0.193513
0.193509
0.193506
0.193502
0.193499
0.193495
0.193492
0.193488
0.193485
0.193481
0.193478
0.193475
0.193471
0.193468
0.193464
0.193461
0.193457
0.193454
0.19345
0.193447
0.193443
0.19344
0.193437
0.193433
0.19343
0.193427
0.193423
0.19342
0.193416
0.193412
0.193409
0.193405
0.193402
0.193398
0.193395
0.193392
0.193389
0.193385
0.193382
0.193379
0.193375
0.193372
0.193368
0.193365
0.193361
0.193358
0.193354
0.193351
0.193347
0.193344
0.193341
0.193337
0.193334
0.193331
0.193328
0.193325
0.193321
0.193318
0.193315
0.193311
0.193308
0.193304
0.1933
0.193297
0.193293
0.19329
0.193286
0.193283
0.19328
0.193276
0.193273
0.19327
0.193267
0.193264
0.193261
0.193258
0.193255
0.193252
0.193249
0.193246
0.193243
0.193239
0.193236
0.193232
0.193229
0.193225
0.193221
0.193218
0.193214
0.19321
0.193206
0.193203
0.193199
0.193196
0.193193
0.193189
0.193186
0.193183
0.193181
0.193178
0.193176
0.193173
0.193171
0.193169
0.193167
0.193165
0.193164
0.193162
0.19316
0.193159
0.193157
0.193156
0.193154
0.193153
0.193151
0.19315
0.193149
0.193147
0.193146
0.193145
0.193144
0.193142
0.193141
0.19314
0.193139
0.193138
0.193137
0.193136
0.193135
0.193134
0.193133
0.193132
0.193131
0.19313
0.193129
0.193128
0.193127
0.193126
0.193125
0.193124
0.193123
0.193122
0.193121
0.19312
0.193119
0.193118
0.193117
0.193116
0.193115
0.193113
0.193112
0.193111
0.19311
0.193109
0.193108
0.193107
0.193106
0.193105
0.193104
0.193103
0.193102
0.193101
0.1931
0.193099
0.193098
0.193097
0.193096
0.193095
0.193094
0.193093
0.193092
0.193091
0.19309
0.193089
0.193088
0.193087
0.193086
0.193085
0.193083
0.193082
0.193081
0.19308
0.193079
0.193078
0.193077
0.193076
0.193075
0.193074
0.193073
0.193072
0.193071
0.19307
0.193069
0.193068
0.193067
0.193066
0.193065
0.193064
0.193063
0.193062
0.193061
0.19306
0.193059
0.193058
0.193057
0.193056
0.193055
0.193053
0.193052
0.193051
0.19305
0.193049
0.193048
0.193047
0.193046
0.193045
0.193044
0.193043
0.193042
0.193041
0.19304
0.193039
0.193038
0.193037
0.193036
0.193035
0.193034
0.193033
0.193032
0.193031
0.19303
0.193029
0.193028
0.193027
0.193026
0.193025
0.193024
0.193023
0.193021
0.19302
0.193019
0.193018
0.193017
0.193016
0.193015
0.193014
0.193013
0.193012
0.193011
0.19301
0.193009
0.193008
0.193007
0.193006
0.193005
0.193004
0.193003
0.193002
0.193001
0.193
0.192999
0.192998
0.192997
0.192996
0.192995
0.192994
0.192993
0.192992
0.192991
0.192989
0.192988
0.192987
0.192986
0.192985
0.192984
0.192983
0.192982
0.192981
0.19298
0.192979
0.192978
0.192977
0.192976
0.192975
0.192974
0.192973
0.192972
0.192971
0.19297
0.192969
0.192968
0.192967
0.192966
0.192965
0.192964
0.192963
0.192962
0.192961
0.19296
0.192959
0.192958
0.192957
0.192955
0.192954
0.192953
0.192952
0.192951
0.19295
0.192949
0.192948
0.192947
0.192946
0.192945
0.192944
0.192943
0.192942
0.192941
0.19294
0.192939
0.192938
0.192937
0.192936
0.192935
0.192934
0.192933
0.192932
0.192931
0.19293
0.192929
0.192928
0.192927
0.192926
0.192925
0.192924
0.192923
0.192922
0.192921
0.192919
0.192918
0.192917
0.192916
0.192915
0.192914
0.192913
0.192912
0.192911
0.19291
0.192909
0.192908
0.192907
0.192906
0.192905
0.192904
0.192903
0.192902
0.192901
0.1929
0.192899
0.192898
0.192897
0.192896
0.192895
0.192894
0.192893
0.192892
0.192891
0.19289
0.192889
0.192888
0.192887
0.192886
0.192885
0.192884
0.192883
0.192881
0.19288
0.192879
0.192878
0.192877
0.192876
0.192875
0.192874
0.192873
0.192872
0.192871
0.19287
0.192869
0.192868
0.192867
0.192866
0.192865
0.192864
0.192863
0.192862
0.192861
0.19286
0.192859
0.192858
0.192857
0.192856
0.192855
0.192854
0.192853
0.192852
0.192851
0.19285
0.192849
0.192848
0.192847
0.192846
0.192845
0.192844
0.192843
0.192842
0.19284
0.19284
0.192838
0.192838
0.192836
0.192835
0.192834
0.192833
0.192832
0.192831
0.19283
0.192829
0.192828
0.192827
0.192826
0.192825
0.192824
0.192823
0.192822
0.192821
0.19282
0.192819
0.192818
0.192817
0.192816
0.192815
0.192814
0.192813
0.192812
0.192811
0.19281
0.192809
0.192808
0.192807
0.192806
0.192805
0.192804
0.192803
0.192802
0.192801
0.1928
0.192799
0.192798
0.192797
0.192796
0.192795
0.192794
0.192793
0.192791
0.192791
0.19279
0.192788
0.192788
0.192786
0.192785
0.192784
0.192783
0.192782
0.192781
0.19278
0.192779
0.192778
0.192777
0.192776
0.192775
0.192774
0.192773
0.192772
0.192771
0.19277
0.192769
0.192768
0.192767
0.192766
0.192765
0.192764
0.192763
0.192762
0.192761
0.19276
0.192759
0.192758
0.192757
0.192756
0.192755
0.192754
0.192753
0.192752
0.192751
0.19275
0.192749
0.192748
0.192747
0.192746
0.192745
0.192744
0.192743
0.192742
0.192741
0.19274
0.192739
0.192738
0.192737
0.192736
0.192735
0.192734
0.192733
0.192732
0.192731
0.19273
0.192729
0.192728
0.192727
0.192726
0.192725
0.192724
0.192723
0.192722
0.192721
0.19272
0.192718
0.192718
0.192717
0.192715
0.192715
0.192713
0.192712
0.192712
0.19271
0.192709
0.192708
0.192707
0.192706
0.192705
0.192704
0.192703
0.192702
0.192701
0.1927
0.192699
0.192698
0.192697
0.192696
0.192695
0.192694
0.192693
0.192692
0.192691
0.19269
0.192689
0.192688
0.192687
0.192686
0.192685
0.192684
0.192683
0.192682
0.192681
0.19268
0.192679
0.192678
0.192677
0.192676
0.192675
0.192674
0.192673
0.192672
0.192671
0.19267
0.192669
0.192668
0.192667
0.192666
0.192665
0.192664
0.192663
0.192662
0.192661
0.19266
0.192659
0.192658
0.192657
0.192656
0.192655
0.192654
0.192653
0.192652
0.192651
0.19265
0.192649
0.192648
0.192647
0.192646
0.192645
0.192644
0.192643
0.192642
0.192641
0.19264
0.192639
0.192638
0.192637
0.192636
0.192635
0.192634
0.192633
0.192632
0.192631
0.19263
0.192629
0.192628
0.192627
0.192626
0.192625
0.192624
0.192623
0.192622
0.192621
0.19262
0.192619
0.192618
0.192617
0.192616
0.192615
0.192614
0.192613
0.192612
0.192611
0.19261
0.192609
0.192608
0.192607
0.192606
0.192605
0.192604
0.192603
0.192602
0.192601
0.1926
0.192599
0.192598
0.192597
0.192596
0.192596
0.192594
0.192593
0.192593
0.192591
0.19259
0.19259
0.192589
0.192587
0.192587
0.192586
0.192584
0.192584
0.192583
0.192582
0.192581
0.19258
0.192579
0.192578
0.192577
0.192576
0.192575
0.192574
0.192573
0.192572
0.192571
0.19257
0.192569
0.192568
0.192567
0.192566
0.192565
0.192564
0.192563
0.192562
0.192561
0.19256
0.192559
0.192558
0.192557
0.192556
0.192555
0.192554
0.192553
0.192552
0.192551
0.19255
0.192549
0.192548
0.192547
0.192546
0.192545
0.192544
0.192543
0.192542
0.192541
0.19254
0.192539
0.192538
0.192537
0.192536
0.192536
0.192535
0.192533
0.192533
0.192532
0.192531
0.19253
0.192529
0.192528
0.192527
0.192526
0.192525
0.192524
0.192523
0.192522
0.192521
0.19252
0.192519
0.192518
0.192517
0.192516
0.192515
0.192514
0.192513
0.192512
0.192511
0.19251
0.192509
0.192508
0.192507
0.192506
0.192505
0.192504
0.192503
0.192503
0.192501
0.1925
0.1925
0.192499
0.192498
0.192497
0.192496
0.192495
0.192494
0.192493
0.192492
0.192491
0.19249
0.192489
0.192488
0.192487
0.192486
0.192485
0.192484
0.192483
0.192482
0.192481
0.19248
0.192479
0.192478
0.192477
0.192477
0.192476
0.192475
0.192474
0.192473
0.192472
0.192471
0.19247
0.192469
0.192468
0.192467
0.192466
0.192465
0.192464
0.192463
0.192462
0.192461
0.19246
0.192459
0.192458
0.192457
0.192457
0.192456
0.192455
0.192454
0.192453
0.192452
0.192451
0.19245
0.192449
0.192448
0.192447
0.192446
0.192445
0.192444
0.192443
0.192442
0.192441
0.19244
0.192439
0.192438
0.192438
0.192437
0.192436
0.192435
0.192434
0.192433
0.192432
0.192431
0.19243
0.192429
0.192428
0.192427
0.192426
0.192425
0.192424
0.192423
0.192423
0.192422
0.192421
0.19242
0.192419
0.192418
0.192417
0.192416
0.192415
0.192414
0.192413
0.192412
0.192411
0.19241
0.19241
0.192408
0.192408
0.192407
0.192406
0.192405
0.192404
0.192403
0.192402
0.192401
0.1924
0.192399
0.192398
0.192397
0.192397
0.192396
0.192395
0.192394
0.192393
0.192392
0.192391
0.19239
0.192389
0.192388
0.192387
0.192386
0.192385
0.192384
0.192384
0.192383
0.192382
0.192381
0.19238
0.192379
0.192378
0.192377
0.192376
0.192375
0.192374
0.192373
0.192373
0.192372
0.192371
0.19237
0.192369
0.192368
0.192367
0.192366
0.192365
0.192364
0.192363
0.192363
0.192362
0.192361
0.19236
0.192359
0.192358
0.192357
0.192356
0.192355
0.192354
0.192354
0.192353
0.192352
0.192351
0.19235
0.192349
0.192348
0.192347
0.192346
0.192346
0.192345
0.192344
0.192343
0.192342
0.192341
0.19234
0.192339
0.192338
0.192337
0.192337
0.192336
0.192335
0.192334
0.192333
0.192332
0.192331
0.19233
0.192329
0.192329
0.192328
0.192327
0.192326
0.192325
0.192324
0.192323
0.192322
0.192322
0.192321
0.19232
0.192319
0.192318
0.192317
0.192316
0.192315
0.192315
0.192314
0.192313
0.192312
0.192311
0.19231
0.192309
0.192309
0.192308
0.192307
0.192306
0.192305
0.192304
0.192303
0.192302
0.192302
0.192301
0.1923
0.192299
0.192298
0.192297
0.192296
0.192296
0.192295
0.192294
0.192293
0.192292
0.192291
0.19229
0.192289
0.192289
0.192288
0.192287
0.192286
0.192285
0.192284
0.192284
0.192283
0.192282
0.192281
0.19228
0.192279
0.192279
0.192278
0.192277
0.192276
0.192275
0.192274
0.192273
0.192273
0.192272
0.192271
0.19227
0.192269
0.192268
0.192268
0.192267
0.192266
0.192265
0.192264
0.192263
0.192263
0.192262
0.192261
0.19226
0.192259
0.192259
0.192258
0.192257
0.192256
0.192255
0.192254
0.192254
0.192253
0.192252
0.192251
0.19225
0.19225
0.192249
0.192248
0.192247
0.192246
0.192246
0.192245
0.192244
0.192243
0.192242
0.192241
0.192241
0.19224
0.192239
0.192238
0.192237
0.192237
0.192236
0.192235
0.192234
0.192233
0.192233
0.192232
0.192231
0.19223
0.19223
0.192229
0.192228
0.192227
0.192226
0.192226
0.192225
0.192224
0.192223
0.192222
0.192222
0.192221
0.19222
0.192219
0.192219
0.192218
0.192217
0.192216
0.192215
0.192215
0.192214
0.192213
0.192212
0.192212
0.192211
0.19221
0.192209
0.192209
0.192208
0.192207
0.192206
0.192206
0.192205
0.192204
0.192203
0.192203
0.192202
0.192201
0.1922
0.1922
0.192199
0.192198
0.192197
0.192197
0.192196
0.192195
0.192194
0.192194
0.192193
0.192192
0.192192
0.192191
0.19219
0.192189
0.192189
0.192188
0.192187
0.192186
0.192186
0.192185
0.192184
0.192184
0.192183
0.192182
0.192181
0.192181
0.19218
0.192179
0.192179
0.192178
0.192177
0.192176
0.192176
0.192175
0.192174
0.192174
0.192173
0.192172
0.192172
0.192171
0.19217
0.19217
0.192169
0.192168
0.192167
0.192167
0.192166
0.192165
0.192165
0.192164
0.192163
0.192163
0.192162
0.192161
0.192161
0.19216
0.192159
0.192159
0.192158
0.192157
0.192157
0.192156
0.192155
0.192155
0.192154
0.192154
0.192153
0.192152
0.192152
0.192151
0.19215
0.19215
0.192149
0.192148
0.192148
0.192147
0.192146
0.192146
0.192145
0.192145
0.192144
0.192143
0.192143
0.192142
0.192141
0.192141
0.19214
0.19214
0.192139
0.192138
0.192138
0.192137
0.192137
0.192136
0.192135
0.192135
0.192134
0.192134
0.192133
0.192132
0.192132
0.192131
0.192131
0.19213
0.19213
0.192129
0.192128
0.192128
0.192127
0.192127
0.192126
0.192126
0.192125
0.192124
0.192124
0.192123
0.192123
0.192122
0.192122
0.192121
0.192121
0.19212
0.192119
0.192119
0.192118
0.192118
0.192117
0.192117
0.192116
0.192116
0.192115
0.192115
0.192114
0.192114
0.192113
0.192113
0.192112
0.192112
0.192111
0.192111
0.19211
0.19211
0.192109
0.192109
0.192108
0.192108
0.192107
0.192107
0.192106
0.192106
0.192105
0.192105
0.192104
0.192104
0.192103
0.192103
0.192103
0.192102
0.192102
0.192101
0.192101
0.1921
0.1921
0.192099
0.192099
0.192099
0.192098
0.192098
0.192097
0.192097
0.192096
0.192096
0.192096
0.192095
0.192095
0.192094
0.192094
0.192094
0.192093
0.192093
0.192092
0.192092
0.192092
0.192091
0.192091
0.19209
0.19209
0.19209
0.192089
0.192089
0.192089
0.192088
0.192088
0.192088
0.192087
0.192087
0.192087
0.192086
0.192086
0.192085
0.192085
0.192085
0.192084
0.192084
0.192084
0.192084
0.192083
0.192083
0.192083
0.192082
0.192082
0.192082
0.192081
0.192081
0.192081
0.192081
0.19208
0.19208
0.19208
0.19208
0.192079
0.192079
0.192079
0.192079
0.192078
0.192078
0.192078
0.192078
0.192077
0.192077
0.192077
0.192077
0.192076
0.192076
0.192076
0.192076
0.192076
0.192075
0.192075
0.192075
0.192075
0.192075
0.192075
0.192074
0.192074
0.192074
0.192074
0.192074
0.192074
0.192073
0.192073
0.192073
0.192073
0.192073
0.192073
0.192073
0.192073
0.192072
0.192072
0.192072
0.192072
0.192072
0.192072
0.192072
0.192072
0.192072
0.192072
0.192072
0.192072
0.192072
0.192072
0.192071
0.192071
0.192071
0.192071
0.192071
0.192071
0.192071
0.192071
0.192071
0.192071
0.192071
0.192071
0.192071
0.192071
0.192071
0.192071
0.192071
0.192071
0.192072
0.192072
0.192072
0.192072
0.192072
0.192072
0.192072
0.192072
0.192072
0.192072
0.192072
0.192072
0.192073
0.192073
0.192073
0.192073
0.192073
0.192073
0.192073
0.192073
0.192074
0.192074
0.192074
0.192074
0.192074
0.192075
0.192075
0.192075
0.192075
0.192075
0.192076
0.192076
0.192076
0.192076
0.192077
0.192077
0.192077
0.192077
0.192078
0.192078
0.192078
0.192079
0.192079
0.192079
0.192079
0.19208
0.19208
0.19208
0.192081
0.192081
0.192082
0.192082
0.192082
0.192083
0.192083
0.192083
0.192084
0.192084
0.192085
0.192085
0.192086
0.192086
0.192086
0.192087
0.192087
0.192088
0.192088
0.192089
0.192089
0.19209
0.19209
0.192091
0.192091
0.192092
0.192092
0.192093
0.192094
0.192094
0.192095
0.192095
0.192096
0.192097
0.192097
0.192098
0.192098
0.192099
0.1921
0.1921
0.192101
0.192102
0.192102
0.192103
0.192104
0.192105
0.192105
0.192106
0.192107
0.192107
0.192108
0.192109
0.19211
0.192111
0.192111
0.192112
0.192113
0.192114
0.192115
0.192116
0.192116
0.192117
0.192118
0.192119
0.19212
0.192121
0.192122
0.192123
0.192124
0.192125
0.192126
0.192127
0.192128
0.192129
0.19213
0.192131
0.192132
0.192133
0.192134
0.192135
0.192136
0.192137
0.192138
0.192139
0.19214
0.192141
0.192143
0.192144
0.192145
0.192146
0.192147
0.192148
0.19215
0.192151
0.192152
0.192153
0.192155
0.192156
0.192157
0.192159
0.19216
0.192161
0.192163
0.192164
0.192165
0.192167
0.192168
0.19217
0.192171
0.192172
0.192174
0.192175
0.192177
0.192178
0.19218
0.192181
0.192183
0.192184
0.192186
0.192188
0.192189
0.192191
0.192192
0.192194
0.192196
0.192197
0.192199
0.192201
0.192203
0.192204
0.192206
0.192208
0.19221
0.192211
0.192213
0.192215
0.192217
0.192219
0.192221
0.192222
0.192224
0.192226
0.192228
0.19223
0.192232
0.192234
0.192236
0.192238
0.19224
0.192242
0.192244
0.192246
0.192249
0.192251
0.192253
0.192255
0.192257
0.192259
0.192262
0.192264
0.192266
0.192268
0.192271
0.192273
0.192275
0.192278
0.19228
0.192282
0.192285
0.192287
0.19229
0.192292
0.192295
0.192297
0.1923
0.192302
0.192305
0.192307
0.19231
0.192312
0.192315
0.192318
0.19232
0.192323
0.192326
0.192329
0.192331
0.192334
0.192337
0.19234
0.192343
0.192346
0.192348
0.192351
0.192354
0.192357
0.19236
0.192363
0.192366
0.192369
0.192372
0.192375
0.192379
0.192382
0.192385
0.192388
0.192391
0.192394
0.192398
0.192401
0.192404
0.192408
0.192411
0.192414
0.192418
0.192421
0.192425
0.192428
0.192432
0.192435
0.192439
0.192442
0.192446
0.192449
0.192453
0.192457
0.19246
0.192464
0.192468
0.192472
0.192475
0.192479
0.192483
0.192487
0.192491
0.192495
0.192499
0.192503
0.192507
0.192511
0.192515
0.192519
0.192523
0.192527
0.192531
0.192536
0.19254
0.192544
0.192548
0.192553
0.192557
0.192561
0.192566
0.19257
0.192575
0.192579
0.192584
0.192588
0.192593
0.192597
0.192602
0.192606
0.192611
0.192616
0.192621
0.192625
0.19263
0.192635
0.19264
0.192645
0.19265
0.192654
0.192659
0.192664
0.192669
0.192674
0.19268
0.192685
0.19269
0.192695
0.1927
0.192705
0.192711
0.192716
0.192721
0.192727
0.192732
0.192737
0.192743
0.192748
0.192754
0.192759
0.192765
0.19277
0.192776
0.192782
0.192787
0.192793
0.192799
0.192805
0.19281
0.192816
0.192822
0.192828
0.192834
0.19284
0.192846
0.192852
0.192858
0.192864
0.19287
0.192876
0.192882
0.192889
0.192895
0.192901
0.192907
0.192914
0.19292
0.192926
0.192933
0.192939
0.192946
0.192952
0.192959
0.192965
0.192972
0.192978
0.192985
0.192992
0.192998
0.193005
0.193012
0.193019
0.193026
0.193032
0.193039
0.193046
0.193053
0.19306
0.193067
0.193074
0.193081
0.193088
0.193095
0.193103
0.19311
0.193117
0.193124
0.193131
0.193139
0.193146
0.193153
0.193161
0.193168
0.193176
0.193183
0.193191
0.193198
0.193206
0.193213
0.193221
0.193228
0.193236
0.193244
0.193251
0.193259
0.193267
0.193275
0.193282
0.19329
0.193298
0.193306
0.193314
0.193322
0.19333
0.193338
0.193346
0.193354
0.193362
0.19337
0.193378
0.193386
0.193394
0.193402
0.19341
0.193419
0.193427
0.193435
0.193443
0.193452
0.19346
0.193468
0.193477
0.193485
0.193493
0.193502
0.19351
0.193519
0.193527
0.193536
0.193544
0.193553
0.193561
0.19357
0.193579
0.193587
0.193596
0.193605
0.193613
0.193622
0.193631
0.193639
0.193648
0.193657
0.193666
0.193674
0.193683
0.193692
0.193701
0.19371
0.193719
0.193728
0.193737
0.193745
0.193754
0.193763
0.193772
0.193781
0.19379
0.193799
0.193808
0.193818
0.193827
0.193836
0.193845
0.193854
0.193863
0.193872
0.193881
0.19389
0.1939
0.193909
0.193918
0.193927
0.193936
0.193946
0.193955
0.193964
0.193973
0.193983
0.193992
0.194001
0.194011
0.19402
0.194029
0.194039
0.194048
0.194057
0.194067
0.194076
0.194085
0.194095
0.194104
0.194114
0.194123
0.194132
0.194142
0.194151
0.194161
0.19417
0.19418
0.194189
0.194199
0.194208
0.194218
0.194227
0.194237
0.194246
0.194256
0.194265
0.194275
0.194284
0.194294
0.194303
0.194313
0.194323
0.194332
0.194342
0.194351
0.194361
0.194371
0.19438
0.19439
0.194399
0.194409
0.194419
0.194428
0.194438
0.194447
0.194457
0.194467
0.194476
0.194486
0.194496
0.194505
0.194515
0.194525
0.194534
0.194544
0.194554
0.194563
0.194573
0.194583
0.194593
0.194602
0.194612
0.194622
0.194631
0.194641
0.194651
0.194661
0.19467
0.19468
0.19469
0.194699
0.194709
0.194719
0.194729
0.194738
0.194748
0.194758
0.194768
0.194777
0.194787
0.194797
0.194807
0.194816
0.194826
0.194836
0.194846
0.194855
0.194865
0.194875
0.194885
0.194895
0.194904
0.194914
0.194924
0.194934
0.194943
0.194953
0.194963
0.194973
0.194983
0.194992
0.195002
0.195012
0.195022
0.195032
0.195041
0.195051
0.195061
0.195071
0.195081
0.19509
0.1951
0.19511
0.19512
0.19513
0.195139
0.195149
0.195159
0.195169
0.195179
0.195189
0.195198
0.195208
0.195218
0.195228
0.195238
0.195247
0.195257
0.195267
0.195277
0.195287
0.195297
0.195306
0.195316
0.195326
0.195336
0.195346
0.195356
0.195365
0.195375
0.195385
0.195395
0.195405
0.195415
0.195424
0.195434
0.195444
0.195454
0.195464
0.195474
0.195483
0.195493
0.195503
0.195513
0.195523
0.195533
0.195543
0.195552
0.195562
0.195572
0.195582
0.195592
0.195602
0.195611
0.195621
0.195631
0.195641
0.195651
0.195661
0.195671
0.19568
0.19569
0.1957
0.19571
0.19572
0.19573
0.19574
0.19575
0.195759
0.195769
0.195779
0.195789
0.195799
0.195809
0.195819
0.195828
0.195838
0.195848
0.195858
0.195868
0.195878
0.195888
0.195898
0.195907
0.195917
0.195927
0.195937
0.195947
0.195957
0.195967
0.195977
0.195986
0.195996
0.196006
0.196016
0.196026
0.196036
0.196046
0.196056
0.196065
0.196075
0.196085
0.196095
0.196105
0.196115
0.196125
0.196135
0.196145
0.196154
0.196164
0.196174
0.196184
0.196194
0.196204
0.196214
0.196224
0.196234
0.196243
0.196253
0.196263
0.196273
0.196283
0.196293
0.196303
0.196313
0.196323
0.196333
0.196342
0.196352
0.196362
0.196372
0.196382
0.196392
0.196402
0.196412
0.196422
0.196432
0.196441
0.196451
0.196461
0.196471
0.196481
0.196491
0.196501
0.196511
0.196521
0.196531
0.196541
0.19655
0.19656
0.19657
0.19658
0.19659
0.1966
0.19661
0.19662
0.19663
0.19664
0.19665
0.19666
0.196669
0.196679
0.196689
0.196699
0.196709
0.196719
0.196729
0.196739
0.196749
0.196759
0.196769
0.196779
0.196789
0.196798
0.196808
0.196818
0.196828
0.196838
0.196848
0.196858
0.196868
0.196878
0.196888
0.196898
0.196908
0.196918
0.196928
0.196937
0.196947
0.196957
0.196967
0.196977
0.196987
0.196997
0.197007
0.197017
0.197027
0.197037
0.197047
0.197057
0.197067
0.197077
0.197087
0.197097
0.197106
0.197116
0.197126
0.197136
0.197146
0.197156
0.197166
0.197176
0.197186
0.197196
0.197206
0.197216
0.197226
0.197236
0.197246
0.197256
0.197266
0.197276
0.197286
0.197296
0.197306
0.197315
0.197325
0.197335
0.197345
0.197355
0.197365
0.197375
0.197385
0.197395
0.197405
0.197415
0.197425
0.197435
0.197445
0.197455
0.197465
0.197475
0.197485
0.197495
0.197505
0.197515
0.197525
0.197535
0.197545
0.197555
0.197565
0.197575
0.197585
0.197595
0.197605
0.197615
0.197624
0.197634
0.197644
0.197654
0.197664
0.197674
0.197684
0.197694
0.197704
0.197714
0.197724
0.197734
0.197744
0.197754
0.197764
0.197774
0.197784
0.197794
0.197804
0.197814
0.197824
0.197834
0.197844
0.197854
0.197864
0.197874
0.197884
0.197894
0.197904
0.197914
0.197924
0.197934
0.197944
0.197954
0.197964
0.197974
0.197984
0.197994
0.198004
0.198014
0.198024
0.198034
0.198044
0.198054
0.198064
0.198074
0.198084
0.198094
0.198104
0.198114
0.198124
0.198134
0.198144
0.198154
0.198164
0.198174
0.198184
0.198194
0.198204
0.198214
0.198224
0.198234
0.198244
0.198254
0.198264
0.198274
0.198284
0.198294
0.198304
0.198314
0.198324
0.198334
0.198344
0.198354
0.198364
0.198374
0.198385
0.198395
0.198405
0.198415
0.198425
0.198435
0.198445
0.198455
0.198465
0.198475
0.198485
0.198495
0.198505
0.198515
0.198525
0.198535
0.198545
0.198555
0.198565
0.198575
0.198585
0.198595
0.198605
0.198615
0.198625
0.198635
0.198645
0.198655
0.198665
0.198675
0.198686
0.198696
0.198706
0.198716
0.198726
0.198736
0.198746
0.198756
0.198766
0.198776
0.198786
0.198796
0.198806
0.198816
0.198826
0.198836
0.198846
0.198856
0.198866
0.198876
0.198886
0.198897
0.198907
0.198917
0.198927
0.198937
0.198947
0.198957
0.198967
0.198977
0.198987
0.198997
0.199007
0.199017
0.199027
0.199037
0.199047
0.199057
0.199068
0.199078
0.199088
0.199098
0.199108
0.199118
0.199128
0.199138
0.199148
0.199158
0.199168
0.199178
0.199188
0.199198
0.199209
0.199219
0.199229
0.199239
0.199249
0.199259
0.199269
0.199279
0.199289
0.199299
0.199309
0.199319
0.199329
0.19934
0.19935
0.19936
0.19937
0.19938
0.19939
0.1994
0.19941
0.19942
0.19943
0.19944
0.19945
0.199461
0.199471
0.199481
0.199491
0.199501
0.199511
0.199521
0.199531
0.199541
0.199551
0.199561
0.199572
0.199582
0.199592
0.199602
0.199612
0.199622
0.199632
0.199642
0.199652
0.199662
0.199673
0.199683
0.199693
0.199703
0.199713
0.199723
0.199733
0.199743
0.199753
0.199764
0.199774
0.199784
0.199794
0.199804
0.199814
0.199824
0.199834
0.199844
0.199855
0.199865
0.199875
0.199885
0.199895
0.199905
0.199915
0.199925
0.199935
0.199946
0.199956
0.199966
0.199976
0.199986
0.199996
0.200006
0.200016
0.200027
0.200037
0.200047
0.200057
0.200067
0.200077
0.200087
0.200097
0.200108
0.200118
0.200128
0.200138
0.200148
0.200158
0.200168
0.200178
0.200189
0.200199
0.200209
0.200219
0.200229
0.200239
0.200249
0.20026
0.20027
0.20028
0.20029
0.2003
0.20031
0.20032
0.200331
0.200341
0.200351
0.200361
0.200371
0.200381
0.200391
0.200402
0.200412
0.200422
0.200432
0.200442
0.200452
0.200462
0.200473
0.200483
0.200493
0.200503
0.200513
0.200523
0.200534
0.200544
0.200554
0.200564
0.200574
0.200584
0.200594
0.200605
0.200615
0.200625
0.200635
0.200645
0.200655
0.200666
0.200676
0.200686
0.200696
0.200706
0.200716
0.200727
0.200737
0.200747
0.200757
0.200767
0.200777
0.200788
0.200798
0.200808
0.200818
0.200828
0.200838
0.200849
0.200859
0.200869
0.200879
0.200889
0.200899
0.20091
0.20092
0.20093
0.20094
0.20095
0.200961
0.200971
0.200981
0.200991
0.201001
0.201011
0.201022
0.201032
0.201042
0.201052
0.201062
0.201073
0.201083
0.201093
0.201103
0.201113
0.201124
0.201134
0.201144
0.201154
0.201164
0.201174
0.201185
0.201195
0.201205
0.201215
0.201225
0.201236
0.201246
0.201256
0.201266
0.201276
0.201287
0.201297
0.201307
0.201317
0.201327
0.201338
0.201348
0.201358
0.201368
0.201378
0.201389
0.201399
0.201409
0.201419
0.201429
0.20144
0.20145
0.20146
0.20147
0.201481
0.201491
0.201501
0.201511
0.201521
0.201532
0.201542
0.201552
0.201562
0.201572
0.201583
0.201593
0.201603
0.201613
0.201624
0.201634
0.201644
0.201654
0.201664
0.201675
0.201685
0.201695
0.201705
0.201716
0.201726
0.201736
0.201746
0.201756
0.201767
0.201777
0.201787
0.201797
0.201808
0.201818
0.201828
0.201838
0.201848
0.201859
0.201869
0.201879
0.201889
0.2019
0.20191
0.20192
0.20193
0.201941
0.201951
0.201961
0.201971
0.201982
0.201992
0.202002
0.202012
0.202023
0.202033
0.202043
0.202053
0.202064
0.202074
0.202084
0.202094
0.202104
0.202115
0.202125
0.202135
0.202145
0.202156
0.202166
0.202176
0.202186
0.202197
0.202207
0.202217
0.202228
0.202238
0.202248
0.202258
0.202269
0.202279
0.202289
0.202299
0.20231
0.20232
0.20233
0.20234
0.202351
0.202361
0.202371
0.202381
0.202392
0.202402
0.202412
0.202422
0.202433
0.202443
0.202453
0.202464
0.202474
0.202484
0.202494
0.202505
0.202515
0.202525
0.202535
0.202546
0.202556
0.202566
0.202577
0.202587
0.202597
0.202607
0.202618
0.202628
0.202638
0.202648
0.202659
0.202669
0.202679
0.20269
0.2027
0.20271
0.20272
0.202731
0.202741
0.202751
0.202762
0.202772
0.202782
0.202792
0.202803
0.202813
0.202823
0.202834
0.202844
0.202854
0.202864
0.202875
0.202885
0.202895
0.202906
0.202916
0.202926
0.202937
0.202947
0.202957
0.202967
0.202978
0.202988
0.202998
0.203009
0.203019
0.203029
0.20304
0.20305
0.20306
0.20307
0.203081
0.203091
0.203101
0.203112
0.203122
0.203132
0.203143
0.203153
0.203163
0.203174
0.203184
0.203194
0.203204
0.203215
0.203225
0.203235
0.203246
0.203256
0.203266
0.203277
0.203287
0.203297
0.203308
0.203318
0.203328
0.203339
0.203349
0.203359
0.20337
0.20338
0.20339
0.203401
0.203411
0.203421
0.203432
0.203442
0.203452
0.203463
0.203473
0.203483
0.203493
0.203504
0.203514
0.203524
0.203535
0.203545
0.203555
0.203566
0.203576
0.203586
0.203597
0.203607
0.203618
0.203628
0.203638
0.203649
0.203659
0.203669
0.20368
0.20369
0.2037
0.203711
0.203721
0.203731
0.203742
0.203752
0.203762
0.203773
0.203783
0.203793
0.203804
0.203814
0.203824
0.203835
0.203845
0.203855
0.203866
0.203876
0.203887
0.203897
0.203907
0.203918
0.203928
0.203938
0.203949
0.203959
0.203969
0.20398
0.20399
0.204
0.204011
0.204021
0.204032
0.204042
0.204052
0.204063
0.204073
0.204083
0.204094
0.204104
0.204114
0.204125
0.204135
0.204146
0.204156
0.204166
0.204177
0.204187
0.204197
0.204208
0.204218
0.204229
0.204239
0.204249
0.20426
0.20427
0.20428
0.204291
0.204301
0.204312
0.204322
0.204332
0.204343
0.204353
0.204364
0.204374
0.204384
0.204395
0.204405
0.204415
0.204426
0.204436
0.204447
0.204457
0.204467
0.204478
0.204488
0.204499
0.204509
0.204519
0.20453
0.20454
0.204551
0.204561
0.204571
0.204582
0.204592
0.204603
0.204613
0.204623
0.204634
0.204644
0.204655
0.204665
0.204675
0.204686
0.204696
0.204707
0.204717
0.204727
0.204738
0.204748
0.204759
0.204769
0.204779
0.20479
0.2048
0.204811
0.204821
0.204831
0.204842
0.204852
0.204863
0.204873
0.204883
0.204894
0.204904
0.204915
0.204925
0.204936
0.204946
0.204956
0.204967
0.204977
0.204988
0.204998
0.205009
0.205019
0.205029
0.20504
0.20505
0.205061
0.205071
0.205082
0.205092
0.205102
0.205113
0.205123
0.205134
0.205144
0.205155
0.205165
0.205175
0.205186
0.205196
0.205207
0.205217
0.205228
0.205238
0.205248
0.205259
0.205269
0.20528
0.20529
0.205301
0.205311
0.205322
0.205332
0.205342
0.205353
0.205363
0.205374
0.205384
0.205395
0.205405
0.205416
0.205426
0.205436
0.205447
0.205457
0.205468
0.205478
0.205489
0.205499
0.20551
0.20552
0.20553
0.205541
0.205551
0.205562
0.205572
0.205583
0.205593
0.205604
0.205614
0.205625
0.205635
0.205646
0.205656
0.205666
0.205677
0.205687
0.205698
0.205708
0.205719
0.205729
0.20574
0.20575
0.205761
0.205771
0.205782
0.205792
0.205803
0.205813
0.205823
0.205834
0.205844
0.205855
0.205865
0.205876
0.205886
0.205897
0.205907
0.205918
0.205928
0.205939
0.205949
0.20596
0.20597
0.205981
0.205991
0.206002
0.206012
0.206023
0.206033
0.206044
0.206054
0.206064
0.206075
0.206085
0.206096
0.206106
0.206117
0.206127
0.206138
0.206148
0.206159
0.206169
0.20618
0.20619
0.206201
0.206211
0.206222
0.206232
0.206243
0.206253
0.206264
0.206274
0.206285
0.206295
0.206306
0.206316
0.206327
0.206337
0.206348
0.206358
0.206369
0.206379
0.20639
0.2064
0.206411
0.206421
0.206432
0.206442
0.206453
0.206463
0.206474
0.206484
0.206495
0.206505
0.206516
0.206526
0.206537
0.206548
0.206558
0.206569
0.206579
0.20659
0.2066
0.206611
0.206621
0.206632
0.206642
0.206653
0.206663
0.206674
0.206684
0.206695
0.206705
0.206716
0.206726
0.206737
0.206747
0.206758
0.206768
0.206779
0.20679
0.2068
0.206811
0.206821
0.206832
0.206842
0.206853
0.206863
0.206874
0.206884
0.206895
0.206905
0.206916
0.206926
0.206937
0.206948
0.206958
0.206969
0.206979
0.20699
0.207
0.207011
0.207021
0.207032
0.207042
0.207053
0.207064
0.207074
0.207085
0.207095
0.207106
0.207116
0.207127
0.207137
0.207148
0.207158
0.207169
0.20718
0.20719
0.207201
0.207211
0.207222
0.207232
0.207243
0.207253
0.207264
0.207275
0.207285
0.207296
0.207306
0.207317
0.207327
0.207338
0.207348
0.207359
0.20737
0.20738
0.207391
0.207401
0.207412
0.207422
0.207433
0.207444
0.207454
0.207465
0.207475
0.207486
0.207496
0.207507
0.207518
0.207528
0.207539
0.207549
0.20756
0.20757
0.207581
0.207592
0.207602
0.207613
0.207623
0.207634
0.207644
0.207655
0.207666
0.207676
0.207687
0.207697
0.207708
0.207719
0.207729
0.20774
0.20775
0.207761
0.207771
0.207782
0.207793
0.207803
0.207814
0.207824
0.207835
0.207846
0.207856
0.207867
0.207877
0.207888
0.207899
0.207909
0.20792
0.20793
0.207941
0.207952
0.207962
0.207973
0.207983
0.207994
0.208005
0.208015
0.208026
0.208036
0.208047
0.208058
0.208068
0.208079
0.208089
0.2081
0.208111
0.208121
0.208132
0.208142
0.208153
0.208164
0.208174
0.208185
0.208195
0.208206
0.208217
0.208227
0.208238
0.208249
0.208259
0.20827
0.20828
0.208291
0.208302
0.208312
0.208323
0.208333
0.208344
0.208355
0.208365
0.208376
0.208387
0.208397
0.208408
0.208418
0.208429
0.20844
0.20845
0.208461
0.208472
0.208482
0.208493
0.208503
0.208514
0.208525
0.208535
0.208546
0.208557
0.208567
0.208578
0.208589
0.208599
0.20861
0.20862
0.208631
0.208642
0.208652
0.208663
0.208674
0.208684
0.208695
0.208706
0.208716
0.208727
0.208738
0.208748
0.208759
0.208769
0.20878
0.208791
0.208801
0.208812
0.208823
0.208833
0.208844
0.208855
0.208865
0.208876
0.208887
0.208897
0.208908
0.208919
0.208929
0.20894
0.208951
0.208961
0.208972
0.208982
0.208993
0.209004
0.209014
0.209025
0.209036
0.209046
0.209057
0.209068
0.209078
0.209089
0.2091
0.20911
0.209121
0.209132
0.209142
0.209153
0.209164
0.209174
0.209185
0.209196
0.209206
0.209217
0.209228
0.209238
0.209249
0.20926
0.209271
0.209281
0.209292
0.209303
0.209313
0.209324
0.209335
0.209345
0.209356
0.209367
0.209377
0.209388
0.209399
0.209409
0.20942
0.209431
0.209441
0.209452
0.209463
0.209473
0.209484
0.209495
0.209506
0.209516
0.209527
0.209538
0.209548
0.209559
0.20957
0.20958
0.209591
0.209602
0.209612
0.209623
0.209634
0.209645
0.209655
0.209666
0.209677
0.209687
0.209698
0.209709
0.209719
0.20973
0.209741
0.209752
0.209762
0.209773
0.209784
0.209794
0.209805
0.209816
0.209827
0.209837
0.209848
0.209859
0.209869
0.20988
0.209891
0.209902
0.209912
0.209923
0.209934
0.209944
0.209955
0.209966
0.209977
0.209987
0.209998
0.210009
0.210019
0.21003
0.210041
0.210052
0.210062
0.210073
0.210084
0.210094
0.210105
0.210116
0.210127
0.210137
0.210148
0.210159
0.21017
0.21018
0.210191
0.210202
0.210213
0.210223
0.210234
0.210245
0.210255
0.210266
0.210277
0.210288
0.210298
0.210309
0.21032
0.210331
0.210341
0.210352
0.210363
0.210374
0.210384
0.210395
0.210406
0.210417
0.210427
0.210438
0.210449
0.21046
0.21047
0.210481
0.210492
0.210503
0.210513
0.210524
0.210535
0.210546
0.210556
0.210567
0.210578
0.210589
0.210599
0.21061
0.210621
0.210632
0.210642
0.210653
0.210664
0.210675
0.210685
0.210696
0.210707
0.210718
0.210728
0.210739
0.21075
0.210761
0.210771
0.210782
0.210793
0.210804
0.210815
0.210825
0.210836
0.210847
0.210858
0.210868
0.210879
0.21089
0.210901
0.210911
0.210922
0.210933
0.210944
0.210955
0.210965
0.210976
0.210987
0.210998
0.211008
0.211019
0.21103
0.211041
0.211052
0.211062
0.211073
0.211084
0.211095
0.211106
0.211116
0.211127
0.211138
0.211149
0.211159
0.21117
0.211181
0.211192
0.211203
0.211213
0.211224
0.211235
0.211246
0.211257
0.211267
0.211278
0.211289
0.2113
0.211311
0.211321
0.211332
0.211343
0.211354
0.211365
0.211375
0.211386
0.211397
0.211408
0.211419
0.211429
0.21144
0.211451
0.211462
0.211473
0.211483
0.211494
0.211505
0.211516
0.211527
0.211537
0.211548
0.211559
0.21157
0.211581
0.211592
0.211602
0.211613
0.211624
0.211635
0.211646
0.211656
0.211667
0.211678
0.211689
0.2117
0.211711
0.211721
0.211732
0.211743
0.211754
0.211765
0.211776
0.211786
0.211797
0.211808
0.211819
0.21183
0.21184
0.211851
0.211862
0.211873
0.211884
0.211895
0.211905
0.211916
0.211927
0.211938
0.211949
0.21196
0.21197
0.211981
0.211992
0.212003
0.212014
0.212025
0.212036
0.212046
0.212057
0.212068
0.212079
0.21209
0.212101
0.212111
0.212122
0.212133
0.212144
0.212155
0.212166
0.212177
0.212187
0.212198
0.212209
0.21222
0.212231
0.212242
0.212252
0.212263
0.212274
0.212285
0.212296
0.212307
0.212318
0.212328
0.212339
0.21235
0.212361
0.212372
0.212383
0.212394
0.212404
0.212415
0.212426
0.212437
0.212448
0.212459
0.21247
0.212481
0.212491
0.212502
0.212513
0.212524
0.212535
0.212546
0.212557
0.212568
0.212578
0.212589
0.2126
0.212611
0.212622
0.212633
0.212644
0.212655
0.212665
0.212676
0.212687
0.212698
0.212709
0.21272
0.212731
0.212742
0.212752
0.212763
0.212774
0.212785
0.212796
0.212807
0.212818
0.212829
0.21284
0.21285
0.212861
0.212872
0.212883
0.212894
0.212905
0.212916
0.212927
0.212938
0.212948
0.212959
0.21297
0.212981
0.212992
0.213003
0.213014
0.213025
0.213036
0.213047
0.213057
0.213068
0.213079
0.21309
0.213101
0.213112
0.213123
0.213134
0.213145
0.213156
0.213166
0.213177
0.213188
0.213199
0.21321
0.213221
0.213232
0.213243
0.213254
0.213265
0.213276
0.213287
0.213297
0.213308
0.213319
0.21333
0.213341
0.213352
0.213363
0.213374
0.213385
0.213396
0.213407
0.213418
0.213428
0.213439
0.21345
0.213461
0.213472
0.213483
0.213494
0.213505
0.213516
0.213527
0.213538
0.213549
0.21356
0.213571
0.213581
0.213592
0.213603
0.213614
0.213625
0.213636
0.213647
0.213658
0.213669
0.21368
0.213691
0.213702
0.213713
0.213724
0.213735
0.213746
0.213756
0.213767
0.213778
0.213789
0.2138
0.213811
0.213822
0.213833
0.213844
0.213855
0.213866
0.213877
0.213888
0.213899
0.21391
0.213921
0.213932
0.213943
0.213954
0.213965
0.213975
0.213986
0.213997
0.214008
0.214019
0.21403
0.214041
0.214052
0.214063
0.214074
0.214085
0.214096
0.214107
0.214118
0.214129
0.21414
0.214151
0.214162
0.214173
0.214184
0.214195
0.214206
0.214217
0.214228
0.214239
0.21425
0.214261
0.214271
0.214282
0.214293
0.214304
0.214315
0.214326
0.214337
0.214348
0.214359
0.21437
0.214381
0.214392
0.214403
0.214414
0.214425
0.214436
0.214447
0.214458
0.214469
0.21448
0.214491
0.214502
0.214513
0.214524
0.214535
0.214546
0.214557
0.214568
0.214579
0.21459
0.214601
0.214612
0.214623
0.214634
0.214645
0.214656
0.214667
0.214678
0.214689
0.2147
0.214711
0.214722
0.214733
0.214744
0.214755
0.214766
0.214777
0.214788
0.214799
0.21481
0.214821
0.214832
0.214843
0.214854
0.214865
0.214876
0.214887
0.214898
0.214909
0.21492
0.214931
0.214942
0.214953
0.214964
0.214975
0.214986
0.214997
0.215008
0.215019
0.21503
0.215041
0.215052
0.215063
0.215074
0.215085
0.215096
0.215107
0.215118
0.215129
0.21514
0.215151
0.215162
0.215173
0.215185
0.215196
0.215207
0.215218
0.215229
0.21524
0.215251
0.215262
0.215273
0.215284
0.215295
0.215306
0.215317
0.215328
0.215339
0.21535
0.215361
0.215372
0.215383
0.215394
0.215405
0.215416
0.215427
0.215438
0.215449
0.21546
0.215471
0.215482
0.215494
0.215505
0.215516
0.215527
0.215538
0.215549
0.21556
0.215571
0.215582
0.215593
0.215604
0.215615
0.215626
0.215637
0.215648
0.215659
0.21567
0.215681
0.215692
0.215704
0.215715
0.215726
0.215737
0.215748
0.215759
0.21577
0.215781
0.215792
0.215803
0.215814
0.215825
0.215836
0.215847
0.215858
0.215869
0.215881
0.215892
0.215903
0.215914
0.215925
0.215936
0.215947
0.215958
0.215969
0.21598
0.215991
0.216002
0.216013
0.216024
0.216036
0.216047
0.216058
0.216069
0.21608
0.216091
0.216102
0.216113
0.216124
0.216135
0.216146
0.216157
0.216169
0.21618
0.216191
0.216202
0.216213
0.216224
0.216235
0.216246
0.216257
0.216268
0.216279
0.21629
0.216302
0.216313
0.216324
0.216335
0.216346
0.216357
0.216368
0.216379
0.21639
0.216401
0.216413
0.216424
0.216435
0.216446
0.216457
0.216468
0.216479
0.21649
0.216501
0.216512
0.216524
0.216535
0.216546
0.216557
0.216568
0.216579
0.21659
0.216601
0.216612
0.216624
0.216635
0.216646
0.216657
0.216668
0.216679
0.21669
0.216701
0.216712
0.216724
0.216735
0.216746
0.216757
0.216768
0.216779
0.21679
0.216801
0.216813
0.216824
0.216835
0.216846
0.216857
0.216868
0.216879
0.21689
0.216902
0.216913
0.216924
0.216935
0.216946
0.216957
0.216968
0.216979
0.216991
0.217002
0.217013
0.217024
0.217035
0.217046
0.217057
0.217069
0.21708
0.217091
0.217102
0.217113
0.217124
0.217135
0.217147
0.217158
0.217169
0.21718
0.217191
0.217202
0.217213
0.217225
0.217236
0.217247
0.217258
0.217269
0.21728
0.217291
0.217303
0.217314
0.217325
0.217336
0.217347
0.217358
0.21737
0.217381
0.217392
0.217403
0.217414
0.217425
0.217436
0.217448
0.217459
0.21747
0.217481
0.217492
0.217503
0.217515
0.217526
0.217537
0.217548
0.217559
0.21757
0.217582
0.217593
0.217604
0.217615
0.217626
0.217637
0.217649
0.21766
0.217671
0.217682
0.217693
0.217705
0.217716
0.217727
0.217738
0.217749
0.21776
0.217772
0.217783
0.217794
0.217805
0.217816
0.217828
0.217839
0.21785
0.217861
0.217872
0.217883
0.217895
0.217906
0.217917
0.217928
0.217939
0.217951
0.217962
0.217973
0.217984
0.217995
0.218007
0.218018
0.218029
0.21804
0.218051
0.218062
0.218074
0.218085
0.218096
0.218107
0.218118
0.21813
0.218141
0.218152
0.218163
0.218175
0.218186
0.218197
0.218208
0.218219
0.218231
0.218242
0.218253
0.218264
0.218275
0.218287
0.218298
0.218309
0.21832
0.218331
0.218343
0.218354
0.218365
0.218376
0.218387
0.218399
0.21841
0.218421
0.218432
0.218444
0.218455
0.218466
0.218477
0.218488
0.2185
0.218511
0.218522
0.218533
0.218545
0.218556
0.218567
0.218578
0.218589
0.218601
0.218612
0.218623
0.218634
0.218646
0.218657
0.218668
0.218679
0.218691
0.218702
0.218713
0.218724
0.218736
0.218747
0.218758
0.218769
0.21878
0.218792
0.218803
0.218814
0.218825
0.218837
0.218848
0.218859
0.21887
0.218882
0.218893
0.218904
0.218915
0.218927
0.218938
0.218949
0.21896
0.218972
0.218983
0.218994
0.219005
0.219017
0.219028
0.219039
0.21905
0.219062
0.219073
0.219084
0.219095
0.219107
0.219118
0.219129
0.21914
0.219152
0.219163
0.219174
0.219185
0.219197
0.219208
0.219219
0.219231
0.219242
0.219253
0.219264
0.219276
0.219287
0.219298
0.219309
0.219321
0.219332
0.219343
0.219355
0.219366
0.219377
0.219388
0.2194
0.219411
0.219422
0.219433
0.219445
0.219456
0.219467
0.219479
0.21949
0.219501
0.219512
0.219524
0.219535
0.219546
0.219558
0.219569
0.21958
0.219591
0.219603
0.219614
0.219625
0.219637
0.219648
0.219659
0.21967
0.219682
0.219693
0.219704
0.219716
0.219727
0.219738
0.219749
0.219761
0.219772
0.219783
0.219795
0.219806
0.219817
0.219829
0.21984
0.219851
0.219862
0.219874
0.219885
0.219896
0.219908
0.219919
0.21993
0.219942
0.219953
0.219964
0.219976
0.219987
0.219998
0.220009
0.220021
0.220032
0.220043
0.220055
0.220066
0.220077
0.220089
0.2201
0.220111
0.220123
0.220134
0.220145
0.220157
0.220168
0.220179
0.220191
0.220202
0.220213
0.220224
0.220236
0.220247
0.220258
0.22027
0.220281
0.220292
0.220304
0.220315
0.220326
0.220338
0.220349
0.22036
0.220372
0.220383
0.220394
0.220406
0.220417
0.220428
0.22044
0.220451
0.220462
0.220474
0.220485
0.220496
0.220508
0.220519
0.22053
0.220542
0.220553
0.220564
0.220576
0.220587
0.220599
0.22061
0.220621
0.220633
0.220644
0.220655
0.220667
0.220678
0.220689
0.220701
0.220712
0.220723
0.220735
0.220746
0.220757
0.220769
0.22078
0.220792
0.220803
0.220814
0.220826
0.220837
0.220848
0.22086
0.220871
0.220882
0.220894
0.220905
0.220916
0.220928
0.220939
0.220951
0.220962
0.220973
0.220985
0.220996
0.221007
0.221019
0.22103
0.221042
0.221053
0.221064
0.221076
0.221087
0.221098
0.22111
0.221121
0.221133
0.221144
0.221155
0.221167
0.221178
0.221189
0.221201
0.221212
0.221224
0.221235
0.221246
0.221258
0.221269
0.22128
0.221292
0.221303
0.221315
0.221326
0.221337
0.221349
0.22136
0.221372
0.221383
0.221394
0.221406
0.221417
0.221429
0.22144
0.221451
0.221463
0.221474
0.221486
0.221497
0.221508
0.22152
0.221531
0.221543
0.221554
0.221565
0.221577
0.221588
0.2216
0.221611
0.221622
0.221634
0.221645
0.221657
0.221668
0.221679
0.221691
0.221702
0.221714
0.221725
0.221736
0.221748
0.221759
0.221771
0.221782
0.221793
0.221805
0.221816
0.221828
0.221839
0.221851
0.221862
0.221873
0.221885
0.221896
0.221908
0.221919
0.221931
0.221942
0.221953
0.221965
0.221976
0.221988
0.221999
0.22201
0.222022
0.222033
0.222045
0.222056
0.222068
0.222079
0.222091
0.222102
0.222113
0.222125
0.222136
0.222148
0.222159
0.222171
0.222182
0.222193
0.222205
0.222216
0.222228
0.222239
0.222251
0.222262
0.222274
0.222285
0.222296
0.222308
0.222319
0.222331
0.222342
0.222354
0.222365
0.222377
0.222388
0.222399
0.222411
0.222422
0.222434
0.222445
0.222457
0.222468
0.22248
0.222491
0.222503
0.222514
0.222525
0.222537
0.222548
0.22256
0.222571
0.222583
0.222594
0.222606
0.222617
0.222629
0.22264
0.222652
0.222663
0.222674
0.222686
0.222697
0.222709
0.22272
0.222732
0.222743
0.222755
0.222766
0.222778
0.222789
0.222801
0.222812
0.222824
0.222835
0.222847
0.222858
0.222869
0.222881
0.222892
0.222904
0.222915
0.222927
0.222938
0.22295
0.222961
0.222973
0.222984
0.222996
0.223007
0.223019
0.22303
0.223042
0.223053
0.223065
0.223076
0.223088
0.223099
0.223111
0.223122
0.223134
0.223145
0.223157
0.223168
0.22318
0.223191
0.223203
0.223214
0.223226
0.223237
0.223249
0.22326
0.223272
0.223283
0.223295
0.223306
0.223318
0.223329
0.223341
0.223352
0.223364
0.223375
0.223387
0.223398
0.22341
0.223421
0.223433
0.223444
0.223456
0.223467
0.223479
0.22349
0.223502
0.223513
0.223525
0.223536
0.223548
0.223559
0.223571
0.223582
0.223594
0.223605
0.223617
0.223628
0.22364
0.223652
0.223663
0.223675
0.223686
0.223698
0.223709
0.223721
0.223732
0.223744
0.223755
0.223767
0.223778
0.22379
0.223801
0.223813
0.223824
0.223836
0.223848
0.223859
0.223871
0.223882
0.223894
0.223905
0.223917
0.223928
0.22394
0.223951
0.223963
0.223974
0.223986
0.223998
0.224009
0.224021
0.224032
0.224044
0.224055
0.224067
0.224078
0.22409
0.224101
0.224113
0.224125
0.224136
0.224148
0.224159
0.224171
0.224182
0.224194
0.224205
0.224217
0.224229
0.22424
0.224252
0.224263
0.224275
0.224286
0.224298
0.224309
0.224321
0.224333
0.224344
0.224356
0.224367
0.224379
0.22439
0.224402
0.224414
0.224425
0.224437
0.224448
0.22446
0.224471
0.224483
0.224495
0.224506
0.224518
0.224529
0.224541
0.224552
0.224564
0.224576
0.224587
0.224599
0.22461
0.224622
0.224633
0.224645
0.224657
0.224668
0.22468
0.224691
0.224703
0.224715
0.224726
0.224738
0.224749
0.224761
0.224772
0.224784
0.224796
0.224807
0.224819
0.22483
0.224842
0.224854
0.224865
0.224877
0.224888
0.2249
0.224912
0.224923
0.224935
0.224946
0.224958
0.22497
0.224981
0.224993
0.225004
0.225016
0.225028
0.225039
0.225051
0.225062
0.225074
0.225086
0.225097
0.225109
0.22512
0.225132
0.225144
0.225155
0.225167
0.225178
0.22519
0.225202
0.225213
0.225225
0.225237
0.225248
0.22526
0.225271
0.225283
0.225295
0.225306
0.225318
0.22533
0.225341
0.225353
0.225364
0.225376
0.225388
0.225399
0.225411
0.225423
0.225434
0.225446
0.225457
0.225469
0.225481
0.225492
0.225504
0.225516
0.225527
0.225539
0.22555
0.225562
0.225574
0.225585
0.225597
0.225609
0.22562
0.225632
0.225644
0.225655
0.225667
0.225678
0.22569
0.225702
0.225713
0.225725
0.225737
0.225748
0.22576
0.225772
0.225783
0.225795
0.225807
0.225818
0.22583
0.225841
0.225853
0.225865
0.225876
0.225888
0.2259
0.225911
0.225923
0.225935
0.225946
0.225958
0.22597
0.225981
0.225993
0.226005
0.226016
0.226028
0.22604
0.226051
0.226063
0.226075
0.226086
0.226098
0.22611
0.226121
0.226133
0.226145
0.226156
0.226168
0.22618
0.226191
0.226203
0.226215
0.226226
0.226238
0.22625
0.226261
0.226273
0.226285
0.226296
0.226308
0.22632
0.226331
0.226343
0.226355
0.226366
0.226378
0.22639
0.226402
0.226413
0.226425
0.226437
0.226448
0.22646
0.226472
0.226483
0.226495
0.226507
0.226518
0.22653
0.226542
0.226553
0.226565
0.226577
0.226589
0.2266
0.226612
0.226624
0.226635
0.226647
0.226659
0.22667
0.226682
0.226694
0.226706
0.226717
0.226729
0.226741
0.226752
0.226764
0.226776
0.226787
0.226799
0.226811
0.226823
0.226834
0.226846
0.226858
0.226869
0.226881
0.226893
0.226905
0.226916
0.226928
0.22694
0.226951
0.226963
0.226975
0.226987
0.226998
0.22701
0.227022
0.227033
0.227045
0.227057
0.227069
0.22708
0.227092
0.227104
0.227115
0.227127
0.227139
0.227151
0.227162
0.227174
0.227186
0.227198
0.227209
0.227221
0.227233
0.227245
0.227256
0.227268
0.22728
0.227291
0.227303
0.227315
0.227327
0.227338
0.22735
0.227362
0.227374
0.227385
0.227397
0.227409
0.227421
0.227432
0.227444
0.227456
0.227468
0.227479
0.227491
0.227503
0.227515
0.227526
0.227538
0.22755
0.227562
0.227573
0.227585
0.227597
0.227609
0.22762
0.227632
0.227644
0.227656
0.227667
0.227679
0.227691
0.227703
0.227714
0.227726
0.227738
0.22775
0.227761
0.227773
0.227785
0.227797
0.227808
0.22782
0.227832
0.227844
0.227856
0.227867
0.227879
0.227891
0.227903
0.227914
0.227926
0.227938
0.22795
0.227961
0.227973
0.227985
0.227997
0.228009
0.22802
0.228032
0.228044
0.228056
0.228067
0.228079
0.228091
0.228103
0.228115
0.228126
0.228138
0.22815
0.228162
0.228173
0.228185
0.228197
0.228209
0.228221
0.228232
0.228244
0.228256
0.228268
0.22828
0.228291
0.228303
0.228315
0.228327
0.228339
0.22835
0.228362
0.228374
0.228386
0.228398
0.228409
0.228421
0.228433
0.228445
0.228457
0.228468
0.22848
0.228492
0.228504
0.228516
0.228527
0.228539
0.228551
0.228563
0.228575
0.228586
0.228598
0.22861
0.228622
0.228634
0.228645
0.228657
0.228669
0.228681
0.228693
0.228705
0.228716
0.228728
0.22874
0.228752
0.228764
0.228775
0.228787
0.228799
0.228811
0.228823
0.228835
0.228846
0.228858
0.22887
0.228882
0.228894
0.228906
0.228917
0.228929
0.228941
0.228953
0.228965
0.228977
0.228988
0.229
0.229012
0.229024
0.229036
0.229048
0.229059
0.229071
0.229083
0.229095
0.229107
0.229119
0.22913
0.229142
0.229154
0.229166
0.229178
0.22919
0.229201
0.229213
0.229225
0.229237
0.229249
0.229261
0.229273
0.229284
0.229296
0.229308
0.22932
0.229332
0.229344
0.229356
0.229367
0.229379
0.229391
0.229403
0.229415
0.229427
0.229439
0.22945
0.229462
0.229474
0.229486
0.229498
0.22951
0.229522
0.229533
0.229545
0.229557
0.229569
0.229581
0.229593
0.229605
0.229617
0.229628
0.22964
0.229652
0.229664
0.229676
0.229688
0.2297
0.229711
0.229723
0.229735
0.229747
0.229759
0.229771
0.229783
0.229795
0.229807
0.229818
0.22983
0.229842
0.229854
0.229866
0.229878
0.22989
0.229902
0.229913
0.229925
0.229937
0.229949
0.229961
0.229973
0.229985
0.229997
0.230009
0.23002
0.230032
0.230044
0.230056
0.230068
0.23008
0.230092
0.230104
0.230116
0.230128
0.230139
0.230151
0.230163
0.230175
0.230187
0.230199
0.230211
0.230223
0.230235
0.230247
0.230258
0.23027
0.230282
0.230294
0.230306
0.230318
0.23033
0.230342
0.230354
0.230366
0.230378
0.23039
0.230401
0.230413
0.230425
0.230437
0.230449
0.230461
0.230473
0.230485
0.230497
0.230509
0.230521
0.230533
0.230544
0.230556
0.230568
0.23058
0.230592
0.230604
0.230616
0.230628
0.23064
0.230652
0.230664
0.230676
0.230688
0.2307
0.230711
0.230723
0.230735
0.230747
0.230759
0.230771
0.230783
0.230795
0.230807
0.230819
0.230831
0.230843
0.230855
0.230867
0.230879
0.230891
0.230902
0.230914
0.230926
0.230938
0.23095
0.230962
0.230974
0.230986
0.230998
0.23101
0.231022
0.231034
0.231046
0.231058
0.23107
0.231082
0.231094
0.231106
0.231118
0.23113
0.231142
0.231153
0.231165
0.231177
0.231189
0.231201
0.231213
0.231225
0.231237
0.231249
0.231261
0.231273
0.231285
0.231297
0.231309
0.231321
0.231333
0.231345
0.231357
0.231369
0.231381
0.231393
0.231405
0.231417
0.231429
0.231441
0.231453
0.231465
0.231477
0.231489
0.231501
0.231513
0.231525
0.231537
0.231549
0.23156
0.231572
0.231584
0.231596
0.231608
0.23162
0.231632
0.231644
0.231656
0.231668
0.23168
0.231692
0.231704
0.231716
0.231728
0.23174
0.231752
0.231764
0.231776
0.231788
0.2318
0.231812
0.231824
0.231836
0.231848
0.23186
0.231872
0.231884
0.231896
0.231908
0.23192
0.231932
0.231944
0.231956
0.231968
0.23198
0.231992
0.232004
0.232016
0.232028
0.23204
0.232052
0.232064
0.232076
0.232088
0.2321
0.232112
0.232124
0.232136
0.232148
0.232161
0.232173
0.232185
0.232197
0.232209
0.232221
0.232233
0.232245
0.232257
0.232269
0.232281
0.232293
0.232305
0.232317
0.232329
0.232341
0.232353
0.232365
0.232377
0.232389
0.232401
0.232413
0.232425
0.232437
0.232449
0.232461
0.232473
0.232485
0.232497
0.232509
0.232521
0.232533
0.232545
0.232557
0.23257
0.232582
0.232594
0.232606
0.232618
0.23263
0.232642
0.232654
0.232666
0.232678
0.23269
0.232702
0.232714
0.232726
0.232738
0.23275
0.232762
0.232774
0.232786
0.232798
0.23281
0.232823
0.232835
0.232847
0.232859
0.232871
0.232883
0.232895
0.232907
0.232919
0.232931
0.232943
0.232955
0.232967
0.232979
0.232991
0.233003
0.233016
0.233028
0.23304
0.233052
0.233064
0.233076
0.233088
0.2331
0.233112
0.233124
0.233136
0.233148
0.23316
0.233172
0.233185
0.233197
0.233209
0.233221
0.233233
0.233245
0.233257
0.233269
0.233281
0.233293
0.233305
0.233317
0.23333
0.233342
0.233354
0.233366
0.233378
0.23339
0.233402
0.233414
0.233426
0.233438
0.23345
0.233462
0.233475
0.233487
0.233499
0.233511
0.233523
0.233535
0.233547
0.233559
0.233571
0.233583
0.233596
0.233608
0.23362
0.233632
0.233644
0.233656
0.233668
0.23368
0.233692
0.233704
0.233717
0.233729
0.233741
0.233753
0.233765
0.233777
0.233789
0.233801
0.233813
0.233826
0.233838
0.23385
0.233862
0.233874
0.233886
0.233898
0.23391
0.233923
0.233935
0.233947
0.233959
0.233971
0.233983
0.233995
0.234007
0.23402
0.234032
0.234044
0.234056
0.234068
0.23408
0.234092
0.234104
0.234117
0.234129
0.234141
0.234153
0.234165
0.234177
0.234189
0.234201
0.234214
0.234226
0.234238
0.23425
0.234262
0.234274
0.234286
0.234299
0.234311
0.234323
0.234335
0.234347
0.234359
0.234371
0.234384
0.234396
0.234408
0.23442
0.234432
0.234444
0.234456
0.234469
0.234481
0.234493
0.234505
0.234517
0.234529
0.234542
0.234554
0.234566
0.234578
0.23459
0.234602
0.234614
0.234627
0.234639
0.234651
0.234663
0.234675
0.234687
0.2347
0.234712
0.234724
0.234736
0.234748
0.23476
0.234773
0.234785
0.234797
0.234809
0.234821
0.234833
0.234846
0.234858
0.23487
0.234882
0.234894
0.234906
0.234919
0.234931
0.234943
0.234955
0.234967
0.23498
0.234992
0.235004
0.235016
0.235028
0.23504
0.235053
0.235065
0.235077
0.235089
0.235101
0.235114
0.235126
0.235138
0.23515
0.235162
0.235175
0.235187
0.235199
0.235211
0.235223
0.235236
0.235248
0.23526
0.235272
0.235284
0.235296
0.235309
0.235321
0.235333
0.235345
0.235357
0.23537
0.235382
0.235394
0.235406
0.235419
0.235431
0.235443
0.235455
0.235467
0.23548
0.235492
0.235504
0.235516
0.235528
0.235541
0.235553
0.235565
0.235577
0.235589
0.235602
0.235614
0.235626
0.235638
0.235651
0.235663
0.235675
0.235687
0.235699
0.235712
0.235724
0.235736
0.235748
0.235761
0.235773
0.235785
0.235797
0.235809
0.235822
0.235834
0.235846
0.235858
0.235871
0.235883
0.235895
0.235907
0.23592
0.235932
0.235944
0.235956
0.235968
0.235981
0.235993
0.236005
0.236017
0.23603
0.236042
0.236054
0.236066
0.236079
0.236091
0.236103
0.236115
0.236128
0.23614
0.236152
0.236164
0.236177
0.236189
0.236201
0.236213
0.236226
0.236238
0.23625
0.236262
0.236275
0.236287
0.236299
0.236311
0.236324
0.236336
0.236348
0.23636
0.236373
0.236385
0.236397
0.236409
0.236422
0.236434
0.236446
0.236458
0.236471
0.236483
0.236495
0.236508
0.23652
0.236532
0.236544
0.236557
0.236569
0.236581
0.236593
0.236606
0.236618
0.23663
0.236643
0.236655
0.236667
0.236679
0.236692
0.236704
0.236716
0.236729
0.236741
0.236753
0.236765
0.236778
0.23679
0.236802
0.236814
0.236827
0.236839
0.236851
0.236864
0.236876
0.236888
0.236901
0.236913
0.236925
0.236937
0.23695
0.236962
0.236974
0.236987
0.236999
0.237011
0.237023
0.237036
0.237048
0.23706
0.237073
0.237085
0.237097
0.23711
0.237122
0.237134
0.237146
0.237159
0.237171
0.237183
0.237196
0.237208
0.23722
0.237233
0.237245
0.237257
0.23727
0.237282
0.237294
0.237306
0.237319
0.237331
0.237343
0.237356
0.237368
0.23738
0.237393
0.237405
0.237417
0.23743
0.237442
0.237454
0.237467
0.237479
0.237491
0.237504
0.237516
0.237528
0.237541
0.237553
0.237565
0.237578
0.23759
0.237602
0.237615
0.237627
0.237639
0.237652
0.237664
0.237676
0.237689
0.237701
0.237713
0.237726
0.237738
0.23775
0.237763
0.237775
0.237787
0.2378
0.237812
0.237824
0.237837
0.237849
0.237861
0.237874
0.237886
0.237898
0.237911
0.237923
0.237935
0.237948
0.23796
0.237972
0.237985
0.237997
0.238009
0.238022
0.238034
0.238047
0.238059
0.238071
0.238084
0.238096
0.238108
0.238121
0.238133
0.238145
0.238158
0.23817
0.238183
0.238195
0.238207
0.23822
0.238232
0.238244
0.238257
0.238269
0.238281
0.238294
0.238306
0.238319
0.238331
0.238343
0.238356
0.238368
0.23838
0.238393
0.238405
0.238418
0.23843
0.238442
0.238455
0.238467
0.238479
0.238492
0.238504
0.238517
0.238529
0.238541
0.238554
0.238566
0.238579
0.238591
0.238603
0.238616
0.238628
0.23864
0.238653
0.238665
0.238678
0.23869
0.238702
0.238715
0.238727
0.23874
0.238752
0.238764
0.238777
0.238789
0.238802
0.238814
0.238826
0.238839
0.238851
0.238864
0.238876
0.238888
0.238901
0.238913
0.238926
0.238938
0.23895
0.238963
0.238975
0.238988
0.239
0.239013
0.239025
0.239037
0.23905
0.239062
0.239075
0.239087
0.239099
0.239112
0.239124
0.239137
0.239149
0.239161
0.239174
0.239186
0.239199
0.239211
0.239224
0.239236
0.239248
0.239261
0.239273
0.239286
0.239298
0.239311
0.239323
0.239335
0.239348
0.23936
0.239373
0.239385
0.239398
0.23941
0.239422
0.239435
0.239447
0.23946
0.239472
0.239485
0.239497
0.23951
0.239522
0.239534
0.239547
0.239559
0.239572
0.239584
0.239597
0.239609
0.239622
0.239634
0.239646
0.239659
0.239671
0.239684
0.239696
0.239709
0.239721
0.239734
0.239746
0.239759
0.239771
0.239783
0.239796
0.239808
0.239821
0.239833
0.239846
0.239858
0.239871
0.239883
0.239896
0.239908
0.23992
0.239933
0.239945
0.239958
0.23997
0.239983
0.239995
0.240008
0.24002
0.240033
0.240045
0.240058
0.24007
0.240083
0.240095
0.240107
0.24012
0.240132
0.240145
0.240157
0.24017
0.240182
0.240195
0.240207
0.24022
0.240232
0.240245
0.240257
0.24027
0.240282
0.240295
0.240307
0.24032
0.240332
0.240345
0.240357
0.24037
0.240382
0.240395
0.240407
0.24042
0.240432
0.240445
0.240457
0.240469
0.240482
0.240494
0.240507
0.240519
0.240532
0.240544
0.240557
0.240569
0.240582
0.240594
0.240607
0.240619
0.240632
0.240645
0.240657
0.24067
0.240682
0.240695
0.240707
0.24072
0.240732
0.240745
0.240757
0.24077
0.240782
0.240795
0.240807
0.24082
0.240832
0.240845
0.240857
0.24087
0.240882
0.240895
0.240907
0.24092
0.240932
0.240945
0.240957
0.24097
0.240983
0.240995
0.241008
0.24102
0.241033
0.241045
0.241058
0.24107
0.241083
0.241095
0.241108
0.24112
0.241133
0.241145
0.241158
0.24117
0.241183
0.241195
0.241208
0.241221
0.241233
0.241246
0.241258
0.241271
0.241283
0.241296
0.241308
0.241321
0.241333
0.241346
0.241358
0.241371
0.241384
0.241396
0.241409
0.241421
0.241434
0.241446
0.241459
0.241472
0.241484
0.241497
0.241509
0.241522
0.241534
0.241547
0.241559
0.241572
0.241585
0.241597
0.24161
0.241622
0.241635
0.241647
0.24166
0.241672
0.241685
0.241697
0.24171
0.241723
0.241735
0.241748
0.24176
0.241773
0.241786
0.241798
0.241811
0.241823
0.241836
0.241848
0.241861
0.241873
0.241886
0.241899
0.241911
0.241924
0.241936
0.241949
0.241961
0.241974
0.241987
0.241999
0.242012
0.242025
0.242037
0.24205
0.242062
0.242075
0.242087
0.2421
0.242113
0.242125
0.242138
0.24215
0.242163
0.242176
0.242188
0.242201
0.242213
0.242226
0.242238
0.242251
0.242264
0.242276
0.242289
0.242302
0.242314
0.242327
0.242339
0.242352
0.242364
0.242377
0.24239
0.242402
0.242415
0.242428
0.24244
0.242453
0.242465
0.242478
0.242491
0.242503
0.242516
0.242529
0.242541
0.242554
0.242566
0.242579
0.242591
0.242604
0.242617
0.242629
0.242642
0.242655
0.242667
0.24268
0.242692
0.242705
0.242718
0.24273
0.242743
0.242756
0.242768
0.242781
0.242793
0.242806
0.242819
0.242831
0.242844
0.242857
0.242869
0.242882
0.242894
0.242907
0.24292
0.242933
0.242945
0.242958
0.24297
0.242983
0.242995
0.243008
0.243021
0.243034
0.243046
0.243059
0.243072
0.243084
0.243097
0.243109
0.243122
0.243135
0.243147
0.24316
0.243173
0.243185
0.243198
0.243211
0.243223
0.243236
0.243249
0.243261
0.243274
0.243287
0.243299
0.243312
0.243325
0.243337
0.24335
0.243362
0.243375
0.243388
0.2434
0.243413
0.243426
0.243438
0.243451
0.243464
0.243476
0.243489
0.243502
0.243514
0.243527
0.24354
0.243552
0.243565
0.243578
0.24359
0.243603
0.243616
0.243628
0.243641
0.243654
0.243667
0.243679
0.243692
0.243705
0.243717
0.24373
0.243743
0.243755
0.243768
0.243781
0.243793
0.243806
0.243819
0.243831
0.243844
0.243857
0.243869
0.243882
0.243895
0.243908
0.24392
0.243933
0.243946
0.243958
0.243971
0.243984
0.243996
0.244009
0.244022
0.244035
0.244047
0.24406
0.244073
0.244085
0.244098
0.244111
0.244123
0.244136
0.244149
0.244161
0.244174
0.244187
0.2442
0.244212
0.244225
0.244238
0.24425
0.244263
0.244276
0.244289
0.244301
0.244314
0.244327
0.244339
0.244352
0.244365
0.244378
0.24439
0.244403
0.244416
0.244428
0.244441
0.244454
0.244467
0.244479
0.244492
0.244505
0.244518
0.24453
0.244543
0.244556
0.244568
0.244581
0.244594
0.244607
0.244619
0.244632
0.244645
0.244658
0.24467
0.244683
0.244696
0.244709
0.244721
0.244734
0.244747
0.244759
0.244772
0.244785
0.244798
0.24481
0.244823
0.244836
0.244849
0.244861
0.244874
0.244887
0.2449
0.244912
0.244925
0.244938
0.244951
0.244963
0.244976
0.244989
0.245002
0.245014
0.245027
0.24504
0.245053
0.245065
0.245078
0.245091
0.245104
0.245116
0.245129
0.245142
0.245155
0.245168
0.24518
0.245193
0.245206
0.245219
0.245231
0.245244
0.245257
0.24527
0.245282
0.245295
0.245308
0.245321
0.245334
0.245346
0.245359
0.245372
0.245385
0.245397
0.24541
0.245423
0.245436
0.245449
0.245461
0.245474
0.245487
0.2455
0.245512
0.245525
0.245538
0.245551
0.245564
0.245576
0.245589
0.245602
0.245615
0.245627
0.24564
0.245653
0.245666
0.245679
0.245691
0.245704
0.245717
0.24573
0.245743
0.245755
0.245768
0.245781
0.245794
0.245807
0.245819
0.245832
0.245845
0.245858
0.245871
0.245883
0.245896
0.245909
0.245922
0.245935
0.245947
0.24596
0.245973
0.245986
0.245999
0.246011
0.246024
0.246037
0.24605
0.246063
0.246076
0.246088
0.246101
0.246114
0.246127
0.24614
0.246152
0.246165
0.246178
0.246191
0.246204
0.246217
0.246229
0.246242
0.246255
0.246268
0.246281
0.246294
0.246306
0.246319
0.246332
0.246345
0.246358
0.24637
0.246383
0.246396
0.246409
0.246422
0.246435
0.246447
0.24646
0.246473
0.246486
0.246499
0.246512
0.246525
0.246537
0.24655
0.246563
0.246576
0.246589
0.246602
0.246614
0.246627
0.24664
0.246653
0.246666
0.246679
0.246692
0.246704
0.246717
0.24673
0.246743
0.246756
0.246769
0.246781
0.246794
0.246807
0.24682
0.246833
0.246846
0.246859
0.246871
0.246884
0.246897
0.24691
0.246923
0.246936
0.246949
0.246962
0.246974
0.246987
0.247
0.247013
0.247026
0.247039
0.247052
0.247064
0.247077
0.24709
0.247103
0.247116
0.247129
0.247142
0.247155
0.247167
0.24718
0.247193
0.247206
0.247219
0.247232
0.247245
0.247258
0.24727
0.247283
0.247296
0.247309
0.247322
0.247335
0.247348
0.247361
0.247374
0.247386
0.247399
0.247412
0.247425
0.247438
0.247451
0.247464
0.247477
0.24749
0.247503
0.247515
0.247528
0.247541
0.247554
0.247567
0.24758
0.247593
0.247606
0.247619
0.247632
0.247644
0.247657
0.24767
0.247683
0.247696
0.247709
0.247722
0.247735
0.247748
0.247761
0.247773
0.247786
0.247799
0.247812
0.247825
0.247838
0.247851
0.247864
0.247877
0.24789
0.247903
0.247916
0.247928
0.247941
0.247954
0.247967
0.24798
0.247993
0.248006
0.248019
0.248032
0.248045
0.248058
0.248071
0.248084
0.248097
0.248109
0.248122
0.248135
0.248148
0.248161
0.248174
0.248187
0.2482
0.248213
0.248226
0.248239
0.248252
0.248265
0.248278
0.248291
0.248303
0.248316
0.248329
0.248342
0.248355
0.248368
0.248381
0.248394
0.248407
0.24842
0.248433
0.248446
0.248459
0.248472
0.248485
0.248498
0.248511
0.248524
0.248537
0.248549
0.248562
0.248575
0.248588
0.248601
0.248614
0.248627
0.24864
0.248653
0.248666
0.248679
0.248692
0.248705
0.248718
0.248731
0.248744
0.248757
0.24877
0.248783
0.248796
0.248809
0.248822
0.248835
0.248848
0.248861
0.248874
0.248887
0.2489
0.248913
0.248926
0.248938
0.248952
0.248964
0.248977
0.24899
0.249003
0.249016
0.249029
0.249042
0.249055
0.249068
0.249081
0.249094
0.249107
0.24912
0.249133
0.249146
0.249159
0.249172
0.249185
0.249198
0.249211
0.249224
0.249237
0.24925
0.249263
0.249276
0.249289
0.249302
0.249315
0.249328
0.249341
0.249354
0.249367
0.24938
0.249393
0.249406
0.249419
0.249432
0.249445
0.249458
0.249471
0.249484
0.249497
0.24951
0.249523
0.249536
0.249549
0.249562
0.249575
0.249588
0.249601
0.249614
0.249627
0.24964
0.249653
0.249666
0.249679
0.249692
0.249705
0.249719
0.249732
0.249745
0.249758
0.249771
0.249784
0.249797
0.24981
0.249823
0.249836
0.249849
0.249862
0.249875
0.249888
0.249901
0.249914
0.249927
0.24994
0.249953
0.249966
0.249979
0.249992
0.250005
0.250018
0.250031
0.250044
0.250057
0.25007
0.250083
0.250096
0.25011
0.250123
0.250136
0.250149
0.250162
0.250175
0.250188
0.250201
0.250214
0.250227
0.25024
0.250253
0.250266
0.250279
0.250292
0.250305
0.250318
0.250331
0.250344
0.250357
0.250371
0.250384
0.250397
0.25041
0.250423
0.250436
0.250449
0.250462
0.250475
0.250488
0.250501
0.250514
0.250527
0.25054
0.250553
0.250567
0.25058
0.250593
0.250606
0.250619
0.250632
0.250645
0.250658
0.250671
0.250684
0.250697
0.25071
0.250723
0.250737
0.25075
0.250763
0.250776
0.250789
0.250802
0.250815
0.250828
0.250841
0.250854
0.250867
0.25088
0.250894
0.250907
0.25092
0.250933
0.250946
0.250959
0.250972
0.250985
0.250998
0.251011
0.251024
0.251038
0.251051
0.251064
0.251077
0.25109
0.251103
0.251116
0.251129
0.251142
0.251155
0.251169
0.251182
0.251195
0.251208
0.251221
0.251234
0.251247
0.25126
0.251273
0.251287
0.2513
0.251313
0.251326
0.251339
0.251352
0.251365
0.251378
0.251391
0.251405
0.251418
0.251431
0.251444
0.251457
0.25147
0.251483
0.251496
0.25151
0.251523
0.251536
0.251549
0.251562
0.251575
0.251588
0.251601
0.251615
0.251628
0.251641
0.251654
0.251667
0.25168
0.251693
0.251706
0.25172
0.251733
0.251746
0.251759
0.251772
0.251785
0.251798
0.251812
0.251825
0.251838
0.251851
0.251864
0.251877
0.25189
0.251904
0.251917
0.25193
0.251943
0.251956
0.251969
0.251982
0.251996
0.252009
0.252022
0.252035
0.252048
0.252061
0.252075
0.252088
0.252101
0.252114
0.252127
0.25214
0.252154
0.252167
0.25218
0.252193
0.252206
0.252219
0.252232
0.252246
0.252259
0.252272
0.252285
0.252298
0.252311
0.252325
0.252338
0.252351
0.252364
0.252377
0.252391
0.252404
0.252417
0.25243
0.252443
0.252456
0.25247
0.252483
0.252496
0.252509
0.252522
0.252535
0.252549
0.252562
0.252575
0.252588
0.252601
0.252615
0.252628
0.252641
0.252654
0.252667
0.252681
0.252694
0.252707
0.25272
0.252733
0.252747
0.25276
0.252773
0.252786
0.252799
0.252812
0.252826
0.252839
0.252852
0.252865
0.252878
0.252892
0.252905
0.252918
0.252931
0.252945
0.252958
0.252971
0.252984
0.252997
0.253011
0.253024
0.253037
0.25305
0.253063
0.253077
0.25309
0.253103
0.253116
0.253129
0.253143
0.253156
0.253169
0.253182
0.253196
0.253209
0.253222
0.253235
0.253248
0.253262
0.253275
0.253288
0.253301
0.253315
0.253328
0.253341
0.253354
0.253368
0.253381
0.253394
0.253407
0.25342
0.253434
0.253447
0.25346
0.253473
0.253487
0.2535
0.253513
0.253526
0.25354
0.253553
0.253566
0.253579
0.253593
0.253606
0.253619
0.253632
0.253646
0.253659
0.253672
0.253685
0.253699
0.253712
0.253725
0.253738
0.253752
0.253765
0.253778
0.253791
0.253805
0.253818
0.253831
0.253845
0.253858
0.253871
0.253884
0.253898
0.253911
0.253924
0.253937
0.253951
0.253964
0.253977
0.253991
0.254004
0.254017
0.25403
0.254044
0.254057
0.25407
0.254084
0.254097
0.25411
0.254123
0.254137
0.25415
0.254163
0.254177
0.25419
0.254203
0.254216
0.25423
0.254243
0.254256
0.25427
0.254283
0.254296
0.25431
0.254323
0.254336
0.254349
0.254363
0.254376
0.254389
0.254403
0.254416
0.254429
0.254443
0.254456
0.254469
0.254483
0.254496
0.254509
0.254523
0.254536
0.254549
0.254563
0.254576
0.254589
0.254603
0.254616
0.254629
0.254643
0.254656
0.254669
0.254683
0.254696
0.25471
0.254723
0.254736
0.25475
0.254763
0.254776
0.25479
0.254803
0.254816
0.25483
0.254843
0.254857
0.25487
0.254883
0.254897
0.25491
0.254924
0.254937
0.25495
0.254964
0.254977
0.254991
0.255004
0.255017
0.255031
0.255044
0.255058
0.255071
0.255084
0.255098
0.255111
0.255125
0.255138
0.255152
0.255165
0.255178
0.255192
0.255205
0.255219
0.255232
0.255246
0.255259
0.255273
0.255286
0.2553
0.255313
0.255327
0.25534
0.255354
0.255367
0.255381
0.255394
0.255408
0.255421
0.255435
0.255448
0.255462
0.255475
0.255489
0.255502
0.255516
0.255529
0.255543
0.255556
0.25557
0.255584
0.255597
0.255611
0.255624
0.255638
0.255652
0.255665
0.255679
0.255692
0.255706
0.25572
0.255733
0.255747
0.255761
0.255774
0.255788
0.255802
0.255815
0.255829
0.255843
0.255856
0.25587
0.255884
0.255897
0.255911
0.255925
0.255939
0.255952
0.255966
0.25598
0.255994
0.256007
0.256021
0.256035
0.256049
0.256063
0.256076
0.25609
0.256104
0.256118
0.256132
0.256146
0.25616
0.256173
0.256187
0.256201
0.256215
0.256229
0.256243
0.256257
0.256271
0.256285
0.256299
0.256313
0.256327
0.256341
0.256355
0.256369
0.256383
0.256397
0.256412
0.256426
0.25644
0.256454
0.256468
0.256482
0.256496
0.256511
0.256525
0.256539
0.256553
0.256568
0.256582
0.256596
0.256611
0.256625
0.256639
0.256654
0.256668
0.256682
0.256697
0.256711
0.256726
0.25674
0.256755
0.256769
0.256784
0.256798
0.256813
0.256828
0.256842
0.256857
0.256872
0.256886
0.256901
0.256916
0.256931
0.256945
0.25696
0.256975
0.25699
0.257005
0.25702
0.257035
0.25705
0.257065
0.25708
0.257095
0.25711
0.257125
0.25714
0.257156
0.257171
0.257186
0.257201
0.257217
0.257232
0.257248
0.257263
0.257278
0.257294
0.257309
0.257325
0.257341
0.257356
0.257372
0.257388
0.257404
0.257419
0.257435
0.257451
0.257467
0.257483
0.257499
0.257515
0.257531
0.257547
0.257564
0.25758
0.257596
0.257613
0.257629
0.257645
0.257662
0.257679
0.257695
0.257712
0.257729
0.257745
0.257762
0.257779
0.257796
0.257813
0.25783
0.257847
0.257864
0.257882
0.257899
0.257916
0.257934
0.257951
0.257969
0.257987
0.258004
0.258022
0.25804
0.258058
0.258076
0.258094
0.258112
0.25813
0.258149
0.258167
0.258186
0.258204
0.258223
0.258241
0.25826
0.258279
0.258298
0.258317
0.258336
0.258356
0.258375
0.258395
0.258414
0.258434
0.258453
0.258473
0.258493
0.258513
0.258533
0.258554
0.258574
0.258595
0.258615
0.258636
0.258657
0.258678
0.258699
0.25872
0.258741
0.258763
0.258784
0.258806
0.258828
0.25885
0.258872
0.258894
0.258917
0.258939
0.258962
0.258985
0.259007
0.259031
0.259054
0.259077
0.259101
0.259124
0.259148
0.259172
0.259197
0.259221
0.259245
0.25927
0.259295
0.25932
0.259345
0.25937
0.259396
0.259422
0.259448
0.259474
0.2595
0.259527
0.259554
0.25958
0.259608
0.259634
0.259662
0.25969
0.259718
0.259746
0.259775
0.259803
0.259832
0.25986
0.25989
0.259919
0.259949
0.259978
0.260009
0.260039
0.260071
0.2601
0.260133
0.260163
0.260195
0.260226
0.260259
0.26029
0.260324
0.260356
0.26039
0.260422
0.260457
0.260489
0.260525
0.260558
0.260594
0.260627
0.260665
0.260698
0.260736
0.26077
0.260808
0.260842
0.260881
0.260916
0.260956
0.260991
0.261031
0.261067
0.261108
0.261144
0.261185
0.261222
0.261264
0.261301
0.261344
0.261382
0.261425
0.261463
0.261506
0.261545
0.261589
0.261628
0.261673
0.261713
0.261758
0.261798
0.261843
0.261884
0.26193
0.261971
0.262017
0.262059
0.262105
0.262147
0.262194
0.262237
0.262284
0.262327
0.262374
0.262417
0.262465
0.262508
0.262557
0.2626
0.262649
0.262692
0.262741
0.262785
0.262834
0.262878
0.262927
0.262971
0.263021
0.263065
0.263114
0.263158
0.263208
0.263252
0.263301
0.263346
0.263395
0.26344
0.263489
0.263533
0.263582
0.263626
0.263675
0.263719
0.263768
0.263812
0.263861
0.263905
0.263953
0.263996
0.264045
0.264088
0.264136
0.264179
0.264226
0.264269
0.264316
0.264358
0.264405
0.264447
0.264494
0.264535
0.264581
0.264622
0.264668
0.264708
0.264754
0.264794
0.264839
0.264878
0.264923
0.264962
0.265006
0.265045
0.265088
0.265126
0.265169
0.265207
0.265249
0.265286
0.265328
0.265365
0.265406
0.265442
0.265483
0.265519
0.265559
0.265594
0.265634
0.265668
0.265708
0.265742
0.26578
0.265814
0.265852
0.265885
0.265923
0.265955
0.265992
0.266024
0.266061
0.266092
0.266128
0.266159
0.266195
0.266225
0.26626
0.26629
0.266325
0.266354
0.266389
0.266418
0.266451
0.26648
0.266513
0.266541
0.266574
0.266601
0.266634
0.266661
0.266693
0.266719
0.266751
0.266777
0.266808
0.266834
0.266865
0.26689
0.26692
0.266946
0.266975
0.267
0.26703
0.267054
0.267083
0.267107
0.267136
0.267159
0.267188
0.267211
0.267239
0.267262
0.267289
0.267312
0.267339
0.267362
0.267389
0.267411
0.267437
0.267459
0.267485
0.267507
0.267533
0.267554
0.26758
0.267601
0.267626
0.267647
0.267672
0.267692
0.267717
0.267737
0.267762
0.267782
0.267806
0.267826
0.26785
0.267869
0.267893
0.267912
0.267936
0.267955
0.267978
0.267997
0.26802
0.268039
0.268062
0.26808
0.268103
0.268121
0.268144
0.268162
0.268184
0.268202
0.268224
0.268242
0.268264
0.268281
0.268303
0.26832
0.268342
0.268359
0.268381
0.268397
0.268419
0.268436
0.268457
0.268473
0.268495
0.268511
0.268532
0.268548
0.268569
0.268585
0.268606
0.268622
0.268642
0.268658
0.268679
0.268694
0.268715
0.26873
0.268751
0.268766
0.268786
0.268802
0.268822
0.268837
0.268857
0.268872
0.268892
0.268907
0.268926
0.268941
0.268961
0.268976
0.268995
0.26901
0.269029
0.269044
0.269063
0.269078
0.269097
0.269111
0.26913
0.269145
0.269164
0.269178
0.269197
0.269211
0.26923
0.269244
0.269263
0.269277
0.269296
0.26931
0.269329
0.269343
0.269361
0.269375
0.269393
0.269407
0.269426
0.26944
0.269458
0.269472
0.26949
0.269504
0.269522
0.269535
0.269553
0.269567
0.269585
0.269599
0.269617
0.26963
0.269648
0.269662
0.269679
0.269693
0.269711
0.269724
0.269742
0.269755
0.269773
0.269786
0.269804
0.269817
0.269835
0.269848
0.269866
0.269879
0.269896
0.26991
0.269927
0.26994
0.269957
0.269971
0.269988
0.270001
0.270018
0.270032
0.270049
0.270062
0.270079
0.270092
0.270109
0.270122
0.27014
0.270153
0.27017
0.270183
0.2702
0.270213
0.27023
0.270243
0.27026
0.270273
0.27029
0.270303
0.270319
0.270332
0.270349
0.270362
0.270379
0.270392
0.270409
0.270422
0.270438
0.270451
0.270468
0.270481
0.270498
0.27051
0.270527
0.27054
0.270557
0.27057
0.270586
0.270599
0.270616
0.270628
0.270645
0.270658
0.270675
0.270687
0.270704
0.270717
0.270733
0.270746
0.270763
0.270775
0.270792
0.270805
0.270821
0.270834
0.27085
0.270863
0.27088
0.270892
0.270909
0.270921
0.270938
0.270951
0.270967
0.27098
0.270996
0.271009
0.271025
0.271038
0.271054
0.271067
0.271084
0.271096
0.271113
0.271125
0.271142
0.271154
0.271171
0.271183
0.2712
0.271212
0.271229
0.271241
0.271258
0.27127
0.271287
0.271299
0.271316
0.271328
0.271345
0.271357
0.271374
0.271386
0.271403
0.271415
0.271432
0.271444
0.27146
0.271473
0.271489
0.271502
0.271518
0.271531
0.271547
0.27156
0.271576
0.271589
0.271605
0.271617
0.271634
0.271646
0.271663
0.271675
0.271692
0.271704
0.271721
0.271733
0.271749
0.271762
0.271778
0.271791
0.271807
0.27182
0.271836
0.271848
0.271865
0.271877
0.271894
0.271906
0.271923
0.271935
0.271951
0.271964
0.27198
0.271993
0.272009
0.272022
0.272038
0.27205
0.272067
0.272079
0.272096
0.272108
0.272124
0.272137
0.272153
0.272166
0.272182
0.272195
0.272211
0.272224
0.27224
0.272252
0.272269
0.272281
0.272298
0.27231
0.272326
0.272339
0.272355
0.272368
0.272384
0.272397
0.272413
0.272425
0.272442
0.272454
0.272471
0.272483
0.2725
0.272512
0.272528
0.272541
0.272557
0.27257
0.272586
0.272599
0.272615
0.272628
0.272644
0.272656
0.272673
0.272685
0.272702
0.272714
0.272731
0.272743
0.272759
0.272772
0.272788
0.272801
0.272817
0.27283
0.272846
0.272859
0.272875
0.272887
0.272904
0.272916
0.272933
0.272945
0.272962
0.272974
0.272991
0.273003
0.273019
0.273032
0.273048
0.273061
0.273077
0.27309
0.273106
0.273119
0.273135
0.273148
0.273164
0.273177
0.273193
0.273205
0.273222
0.273234
0.273251
0.273263
0.27328
0.273292
0.273309
0.273321
0.273338
0.27335
0.273367
0.273379
0.273395
0.273408
0.273424
0.273437
0.273453
0.273466
0.273482
0.273495
0.273511
0.273524
0.27354
0.273553
0.273569
0.273582
0.273598
0.273611
0.273627
0.27364
0.273656
0.273669
0.273685
0.273698
0.273714
0.273727
0.273743
0.273756
0.273772
0.273785
0.273801
0.273814
0.27383
0.273842
0.273859
0.273871
0.273888
0.2739
0.273917
0.273929
0.273946
0.273958
0.273975
0.273987
0.274004
0.274016
0.274033
0.274045
0.274062
0.274074
0.274091
0.274103
0.27412
0.274132
0.274149
0.274161
0.274178
0.27419
0.274207
0.274219
0.274236
0.274248
0.274265
0.274277
0.274294
0.274306
0.274323
0.274335
0.274352
0.274364
0.274381
0.274393
0.27441
0.274422
0.274439
0.274451
0.274468
0.27448
0.274497
0.274509
0.274526
0.274538
0.274555
0.274567
0.274584
0.274596
0.274613
0.274625
0.274642
0.274654
0.274671
0.274684
0.2747
0.274713
0.274729
0.274742
0.274758
0.274771
0.274787
0.2748
0.274816
0.274829
0.274845
0.274858
0.274874
0.274887
0.274903
0.274916
0.274932
0.274945
0.274961
0.274974
0.27499
0.275003
0.275019
0.275032
0.275048
0.275061
0.275077
0.27509
0.275106
0.275119
0.275135
0.275148
0.275164
0.275177
0.275193
0.275206
0.275222
0.275235
0.275251
0.275264
0.27528
0.275293
0.275309
0.275322
0.275338
0.275351
0.275367
0.27538
0.275396
0.275409
0.275425
0.275438
0.275454
0.275467
0.275483
0.275496
0.275512
0.275525
0.275541
0.275554
0.27557
0.275583
0.275599
0.275612
0.275628
0.275641
0.275657
0.27567
0.275686
0.275699
0.275715
0.275728
0.275744
0.275757
0.275773
0.275786
0.275802
0.275815
0.275831
0.275844
0.27586
0.275873
0.275889
0.275902
0.275918
0.275931
0.275947
0.27596
0.275976
0.275989
0.276005
0.276018
0.276034
0.276047
0.276063
0.276076
0.276092
0.276105
0.276121
0.276134
0.27615
0.276163
0.276179
0.276192
0.276208
0.276221
0.276237
0.27625
0.276266
0.276279
0.276295
0.276308
0.276324
0.276337
0.276353
0.276366
0.276382
0.276395
0.276411
0.276424
0.27644
0.276453
0.276469
0.276482
0.276498
0.276511
0.276527
0.27654
0.276556
0.276569
0.276585
0.276598
0.276614
0.276627
0.276643
0.276656
0.276672
0.276685
0.276701
0.276714
0.27673
0.276743
0.276759
0.276772
0.276789
0.276801
0.276818
0.27683
0.276847
0.276859
0.276876
0.276888
0.276905
0.276917
0.276934
0.276946
0.276963
0.276975
0.276992
0.277004
0.277021
0.277033
0.27705
0.277062
0.277079
0.277091
0.277108
0.27712
0.277137
0.277149
0.277166
0.277179
0.277195
0.277208
0.277224
0.277237
0.277253
0.277266
0.277282
0.277295
0.277311
0.277324
0.27734
0.277353
0.277369
0.277382
0.277398
0.277411
0.277427
0.27744
0.277457
0.277469
0.277486
0.277498
0.277515
0.277527
0.277544
0.277556
0.277573
0.277585
0.277602
0.277615
0.277631
0.277644
0.27766
0.277673
0.277689
0.277702
0.277718
0.277731
0.277748
0.27776
0.277777
0.277789
0.277806
0.277818
0.277835
0.277847
0.277864
0.277877
0.277893
0.277906
0.277922
0.277935
0.277951
0.277964
0.277981
0.277993
0.27801
0.278022
0.278039
0.278051
0.278068
0.278081
0.278097
0.27811
0.278126
0.278139
0.278156
0.278168
0.278185
0.278197
0.278214
0.278227
0.278243
0.278256
0.278272
0.278285
0.278301
0.278314
0.278331
0.278343
0.27836
0.278372
0.278389
0.278402
0.278418
0.278431
0.278447
0.27846
0.278477
0.278489
0.278506
0.278519
0.278535
0.278548
0.278564
0.278577
0.278594
0.278606
0.278623
0.278636
0.278652
0.278665
0.278681
0.278694
0.278711
0.278723
0.27874
0.278753
0.278769
0.278782
0.278799
0.278811
0.278828
0.278841
0.278857
0.27887
0.278886
0.278899
0.278916
0.278928
0.278945
0.278958
0.278974
0.278987
0.279004
0.279016
0.279033
0.279046
0.279062
0.279075
0.279092
0.279104
0.279121
0.279134
0.27915
0.279163
0.27918
0.279192
0.279209
0.279222
0.279238
0.279251
0.279268
0.27928
0.279297
0.27931
0.279326
0.279339
0.279356
0.279369
0.279385
0.279398
0.279415
0.279427
0.279444
0.279457
0.279473
0.279486
0.279503
0.279516
0.279532
0.279545
0.279562
0.279574
0.279591
0.279604
0.27962
0.279633
0.27965
0.279663
0.279679
0.279692
0.279709
0.279722
0.279738
0.279751
0.279768
0.27978
0.279797
0.27981
0.279827
0.279839
0.279856
0.279869
0.279885
0.279898
0.279915
0.279928
0.279944
0.279957
0.279974
0.279987
0.280003
0.280016
0.280033
0.280046
0.280062
0.280075
0.280092
0.280105
0.280121
0.280134
0.280151
0.280164
0.28018
0.280193
0.28021
0.280223
0.280239
0.280252
0.280269
0.280282
0.280298
0.280311
0.280328
0.280341
0.280358
0.28037
0.280387
0.2804
0.280417
0.280429
0.280446
0.280459
0.280476
0.280489
0.280505
0.280518
0.280535
0.280548
0.280564
0.280577
0.280594
0.280607
0.280624
0.280636
0.280653
0.280666
0.280683
0.280696
0.280712
0.280725
0.280742
0.280755
0.280771
0.280784
0.280801
0.280814
0.280831
0.280844
0.28086
0.280873
0.28089
0.280903
0.28092
0.280932
0.280949
0.280962
0.280979
0.280992
0.281008
0.281021
0.281038
0.281051
0.281068
0.28108
0.281097
0.28111
0.281127
0.28114
0.281157
0.281169
0.281186
0.281199
0.281216
0.281229
0.281246
0.281258
0.281275
0.281288
0.281305
0.281318
0.281335
0.281347
0.281364
0.281377
0.281394
0.281407
0.281424
0.281436
0.281453
0.281466
0.281483
0.281496
0.281513
0.281525
0.281542
0.281555
0.281572
0.281585
0.281602
0.281615
0.281631
0.281644
0.281661
0.281674
0.281691
0.281704
0.281721
0.281733
0.28175
0.281763
0.28178
0.281793
0.28181
0.281823
0.281839
0.281852
0.281869
0.281882
0.281899
0.281912
0.281929
0.281942
0.281958
0.281971
0.281988
0.282001
0.282018
0.282031
0.282048
0.282061
0.282077
0.28209
0.282107
0.28212
0.282137
0.28215
0.282167
0.28218
0.282196
0.282209
0.282226
0.282239
0.282256
0.282269
0.282286
0.282299
0.282316
0.282329
0.282345
0.282358
0.282375
0.282388
0.282405
0.282418
0.282435
0.282448
0.282465
0.282478
0.282494
0.282507
0.282524
0.282537
0.282554
0.282567
0.282584
0.282597
0.282614
0.282627
0.282644
0.282656
0.282673
0.282686
0.282703
0.282716
0.282733
0.282746
0.282763
0.282776
0.282793
0.282806
0.282823
0.282836
0.282852
0.282865
0.282882
0.282895
0.282912
0.282925
0.282942
0.282955
0.282972
0.282985
0.283002
0.283015
0.283032
0.283045
0.283062
0.283075
0.283092
0.283105
0.283122
0.283135
0.283152
0.283165
0.283182
0.283195
0.283212
0.283225
0.283242
0.283255
0.283272
0.283285
0.283302
0.283316
0.283333
0.283346
0.283363
0.283376
0.283393
0.283406
0.283424
0.283437
0.283454
0.283467
0.283484
0.283498
0.283515
0.283528
0.283545
0.283559
0.283576
0.283589
0.283607
0.28362
0.283638
0.283651
0.283669
0.283682
0.2837
0.283713
0.283731
0.283744
0.283762
0.283776
0.283794
0.283807
0.283825
0.283839
0.283857
0.283871
0.283889
0.283903
0.283921
0.283935
0.283953
0.283967
0.283986
0.284
0.284019
0.284033
0.284052
0.284066
0.284085
0.284099
0.284118
0.284133
0.284152
0.284167
0.284186
0.284201
0.284221
0.284236
0.284255
0.28427
0.28429
0.284306
0.284326
0.284341
0.284362
0.284377
0.284398
0.284414
0.284434
0.28445
0.284471
0.284488
0.284509
0.284525
0.284547
0.284563
0.284585
0.284602
0.284624
0.284641
0.284663
0.28468
0.284703
0.284721
0.284743
0.284761
0.284784
0.284802
0.284826
0.284844
0.284868
0.284886
0.28491
0.284929
0.284953
0.284972
0.284997
0.285016
0.285041
0.285061
0.285086
0.285106
0.285131
0.285151
0.285177
0.285197
0.285224
0.285244
0.285271
0.285291
0.285318
0.285339
0.285366
0.285387
0.285415
0.285436
0.285464
0.285485
0.285513
0.285535
0.285564
0.285585
0.285614
0.285636
0.285665
0.285687
0.285716
0.285739
0.285768
0.285791
0.28582
0.285844
0.285873
0.285896
0.285926
0.285949
0.285979
0.286003
0.286033
0.286057
0.286087
0.28611
0.286141
0.286165
0.286195
0.286219
0.28625
0.286274
0.286304
0.286329
0.286359
0.286384
0.286414
0.286439
0.286469
0.286494
0.286525
0.286549
0.28658
0.286605
0.286635
0.28666
0.286691
0.286715
0.286746
0.286771
0.286802
0.286826
0.286857
0.286882
0.286913
0.286937
0.286968
0.286993
0.287023
0.287048
0.287079
0.287103
0.287134
0.287158
0.287189
0.287213
0.287244
0.287268
0.287299
0.287323
0.287354
0.287378
0.287408
0.287432
0.287463
0.287487
0.287517
0.287541
0.287571
0.287595
0.287626
0.287649
0.28768
0.287703
0.287733
0.287757
0.287787
0.287811
0.287841
0.287864
0.287894
0.287918
0.287947
0.287971
0.288
0.288024
0.288053
0.288077
0.288106
0.288129
0.288159
0.288182
0.288211
0.288234
0.288264
0.288286
0.288316
0.288339
0.288368
0.288391
0.28842
0.288442
0.288471
0.288494
0.288523
0.288546
0.288574
0.288597
0.288626
0.288648
0.288677
0.288699
0.288728
0.28875
0.288779
0.288801
0.28883
0.288852
0.28888
0.288902
0.288931
0.288953
0.288981
0.289003
0.289031
0.289053
0.289081
0.289103
0.289131
0.289153
0.289181
0.289203
0.289231
0.289253
0.28928
0.289302
0.28933
0.289352
0.289379
0.289401
0.289429
0.28945
0.289478
0.289499
0.289527
0.289548
0.289576
0.289597
0.289624
0.289646
0.289673
0.289694
0.289722
0.289743
0.28977
0.289791
0.289818
0.289839
0.289866
0.289888
0.289915
0.289936
0.289963
0.289984
0.290011
0.290031
0.290058
0.290079
0.290106
0.290127
0.290154
0.290174
0.290201
0.290222
0.290248
0.290269
0.290296
0.290316
0.290343
0.290364
0.29039
0.290411
0.290437
0.290458
0.290484
0.290504
0.290531
0.290551
0.290578
0.290598
0.290624
0.290644
0.290671
0.290691
0.290717
0.290737
0.290764
0.290784
0.29081
0.29083
0.290856
0.290876
0.290902
0.290922
0.290948
0.290968
0.290994
0.291014
0.29104
0.29106
0.291086
0.291105
0.291131
0.291151
0.291177
0.291197
0.291222
0.291242
0.291268
0.291287
0.291313
0.291333
0.291358
0.291378
0.291403
0.291423
0.291449
0.291468
0.291494
0.291513
0.291539
0.291558
0.291583
0.291603
0.291628
0.291648
0.291673
0.291692
0.291718
0.291737
0.291762
0.291781
0.291807
0.291826
0.291851
0.29187
0.291895
0.291915
0.29194
0.291959
0.291984
0.292003
0.292028
0.292047
0.292072
0.292091
0.292116
0.292135
0.29216
0.292179
0.292204
0.292223
0.292247
0.292266
0.292291
0.29231
0.292335
0.292354
0.292378
0.292397
0.292422
0.292441
0.292465
0.292484
0.292509
0.292527
0.292552
0.292571
0.292595
0.292614
0.292638
0.292657
0.292681
0.2927
0.292724
0.292743
0.292767
0.292786
0.29281
0.292829
0.292853
0.292872
0.292896
0.292914
0.292939
0.292957
0.292981
0.293
0.293024
0.293042
0.293066
0.293085
0.293109
0.293127
0.293151
0.29317
0.293194
0.293212
0.293236
0.293254
0.293278
0.293296
0.29332
0.293339
0.293362
0.293381
0.293404
0.293423
0.293446
0.293465
0.293488
0.293507
0.29353
0.293548
0.293572
0.29359
0.293614
0.293632
0.293656
0.293674
0.293697
0.293715
0.293739
0.293757
0.29378
0.293798
0.293822
0.29384
0.293863
0.293881
0.293905
0.293923
0.293946
0.293964
0.293987
0.294005
0.294029
0.294046
0.29407
0.294088
0.294111
0.294129
0.294152
0.29417
0.294193
0.294211
0.294234
0.294252
0.294275
0.294293
0.294316
0.294333
0.294356
0.294374
0.294397
0.294415
0.294438
0.294456
0.294479
0.294496
0.294519
0.294537
0.29456
0.294577
0.2946
0.294618
0.294641
0.294658
0.294681
0.294699
0.294721
0.294739
0.294762
0.294779
0.294802
0.294819
0.294842
0.29486
0.294882
0.2949
0.294923
0.29494
0.294963
0.29498
0.295003
0.29502
0.295043
0.29506
0.295083
0.2951
0.295122
0.29514
0.295162
0.29518
0.295202
0.295219
0.295242
0.295259
0.295282
0.295299
0.295321
0.295338
0.295361
0.295378
0.2954
0.295418
0.29544
0.295457
0.295479
0.295496
0.295519
0.295536
0.295558
0.295575
0.295598
0.295615
0.295637
0.295654
0.295676
0.295693
0.295715
0.295732
0.295755
0.295771
0.295794
0.295811
0.295833
0.29585
0.295872
0.295889
0.295911
0.295928
0.29595
0.295967
0.295989
0.296006
0.296028
0.296044
0.296066
0.296083
0.296105
0.296122
0.296144
0.296161
0.296183
0.296199
0.296221
0.296238
0.29626
0.296277
0.296299
0.296315
0.296337
0.296354
0.296376
0.296392
0.296414
0.296431
0.296453
0.296469
0.296491
0.296508
0.296529
0.296546
0.296568
0.296584
0.296606
0.296622
0.296644
0.296661
0.296682
0.296699
0.296721
0.296737
0.296759
0.296775
0.296797
0.296813
0.296835
0.296851
0.296873
0.296889
0.296911
0.296927
0.296949
0.296965
0.296987
0.297003
0.297024
0.297041
0.297062
0.297079
0.2971
0.297116
0.297138
0.297154
0.297176
0.297192
0.297213
0.29723
0.297251
0.297267
0.297288
0.297305
0.297326
0.297342
0.297364
0.29738
0.297401
0.297417
0.297438
0.297455
0.297476
0.297492
0.297513
0.297529
0.297551
0.297567
0.297588
0.297604
0.297625
0.297641
0.297663
0.297679
0.2977
0.297716
0.297737
0.297753
0.297774
0.29779
0.297811
0.297827
0.297848
0.297864
0.297885
0.297901
0.297922
0.297938
0.297959
0.297975
0.297996
0.298012
0.298033
0.298049
0.29807
0.298086
0.298107
0.298123
0.298144
0.29816
0.29818
0.298196
0.298217
0.298233
0.298254
0.29827
0.298291
0.298306
0.298327
0.298343
0.298364
0.29838
0.2984
0.298416
0.298437
0.298453
0.298474
0.298489
0.29851
0.298526
0.298546
0.298562
0.298583
0.298599
0.298619
0.298635
0.298656
0.298671
0.298692
0.298708
0.298728
0.298744
0.298765
0.29878
0.298801
0.298816
0.298837
0.298853
0.298873
0.298889
0.298909
0.298925
0.298945
0.298961
0.298981
0.298997
0.299017
0.299033
0.299054
0.299069
0.299089
0.299105
0.299125
0.299141
0.299161
0.299177
0.299197
0.299213
0.299233
0.299249
0.299269
0.299284
0.299305
0.29932
0.299341
0.299356
0.299376
0.299392
0.299412
0.299427
0.299448
0.299463
0.299483
0.299499
0.299519
0.299534
0.299555
0.29957
0.29959
0.299606
0.299626
0.299641
0.299661
0.299677
0.299697
0.299712
0.299732
0.299748
0.299768
0.299783
0.299803
0.299818
0.299838
0.299854
0.299874
0.299889
0.299909
0.299924
0.299944
0.29996
0.29998
0.299995
0.300015
0.30003
0.30005
0.300065
0.300085
0.3001
0.30012
0.300136
0.300155
0.300171
0.300191
0.300206
0.300226
0.300241
0.300261
0.300276
0.300296
0.300311
0.300331
0.300346
0.300366
0.300381
0.300401
0.300416
0.300435
0.300451
0.30047
0.300485
0.300505
0.30052
0.30054
0.300555
0.300575
0.30059
0.30061
0.300625
0.300644
0.300659
0.300679
0.300694
0.300714
0.300729
0.300748
0.300763
0.300783
0.300798
0.300818
0.300833
0.300852
0.300867
0.300887
0.300902
0.300921
0.300936
0.300956
0.300971
0.30099
0.301005
0.301025
0.30104
0.301059
0.301074
0.301094
0.301109
0.301128
0.301143
0.301162
0.301177
0.301197
0.301212
0.301231
0.301246
0.301265
0.30128
0.3013
0.301314
0.301334
0.301349
0.301368
0.301383
0.301402
0.301417
0.301436
0.301451
0.30147
0.301485
0.301505
0.301519
0.301539
0.301553
0.301573
0.301587
0.301607
0.301621
0.301641
0.301655
0.301675
0.301689
0.301709
0.301723
0.301743
0.301757
0.301777
0.301791
0.30181
0.301825
0.301844
0.301859
0.301878
0.301893
0.301912
0.301927
0.301946
0.30196
0.30198
0.301994
0.302013
0.302028
0.302047
0.302062
0.302081
0.302095
0.302114
0.302129
0.302148
0.302163
0.302182
0.302196
0.302215
0.30223
0.302249
0.302263
0.302282
0.302297
0.302316
0.30233
0.302349
0.302364
0.302383
0.302397
0.302416
0.302431
0.30245
0.302464
0.302483
0.302498
0.302517
0.302531
0.30255
0.302564
0.302583
0.302598
0.302617
0.302631
0.30265
0.302664
0.302683
0.302698
0.302717
0.302731
0.30275
0.302764
0.302783
0.302797
0.302816
0.302831
0.302849
0.302864
0.302883
0.302897
0.302916
0.30293
0.302949
0.302963
0.302982
0.302996
0.303015
0.303029
0.303048
0.303062
0.303081
0.303095
0.303114
0.303128
0.303147
0.303161
0.30318
0.303194
0.303213
0.303227
0.303246
0.30326
0.303279
0.303293
0.303312
0.303326
0.303344
0.303359
0.303377
0.303391
0.30341
0.303424
0.303443
0.303457
0.303476
0.30349
0.303508
0.303523
0.303541
0.303555
0.303574
0.303588
0.303606
0.303621
0.303639
0.303653
0.303672
0.303686
0.303704
0.303719
0.303737
0.303751
0.30377
0.303784
0.303802
0.303816
0.303835
0.303849
0.303867
0.303881
0.3039
0.303914
0.303932
0.303946
0.303965
0.303979
0.303997
0.304011
0.304029
0.304043
0.304062
0.304076
0.304094
0.304108
0.304127
0.304141
0.304159
0.304173
0.304191
0.304205
0.304224
0.304237
0.304256
0.30427
0.304288
0.304302
0.30432
0.304334
0.304352
0.304366
0.304385
0.304399
0.304417
0.304431
0.304449
0.304463
0.304481
0.304495
0.304513
0.304527
0.304545
0.304559
0.304577
0.304591
0.304609
0.304623
0.304642
0.304655
0.304674
0.304687
0.304706
0.304719
0.304738
0.304751
0.304769
0.304783
0.304801
0.304815
0.304833
0.304847
0.304865
0.304879
0.304897
0.304911
0.304929
0.304943
0.304961
0.304975
0.304993
0.305006
0.305024
0.305038
0.305056
0.30507
0.305088
0.305102
0.30512
0.305134
0.305151
0.305165
0.305183
0.305197
0.305215
0.305229
0.305247
0.30526
0.305278
0.305292
0.30531
0.305324
0.305341
0.305355
0.305373
0.305387
0.305405
0.305418
0.305436
0.30545
0.305468
0.305481
0.305499
0.305513
0.305531
0.305544
0.305562
0.305576
0.305594
0.305607
0.305625
0.305639
0.305657
0.30567
0.305688
0.305702
0.30572
0.305732
0.305751
0.30576
)
;

boundaryField
{
    sides
    {
        type            calculated;
        value           nonuniform List<scalar> 2(0.30576 0.193922);
    }
    empty
    {
        type            empty;
    }
}


// ************************************************************************* //
