/*--------------------------------*- C++ -*----------------------------------*\
  =========                 |
  \\      /  F ield         | OpenFOAM: The Open Source CFD Toolbox
   \\    /   O peration     | Website:  https://openfoam.org
    \\  /    A nd           | Version:  9
     \\/     M anipulation  |
\*---------------------------------------------------------------------------*/
FoamFile
{
    format      ascii;
    class       volScalarField;
    location    "0.015";
    object      ddt0(rho);
}
// * * * * * * * * * * * * * * * * * * * * * * * * * * * * * * * * * * * * * //

dimensions      [1 -3 -1 0 0 0 0];

internalField   nonuniform List<scalar> 
10000
(
-87.1927
-87.2005
-87.2141
-87.2177
-87.2193
-87.2201
-87.2199
-87.22
-87.2201
-87.2202
-87.2203
-87.2204
-87.2205
-87.2206
-87.2206
-87.2207
-87.2208
-87.2209
-87.2209
-87.221
-87.221
-87.2211
-87.2211
-87.2211
-87.2212
-87.2212
-87.2212
-87.2212
-87.2212
-87.2212
-87.2212
-87.2212
-87.2212
-87.2212
-87.2211
-87.2211
-87.2211
-87.221
-87.221
-87.2209
-87.2209
-87.2208
-87.2207
-87.2207
-87.2206
-87.2205
-87.2204
-87.2203
-87.2202
-87.2201
-87.22
-87.2199
-87.2197
-87.2196
-87.2195
-87.2193
-87.2192
-87.219
-87.2189
-87.2187
-87.2186
-87.2184
-87.2182
-87.218
-87.2178
-87.2177
-87.2175
-87.2172
-87.217
-87.2168
-87.2166
-87.2164
-87.2161
-87.2159
-87.2157
-87.2154
-87.2152
-87.2149
-87.2146
-87.2144
-87.2141
-87.2138
-87.2135
-87.2132
-87.2129
-87.2126
-87.2123
-87.212
-87.2117
-87.2114
-87.211
-87.2107
-87.2103
-87.21
-87.2096
-87.2093
-87.2089
-87.2085
-87.2082
-87.2078
-87.2074
-87.207
-87.2066
-87.2062
-87.2058
-87.2054
-87.2049
-87.2045
-87.2041
-87.2036
-87.2032
-87.2027
-87.2023
-87.2018
-87.2013
-87.2009
-87.2004
-87.1999
-87.1994
-87.1989
-87.1984
-87.1979
-87.1974
-87.1968
-87.1963
-87.1958
-87.1952
-87.1947
-87.1941
-87.1936
-87.193
-87.1924
-87.1918
-87.1913
-87.1907
-87.1901
-87.1895
-87.1889
-87.1883
-87.1876
-87.187
-87.1864
-87.1857
-87.1851
-87.1844
-87.1838
-87.1831
-87.1824
-87.1818
-87.1811
-87.1804
-87.1797
-87.179
-87.1783
-87.1776
-87.1768
-87.1761
-87.1754
-87.1746
-87.1739
-87.1731
-87.1724
-87.1716
-87.1708
-87.1701
-87.1693
-87.1685
-87.1677
-87.1669
-87.166
-87.1652
-87.1644
-87.1636
-87.1627
-87.1619
-87.161
-87.1602
-87.1593
-87.1584
-87.1575
-87.1567
-87.1558
-87.1549
-87.1539
-87.153
-87.1521
-87.1512
-87.1502
-87.1493
-87.1483
-87.1474
-87.1464
-87.1454
-87.1445
-87.1435
-87.1425
-87.1415
-87.1405
-87.1395
-87.1384
-87.1374
-87.1364
-87.1353
-87.1343
-87.1332
-87.1321
-87.1311
-87.13
-87.1289
-87.1278
-87.1267
-87.1256
-87.1244
-87.1233
-87.1222
-87.121
-87.1199
-87.1187
-87.1175
-87.1164
-87.1152
-87.114
-87.1128
-87.1116
-87.1104
-87.1091
-87.1079
-87.1067
-87.1054
-87.1042
-87.1029
-87.1016
-87.1003
-87.099
-87.0977
-87.0964
-87.0951
-87.0938
-87.0925
-87.0911
-87.0898
-87.0884
-87.087
-87.0857
-87.0843
-87.0829
-87.0815
-87.08
-87.0786
-87.0772
-87.0758
-87.0743
-87.0728
-87.0714
-87.0699
-87.0684
-87.0669
-87.0654
-87.0639
-87.0624
-87.0608
-87.0593
-87.0577
-87.0562
-87.0546
-87.053
-87.0514
-87.0498
-87.0482
-87.0466
-87.0449
-87.0433
-87.0416
-87.04
-87.0383
-87.0366
-87.0349
-87.0332
-87.0315
-87.0297
-87.028
-87.0262
-87.0245
-87.0227
-87.0209
-87.0191
-87.0173
-87.0155
-87.0136
-87.0118
-87.0099
-87.0081
-87.0062
-87.0043
-87.0024
-87.0005
-86.9986
-86.9966
-86.9947
-86.9927
-86.9907
-86.9887
-86.9867
-86.9847
-86.9827
-86.9807
-86.9786
-86.9765
-86.9745
-86.9724
-86.9703
-86.9681
-86.966
-86.9639
-86.9617
-86.9595
-86.9573
-86.9551
-86.9529
-86.9507
-86.9484
-86.9462
-86.9439
-86.9416
-86.9393
-86.937
-86.9346
-86.9323
-86.9299
-86.9275
-86.9251
-86.9227
-86.9203
-86.9178
-86.9153
-86.9129
-86.9104
-86.9078
-86.9053
-86.9028
-86.9002
-86.8976
-86.895
-86.8924
-86.8898
-86.8871
-86.8844
-86.8817
-86.879
-86.8763
-86.8735
-86.8708
-86.868
-86.8652
-86.8624
-86.8595
-86.8567
-86.8538
-86.8509
-86.8479
-86.845
-86.842
-86.8391
-86.836
-86.833
-86.83
-86.8269
-86.8238
-86.8207
-86.8176
-86.8144
-86.8112
-86.808
-86.8048
-86.8015
-86.7983
-86.795
-86.7916
-86.7883
-86.7849
-86.7815
-86.7781
-86.7747
-86.7712
-86.7677
-86.7642
-86.7607
-86.7571
-86.7535
-86.7499
-86.7462
-86.7426
-86.7389
-86.7351
-86.7314
-86.7276
-86.7238
-86.7199
-86.7161
-86.7122
-86.7082
-86.7043
-86.7003
-86.6963
-86.6922
-86.6882
-86.6841
-86.6799
-86.6758
-86.6716
-86.6673
-86.6631
-86.6588
-86.6545
-86.6501
-86.6457
-86.6413
-86.6369
-86.6324
-86.6279
-86.6233
-86.6187
-86.6141
-86.6094
-86.6047
-86.6
-86.5953
-86.5905
-86.5856
-86.5807
-86.5758
-86.5709
-86.5659
-86.5609
-86.5558
-86.5507
-86.5456
-86.5404
-86.5352
-86.53
-86.5247
-86.5194
-86.514
-86.5086
-86.5032
-86.4977
-86.4921
-86.4866
-86.481
-86.4753
-86.4696
-86.4639
-86.4581
-86.4522
-86.4464
-86.4405
-86.4345
-86.4285
-86.4225
-86.4164
-86.4102
-86.404
-86.3978
-86.3915
-86.3852
-86.3788
-86.3724
-86.3659
-86.3594
-86.3528
-86.3462
-86.3396
-86.3328
-86.3261
-86.3192
-86.3124
-86.3054
-86.2985
-86.2914
-86.2843
-86.2772
-86.27
-86.2627
-86.2554
-86.2481
-86.2406
-86.2332
-86.2256
-86.218
-86.2104
-86.2026
-86.1949
-86.187
-86.1791
-86.1711
-86.1631
-86.155
-86.1468
-86.1386
-86.1303
-86.1219
-86.1134
-86.1049
-86.0963
-86.0877
-86.0789
-86.0701
-86.0612
-86.0523
-86.0432
-86.0341
-86.0249
-86.0156
-86.0062
-85.9967
-85.9871
-85.9775
-85.9677
-85.9579
-85.948
-85.9379
-85.9278
-85.9175
-85.9072
-85.8968
-85.8862
-85.8755
-85.8647
-85.8538
-85.8428
-85.8317
-85.8204
-85.809
-85.7975
-85.7858
-85.774
-85.7621
-85.75
-85.7377
-85.7253
-85.7128
-85.7001
-85.6872
-85.6742
-85.6609
-85.6475
-85.6339
-85.6201
-85.6062
-85.592
-85.5776
-85.563
-85.5481
-85.5331
-85.5178
-85.5022
-85.4864
-85.4704
-85.4541
-85.4375
-85.4206
-85.4034
-85.386
-85.3682
-85.3501
-85.3316
-85.3128
-85.2937
-85.2741
-85.2542
-85.2339
-85.2132
-85.1921
-85.1705
-85.1484
-85.1259
-85.1029
-85.0794
-85.0553
-85.0307
-85.0056
-84.9798
-84.9534
-84.9264
-84.8987
-84.8704
-84.8413
-84.8115
-84.7809
-84.7495
-84.7173
-84.6842
-84.6502
-84.6152
-84.5793
-84.5423
-84.5043
-84.4652
-84.4249
-84.3834
-84.3406
-84.2965
-84.2511
-84.2042
-84.1558
-84.1058
-84.0541
-84.0008
-83.9457
-83.8886
-83.8296
-83.7686
-83.7053
-83.6398
-83.5719
-83.5016
-83.4286
-83.3528
-83.2741
-83.1925
-83.1076
-83.0193
-82.9276
-82.8321
-82.7327
-82.6291
-82.5213
-82.4088
-82.2915
-82.1692
-82.0415
-81.9081
-81.7687
-81.6231
-81.4708
-81.3115
-81.1448
-80.9702
-80.7874
-80.5959
-80.3952
-80.1847
-79.9641
-79.7327
-79.4899
-79.2351
-78.9678
-78.6874
-78.393
-78.0842
-77.7601
-77.4202
-77.0637
-76.6901
-76.2985
-75.8883
-75.4589
-75.0098
-74.5402
-74.0498
-73.538
-73.0045
-72.4489
-71.871
-71.2706
-70.6477
-70.0024
-69.3349
-68.6454
-67.9346
-67.203
-66.4514
-65.6807
-64.8919
-64.0864
-63.2654
-62.4306
-61.5835
-60.726
-59.8599
-58.9874
-58.1104
-57.2312
-56.3519
-55.4749
-54.6023
-53.7365
-52.8797
-52.034
-51.2016
-50.3845
-49.5845
-48.8034
-48.0429
-47.3044
-46.5893
-45.8987
-45.2336
-44.5948
-43.9828
-43.3982
-42.8411
-42.3116
-41.8098
-41.3353
-40.8878
-40.4667
-40.0716
-39.7017
-39.3562
-39.0342
-38.7348
-38.4569
-38.1997
-37.9619
-37.7427
-37.5408
-37.3553
-37.1851
-37.0291
-36.8865
-36.7561
-36.6371
-36.5286
-36.4297
-36.3396
-36.2576
-36.183
-36.115
-36.0531
-35.9967
-35.9452
-35.8982
-35.8551
-35.8157
-35.7794
-35.7461
-35.7152
-35.6866
-35.66
-35.6352
-35.612
-35.5901
-35.5694
-35.5498
-35.5311
-35.5133
-35.4961
-35.4796
-35.4636
-35.4481
-35.433
-35.4182
-35.4038
-35.3896
-35.3756
-35.3619
-35.3482
-35.3348
-35.3214
-35.3082
-35.2951
-35.282
-35.269
-35.2561
-35.2432
-35.2303
-35.2175
-35.2047
-35.192
-35.1792
-35.1665
-35.1538
-35.1411
-35.1285
-35.1158
-35.1032
-35.0905
-35.0779
-35.0652
-35.0526
-35.04
-35.0274
-35.0148
-35.0021
-34.9895
-34.9769
-34.9643
-34.9517
-34.9392
-34.9266
-34.914
-34.9014
-34.8888
-34.8762
-34.8637
-34.8511
-34.8385
-34.8259
-34.8134
-34.8008
-34.7882
-34.7757
-34.7631
-34.7506
-34.738
-34.7255
-34.7129
-34.7004
-34.6878
-34.6753
-34.6628
-34.6502
-34.6377
-34.6252
-34.6126
-34.6001
-34.5876
-34.5751
-34.5626
-34.55
-34.5375
-34.525
-34.5125
-34.5
-34.4875
-34.475
-34.4625
-34.45
-34.4375
-34.425
-34.4125
-34.4
-34.3875
-34.3751
-34.3626
-34.3501
-34.3376
-34.3252
-34.3127
-34.3002
-34.2878
-34.2753
-34.2628
-34.2504
-34.2379
-34.2255
-34.213
-34.2006
-34.1881
-34.1757
-34.1632
-34.1508
-34.1383
-34.1259
-34.1135
-34.101
-34.0886
-34.0762
-34.0638
-34.0513
-34.0389
-34.0265
-34.0141
-34.0017
-33.9893
-33.9769
-33.9645
-33.9521
-33.9397
-33.9273
-33.9149
-33.9025
-33.8901
-33.8777
-33.8653
-33.8529
-33.8406
-33.8282
-33.8158
-33.8034
-33.7911
-33.7787
-33.7663
-33.754
-33.7416
-33.7292
-33.7169
-33.7045
-33.6922
-33.6798
-33.6675
-33.6551
-33.6428
-33.6305
-33.6181
-33.6058
-33.5934
-33.5811
-33.5688
-33.5565
-33.5441
-33.5318
-33.5195
-33.5072
-33.4949
-33.4826
-33.4702
-33.4579
-33.4456
-33.4333
-33.421
-33.4087
-33.3964
-33.3841
-33.3719
-33.3596
-33.3473
-33.335
-33.3227
-33.3104
-33.2982
-33.2859
-33.2736
-33.2613
-33.2491
-33.2368
-33.2245
-33.2123
-33.2
-33.1878
-33.1755
-33.1633
-33.151
-33.1388
-33.1265
-33.1143
-33.1021
-33.0898
-33.0776
-33.0654
-33.0531
-33.0409
-33.0287
-33.0165
-33.0042
-32.992
-32.9798
-32.9676
-32.9554
-32.9432
-32.931
-32.9188
-32.9066
-32.8944
-32.8822
-32.87
-32.8578
-32.8456
-32.8334
-32.8212
-32.809
-32.7969
-32.7847
-32.7725
-32.7603
-32.7482
-32.736
-32.7238
-32.7117
-32.6995
-32.6873
-32.6752
-32.663
-32.6509
-32.6387
-32.6266
-32.6144
-32.6023
-32.5902
-32.578
-32.5659
-32.5538
-32.5416
-32.5295
-32.5174
-32.5052
-32.4931
-32.481
-32.4689
-32.4568
-32.4447
-32.4326
-32.4204
-32.4083
-32.3962
-32.3841
-32.372
-32.3599
-32.3479
-32.3358
-32.3237
-32.3116
-32.2995
-32.2874
-32.2753
-32.2633
-32.2512
-32.2391
-32.2271
-32.215
-32.2029
-32.1909
-32.1788
-32.1667
-32.1547
-32.1426
-32.1306
-32.1185
-32.1065
-32.0944
-32.0824
-32.0704
-32.0583
-32.0463
-32.0343
-32.0222
-32.0102
-31.9982
-31.9862
-31.9741
-31.9621
-31.9501
-31.9381
-31.9261
-31.9141
-31.9021
-31.8901
-31.8781
-31.8661
-31.8541
-31.8421
-31.8301
-31.8181
-31.8061
-31.7941
-31.7821
-31.7702
-31.7582
-31.7462
-31.7342
-31.7223
-31.7103
-31.6983
-31.6864
-31.6744
-31.6624
-31.6505
-31.6385
-31.6266
-31.6146
-31.6027
-31.5907
-31.5788
-31.5668
-31.5549
-31.543
-31.531
-31.5191
-31.5072
-31.4952
-31.4833
-31.4714
-31.4595
-31.4476
-31.4357
-31.4237
-31.4118
-31.3999
-31.388
-31.3761
-31.3642
-31.3523
-31.3404
-31.3285
-31.3166
-31.3047
-31.2928
-31.281
-31.2691
-31.2572
-31.2453
-31.2334
-31.2216
-31.2097
-31.1978
-31.186
-31.1741
-31.1622
-31.1504
-31.1385
-31.1267
-31.1148
-31.103
-31.0911
-31.0793
-31.0674
-31.0556
-31.0438
-31.0319
-31.0201
-31.0083
-30.9964
-30.9846
-30.9728
-30.961
-30.9491
-30.9373
-30.9255
-30.9137
-30.9019
-30.8901
-30.8783
-30.8665
-30.8547
-30.8429
-30.8311
-30.8193
-30.8075
-30.7957
-30.7839
-30.7721
-30.7603
-30.7485
-30.7368
-30.725
-30.7132
-30.7015
-30.6897
-30.6779
-30.6662
-30.6544
-30.6426
-30.6309
-30.6191
-30.6074
-30.5956
-30.5839
-30.5721
-30.5604
-30.5486
-30.5369
-30.5252
-30.5134
-30.5017
-30.49
-30.4782
-30.4665
-30.4548
-30.4431
-30.4314
-30.4196
-30.4079
-30.3962
-30.3845
-30.3728
-30.3611
-30.3494
-30.3377
-30.326
-30.3143
-30.3026
-30.2909
-30.2792
-30.2675
-30.2559
-30.2442
-30.2325
-30.2208
-30.2091
-30.1975
-30.1858
-30.1741
-30.1625
-30.1508
-30.1392
-30.1275
-30.1158
-30.1042
-30.0925
-30.0809
-30.0692
-30.0576
-30.046
-30.0343
-30.0227
-30.011
-29.9994
-29.9878
-29.9761
-29.9645
-29.9529
-29.9413
-29.9297
-29.918
-29.9064
-29.8948
-29.8832
-29.8716
-29.86
-29.8484
-29.8368
-29.8252
-29.8136
-29.802
-29.7904
-29.7788
-29.7672
-29.7557
-29.7441
-29.7325
-29.7209
-29.7093
-29.6978
-29.6862
-29.6746
-29.6631
-29.6515
-29.6399
-29.6284
-29.6168
-29.6053
-29.5937
-29.5822
-29.5706
-29.5591
-29.5475
-29.536
-29.5244
-29.5129
-29.5014
-29.4898
-29.4783
-29.4668
-29.4553
-29.4437
-29.4322
-29.4207
-29.4092
-29.3977
-29.3862
-29.3746
-29.3631
-29.3516
-29.3401
-29.3286
-29.3171
-29.3056
-29.2942
-29.2827
-29.2712
-29.2597
-29.2482
-29.2367
-29.2252
-29.2138
-29.2023
-29.1908
-29.1793
-29.1679
-29.1564
-29.145
-29.1335
-29.122
-29.1106
-29.0991
-29.0877
-29.0762
-29.0648
-29.0533
-29.0419
-29.0304
-29.019
-29.0076
-28.9961
-28.9847
-28.9733
-28.9619
-28.9504
-28.939
-28.9276
-28.9162
-28.9048
-28.8933
-28.8819
-28.8705
-28.8591
-28.8477
-28.8363
-28.8249
-28.8135
-28.8021
-28.7907
-28.7793
-28.7679
-28.7566
-28.7452
-28.7338
-28.7224
-28.711
-28.6997
-28.6883
-28.6769
-28.6656
-28.6542
-28.6428
-28.6315
-28.6201
-28.6088
-28.5974
-28.586
-28.5747
-28.5634
-28.552
-28.5407
-28.5293
-28.518
-28.5066
-28.4953
-28.484
-28.4727
-28.4613
-28.45
-28.4387
-28.4274
-28.416
-28.4047
-28.3934
-28.3821
-28.3708
-28.3595
-28.3482
-28.3369
-28.3256
-28.3143
-28.303
-28.2917
-28.2804
-28.2691
-28.2578
-28.2466
-28.2353
-28.224
-28.2127
-28.2014
-28.1902
-28.1789
-28.1676
-28.1564
-28.1451
-28.1338
-28.1226
-28.1113
-28.1001
-28.0888
-28.0776
-28.0663
-28.0551
-28.0438
-28.0326
-28.0214
-28.0101
-27.9989
-27.9877
-27.9764
-27.9652
-27.954
-27.9427
-27.9315
-27.9203
-27.9091
-27.8979
-27.8867
-27.8755
-27.8643
-27.853
-27.8418
-27.8306
-27.8194
-27.8083
-27.7971
-27.7859
-27.7747
-27.7635
-27.7523
-27.7411
-27.7299
-27.7188
-27.7076
-27.6964
-27.6852
-27.6741
-27.6629
-27.6517
-27.6406
-27.6294
-27.6183
-27.6071
-27.596
-27.5848
-27.5737
-27.5625
-27.5514
-27.5402
-27.5291
-27.518
-27.5068
-27.4957
-27.4846
-27.4734
-27.4623
-27.4512
-27.4401
-27.4289
-27.4178
-27.4067
-27.3956
-27.3845
-27.3734
-27.3623
-27.3512
-27.3401
-27.329
-27.3179
-27.3068
-27.2957
-27.2846
-27.2735
-27.2624
-27.2513
-27.2403
-27.2292
-27.2181
-27.207
-27.1959
-27.1849
-27.1738
-27.1627
-27.1517
-27.1406
-27.1296
-27.1185
-27.1075
-27.0964
-27.0854
-27.0743
-27.0633
-27.0522
-27.0412
-27.0301
-27.0191
-27.0081
-26.997
-26.986
-26.975
-26.9639
-26.9529
-26.9419
-26.9309
-26.9199
-26.9089
-26.8978
-26.8868
-26.8758
-26.8648
-26.8538
-26.8428
-26.8318
-26.8208
-26.8098
-26.7988
-26.7878
-26.7769
-26.7659
-26.7549
-26.7439
-26.7329
-26.722
-26.711
-26.7
-26.689
-26.6781
-26.6671
-26.6561
-26.6452
-26.6342
-26.6233
-26.6123
-26.6014
-26.5904
-26.5795
-26.5685
-26.5576
-26.5466
-26.5357
-26.5248
-26.5138
-26.5029
-26.492
-26.481
-26.4701
-26.4592
-26.4483
-26.4374
-26.4264
-26.4155
-26.4046
-26.3937
-26.3828
-26.3719
-26.361
-26.3501
-26.3392
-26.3283
-26.3174
-26.3065
-26.2956
-26.2847
-26.2738
-26.263
-26.2521
-26.2412
-26.2303
-26.2195
-26.2086
-26.1977
-26.1868
-26.176
-26.1651
-26.1543
-26.1434
-26.1325
-26.1217
-26.1108
-26.1
-26.0891
-26.0783
-26.0674
-26.0566
-26.0458
-26.0349
-26.0241
-26.0133
-26.0024
-25.9916
-25.9808
-25.97
-25.9591
-25.9483
-25.9375
-25.9267
-25.9159
-25.9051
-25.8943
-25.8835
-25.8726
-25.8618
-25.851
-25.8403
-25.8295
-25.8187
-25.8079
-25.7971
-25.7863
-25.7755
-25.7647
-25.754
-25.7432
-25.7324
-25.7216
-25.7109
-25.7001
-25.6893
-25.6786
-25.6678
-25.657
-25.6463
-25.6355
-25.6248
-25.614
-25.6033
-25.5925
-25.5818
-25.571
-25.5603
-25.5496
-25.5388
-25.5281
-25.5174
-25.5066
-25.4959
-25.4852
-25.4745
-25.4638
-25.453
-25.4423
-25.4316
-25.4209
-25.4102
-25.3995
-25.3888
-25.3781
-25.3674
-25.3567
-25.346
-25.3353
-25.3246
-25.3139
-25.3032
-25.2925
-25.2819
-25.2712
-25.2605
-25.2498
-25.2391
-25.2285
-25.2178
-25.2071
-25.1965
-25.1858
-25.1751
-25.1645
-25.1538
-25.1432
-25.1325
-25.1219
-25.1112
-25.1006
-25.0899
-25.0793
-25.0687
-25.058
-25.0474
-25.0368
-25.0261
-25.0155
-25.0049
-24.9943
-24.9836
-24.973
-24.9624
-24.9518
-24.9412
-24.9306
-24.9199
-24.9093
-24.8987
-24.8881
-24.8775
-24.8669
-24.8563
-24.8458
-24.8352
-24.8246
-24.814
-24.8034
-24.7928
-24.7822
-24.7717
-24.7611
-24.7505
-24.7399
-24.7294
-24.7188
-24.7082
-24.6977
-24.6871
-24.6766
-24.666
-24.6555
-24.6449
-24.6344
-24.6238
-24.6133
-24.6027
-24.5922
-24.5816
-24.5711
-24.5606
-24.55
-24.5395
-24.529
-24.5185
-24.5079
-24.4974
-24.4869
-24.4764
-24.4659
-24.4553
-24.4448
-24.4343
-24.4238
-24.4133
-24.4028
-24.3923
-24.3818
-24.3713
-24.3608
-24.3503
-24.3399
-24.3294
-24.3189
-24.3084
-24.2979
-24.2874
-24.277
-24.2665
-24.256
-24.2456
-24.2351
-24.2246
-24.2142
-24.2037
-24.1932
-24.1828
-24.1723
-24.1619
-24.1514
-24.141
-24.1305
-24.1201
-24.1096
-24.0992
-24.0888
-24.0783
-24.0679
-24.0575
-24.047
-24.0366
-24.0262
-24.0158
-24.0054
-23.9949
-23.9845
-23.9741
-23.9637
-23.9533
-23.9429
-23.9325
-23.9221
-23.9117
-23.9013
-23.8909
-23.8805
-23.8701
-23.8597
-23.8493
-23.8389
-23.8286
-23.8182
-23.8078
-23.7974
-23.787
-23.7767
-23.7663
-23.7559
-23.7456
-23.7352
-23.7249
-23.7145
-23.7041
-23.6938
-23.6834
-23.6731
-23.6627
-23.6524
-23.642
-23.6317
-23.6214
-23.611
-23.6007
-23.5904
-23.58
-23.5697
-23.5594
-23.549
-23.5387
-23.5284
-23.5181
-23.5078
-23.4974
-23.4871
-23.4768
-23.4665
-23.4562
-23.4459
-23.4356
-23.4253
-23.415
-23.4047
-23.3944
-23.3841
-23.3738
-23.3636
-23.3533
-23.343
-23.3327
-23.3224
-23.3122
-23.3019
-23.2916
-23.2813
-23.2711
-23.2608
-23.2506
-23.2403
-23.23
-23.2198
-23.2095
-23.1993
-23.189
-23.1788
-23.1685
-23.1583
-23.148
-23.1378
-23.1276
-23.1173
-23.1071
-23.0969
-23.0866
-23.0764
-23.0662
-23.056
-23.0458
-23.0355
-23.0253
-23.0151
-23.0049
-22.9947
-22.9845
-22.9743
-22.9641
-22.9539
-22.9437
-22.9335
-22.9233
-22.9131
-22.9029
-22.8927
-22.8825
-22.8723
-22.8622
-22.852
-22.8418
-22.8316
-22.8215
-22.8113
-22.8011
-22.7909
-22.7808
-22.7706
-22.7605
-22.7503
-22.7401
-22.73
-22.7198
-22.7097
-22.6995
-22.6894
-22.6793
-22.6691
-22.659
-22.6488
-22.6387
-22.6286
-22.6184
-22.6083
-22.5982
-22.5881
-22.5779
-22.5678
-22.5577
-22.5476
-22.5375
-22.5274
-22.5173
-22.5071
-22.497
-22.4869
-22.4768
-22.4667
-22.4566
-22.4465
-22.4365
-22.4264
-22.4163
-22.4062
-22.3961
-22.386
-22.3759
-22.3659
-22.3558
-22.3457
-22.3356
-22.3256
-22.3155
-22.3054
-22.2954
-22.2853
-22.2753
-22.2652
-22.2552
-22.2451
-22.2351
-22.225
-22.215
-22.2049
-22.1949
-22.1848
-22.1748
-22.1648
-22.1547
-22.1447
-22.1347
-22.1246
-22.1146
-22.1046
-22.0946
-22.0846
-22.0745
-22.0645
-22.0545
-22.0445
-22.0345
-22.0245
-22.0145
-22.0045
-21.9945
-21.9845
-21.9745
-21.9645
-21.9545
-21.9445
-21.9345
-21.9245
-21.9146
-21.9046
-21.8946
-21.8846
-21.8747
-21.8647
-21.8547
-21.8447
-21.8348
-21.8248
-21.8149
-21.8049
-21.7949
-21.785
-21.775
-21.7651
-21.7551
-21.7452
-21.7352
-21.7253
-21.7154
-21.7054
-21.6955
-21.6855
-21.6756
-21.6657
-21.6558
-21.6458
-21.6359
-21.626
-21.6161
-21.6061
-21.5962
-21.5863
-21.5764
-21.5665
-21.5566
-21.5467
-21.5368
-21.5269
-21.517
-21.5071
-21.4972
-21.4873
-21.4774
-21.4675
-21.4576
-21.4477
-21.4379
-21.428
-21.4181
-21.4082
-21.3984
-21.3885
-21.3786
-21.3687
-21.3589
-21.349
-21.3392
-21.3293
-21.3194
-21.3096
-21.2997
-21.2899
-21.28
-21.2702
-21.2603
-21.2505
-21.2407
-21.2308
-21.221
-21.2112
-21.2013
-21.1915
-21.1817
-21.1718
-21.162
-21.1522
-21.1424
-21.1326
-21.1227
-21.1129
-21.1031
-21.0933
-21.0835
-21.0737
-21.0639
-21.0541
-21.0443
-21.0345
-21.0247
-21.0149
-21.0051
-20.9953
-20.9855
-20.9758
-20.966
-20.9562
-20.9464
-20.9366
-20.9269
-20.9171
-20.9073
-20.8976
-20.8878
-20.878
-20.8683
-20.8585
-20.8488
-20.839
-20.8293
-20.8195
-20.8098
-20.8
-20.7903
-20.7805
-20.7708
-20.761
-20.7513
-20.7416
-20.7318
-20.7221
-20.7124
-20.7026
-20.6929
-20.6832
-20.6735
-20.6638
-20.6541
-20.6443
-20.6346
-20.6249
-20.6152
-20.6055
-20.5958
-20.5861
-20.5764
-20.5667
-20.557
-20.5473
-20.5376
-20.5279
-20.5182
-20.5086
-20.4989
-20.4892
-20.4795
-20.4698
-20.4602
-20.4505
-20.4408
-20.4312
-20.4215
-20.4118
-20.4022
-20.3925
-20.3828
-20.3732
-20.3635
-20.3539
-20.3442
-20.3346
-20.3249
-20.3153
-20.3057
-20.296
-20.2864
-20.2767
-20.2671
-20.2575
-20.2479
-20.2382
-20.2286
-20.219
-20.2094
-20.1997
-20.1901
-20.1805
-20.1709
-20.1613
-20.1517
-20.1421
-20.1325
-20.1229
-20.1133
-20.1037
-20.0941
-20.0845
-20.0749
-20.0653
-20.0557
-20.0461
-20.0365
-20.027
-20.0174
-20.0078
-19.9982
-19.9886
-19.9791
-19.9695
-19.9599
-19.9504
-19.9408
-19.9312
-19.9217
-19.9121
-19.9026
-19.893
-19.8835
-19.8739
-19.8644
-19.8548
-19.8453
-19.8357
-19.8262
-19.8167
-19.8071
-19.7976
-19.7881
-19.7785
-19.769
-19.7595
-19.75
-19.7404
-19.7309
-19.7214
-19.7119
-19.7024
-19.6929
-19.6834
-19.6739
-19.6644
-19.6549
-19.6454
-19.6359
-19.6264
-19.6169
-19.6074
-19.5979
-19.5884
-19.5789
-19.5694
-19.5599
-19.5505
-19.541
-19.5315
-19.522
-19.5126
-19.5031
-19.4936
-19.4842
-19.4747
-19.4652
-19.4558
-19.4463
-19.4369
-19.4274
-19.418
-19.4085
-19.3991
-19.3896
-19.3802
-19.3707
-19.3613
-19.3519
-19.3424
-19.333
-19.3236
-19.3141
-19.3047
-19.2953
-19.2859
-19.2764
-19.267
-19.2576
-19.2482
-19.2388
-19.2294
-19.22
-19.2106
-19.2011
-19.1917
-19.1823
-19.1729
-19.1635
-19.1542
-19.1448
-19.1354
-19.126
-19.1166
-19.1072
-19.0978
-19.0884
-19.0791
-19.0697
-19.0603
-19.0509
-19.0416
-19.0322
-19.0228
-19.0135
-19.0041
-18.9948
-18.9854
-18.976
-18.9667
-18.9573
-18.948
-18.9386
-18.9293
-18.92
-18.9106
-18.9013
-18.8919
-18.8826
-18.8733
-18.8639
-18.8546
-18.8453
-18.8359
-18.8266
-18.8173
-18.808
-18.7987
-18.7893
-18.78
-18.7707
-18.7614
-18.7521
-18.7428
-18.7335
-18.7242
-18.7149
-18.7056
-18.6963
-18.687
-18.6777
-18.6684
-18.6591
-18.6499
-18.6406
-18.6313
-18.622
-18.6127
-18.6035
-18.5942
-18.5849
-18.5756
-18.5664
-18.5571
-18.5478
-18.5386
-18.5293
-18.5201
-18.5108
-18.5016
-18.4923
-18.4831
-18.4738
-18.4646
-18.4553
-18.4461
-18.4368
-18.4276
-18.4184
-18.4091
-18.3999
-18.3907
-18.3815
-18.3722
-18.363
-18.3538
-18.3446
-18.3353
-18.3261
-18.3169
-18.3077
-18.2985
-18.2893
-18.2801
-18.2709
-18.2617
-18.2525
-18.2433
-18.2341
-18.2249
-18.2157
-18.2065
-18.1973
-18.1881
-18.179
-18.1698
-18.1606
-18.1514
-18.1422
-18.1331
-18.1239
-18.1147
-18.1056
-18.0964
-18.0872
-18.0781
-18.0689
-18.0598
-18.0506
-18.0414
-18.0323
-18.0231
-18.014
-18.0049
-17.9957
-17.9866
-17.9774
-17.9683
-17.9592
-17.95
-17.9409
-17.9318
-17.9226
-17.9135
-17.9044
-17.8953
-17.8861
-17.877
-17.8679
-17.8588
-17.8497
-17.8406
-17.8315
-17.8224
-17.8133
-17.8042
-17.7951
-17.786
-17.7769
-17.7678
-17.7587
-17.7496
-17.7405
-17.7314
-17.7223
-17.7133
-17.7042
-17.6951
-17.686
-17.6769
-17.6679
-17.6588
-17.6497
-17.6407
-17.6316
-17.6225
-17.6135
-17.6044
-17.5954
-17.5863
-17.5773
-17.5682
-17.5592
-17.5501
-17.5411
-17.532
-17.5231
-17.5139
-17.505
-17.4957
-17.4871
-17.4775
-17.4692
-17.4592
-17.4514
-17.4408
-17.4339
-17.4222
-17.4166
-17.4032
-17.3998
-17.3837
-17.3835
-17.3635
-17.3682
-17.3423
-17.3539
-17.3199
-17.3411
-17.296
-17.3299
-17.2703
-17.3204
-17.243
-17.3125
-17.2143
-17.3057
-17.1852
-17.2986
-17.1571
-17.2895
-17.1322
-17.2758
-17.1136
-17.2543
-17.1042
-17.2219
-17.1072
-17.1763
-17.1244
-17.1158
-17.1512
-17.0546
-17.1786
-16.9881
-17.2101
-16.9223
-17.2354
-16.8701
-17.241
-16.8428
-17.2159
-16.8495
-17.1548
-16.893
-17.0598
-16.9655
-16.9433
-17.0489
-16.8281
-17.1169
-16.7425
-17.1426
-16.7109
-17.1065
-16.7439
-17.0076
-16.8318
-16.8675
-16.9423
-16.7271
-17.0295
-16.6336
-17.0494
-16.6213
-16.9816
-16.6943
-16.8412
-16.8182
-16.6787
-16.9311
-16.5608
-16.9695
-16.5391
-16.9015
-16.6209
-16.7473
-16.7589
-16.5758
-16.8711
-16.4714
-16.883
-16.4866
-16.7736
-16.6065
-16.5933
-16.7509
-16.4403
-16.8189
-16.4018
-16.7527
-16.4948
-16.5807
-16.6484
-16.4055
-16.7456
-16.3375
-16.7033
-16.4158
-16.5361
-16.5729
-16.3528
-16.6787
-16.2794
-16.6369
-16.3617
-16.4638
-16.5227
-16.2828
-16.6178
-16.2283
-16.5524
-16.333
-16.3653
-16.4937
-16.2022
-16.5545
-16.1923
-16.4444
-16.3301
-16.2464
-16.4736
-16.1275
-16.4718
-16.1843
-16.3087
-16.3462
-16.1247
-16.438
-16.0845
-16.3501
-16.2116
-16.1532
-16.3587
-16.0318
-16.3548
-16.0952
-16.1849
-16.2577
-16.0121
-16.3252
-16.0055
-16.204
-16.1536
-16.0093
-16.2709
-15.9412
-16.2041
-16.0577
-16.0101
-16.2035
-15.8951
-16.1864
-15.9747
-16.0063
-16.1322
-15.8598
-16.1548
-15.9047
-15.9938
-16.0632
-15.8288
-16.1141
-15.8462
-15.9712
-16.0006
-15.7969
-16.0691
-15.7955
-15.9398
-15.945
-15.762
-16.0224
-15.7507
-15.9006
-15.8965
-15.7234
-15.9749
-15.7112
-15.8539
-15.8554
-15.6804
-15.9275
-15.6756
-15.8011
-15.8201
-15.6347
-15.879
-15.6448
-15.7422
-15.7894
-15.5879
-15.8274
-15.6199
-15.6775
-15.7621
-15.542
-15.7714
-15.6008
-15.6088
-15.7346
-15.501
-15.708
-15.5883
-15.5379
-15.7036
-15.468
-15.636
-15.5809
-15.4687
-15.6647
-15.4458
-15.5558
-15.5745
-15.407
-15.6129
-15.4362
-15.4699
-15.5637
-15.3585
-15.5452
-15.4372
-15.3848
-15.5405
-15.3288
-15.4618
-15.4426
-15.3098
-15.497
-15.32
-15.368
-15.4422
-15.255
-15.4288
-15.3276
-15.2753
-15.4228
-15.2281
-15.3385
-15.3396
-15.1993
-15.3736
-15.2288
-15.2379
-15.3385
-15.1541
-15.2925
-15.2452
-15.1474
-15.306
-15.1449
-15.1906
-15.2551
-15.0883
-15.2341
-15.1615
-15.0918
-15.234
-15.0715
-15.1328
-15.1774
-15.0247
-15.1676
-15.0878
-15.0302
-15.1612
-15.0053
-15.0656
-15.1065
-14.961
-15.0951
-15.0232
-14.9621
-15.0893
-14.9446
-14.9907
-15.0413
-14.8974
-15.0172
-14.966
-14.8894
-15.0167
-14.8896
-14.9092
-14.9795
-14.836
-14.9335
-14.9146
-14.8156
-14.9401
-14.8413
-14.8235
-14.917
-14.7805
-14.8434
-14.8657
-14.7456
-14.8561
-14.7992
-14.7378
-14.8478
-14.7344
-14.7482
-14.814
-14.6854
-14.7624
-14.7601
-14.6592
-14.7662
-14.6978
-14.654
-14.7512
-14.6398
-14.6612
-14.7158
-14.5961
-14.6698
-14.665
-14.5708
-14.6696
-14.6079
-14.5622
-14.6544
-14.5538
-14.5642
-14.623
-14.5103
-14.5684
-14.5785
-14.4809
-14.5674
-14.527
-14.4654
-14.5559
-14.4756
-14.46
-14.5317
-14.4301
-14.4593
-14.4962
-14.3943
-14.4578
-14.4525
-14.3693
-14.4507
-14.4053
-14.3541
-14.4352
-14.3591
-14.3457
-14.4105
-14.3175
-14.3404
-14.3775
-14.283
-14.3347
-14.3386
-14.2562
-14.3255
-14.2966
-14.2364
-14.3109
-14.2542
-14.2222
-14.29
-14.214
-14.2114
-14.2631
-14.1778
-14.2017
-14.2313
-14.1462
-14.1913
-14.1958
-14.1198
-14.1784
-14.1584
-14.0978
-14.1623
-14.1207
-14.0794
-14.1425
-14.0838
-14.0636
-14.1189
-14.049
-14.049
-14.092
-14.0166
-14.0348
-14.0625
-13.9869
-14.0201
-14.031
-13.9601
-14.004
-13.9985
-13.9356
-13.9865
-13.9655
-13.9132
-13.9671
-13.9326
-13.8925
-13.9457
-13.9004
-13.8728
-13.9227
-13.869
-13.8538
-13.8982
-13.8387
-13.8351
-13.8724
-13.8097
-13.8162
-13.8457
-13.7817
-13.7972
-13.8182
-13.7548
-13.7777
-13.7903
-13.729
-13.7575
-13.7622
-13.7038
-13.7368
-13.734
-13.6794
-13.7154
-13.7059
-13.6555
-13.6935
-13.6781
-13.6319
-13.6711
-13.6504
-13.6087
-13.648
-13.6232
-13.5856
-13.6246
-13.5963
-13.5625
-13.6009
-13.5697
-13.5396
-13.5768
-13.5435
-13.5164
-13.5526
-13.5176
-13.4932
-13.5282
-13.4921
-13.4699
-13.5036
-13.4669
-13.4463
-13.479
-13.4419
-13.4227
-13.4543
-13.4173
-13.3989
-13.4295
-13.3929
-13.3749
-13.4048
-13.3687
-13.3509
-13.3799
-13.3448
-13.3266
-13.355
-13.321
-13.3022
-13.3302
-13.2974
-13.2778
-13.3052
-13.2741
-13.2532
-13.2802
-13.2509
-13.2286
-13.2551
-13.2279
-13.2041
-13.2298
-13.2051
-13.1794
-13.2046
-13.1823
-13.155
-13.1791
-13.1597
-13.1305
-13.1534
-13.1373
-13.1062
-13.1277
-13.1147
-13.0822
-13.1016
-13.0923
-13.0583
-13.0754
-13.0699
-13.0346
-13.0491
-13.0472
-13.0114
-13.0226
-13.0246
-12.9885
-12.996
-13.0016
-12.966
-12.9694
-12.9783
-12.9438
-12.9427
-12.9547
-12.922
-12.9163
-12.9305
-12.9006
-12.89
-12.9059
-12.8794
-12.8641
-12.8808
-12.8583
-12.8386
-12.8551
-12.8374
-12.8137
-12.8289
-12.8163
-12.7894
-12.8023
-12.795
-12.7659
-12.7753
-12.7734
-12.743
-12.7482
-12.7511
-12.721
-12.7209
-12.7282
-12.6996
-12.694
-12.7044
-12.6787
-12.6675
-12.6797
-12.6583
-12.6415
-12.6543
-12.6378
-12.6166
-12.6279
-12.6173
-12.5925
-12.601
-12.5963
-12.5695
-12.5738
-12.5745
-12.5477
-12.5463
-12.5518
-12.5265
-12.5194
-12.528
-12.5061
-12.4931
-12.5029
-12.4861
-12.4676
-12.477
-12.4657
-12.4435
-12.4501
-12.445
-12.4206
-12.4228
-12.4234
-12.3988
-12.3956
-12.4004
-12.3783
-12.3687
-12.3763
-12.3581
-12.3429
-12.3507
-12.3381
-12.3184
-12.3241
-12.3178
-12.2952
-12.297
-12.2962
-12.2737
-12.2697
-12.2735
-12.2531
-12.243
-12.2493
-12.233
-12.2176
-12.2234
-12.2132
-12.1934
-12.1969
-12.1924
-12.1711
-12.1696
-12.1705
-12.1501
-12.1426
-12.1471
-12.1299
-12.1169
-12.1218
-12.1102
-12.0923
-12.0955
-12.0897
-12.0696
-12.0685
-12.068
-12.0486
-12.0415
-12.0448
-12.0284
-12.0158
-12.0197
-12.0086
-11.9915
-11.9933
-11.9882
-11.9689
-11.9666
-11.9661
-11.9483
-11.9398
-11.9427
-11.9281
-11.9146
-11.9172
-11.9082
-11.891
-11.8907
-11.8874
-11.8691
-11.8641
-11.8646
-11.8489
-11.838
-11.8404
-11.8289
-11.8136
-11.8144
-11.8085
-11.7913
-11.7876
-11.7868
-11.7703
-11.7616
-11.7629
-11.7505
-11.7367
-11.7375
-11.7303
-11.7138
-11.7111
-11.7087
-11.6928
-11.6847
-11.6855
-11.6726
-11.6599
-11.6602
-11.6526
-11.6369
-11.634
-11.6313
-11.6156
-11.608
-11.6079
-11.5957
-11.583
-11.583
-11.5754
-11.5602
-11.5568
-11.5539
-11.5392
-11.5308
-11.5307
-11.5189
-11.5064
-11.5053
-11.4988
-11.4837
-11.4794
-11.4769
-11.463
-11.4538
-11.4531
-11.4431
-11.4297
-11.4279
-11.4222
-11.4079
-11.4018
-11.4
-11.3874
-11.3768
-11.3757
-11.3672
-11.3537
-11.35
-11.3461
-11.3322
-11.3246
-11.3228
-11.3123
-11.3002
-11.2981
-11.2917
-11.278
-11.2724
-11.2696
-11.2575
-11.2473
-11.2457
-11.2371
-11.2244
-11.2202
-11.216
-11.203
-11.195
-11.1928
-11.1828
-11.1711
-11.1679
-11.1622
-11.149
-11.1427
-11.1397
-11.1288
-11.1181
-11.1155
-11.1083
-11.0956
-11.0903
-11.0865
-11.0749
-11.0654
-11.0629
-11.0545
-11.0426
-11.0378
-11.0333
-11.0213
-11.013
-11.0101
-11.001
-10.9896
-10.9853
-10.9801
-10.9679
-10.9605
-10.9571
-10.9478
-10.9367
-10.9328
-10.9268
-10.915
-10.9079
-10.9044
-10.8946
-10.884
-10.8803
-10.8737
-10.8623
-10.8553
-10.8517
-10.8416
-10.8315
-10.8275
-10.821
-10.8095
-10.8028
-10.7989
-10.7888
-10.7791
-10.7748
-10.7683
-10.7569
-10.7503
-10.7461
-10.7364
-10.7265
-10.7223
-10.7157
-10.7045
-10.6978
-10.6934
-10.684
-10.674
-10.6698
-10.6631
-10.6523
-10.6452
-10.641
-10.6317
-10.6218
-10.6171
-10.6108
-10.6003
-10.5927
-10.5886
-10.5795
-10.5697
-10.5645
-10.5587
-10.5482
-10.5404
-10.536
-10.5276
-10.5176
-10.5119
-10.5065
-10.4963
-10.4882
-10.4835
-10.4759
-10.4655
-10.4596
-10.4543
-10.4447
-10.4359
-10.4311
-10.4241
-10.4137
-10.4072
-10.4021
-10.3932
-10.3838
-10.3788
-10.3722
-10.3623
-10.3548
-10.35
-10.3417
-10.332
-10.3264
-10.3204
-10.3109
-10.3026
-10.2978
-10.2901
-10.2805
-10.274
-10.2687
-10.2596
-10.2507
-10.2456
-10.2387
-10.2291
-10.2217
-10.2168
-10.2083
-10.1992
-10.1932
-10.1874
-10.1779
-10.1699
-10.1647
-10.1573
-10.1478
-10.1411
-10.1357
-10.1269
-10.1182
-10.1125
-10.1062
-10.0967
-10.0892
-10.0838
-10.0761
-10.0668
-10.0605
-10.0547
-10.0458
-10.0375
-10.0318
-10.0252
-10.0158
-10.0086
-10.003
-9.99524
-9.98612
-9.97997
-9.97394
-9.96515
-9.95697
-9.95129
-9.94446
-9.93521
-9.92818
-9.92245
-9.91467
-9.90567
-9.89955
-9.89335
-9.88476
-9.87659
-9.87087
-9.86399
-9.85496
-9.84784
-9.84204
-9.83438
-9.82547
-9.81924
-9.81301
-9.80466
-9.79638
-9.7906
-9.78377
-9.77498
-9.76762
-9.76182
-9.75435
-9.74552
-9.73904
-9.73288
-9.72481
-9.7164
-9.71045
-9.70378
-9.69526
-9.68759
-9.68177
-9.67454
-9.66585
-9.65898
-9.65294
-9.6452
-9.63667
-9.63044
-9.62399
-9.61581
-9.60778
-9.60185
-9.59494
-9.58646
-9.57912
-9.57315
-9.5658
-9.55725
-9.55059
-9.54436
-9.53658
-9.52827
-9.52207
-9.51548
-9.50735
-9.49952
-9.49349
-9.48655
-9.47816
-9.47095
-9.46484
-9.45754
-9.44912
-9.44245
-9.43613
-9.42848
-9.42026
-9.41395
-9.40739
-9.39938
-9.3916
-9.38541
-9.3786
-9.37034
-9.36307
-9.35685
-9.34975
-9.34141
-9.3346
-9.32827
-9.32084
-9.31266
-9.30612
-9.29968
-9.29189
-9.28405
-9.27764
-9.27107
-9.26297
-9.25554
-9.24917
-9.24238
-9.23417
-9.22708
-9.22074
-9.21362
-9.20549
-9.19862
-9.19231
-9.18483
-9.17693
-9.1702
-9.16387
-9.15607
-9.14843
-9.14182
-9.13535
-9.12739
-9.11996
-9.11351
-9.10676
-9.09881
-9.09152
-9.08522
-9.07816
-9.0703
-9.06313
-9.05692
-9.04957
-9.04182
-9.03482
-9.02857
-9.02104
-9.01336
-9.00659
-9.00017
-8.99258
-8.98493
-8.9784
-8.97174
-8.96416
-8.95657
-8.95021
-8.94335
-8.93575
-8.92829
-8.92199
-8.91501
-8.90734
-8.9001
-8.89373
-8.88672
-8.87895
-8.87196
-8.86548
-8.85843
-8.85062
-8.84382
-8.83727
-8.83014
-8.82238
-8.81567
-8.80912
-8.80183
-8.79422
-8.78751
-8.781
-8.77354
-8.7661
-8.75939
-8.75288
-8.7453
-8.738
-8.73131
-8.72474
-8.71714
-8.70988
-8.7033
-8.69658
-8.68904
-8.68178
-8.67532
-8.66843
-8.66099
-8.65371
-8.64734
-8.64034
-8.63292
-8.62572
-8.61933
-8.61232
-8.60486
-8.59779
-8.59132
-8.58434
-8.57681
-8.56989
-8.56332
-8.55639
-8.54881
-8.54199
-8.53538
-8.52842
-8.52088
-8.51408
-8.5075
-8.50046
-8.49301
-8.48617
-8.47966
-8.47251
-8.46518
-8.45828
-8.45183
-8.44461
-8.43734
-8.43045
-8.42399
-8.41677
-8.4095
-8.40267
-8.39615
-8.389
-8.38167
-8.37495
-8.36832
-8.36125
-8.35387
-8.34722
-8.34054
-8.33351
-8.32613
-8.31949
-8.31282
-8.30576
-8.29845
-8.29174
-8.28515
-8.27802
-8.27081
-8.26402
-8.2575
-8.25032
-8.24318
-8.23635
-8.22986
-8.22268
-8.21555
-8.20873
-8.2022
-8.1951
-8.1879
-8.18117
-8.17455
-8.16756
-8.1603
-8.15362
-8.14694
-8.14003
-8.13273
-8.12607
-8.1194
-8.11248
-8.10524
-8.0985
-8.0919
-8.08495
-8.07778
-8.07096
-8.06444
-8.05744
-8.05035
-8.04345
-8.03698
-8.02998
-8.02292
-8.016
-8.00951
-8.00258
-7.99548
-7.9886
-7.98205
-7.97523
-7.96807
-7.96124
-7.95461
-7.94789
-7.94069
-7.93389
-7.92722
-7.92054
-7.91337
-7.90652
-7.89988
-7.8932
-7.88611
-7.87917
-7.87259
-7.86586
-7.85888
-7.85185
-7.84532
-7.83857
-7.83165
-7.82459
-7.81803
-7.81132
-7.80443
-7.79737
-7.79076
-7.78412
-7.7772
-7.77022
-7.76349
-7.75695
-7.75001
-7.74307
-7.73627
-7.72978
-7.72286
-7.71594
-7.7091
-7.70261
-7.69576
-7.68881
-7.68199
-7.67543
-7.66871
-7.6617
-7.65491
-7.64829
-7.64166
-7.63463
-7.62785
-7.62117
-7.61461
-7.60761
-7.6008
-7.59412
-7.58755
-7.58065
-7.57375
-7.56712
-7.56051
-7.55371
-7.54674
-7.54013
-7.53349
-7.52679
-7.51978
-7.51315
-7.50651
-7.49985
-7.49288
-7.48617
-7.47958
-7.47291
-7.46603
-7.45921
-7.45268
-7.446
-7.4392
-7.4323
-7.42579
-7.41911
-7.41238
-7.40545
-7.3989
-7.39228
-7.38555
-7.37866
-7.37202
-7.36547
-7.35874
-7.35191
-7.34516
-7.33868
-7.33194
-7.32518
-7.31836
-7.31189
-7.3052
-7.29845
-7.29162
-7.28509
-7.27848
-7.27174
-7.26493
-7.25832
-7.25179
-7.24503
-7.23828
-7.23157
-7.22511
-7.21837
-7.21164
-7.20488
-7.19842
-7.19174
-7.18502
-7.17825
-7.17174
-7.16515
-7.1584
-7.15167
-7.14506
-7.13857
-7.13182
-7.12512
-7.11844
-7.11199
-7.10527
-7.09858
-7.09186
-7.0854
-7.07876
-7.07206
-7.06534
-7.05882
-7.05228
-7.04555
-7.03887
-7.03226
-7.0258
-7.01908
-7.01242
-7.00575
-6.99932
-6.99264
-6.98599
-6.97929
-6.97284
-6.96624
-6.95957
-6.95289
-6.94635
-6.93987
-6.93317
-6.92653
-6.91991
-6.91348
-6.90681
-6.90019
-6.89352
-6.8871
-6.88048
-6.87386
-6.86719
-6.86071
-6.85419
-6.84754
-6.8409
-6.83435
-6.8279
-6.82126
-6.81465
-6.80802
-6.80162
-6.795
-6.78842
-6.78175
-6.77533
-6.76878
-6.76219
-6.75555
-6.74904
-6.74258
-6.73598
-6.72937
-6.7228
-6.71638
-6.7098
-6.70324
-6.69659
-6.69019
-6.68364
-6.67711
-6.67045
-6.664
-6.65751
-6.65098
-6.64437
-6.63783
-6.6314
-6.62487
-6.61831
-6.61171
-6.6053
-6.59878
-6.59228
-6.58563
-6.57921
-6.57271
-6.56624
-6.55962
-6.55313
-6.54668
-6.54021
-6.53365
-6.52709
-6.52066
-6.51419
-6.50771
-6.50109
-6.49468
-6.48818
-6.48177
-6.47515
-6.46869
-6.46222
-6.45582
-6.44926
-6.44275
-6.43628
-6.42987
-6.42339
-6.41683
-6.41039
-6.40392
-6.39754
-6.39095
-6.38451
-6.37803
-6.37167
-6.36513
-6.35866
-6.35217
-6.3458
-6.33933
-6.33284
-6.32635
-6.31994
-6.31355
-6.30703
-6.30059
-6.2941
-6.28777
-6.28127
-6.27483
-6.26832
-6.26198
-6.25553
-6.2491
-6.24259
-6.23621
-6.22981
-6.22338
-6.21691
-6.21045
-6.20411
-6.19767
-6.19126
-6.18475
-6.17841
-6.17199
-6.16562
-6.1591
-6.15274
-6.14633
-6.13998
-6.1335
-6.12708
-6.1207
-6.11433
-6.10794
-6.10146
-6.0951
-6.0887
-6.08237
-6.07589
-6.06952
-6.0631
-6.05681
-6.05035
-6.04397
-6.03754
-6.03124
-6.02485
-6.01844
-6.01204
-6.00567
-5.99936
-5.99294
-5.98656
-5.98015
-5.97387
-5.96746
-5.96111
-5.95467
-5.94838
-5.942
-5.93568
-5.92924
-5.92291
-5.91658
-5.91024
-5.90387
-5.89746
-5.89117
-5.88482
-5.8785
-5.87207
-5.86577
-5.85941
-5.85315
-5.84672
-5.84041
-5.83404
-5.82778
-5.82142
-5.81506
-5.80872
-5.80241
-5.79612
-5.78975
-5.78342
-5.77708
-5.77083
-5.76446
-5.75816
-5.75178
-5.74555
-5.7392
-5.73292
-5.72654
-5.72026
-5.71397
-5.70767
-5.70134
-5.69501
-5.68874
-5.68245
-5.67616
-5.6698
-5.66354
-5.65723
-5.651
-5.64463
-5.63837
-5.63204
-5.62583
-5.6195
-5.61321
-5.6069
-5.60066
-5.59439
-5.58809
-5.5818
-5.57551
-5.56929
-5.56298
-5.55673
-5.55039
-5.5442
-5.5379
-5.53167
-5.52534
-5.51911
-5.51284
-5.50661
-5.50032
-5.49405
-5.4878
-5.48157
-5.47533
-5.46902
-5.4628
-5.45653
-5.45035
-5.44403
-5.43782
-5.43153
-5.42536
-5.41908
-5.41285
-5.40657
-5.40037
-5.39414
-5.38791
-5.38166
-5.37541
-5.36922
-5.36298
-5.35678
-5.35048
-5.34432
-5.33806
-5.3319
-5.32561
-5.31942
-5.31318
-5.30702
-5.30077
-5.29456
-5.28833
-5.28214
-5.27595
-5.26972
-5.26351
-5.25728
-5.25114
-5.2449
-5.23873
-5.23247
-5.22632
-5.22011
-5.21395
-5.2077
-5.20153
-5.19533
-5.18918
-5.18296
-5.17677
-5.17059
-5.16441
-5.15826
-5.15203
-5.14587
-5.13966
-5.13354
-5.12732
-5.12117
-5.11495
-5.10883
-5.10264
-5.0965
-5.09028
-5.08414
-5.07797
-5.07183
-5.06566
-5.05947
-5.05334
-5.04716
-5.04105
-5.03484
-5.02871
-5.02253
-5.01643
-5.01024
-5.00411
-4.99792
-4.99182
-4.98566
-4.97953
-4.97336
-4.96722
-4.9611
-4.95496
-4.94884
-4.94265
-4.93656
-4.9304
-4.92431
-4.91813
-4.91203
-4.90587
-4.8998
-4.89363
-4.88753
-4.88137
-4.87528
-4.86916
-4.86304
-4.85691
-4.85078
-4.8447
-4.83857
-4.83248
-4.82632
-4.82024
-4.81412
-4.80805
-4.80189
-4.79582
-4.78968
-4.78363
-4.77749
-4.77141
-4.76528
-4.7592
-4.75312
-4.74701
-4.74092
-4.7348
-4.72875
-4.72264
-4.71658
-4.71044
-4.70439
-4.69827
-4.69224
-4.68611
-4.68006
-4.67394
-4.6679
-4.66181
-4.65573
-4.64965
-4.64357
-4.63752
-4.63143
-4.62537
-4.61927
-4.61323
-4.60714
-4.60112
-4.595
-4.58897
-4.58287
-4.57686
-4.57077
-4.56472
-4.55864
-4.5526
-4.54655
-4.54049
-4.53444
-4.52837
-4.52234
-4.51628
-4.51025
-4.50416
-4.49815
-4.49207
-4.48608
-4.47998
-4.47397
-4.4679
-4.46189
-4.45584
-4.44981
-4.44376
-4.43772
-4.4317
-4.42566
-4.41964
-4.41358
-4.40758
-4.40153
-4.39554
-4.38946
-4.38347
-4.37741
-4.37143
-4.36537
-4.35937
-4.35332
-4.34732
-4.3413
-4.33529
-4.32926
-4.32324
-4.31724
-4.31122
-4.30522
-4.29918
-4.2932
-4.28715
-4.28119
-4.27514
-4.26917
-4.26312
-4.25715
-4.25113
-4.24514
-4.23912
-4.23312
-4.22713
-4.22113
-4.21514
-4.20912
-4.20314
-4.19712
-4.19117
-4.18513
-4.17917
-4.17314
-4.16719
-4.16117
-4.15521
-4.14919
-4.14322
-4.13722
-4.13126
-4.12526
-4.11927
-4.11329
-4.1073
-4.10134
-4.09533
-4.08938
-4.08336
-4.07743
-4.07141
-4.06547
-4.05945
-4.05351
-4.04752
-4.04157
-4.03557
-4.02961
-4.02362
-4.01767
-4.0117
-4.00572
-3.99976
-3.99377
-3.98784
-3.98184
-3.9759
-3.9699
-3.96397
-3.95798
-3.95205
-3.94605
-3.94011
-3.93413
-3.92819
-3.92222
-3.91627
-3.91029
-3.90434
-3.89839
-3.89243
-3.88649
-3.8805
-3.87457
-3.86859
-3.86267
-3.85668
-3.85076
-3.84477
-3.83885
-3.83288
-3.82695
-3.82097
-3.81504
-3.80908
-3.80314
-3.79719
-3.79123
-3.78529
-3.77933
-3.77341
-3.76743
-3.76151
-3.75553
-3.74962
-3.74365
-3.73773
-3.73175
-3.72583
-3.71987
-3.71395
-3.70799
-3.70205
-3.6961
-3.69016
-3.68423
-3.67827
-3.67234
-3.66637
-3.66046
-3.65449
-3.64858
-3.64261
-3.63669
-3.63072
-3.62482
-3.61885
-3.61293
-3.60696
-3.60104
-3.59509
-3.58915
-3.58321
-3.57726
-3.57133
-3.56537
-3.55946
-3.55349
-3.54757
-3.5416
-3.53569
-3.52972
-3.52381
-3.51783
-3.51192
-3.50595
-3.50004
-3.49407
-3.48814
-3.48219
-3.47625
-3.47031
-3.46435
-3.45842
-3.45246
-3.44654
-3.44057
-3.43465
-3.42867
-3.42275
-3.41677
-3.41086
-3.40488
-3.39896
-3.39298
-3.38705
-3.38109
-3.37514
-3.36919
-3.36323
-3.35729
-3.35132
-3.34538
-3.3394
-3.33347
-3.32749
-3.32156
-3.31557
-3.30964
-3.30364
-3.29771
-3.29172
-3.28578
-3.2798
-3.27384
-3.26787
-3.2619
-3.25594
-3.24996
-3.244
-3.23801
-3.23205
-3.22606
-3.22011
-3.2141
-3.20815
-3.20214
-3.19619
-3.19017
-3.18422
-3.1782
-3.17223
-3.16624
-3.16025
-3.15425
-3.14825
-3.14226
-3.13626
-3.13027
-3.12425
-3.11827
-3.11224
-3.10626
-3.10022
-3.09424
-3.08819
-3.08221
-3.07616
-3.07017
-3.06413
-3.05811
-3.05208
-3.04605
-3.04002
-3.03399
-3.02795
-3.0219
-3.01587
-3.00982
-3.00379
-2.99771
-2.99169
-2.9856
-2.97958
-2.97349
-2.96745
-2.96136
-2.95531
-2.94922
-2.94315
-2.93707
-2.93099
-2.9249
-2.91881
-2.91272
-2.90662
-2.90053
-2.8944
-2.88832
-2.88218
-2.8761
-2.86995
-2.86385
-2.8577
-2.85159
-2.84544
-2.83931
-2.83316
-2.82701
-2.82086
-2.81471
-2.80855
-2.80238
-2.79621
-2.79002
-2.78386
-2.77765
-2.77149
-2.76526
-2.75909
-2.75286
-2.74668
-2.74043
-2.73423
-2.72799
-2.72176
-2.71552
-2.70928
-2.70302
-2.69677
-2.6905
-2.68423
-2.67797
-2.67167
-2.6654
-2.65908
-2.65281
-2.64647
-2.64018
-2.63383
-2.62752
-2.62117
-2.61484
-2.60847
-2.60212
-2.59574
-2.58938
-2.58299
-2.5766
-2.5702
-2.56379
-2.55738
-2.55094
-2.54454
-2.53806
-2.53164
-2.52515
-2.51871
-2.51221
-2.50574
-2.49922
-2.49273
-2.4862
-2.47968
-2.47314
-2.4666
-2.46003
-2.45346
-2.44689
-2.44029
-2.43371
-2.42706
-2.42047
-2.4138
-2.40718
-2.4005
-2.39385
-2.38714
-2.38046
-2.37374
-2.36703
-2.36028
-2.35355
-2.34677
-2.34
-2.33321
-2.32641
-2.3196
-2.31275
-2.30592
-2.29904
-2.29219
-2.28527
-2.27839
-2.27144
-2.26452
-2.25755
-2.2506
-2.24359
-2.23661
-2.22957
-2.22255
-2.21548
-2.20841
-2.20132
-2.1942
-2.18709
-2.17993
-2.17278
-2.16557
-2.15839
-2.15115
-2.14392
-2.13664
-2.12937
-2.12205
-2.11474
-2.10738
-2.10003
-2.09262
-2.08522
-2.07777
-2.07032
-2.06284
-2.05533
-2.04781
-2.04024
-2.03268
-2.02507
-2.01746
-2.00979
-2.00213
-1.99441
-1.9867
-1.97892
-1.97117
-1.96333
-1.95552
-1.94763
-1.93976
-1.93183
-1.92388
-1.91591
-1.90789
-1.89987
-1.89179
-1.88371
-1.87556
-1.86742
-1.85921
-1.85101
-1.84274
-1.83447
-1.82613
-1.8178
-1.80939
-1.801
-1.79253
-1.78405
-1.77552
-1.76697
-1.75838
-1.74974
-1.74109
-1.73237
-1.72366
-1.71486
-1.70607
-1.69721
-1.68834
-1.67939
-1.67045
-1.66143
-1.65241
-1.64331
-1.63421
-1.62504
-1.61585
-1.60661
-1.59733
-1.58801
-1.57864
-1.56925
-1.55979
-1.55032
-1.54078
-1.53123
-1.5216
-1.51197
-1.50225
-1.49254
-1.48274
-1.47294
-1.46305
-1.45316
-1.4432
-1.43322
-1.42318
-1.4131
-1.40298
-1.39281
-1.38262
-1.37236
-1.36208
-1.35174
-1.34138
-1.33095
-1.32051
-1.30999
-1.29948
-1.28887
-1.27828
-1.2676
-1.25692
-1.24617
-1.2354
-1.22459
-1.21374
-1.20286
-1.19192
-1.18097
-1.16997
-1.15895
-1.14788
-1.1368
-1.12566
-1.11452
-1.10331
-1.09212
-1.08085
-1.06961
-1.05829
-1.04699
-1.03563
-1.02427
-1.01288
-1.00147
-0.99005
-0.978604
-0.967151
-0.955673
-0.944195
-0.932689
-0.921195
-0.909666
-0.898169
-0.886618
-0.875122
-0.863564
-0.852064
-0.840522
-0.829019
-0.8175
-0.806002
-0.794511
-0.783033
-0.771575
-0.760129
-0.748708
-0.737302
-0.725932
-0.714571
-0.703267
-0.691956
-0.680724
-0.669478
-0.658323
-0.647159
-0.636087
-0.625016
-0.61403
-0.603068
-0.592176
-0.581335
-0.570552
-0.559832
-0.549172
-0.538583
-0.528055
-0.517615
-0.507221
-0.496938
-0.486692
-0.476573
-0.466487
-0.456541
-0.446629
-0.436852
-0.427134
-0.417532
-0.408016
-0.398605
-0.389286
-0.38008
-0.37097
-0.361971
-0.353082
-0.344296
-0.335633
-0.327063
-0.318641
-0.310291
-0.302113
-0.293995
-0.286051
-0.278185
-0.270476
-0.262863
-0.255398
-0.248037
-0.240818
-0.233715
-0.226746
-0.2199
-0.213185
-0.206595
-0.200132
-0.193809
-0.18759
-0.181538
-0.175565
-0.169772
-0.164056
-0.158514
-0.153058
-0.147763
-0.142565
-0.137512
-0.132569
-0.127761
-0.123062
-0.1185
-0.114039
-0.109713
-0.105497
-0.101393
-0.0974202
-0.0935334
-0.0897927
-0.0861216
-0.0826064
-0.0791486
-0.075844
-0.0726018
-0.0694924
-0.0664616
-0.0635483
-0.0607113
-0.0579923
-0.0553415
-0.0528029
-0.0503388
-0.047972
-0.0456846
-0.0434795
-0.0413678
-0.0393073
-0.0373687
-0.0354537
-0.033662
-0.0318996
-0.0302403
-0.0286207
-0.0270945
-0.025605
-0.0242029
-0.0228376
-0.0215519
-0.0203021
-0.0191307
-0.0179877
-0.0169153
-0.0158848
-0.0148932
-0.013973
-0.0130639
-0.0122333
-0.0114076
-0.0106603
-0.00990976
-0.00923955
-0.0085665
-0.00795571
-0.00735826
-0.00680778
-0.00626869
-0.00578559
-0.005297
-0.00486556
-0.00443748
-0.00404338
-0.00367312
-0.00331808
-0.0029969
-0.00267229
-0.0024026
-0.00210552
-0.00187476
-0.00161675
-0.0014078
-0.00118804
-0.00100528
-0.000809405
-0.000660361
-0.000484759
-0.00035554
-0.000209029
-9.35938e-05
2.83453e-05
0.000131046
0.00022418
0.000328526
0.000391787
0.000487532
0.00053972
0.000616659
0.0006597
0.000727729
0.000761069
0.000802612
0.000853169
0.000846662
0.000951149
0.000754106
0.000989417
0.000801801
0.00109122
0.00100744
0.00105181
0.00109636
0.0011382
0.0011038
0.00104975
0.000987596
0.00102117
0.00106513
0.00104109
0.00106036
0.00106952
0.00114318
0.00107923
0.00104791
0.00103945
0.00108509
0.00107241
0.000995308
0.000974579
0.00100016
0.00102797
0.00100561
0.000971435
0.000977424
0.000983032
0.00095235
0.000943849
0.000936104
0.000982682
0.00093333
0.000931408
0.000905902
0.000965059
0.000942049
0.000907418
0.000874478
0.000888098
0.000928678
0.000880753
0.000859833
0.000835327
0.000884867
0.000892896
0.000874315
0.000839652
0.00084426
0.000831504
0.00083662
0.000787437
0.00082962
0.000805282
0.000838913
0.000801566
0.000798276
0.000818776
0.000804748
0.00080838
0.000791781
0.000806455
0.000816651
0.000807207
0.000782944
0.000775267
0.000768721
0.000800327
0.000748708
0.000781334
0.000747119
0.000789724
0.000770076
0.000767065
0.000734704
0.000750809
0.000753583
0.000783474
0.000755306
0.000749049
0.000734821
0.000730633
0.000758028
0.000739076
0.000757881
0.000726274
0.000749509
0.000727445
0.000743499
0.000718317
0.000747491
0.00072189
0.000753851
0.000719059
0.000726426
0.000706016
0.000722578
0.000723827
0.00072178
0.000717747
0.000716292
0.000728191
0.000731011
0.000736651
0.000706206
0.000706508
0.000702027
0.000731047
0.000716571
0.00072999
0.000713322
0.000703408
0.000710438
0.000709272
0.000706829
0.00071461
0.000711837
0.000706786
0.00069813
0.000687311
0.000696394
0.000682782
0.000698992
0.000681934
0.000708968
0.000697711
0.000708083
0.000695285
0.000688589
0.000694749
0.000681643
0.000698927
0.000683181
0.00070247
0.000687965
0.000698739
0.000688395
0.000691467
0.000687749
0.000684729
0.000688405
0.00068917
0.000691049
0.000692011
0.000683707
0.000689849
0.000689124
0.000688455
0.000690711
0.000673505
0.000690267
0.000681802
0.000691499
0.00068926
0.000676884
0.000698012
0.000689917
0.000711741
0.000700269
0.000704046
0.000693046
0.000699589
0.000687681
0.000704233
0.000690279
0.000699919
0.000691874
0.00067928
0.000692527
0.00067853
0.000698642
0.000695127
0.000696397
0.000703259
0.000690349
0.000689489
0.000686458
0.00067958
0.000701555
0.000691258
0.000711553
0.000687449
0.000702169
0.000680243
0.000700138
0.000687685
0.000695338
0.000702813
0.000688808
0.000721373
0.000687775
0.000721736
0.000692268
0.00070586
0.000704519
0.000696209
0.000713402
0.000702387
0.000714096
0.000715454
0.000707416
0.000715764
0.000704242
0.000708737
0.000711989
0.000698598
0.000717172
0.000686369
0.000717596
0.000690243
0.000715282
0.000707084
0.00070176
0.000717427
0.00068814
0.000718502
0.000690151
0.000715804
0.00070171
0.000709276
0.000713259
0.000703369
0.000721358
0.000702594
0.00071723
0.00070617
0.000704235
0.000708583
0.0007007
0.000707681
0.000708744
0.000704397
0.000709838
0.000704255
0.000706942
0.000714769
0.000709329
0.000719068
0.000710066
0.00071113
0.000709822
0.000707095
0.000716332
0.000709379
0.000728122
0.000707934
0.000728072
0.000701991
0.000710396
0.000708707
0.000696972
0.000723063
0.000695813
0.000723507
0.000697659
0.00071143
0.000703406
0.00070299
0.000712723
0.000707219
0.000713643
0.000711644
0.000700752
0.000707491
0.000693583
0.000706769
0.000703026
0.000711507
0.000707609
0.000710758
0.000702603
0.000708486
0.000701183
0.000708855
0.000704426
0.000708435
0.000712044
0.000705185
0.000718232
0.000699498
0.000723526
0.000697972
0.000731879
0.000702462
0.000730846
0.000706882
0.000719625
0.000709036
0.00071358
0.000712529
0.000711752
0.000717075
0.000711146
0.000719837
0.000708273
0.000718125
0.000707851
0.000716312
0.000717072
0.000719263
0.000723878
0.000721813
0.000721247
0.000720711
0.000722017
0.000716982
0.000728148
0.00071549
0.000730283
0.000715045
0.000725565
0.000717821
0.000723625
0.000729696
0.000728815
0.000737987
0.000732406
0.000737708
0.00072983
0.000740863
0.000729623
0.000747262
0.000728602
0.000749469
0.000729629
0.000747771
0.000740915
0.000748832
0.000748865
0.000748838
0.00075296
0.000752202
0.000757014
0.000761206
0.000764771
0.000758948
0.000771227
0.000756162
0.000769757
0.000759195
0.000766464
0.000763516
0.000769138
0.000770247
0.000776858
0.000779933
0.00077942
0.0007819
0.000777776
0.00078135
0.000773412
0.000790684
0.000780628
0.000790656
0.000792162
0.000793599
0.00079029
0.000796128
0.000793566
0.000799891
0.000790493
0.000807051
0.000797248
0.000806333
0.000806976
0.000812899
0.000807899
0.000817181
0.000821037
0.000805463
0.000828733
0.000818746
0.00082598
0.000827469
0.000827708
0.000833738
0.000828685
0.000841055
0.000823689
0.00084691
0.000823975
0.000850678
0.000823937
0.000840535
0.000842816
0.000839472
0.000857486
0.000831908
0.000860762
0.000845284
0.00086255
0.000851794
0.000854841
0.00086068
0.000857817
0.000867173
0.000856056
0.000867591
0.000855569
0.000871868
0.000858458
0.00087251
0.000867489
0.000870184
0.000881587
0.000868312
0.000882348
0.000866662
0.000882275
0.000873519
0.000885958
0.000877423
0.000889889
0.000889744
0.00089112
0.000892851
0.000882801
0.000888018
0.000888374
0.000884166
0.000894163
0.000884036
0.000894701
0.000886746
0.000897205
0.000889463
0.000905097
0.000891917
0.000904331
0.000894882
0.00089672
0.000905428
0.000888788
0.000908398
0.000889773
0.000903308
0.000899213
0.000898908
0.000899806
0.000898857
0.000894823
0.000910965
0.000892409
0.000913779
0.000891943
0.000904031
0.000900158
0.000899844
0.00090728
0.000898183
0.000910839
0.000900588
0.000912834
0.000903527
0.000913776
0.000905634
0.000908553
0.000911287
0.000901525
0.000916981
0.000900364
0.000913307
0.000902715
0.000905503
0.000906233
0.000904327
0.000898382
0.000909485
0.000896353
0.000903327
0.000910917
0.000891575
0.000913669
0.000890097
0.000909771
0.000891303
0.000906529
0.000895234
0.000898589
0.000894896
0.000899184
0.000891839
0.000895583
0.000897741
0.000888715
0.000897573
0.000891929
0.000896261
0.00088492
0.000910747
0.000873717
0.000917265
0.000881306
0.000902192
0.000893053
0.000891099
0.000895116
0.000886901
0.000893055
0.000881016
0.0008913
0.000879301
0.000893149
0.000872403
0.000898874
0.000868107
0.000893661
0.000881198
0.00087939
0.000886733
0.000876008
0.000884906
0.000871854
0.000886181
0.000872205
0.000883376
0.000874341
0.000883442
0.000873234
0.000876826
0.000875917
0.000868531
0.000876494
0.000859222
0.000872205
0.000863211
0.00086171
0.000863347
0.000867101
0.000860364
0.000862859
0.000865344
0.000861627
0.000861921
0.00085157
0.000872603
0.000851026
0.000870086
0.000849417
0.00088132
0.000853254
0.000867386
0.000859201
0.000851954
0.000862793
0.000842881
0.000860481
0.000850947
0.000849962
0.000850353
0.000849092
0.000851553
0.000850047
0.000845238
0.000845289
0.000851286
0.00083948
0.000854122
0.000839761
0.000845507
0.000845068
0.000838603
0.000850495
0.000841389
0.000837112
0.000841486
0.000831402
0.000838314
0.000835647
0.000819617
0.00084111
0.000814953
0.000839078
0.00082065
0.000827371
0.000825874
0.000827571
0.000820762
0.000829491
0.000813536
0.000829916
0.000818067
0.000827253
0.000817304
0.000818695
0.000818986
0.00081946
0.00082745
0.000814948
0.000823073
0.000807956
0.000822686
0.000811443
0.000819527
0.000808569
0.000809247
0.000812293
0.00080752
0.000815108
0.000804575
0.000812771
0.000809019
0.00081566
0.000809482
0.000813378
0.000805675
0.000810593
0.000803881
0.000804739
0.000801748
0.000802916
0.000806753
0.000796449
0.000809288
0.000789388
0.0008056
0.000792772
0.000793185
0.000796743
0.000784761
0.000798942
0.000786801
0.000800387
0.000791313
0.000800238
0.000795037
0.000795741
0.000800419
0.000792976
0.000803969
0.000789552
0.000803026
0.000786626
0.000803189
0.000787766
0.000799253
0.000790972
0.00079487
0.000790664
0.000797724
0.00078691
0.000799489
0.000792285
0.000792982
0.000801806
0.000790719
0.000802805
0.000797992
0.000798655
0.000801933
0.000800414
0.000793493
0.000808464
0.000784973
0.000811718
0.000790223
0.000804072
0.000800117
0.000798866
0.000800435
0.000804602
0.000800329
0.000806938
0.000808875
0.000800068
0.000825435
0.0007922
0.000833446
0.000794607
0.000824182
0.000812619
0.000809178
0.000821183
0.00081965
0.000822162
0.000819635
0.000827314
0.000822201
0.000827552
0.000826299
0.000828906
0.000819546
0.000842319
0.000815242
0.000847927
0.000824939
0.000842839
0.000837146
0.00084145
0.000846788
0.000838583
0.000858632
0.000837248
0.000868244
0.000843218
0.000864514
0.000857307
0.00085704
0.000866522
0.000852472
0.000870626
0.000852514
0.00087218
0.000862814
0.000869429
0.000877387
0.000869012
0.000884919
0.000874432
0.000884217
0.000883311
0.000881775
0.000893675
0.000881451
0.000900456
0.000893126
0.000893376
0.000915545
0.000884065
0.000923981
0.000893029
0.000910174
0.000915814
0.000896622
0.000930044
0.000906381
0.000925952
0.000927323
0.000921166
0.000933106
0.000933889
0.000919536
0.00095918
0.000913038
0.000959042
0.000937734
0.000937953
0.00096221
0.000926797
0.00096853
0.000936638
0.00095496
0.000952778
0.000958414
0.000946826
0.000968526
0.000956653
0.000964907
0.000966021
0.000968502
0.000972679
0.00096935
0.000975532
0.000975962
0.000985133
0.000964946
0.000995036
0.000971539
0.000983144
0.000996197
0.000980912
0.000999473
0.000998072
0.000987387
0.00100324
0.00098767
0.000997394
0.00100234
0.00100561
0.00100419
0.00100798
0.00100212
0.00102058
0.00100471
0.0010215
0.00100065
0.00103534
0.0010067
0.00103038
0.00101651
0.00102844
0.00103285
0.00101926
0.00103045
0.00101753
0.00103793
0.00101695
0.00103892
0.00101092
0.00104824
0.00101088
0.00105131
0.00102179
0.00104012
0.00104414
0.00102672
0.00105547
0.00103
0.00105084
0.00103989
0.00105149
0.00103663
0.00106212
0.00103442
0.00105949
0.00105144
0.00104266
0.00106454
0.00104169
0.00106069
0.00105058
0.00105955
0.00105037
0.00106589
0.00105167
0.00106383
0.001056
0.00106278
0.00105794
0.00106986
0.00106305
0.00107034
0.00106581
0.00106942
0.00106441
0.00107321
0.00106507
0.00106541
0.00106765
0.00106107
0.00106853
0.00106845
0.00106538
0.00106565
0.00107809
0.00105179
0.0010935
0.00104806
0.00108434
0.001068
0.00106964
0.00107915
0.0010747
0.00107093
0.00108315
0.00107188
0.0010724
0.00108376
0.00107298
0.00107452
0.00109086
0.00106003
0.00108885
0.00108038
0.00106475
0.00110004
0.00105872
0.00109477
0.00106939
0.00109343
0.00106757
0.00109553
0.00107332
0.00108315
0.00109241
0.00107261
0.00109712
0.00107848
0.00108929
0.00108509
0.00108391
0.00108662
0.00108205
0.00108689
0.00108021
0.00108458
0.0010819
0.00108058
0.00108615
0.00107881
0.00108828
0.00108496
0.00108339
0.00109261
0.00107971
0.00109102
0.00108947
0.00108217
0.00109618
0.00107813
0.00109537
0.00108197
0.00109303
0.00109102
0.00108365
0.00109722
0.0010848
0.00108644
0.00109662
0.00107815
0.00109297
0.00108985
0.00108168
0.00110248
0.00107761
0.00110279
0.00108681
0.00108739
0.00110599
0.00107544
0.00110413
0.00108934
0.00108203
0.00110429
0.00107824
0.00109743
0.00109023
0.00108824
0.00109104
0.00109099
0.00108502
0.00109215
0.00109011
0.00108118
0.00110017
0.00107476
0.00109989
0.00108023
0.00109435
0.00108934
0.001081
0.00110688
0.00106784
0.0011075
0.00108392
0.00107974
0.00110553
0.00107108
0.00109485
0.00108701
0.00107974
0.00108837
0.00108787
0.001077
0.00109466
0.00108146
0.00108267
0.00109906
0.00107265
0.00109934
0.00108349
0.00108149
0.00109842
0.00107192
0.00109665
0.00107851
0.00108336
0.00109025
0.00107139
0.0010935
0.00107364
0.00107737
0.00109265
0.00106193
0.00110004
0.00107541
0.00108105
0.00108699
0.00107652
0.00108314
0.00108345
0.00107306
0.00108145
0.00107766
0.00106846
0.00109097
0.00106032
0.00108403
0.00107768
0.00106598
0.00109023
0.00105629
0.00108339
0.00106845
0.00106629
0.00108302
0.00105356
0.00108251
0.00106934
0.00105824
0.00109498
0.00104537
0.00108818
0.00107373
0.00105042
0.00110013
0.00104274
0.00108543
0.0010699
0.0010504
0.00108725
0.001042
0.00107766
0.00106066
0.00105071
0.00107682
0.00104613
0.00107305
0.00106132
0.00105614
0.00106711
0.00105656
0.00106264
0.00106295
0.00105705
0.00106573
0.00105686
0.00106076
0.00106811
0.00104728
0.00107881
0.001048
0.0010614
0.00106307
0.00104706
0.00106471
0.00105516
0.001052
0.00106182
0.00105097
0.00106225
0.0010553
0.00105632
0.00106426
0.0010465
0.0010773
0.00104412
0.00106967
0.00106451
0.00104618
0.0010832
0.00104345
0.00106424
0.00107403
0.00103468
0.00108394
0.00104834
0.00104821
0.00108608
0.00102842
0.00107991
0.0010597
0.00104103
0.00108879
0.00103924
0.00107118
0.00107807
0.00103672
0.00109964
0.00104206
0.00107332
0.00108738
0.00103312
0.00111071
0.00103959
0.00107796
0.00108458
0.00104065
0.00109953
0.00105296
0.00107369
0.00108121
0.00105786
0.00108859
0.00106553
0.00108301
0.0010774
0.0010768
0.00108794
0.00107834
0.00109127
0.00108562
0.00108816
0.0010907
0.00109364
0.00108531
0.00110274
0.00108373
0.00109248
0.00110584
0.00107223
0.00111903
0.00107961
0.00109956
0.0011086
0.00108101
0.0011224
0.00108618
0.00111357
0.00110845
0.00110088
0.0011204
0.00110899
0.00111309
0.00112282
0.00111832
0.00111165
0.0011353
0.00110688
0.00112917
0.00112977
0.0011068
0.0011491
0.00110171
0.00114625
0.00112212
0.00112204
0.00115423
0.00110331
0.00116706
0.00111888
0.00114385
0.00115745
0.001122
0.00116668
0.00114765
0.00113169
0.00118029
0.00112896
0.00116089
0.00117096
0.00112916
0.00118924
0.00113689
0.00116866
0.00116854
0.0011425
0.00118729
0.0011436
0.00117499
0.00117357
0.00115318
0.00119122
0.00116527
0.00117519
0.00119204
0.00116699
0.00119214
0.00117936
0.00118233
0.00119182
0.00117344
0.00120411
0.00117152
0.00120171
0.00118728
0.00118902
0.00119872
0.00118736
0.00120241
0.00118837
0.00120632
0.00119416
0.00120778
0.00119931
0.00121269
0.00120403
0.00120975
0.00121505
0.00120678
0.0012203
0.00120627
0.00122269
0.00121493
0.00120439
0.00124213
0.00119619
0.001227
0.0012326
0.00120186
0.00123399
0.00122611
0.00121502
0.00123208
0.0012325
0.00121603
0.00124975
0.00122045
0.0012364
0.00124841
0.0012199
0.0012461
0.0012461
0.00122532
0.00124884
0.00124723
0.00123001
0.00125036
0.00124434
0.00123568
0.00125379
0.00123575
0.00125319
0.00124774
0.00124042
0.00126231
0.00124319
0.00125589
0.0012673
0.00124444
0.0012711
0.00125713
0.00125629
0.00127762
0.00123974
0.00129053
0.00125517
0.00125464
0.0012854
0.00124813
0.00127645
0.00126727
0.00126086
0.00127351
0.00126885
0.00127093
0.00127153
0.001279
0.00127726
0.00127078
0.0012894
0.00126693
0.00129629
0.00127195
0.00128014
0.0012994
0.00126471
0.00129555
0.00129763
0.00126388
0.00130525
0.00129182
0.00126707
0.00131514
0.0012717
0.00129234
0.00130136
0.00127698
0.00130946
0.00128124
0.00130763
0.00129763
0.00128899
0.00132646
0.00128015
0.00131462
0.00131851
0.00127534
0.00133732
0.00129771
0.00129145
0.00133561
0.00128598
0.00131842
0.00131558
0.00129809
0.00132141
0.00130646
0.00131065
0.00131542
0.00132276
0.00130761
0.00131529
0.00133092
0.00130661
0.00132519
0.00132486
0.0013194
0.00132489
0.00133443
0.00130643
0.00134615
0.00132531
0.00129855
0.00136938
0.00130563
0.00131438
0.00136417
0.00129307
0.00134545
0.00133497
0.00131484
0.00135221
0.00131646
0.0013512
0.00132526
0.00133997
0.0013448
0.00133976
0.00133272
0.00136424
0.00132769
0.00135613
0.00134278
0.00134812
0.00133898
0.00135896
0.00133349
0.00134629
0.00135885
0.00132779
0.00135731
0.00135461
0.00133502
0.00135524
0.00136535
0.00132091
0.00138772
0.00132768
0.00136847
0.00135719
0.00134437
0.00137217
0.00136066
0.00133607
0.00138986
0.00133851
0.00136857
0.00136233
0.00134645
0.00138218
0.00135012
0.00135125
0.00137753
0.00136682
0.00133815
0.00138347
0.00135836
0.00137209
0.00135109
0.00137916
0.00138371
0.00133754
0.0013992
0.00137692
0.00133691
0.00142416
0.00134482
0.00136561
0.00141386
0.00134206
0.0013767
0.00142103
0.00130313
0.00143004
0.00138876
0.0013012
0.0014634
0.00134393
0.00135307
0.00143524
0.00135635
0.00134921
0.00145943
0.00133296
0.00136811
0.00146109
0.0013293
0.00137847
0.001445
0.00135395
0.00135886
0.00145635
0.00134975
0.00137392
0.00143489
0.0013479
0.00141347
0.00138752
0.00137354
0.00141847
0.0013769
0.00138414
0.00143311
0.00134673
0.00143205
0.00140402
0.00136639
0.00143854
0.00138197
0.00139732
0.00142879
0.00138012
0.00139277
0.00144273
0.00136568
0.00142108
0.00140164
0.00139226
0.00144116
0.00135851
0.00142379
0.00143755
0.00137574
0.00139941
0.00144747
0.00140204
0.00138432
0.00143867
0.00141825
0.00138646
0.001448
0.0014
0.00139372
0.00147117
0.00137238
0.00141008
0.0014778
0.00137305
0.00138696
0.00150134
0.00137914
0.0013691
0.00151095
0.00138959
0.00139334
0.00148158
0.00139051
0.00143003
0.00145834
0.00141691
0.00141167
0.00146157
0.00136733
0.00154477
0.00169391
0.00165438
0.000476776
0.00111445
0.00239843
0.00177268
0.00102356
0.000638565
0.00208351
0.00178278
0.000896432
0.000887276
0.00221111
0.00168522
0.000814904
0.00104396
0.00207905
0.00160659
0.00109545
0.000824703
0.00176142
0.00173843
0.00153038
0.00152228
0.00154912
0.00141516
0.00148629
0.00150309
0.00138453
0.00150311
0.00147051
0.00137748
0.00152449
0.00146971
0.00140056
0.00148067
0.00145574
0.0014402
0.00148489
0.0014949
0.00148914
0.00146391
0.00148697
0.00145889
0.00150847
0.00146432
0.00140801
0.00238219
-5.40606e-05
0.000751687
0.00380568
0.00149109
-0.000816496
0.00165495
0.00368368
0.00210091
-0.000618279
-0.000308756
0.00404409
0.00325423
-0.00189101
-0.000452532
0.00497982
0.00300457
-0.00268533
0.00062212
0.00513967
0.00296222
-9.40609e-05
-0.00127927
0.00164991
0.00456525
0.0025344
0.000110333
-0.000366145
0.00250916
0.00288339
0.00152649
-0.000605028
0.00112962
0.00278167
0.00180938
0.000711994
0.000354749
0.00165602
0.00209913
0.00178389
0.00167535
0.00164528
0.00163007
0.0015502
0.00160415
0.0015373
0.00148588
0.00158837
0.0014935
0.00151096
0.0015786
0.00147126
0.00152791
0.00153699
0.00150103
0.00155195
0.00152913
0.00152699
0.00150692
0.00155623
0.00152222
0.00150991
0.00156199
0.00156027
0.00148734
0.00154976
0.00152246
0.00150737
0.00161646
0.00151091
0.00150956
0.00156872
0.00150066
0.00155562
0.00159504
0.00152246
0.00148645
0.00161363
0.00155827
0.00147025
0.00163866
0.00157341
0.00147989
0.00164159
0.0015348
0.00148112
0.00166766
0.00151301
0.00156001
0.00164219
0.00148725
0.00159842
0.00156792
0.00149737
0.00163668
0.00156092
0.00158899
0.0016218
0.0014854
0.00158846
0.00162264
0.00153717
0.00161812
0.00160642
0.00153774
0.0015947
0.00161891
0.00163601
0.00155699
0.00159544
0.00157619
0.00155199
0.00156246
0.00160176
0.00170938
0.00161546
0.00160522
0.00155614
0.00161748
0.00157522
0.00147403
0.00163302
0.00170765
0.0016631
0.0016306
0.00165965
0.00158759
0.00154305
0.00165657
0.0015269
0.00160293
0.00165354
0.00160335
0.00168969
0.00157134
0.00145943
0.00185298
0.00216859
0.00104387
0.00158379
0.0020302
0.00127083
0.00158534
0.00219513
0.00104578
0.00165494
0.00223976
0.0010911
0.00169358
0.00241615
0.00118083
0.00132867
0.00242965
0.00122887
0.00089863
0.00265999
0.0013735
0.000864615
0.00291451
0.00209566
0.000460188
0.00238649
0.00291745
-0.000180662
0.00167622
0.00357492
0.000766971
0.00052568
0.00320012
0.00205769
-0.000600176
0.00222394
0.00381346
0.000244782
-0.000685095
0.00222998
0.00441784
0.00112879
-0.00157273
0.000632065
0.00554018
0.00473274
-0.00256054
-0.00118688
0.00391448
0.00564949
0.00109914
-0.00156112
0.00227827
0.00404001
0.000573581
0.000862794
0.00367917
0.00123358
-0.000267008
0.00320838
0.00277222
-0.000227464
0.00297821
0.00331195
-0.000808508
0.00179509
0.00411664
-2.28504e-05
0.000483738
0.00397569
0.00160593
-0.000656784
0.00218063
0.00447407
-0.000303376
0.000656865
0.00400513
0.00167489
-0.000543487
0.00272471
0.00364633
-0.000955912
0.00159175
0.00389352
0.00108867
-0.000300794
0.00256851
0.00476609
-0.000848226
0.000730457
0.00426976
0.00183819
-0.00065346
0.00269703
0.00389574
-0.00115619
0.00158371
0.00422563
0.00126071
-0.000350133
0.00407496
0.00339598
-0.000869584
0.0024937
0.00413745
-0.000691958
0.00146768
0.00396821
-0.000361723
0.000355853
0.00395103
0.00185327
-0.00091298
0.00327466
0.00221955
0.00136788
0.00438706
0.000861365
-2.95329e-05
0.00418119
0.0017349
-0.000559405
0.00188891
0.00391587
-0.000815937
0.000654208
0.00420299
0.00298919
8.3568e-05
0.0041181
0.00171703
0.00085718
0.00380702
0.000687824
-0.000676277
0.00296667
0.00197656
-0.00103426
0.00155036
0.00380239
0.00152137
-0.000310475
0.00317609
0.00425517
-0.000907575
0.00204255
0.00479813
0.000239559
0.000865628
0.00451472
0.0014599
0.000172679
0.0038634
0.00154076
-3.66474e-05
0.00379528
0.00221503
-0.00053329
0.00266041
0.00371954
-0.000731563
0.00160882
0.00427873
0.000808455
-0.00032339
0.00367977
0.00330196
-0.00094132
0.00197783
0.00466631
0.000773645
-0.000111158
0.00450043
0.00248266
-0.000415496
0.00287104
0.00391166
-0.000751986
0.0016164
0.00399473
0.00100504
-6.69505e-05
0.00300538
0.00383915
-0.000769901
0.000426168
0.00460794
0.00240118
-0.000629699
0.0025287
0.00402097
-0.000256078
0.00146847
0.00398661
0.0011046
8.11451e-05
0.00394275
0.00259623
-0.00099948
0.00268054
0.00456228
0.000236768
-0.000218454
0.00357648
0.00396033
-0.00123576
0.000526323
0.00503268
0.00207
-0.000377941
0.00283185
0.00429015
6.21818e-05
0.00101891
0.00445366
0.00129598
-0.000180503
0.00282966
0.00390907
-0.000452968
-5.71844e-05
0.00438001
0.00415842
-0.00205423
0.00192189
0.00446712
0.00278302
-0.00164304
0.00179163
0.00636434
0.00102925
-0.0016478
0.00234819
0.00548899
0.00120141
-0.00179851
0.00149212
0.00629888
0.00268067
-0.00272126
0.00188308
0.00584734
0.000777219
-0.000887358
0.00378407
0.00505946
-0.000540691
-0.000487952
0.00426152
0.00389077
-0.000710625
-0.000487618
0.00454266
0.00463047
-0.00068424
-0.00132061
0.00388206
0.0051773
-0.000626793
0.00138121
0.00519947
0.000673665
-0.00124196
0.00324622
0.00516
-0.000680292
0.00124921
0.00351748
0.00332634
-0.000797297
0.000537102
0.00511694
0.00345709
-0.00286928
0.00295072
0.00489646
0.00252189
-0.000628528
0.00125029
0.00606863
0.00165013
-0.00163021
0.00325721
0.00465764
0.00071082
0.000319936
0.00290213
0.0031547
0.00053623
0.000214686
0.00563227
0.00138064
-0.00061482
0.000494845
0.00613708
0.00320944
-0.00239942
0.00191625
0.00550945
0.00195783
0.000692719
0.00286712
0.00313699
0.00134359
0.000824818
0.000893645
0.0048323
0.00282054
-0.00179317
0.00338035
0.00491818
0.00050316
0.000572637
0.00275162
0.00356452
-9.65544e-05
0.000159702
0.00438144
0.00369952
-0.00170994
0.00107263
0.00574706
0.0020615
0.000722283
0.00291678
0.00406203
0.000583689
0.000565671
0.00406936
0.00199054
0.000559141
0.00286975
0.00326501
0.00114576
0.000865637
0.0023916
0.00294278
-0.000365167
0.0026793
0.00402594
0.00124371
0.00135796
0.00266627
0.00338966
-0.000700931
0.00149724
0.00601606
0.000740313
-0.00136173
0.00345665
0.00544024
0.00042954
0.00149923
0.00544625
0.0012235
-0.000235584
0.00234483
0.00293896
0.000643844
0.00088844
0.00414234
0.00248382
0.00105699
0.00269688
0.00315915
0.00083466
0.0010071
0.002226
0.00135417
0.00126002
0.00274768
0.00238404
0.00223555
0.00351955
0.00294841
0.0021852
0.00334447
0.0024121
0.00169258
0.00243169
0.00197137
0.0011573
0.00201421
0.00229942
0.00122018
0.00190979
0.00220376
0.00181192
0.0024934
0.00244158
0.00204417
0.00177954
0.00178545
0.003216
0.00109478
0.00258163
0.00421318
0.000647129
0.000612663
0.00560032
0.00125498
-0.000593069
0.00379701
0.00503278
0.000315659
-0.00216732
0.00497443
0.00666765
0.000325473
-0.00127738
0.00457224
0.00369172
0.000824796
0.00137232
0.00281709
0.00131835
0.00138002
0.00372757
0.00197599
0.00144122
0.00289762
0.00315521
0.00164486
0.00242661
0.00298109
0.00132218
0.00156766
0.0029329
0.00193402
0.000737476
0.00286158
0.00279163
0.00126043
0.00249252
0.00355541
0.0018471
0.00136246
0.00372745
0.00233539
0.000863878
0.00219235
0.00324392
0.00165051
0.00101871
0.00370396
0.00257901
0.000742575
0.0031612
0.00375281
0.00110467
0.0011668
0.00424877
0.00234694
0.000173184
0.00246412
0.00374951
0.000840511
0.000853181
0.00431873
0.0023515
0.000702043
0.00335544
0.00330367
0.000445386
0.00173409
0.00348709
0.00169889
0.00130474
0.0039967
0.00241868
0.00103729
0.00407095
0.00263223
0.000811164
0.00318491
0.00349026
0.000649344
0.00178556
0.00373112
0.00140889
0.0013173
0.00432393
0.00181954
0.00105924
0.004178
0.00185362
0.00012974
0.00318097
0.0026935
0.000592341
0.0034121
0.00344158
0.000980005
0.00306638
0.00351356
0.00095757
0.00257724
0.00350544
0.00109276
0.00286364
0.00362493
0.000965401
0.00183992
0.00407495
0.00120927
0.000788848
0.00440874
0.00231303
0.00069998
0.00316775
0.00372606
0.00112355
0.00279016
0.00391525
0.000719987
0.00183531
0.00411668
0.00178578
0.000336495
0.00372428
0.00273475
0.000715865
0.00330752
0.00360109
0.00122006
0.00294185
0.00349718
0.000820099
0.0020589
0.00354067
0.00118772
0.00183741
0.00391858
0.00199059
0.00169709
0.00393076
0.00222017
0.00145076
0.00392484
0.00237355
0.00122723
0.00368103
0.00297837
0.00141849
0.00274042
0.00285538
0.00107131
0.00216372
0.00290549
0.00148485
0.00167904
0.00360358
0.00227383
0.00147522
0.00382044
0.00266837
0.00106149
0.00368339
0.00299733
0.00114632
0.0031702
0.00307759
0.000941969
0.00291191
0.00316065
0.0010026
0.00260281
0.00331343
0.00123329
0.00260986
0.00354498
0.00147426
0.00219359
0.00358925
0.00161131
0.00173387
0.00350046
0.00200752
0.00194783
0.00401677
0.00277133
0.00208546
0.00402532
0.00280749
0.00178338
0.00326275
0.00259605
0.0012824
0.00261153
0.00292688
0.00155103
0.00244151
0.00336653
0.00153353
0.00203356
0.00343937
0.00170861
0.00192231
0.00382489
0.00246479
0.00190403
0.00437295
0.00288233
0.00176805
0.00404041
0.00246411
0.0010185
0.00340956
0.00210399
0.000820863
0.003184
0.00304991
0.00135542
0.00326749
0.0037324
0.00175008
0.00297778
0.00376379
0.00153122
0.00213663
0.00352074
0.00214013
0.00171944
0.00384262
0.00265903
0.00156295
0.00385953
0.00284612
0.0013388
0.00341294
0.00306254
0.00114261
0.00287249
0.00349022
0.00134549
0.00294513
0.00394508
0.00139394
0.00280538
0.00441797
0.00161629
0.00228916
0.00454231
0.00162481
0.0016382
0.00428158
0.00208291
0.000860793
0.00400592
0.00242505
0.000777157
0.00377247
0.00282488
0.00107974
0.00373697
0.00327518
0.00108708
0.00353674
0.00413292
0.00159272
0.00224649
0.00444926
0.00248013
0.000875918
0.00427027
0.00299941
0.000816479
0.00314667
0.00362805
0.00112773
0.00311929
0.00438924
0.00175863
0.0029606
0.00481023
0.0020083
0.00189548
0.00461722
0.00183978
0.00114547
0.00430655
0.00235852
0.000785732
0.0042604
0.00293925
0.000984308
0.00372108
0.00320656
0.000999456
0.00345992
0.0038112
0.00137057
0.00297013
0.00386678
0.00142031
0.00267591
0.00413995
0.00186241
0.00223844
0.00420353
0.00218126
0.0017303
0.0044647
0.0021767
0.0011742
0.0045365
0.00275174
0.00108321
0.00345224
0.00438753
0.00119676
0.00256285
0.00493858
0.00202328
0.00157961
0.00516206
0.00288541
0.00056949
0.00383138
0.00433023
0.000980582
0.00278881
0.00454724
0.0014694
0.00168626
0.0051235
0.00273953
0.000972886
0.00375867
0.00417574
0.00105328
0.00329225
0.0044583
0.00214047
0.00123263
0.00468199
0.00276895
0.000733376
0.00414541
0.00430104
0.00100043
0.00252292
0.0050524
0.00203703
0.00157226
0.0053479
0.00255097
0.000628794
0.00437244
0.00418282
0.000802184
0.00291848
0.0046752
0.00187564
0.00165041
0.00539583
0.00290784
0.000779015
0.00400863
0.00439966
0.000509726
0.00268223
0.00501857
0.00202023
0.000670215
0.00557453
0.00302953
7.30193e-05
0.00482044
0.00549747
0.000516038
0.00287886
0.00538712
0.0014951
0.00131439
0.00597567
0.00303791
0.000430412
0.00364799
0.0050129
0.000797883
0.00268596
0.00576588
0.00193344
-0.000753333
0.00521795
0.00446254
-0.00029884
0.00313
0.0054472
0.000623125
0.00116377
0.00758801
0.00327455
0.000135045
0.00472565
0.00560446
0.000518638
0.00183353
0.00639563
0.00239249
-0.000390776
0.00581956
0.00427906
-0.000142354
0.00391112
0.00604751
0.00120823
0.00198731
0.00684814
0.00269835
-0.000193465
0.00607858
0.00311158
0.000739335
0.00487872
0.00114104
0.00378294
0.00412149
0.000820482
0.00449169
0.00421525
0.000485073
0.00423301
0.00458026
0.00075113
0.0041741
0.0056227
0.00138301
0.00356269
0.00568594
0.000655659
0.00182725
0.00485724
0.000667884
4.75622e-05
0.00519674
0.00233834
0.000897626
0.00649849
0.0043184
0.00208374
0.00713958
0.00347971
0.00114561
0.00641105
0.00281132
-0.000286091
0.00470551
0.00228887
-0.00098442
0.00326769
0.00489442
0.00022903
0.00303738
0.00709334
0.00203469
0.00344242
0.00711365
0.00176602
0.00219679
0.00651063
0.00130331
0.00121939
0.00619598
0.00190678
0.0005124
0.00622735
0.0022186
-0.000600878
0.00572636
0.00271093
-0.000847826
0.00441176
0.00475392
0.000718851
0.00530731
0.00566345
0.00129316
0.00573853
0.00593058
0.000850952
0.00452393
0.00587893
0.000290538
0.00307723
0.0053428
-3.94432e-05
0.00105039
0.00573113
0.00124668
-0.000389315
0.0070963
0.00377957
0.000153855
0.00627306
0.0052536
0.00111618
0.00580921
0.00533481
0.000601612
0.00482881
0.005853
0.000243838
0.00327758
0.00604222
0.000423368
0.00163967
0.00660351
0.00170432
0.000626192
0.00727066
0.00280979
-8.45225e-05
0.00670335
0.00352057
-0.000251994
0.00535957
0.0047348
8.23089e-05
0.00519792
0.00587328
0.000868846
0.00483184
0.00635289
0.000992806
0.00373022
0.00596051
0.000457521
0.00150612
0.00596064
0.00130123
-0.000342398
0.00679111
0.00311453
0.00121173
0.00785852
0.00469311
0.00199989
0.00770722
0.00416619
0.00144341
0.00622502
0.00348687
0.000263084
0.00472113
0.00300094
-0.000428199
0.00359888
0.00513321
0.000835338
0.00350182
0.0073029
0.00316954
0.00286581
0.00710753
0.00261581
0.00243108
0.00688168
0.00301515
0.000911292
0.00550761
0.00363942
0.00101025
0.00463607
0.00483169
0.00196353
0.00423608
0.00474824
0.00227091
0.00363742
0.00479685
0.00255835
0.00303469
0.00499436
0.00279982
0.00279638
0.00419268
0.00290238
0.0024413
0.00383953
0.00287082
0.00264788
0.00451422
0.00318978
0.00300757
0.00428419
0.00381661
0.00371182
0.00472276
0.00405308
0.00375982
0.00432982
0.0039962
0.00350302
0.00390938
0.00389377
0.00258765
0.00346363
0.00405947
0.00216009
0.00332702
0.00472485
0.00257752
0.0027567
0.00493256
0.00304317
0.00212628
0.00491734
0.00377541
0.00194377
0.00546537
0.00555504
0.00194097
0.00447689
0.00667444
0.00177596
0.00408615
0.00686553
0.00167921
0.00285618
0.00693021
0.00196303
0.000888
0.00633849
0.00439552
0.000570333
0.00562366
0.00666159
0.00125205
0.00483299
0.00737193
0.00137916
0.00474802
0.00733906
0.000614407
0.00355898
0.00725388
0.000839231
0.00238489
0.00717147
0.00177478
0.00137858
0.00765943
0.00323787
0.00104726
0.00755173
0.00423707
0.000526687
0.00695011
0.00556644
5.55667e-05
0.00593821
0.00625273
-0.000976719
0.00392601
0.00846591
-0.000393156
0.00349524
0.00831185
0.00171166
0.00339745
0.00871516
0.00250668
0.0016838
0.00775771
0.00287301
4.40354e-05
0.0069108
0.00461523
4.17602e-05
0.0065587
0.00635974
-0.000608095
0.00516597
0.0080388
0.000108637
0.00436212
0.00829585
0.000778051
0.00407842
0.00859374
0.00177986
0.00300405
0.00820509
0.0026664
0.00178151
0.00732516
0.00354287
0.00115564
0.00658083
0.00430429
0.000166732
0.00589586
0.00554169
-7.65864e-05
0.00457512
0.00724563
0.000562034
0.00424877
0.00762995
0.00227148
0.00353657
0.00761519
0.00296965
0.00280214
0.00783297
0.00316632
0.00198166
0.00638829
0.00355753
0.000989842
0.00579558
0.00520107
0.00172308
0.00547084
0.00660914
0.00191076
0.00520411
0.00712182
0.00207625
0.00486784
0.00657326
0.0028674
0.00333299
0.00568203
0.00278017
0.00232405
0.0054451
0.00327321
0.00289939
0.00607079
0.00415461
0.00340111
0.00584619
0.00454511
0.00331316
0.0047561
0.00539289
0.00269964
0.00398711
0.00481606
0.00233427
0.00390305
0.00505187
0.00353576
0.00478767
0.00613327
0.00438296
0.00486796
0.00584117
0.00433225
0.00408502
0.00537605
0.00390252
0.00353054
0.0052334
0.00400005
0.00392252
0.00509624
0.0047117
0.00470168
0.00535433
0.00615383
0.00521614
0.00559023
0.00546049
0.00427503
0.0040237
0.00374395
0.00269072
0.0029124
0.00351171
0.00271465
0.00328007
0.00470774
0.0044371
0.00418291
0.00574815
0.0056413
0.00484606
0.00624645
0.00576092
0.00474098
0.00525089
0.00511663
0.00360596
0.004256
0.00483736
0.00367026
0.00342402
0.00491199
0.00384499
0.0031134
0.0045042
0.00447052
0.00349303
0.0042318
0.0054635
0.00356545
0.00416462
0.00575431
0.00433678
0.00409606
0.00614164
0.00534142
0.00483936
0.00648979
0.00649355
0.00564804
0.00591197
0.00625217
0.00437651
0.00392295
0.00494567
0.00337886
0.00273489
0.00459442
0.00320247
0.00280828
0.00506061
0.00432018
0.00391229
0.00533357
0.00529681
0.00482435
0.0055093
0.00585858
0.00468401
0.00522333
0.00595991
0.00446172
0.00474712
0.00572644
0.00462809
0.00474656
0.00585882
0.00505485
0.00468262
0.0058925
0.00507056
0.00434982
0.00530216
0.00475056
0.00383443
0.00416028
0.00446627
0.00416991
0.00369511
0.00432933
0.00438938
0.00377914
0.0051629
0.00488128
0.00432346
0.00602015
0.00543183
0.00443283
0.00654188
0.00589109
0.00511008
0.00589721
0.00560396
0.00496251
0.00546461
0.00521649
0.00437326
0.00512539
0.00481809
0.00403084
0.00459035
0.00483433
0.00427696
0.00497555
0.00543976
0.00494244
0.00529583
0.00534995
0.0055848
0.0052044
0.00498418
0.00596192
0.00508962
0.00448009
0.00585065
0.00533968
0.00440683
0.00589456
0.00543427
0.00452491
0.00605856
0.00575573
0.00455243
0.00599314
0.00593606
0.0043346
0.00559843
0.00567428
0.00424039
0.00502947
0.0054795
0.00454933
0.00516854
0.00570079
0.00577284
0.00565745
0.00603151
0.00675725
0.0054621
0.00553723
0.00655271
0.00500291
0.00428814
0.00590648
0.00410115
0.00375604
0.00525119
0.00391467
0.003366
0.00531577
0.00484952
0.00423281
0.00585945
0.00595625
0.00487525
0.00634757
0.0071212
0.00480219
0.00604188
0.00743259
0.005101
0.00492154
0.00692516
0.00464066
0.0042792
0.00599847
0.00514802
0.00414516
0.00585526
0.00561512
0.00433165
0.00554561
0.00643766
0.00550668
0.00518769
0.00679394
0.00590641
0.00492068
0.00652035
0.00636897
0.00486056
0.00568937
0.00637049
0.00483806
0.00544384
0.00632844
0.00541233
0.00501348
0.00592136
0.00578381
0.00505948
0.00600533
0.00627752
0.0046908
0.00622297
0.00608721
0.00502237
0.00659219
0.00676739
0.00524383
0.00669159
0.00673907
0.00539266
0.00643017
0.00652557
0.00512661
0.00614756
0.00581143
0.00475548
0.00537833
0.00491196
0.00431745
0.00484362
0.00453679
0.00480017
0.00505493
0.00507496
0.00569513
0.00595747
0.00587063
0.00683304
0.00689189
0.0063455
0.00734756
0.00684397
0.00599048
0.00675922
0.00653322
0.00539202
0.00610801
0.00606592
0.00526149
0.00567686
0.00621152
0.00550198
0.00563565
0.00684478
0.00595906
0.00571567
0.00718084
0.00604936
0.0053702
0.00686368
0.00613273
0.00527725
0.00628958
0.00600591
0.00525449
0.00599541
0.00604799
0.00563458
0.00575754
0.00635752
0.00640377
0.00570385
0.00635022
0.00730814
0.00579109
0.00571991
0.00766208
0.00598144
0.00484755
0.00775425
0.00616324
0.00369462
0.00737333
0.00667306
0.00408354
0.0066677
0.0077625
0.00434112
0.00607827
0.0087461
0.00577239
0.00532674
0.00904938
0.00667132
0.00457385
0.00762887
0.00802609
0.00489989
0.00596054
0.00857873
0.00472737
0.00389296
0.00915395
0.00566267
0.00211407
0.00882306
0.00737565
0.00276162
0.00712866
0.00907308
0.00425091
0.00535333
0.0101677
0.00590041
0.00450111
0.0113327
0.00729164
0.0039344
0.0109823
0.00694299
0.00263604
0.00969052
0.0074985
0.00208489
0.00822842
0.00886119
0.00146777
0.00554122
0.00997727
0.00355325
0.00252145
0.0115491
0.0057214
0.00100299
0.0103508
0.00918823
0.00188222
0.00785743
0.0118238
0.00294047
0.00526002
0.013172
0.00632519
0.00179176
0.0127411
0.00825575
0.000988912
0.0101527
0.0107555
0.000810408
0.00875698
0.0116204
0.00121785
0.00377428
0.0133208
0.00423818
0.00089885
0.0138027
0.00584458
9.40188e-05
0.00879919
0.0101287
0.00237866
0.00807091
0.0110809
0.00556547
0.00369209
0.0124586
0.00739573
0.00295846
0.0121568
0.00925385
0.00296877
0.007759
0.0110219
0.00352574
0.00492883
0.0111331
0.00442291
0.00465882
0.0121684
0.00571691
0.00272647
0.0110918
0.00695242
0.00297701
0.0100408
0.00908275
0.00364141
0.00785621
0.00951789
0.003619
0.00599049
0.00902863
0.00705783
0.00542838
0.0101287
0.00727112
0.00658217
0.00813414
0.00898737
0.00710612
0.00881546
0.00987279
0.00613376
0.00783529
0.00987746
0.00546624
0.00661905
0.0102638
0.00662608
0.00520799
0.00955234
0.00829128
0.0042961
0.00852788
0.0106465
0.00470892
0.00664543
0.0112968
0.00704226
0.00451129
0.0107734
0.00995138
0.00318738
0.00821476
0.012417
0.00380326
0.00662812
0.0125683
0.00552615
0.00324551
0.0129266
0.00863435
0.00160475
0.0107972
0.0125999
5.00589e-06
0.00825193
0.0153104
0.00145979
0.00397628
0.0154949
0.00697812
0.00128694
0.012057
0.014408
-0.000762214
0.00946678
0.0166655
8.62978e-05
0.00759244
0.0176129
0.00392343
0.00131671
0.0171571
0.00968422
-0.000923856
0.0123628
0.015913
-0.00255015
0.00827655
0.0186414
0.000966525
0.00249914
0.0179708
0.00568015
-0.000755015
0.0156038
0.012568
-0.00295907
0.0100515
0.0177571
-0.000930654
0.00655837
0.018213
0.00469657
0.00110218
0.0179831
0.0101729
-0.000606742
0.012264
0.0164672
-0.00226224
0.00943409
0.0189964
0.000842381
0.00365763
0.0177386
0.00595739
0.000499779
0.0150875
0.0117566
-0.00104671
0.0105995
0.0164357
0.00100799
0.00684005
0.0169256
0.00574525
0.00210851
0.016222
0.0106253
0.000937132
0.0132841
0.0133223
0.000711082
0.00969789
0.0153242
0.00510544
0.00747787
0.0153609
0.00632361
0.00488781
0.0146955
0.00993938
0.00470077
0.0122988
0.011875
0.00352877
0.00937455
0.0120022
0.00599331
0.00668288
0.0107517
0.00574609
0.00513481
0.00983496
0.00757804
0.00662811
0.00991263
0.00872366
0.00837018
0.0108074
0.0100158
0.00830991
0.0106459
0.0112391
0.00941574
0.0104458
0.0116106
0.0080123
0.00908989
0.0112754
0.00805753
0.0075313
0.010751
0.00791841
0.00795994
0.0112503
0.00949017
0.00687297
0.0107067
0.0106384
0.00646706
0.0109837
0.0117241
0.0071261
0.009173
0.0116694
0.0077357
0.0077774
0.0114798
0.0094364
0.00694726
0.0115496
0.00982651
0.00527324
0.0115978
0.0110124
0.00570237
0.0102139
0.0115397
0.00659487
0.00928575
0.0122499
0.00741788
0.00694953
0.013195
0.00861552
0.00609801
0.0143236
0.0105722
0.00583503
0.0148467
0.0116851
0.00590241
0.0137855
0.0131847
0.0061373
0.0120035
0.0147998
0.00576875
0.00978807
0.0146579
0.00624124
0.0070366
0.0152159
0.00812807
0.00525289
0.0165156
0.00954074
0.00396045
0.0116135
0.0129615
0.00570348
0.00930657
0.0150308
0.00913301
0.00600476
0.0153434
0.0117696
0.00526809
0.0142767
0.0121765
0.00500722
0.0127223
0.0134997
0.00581459
0.0110842
0.0154105
0.00457118
0.00867088
0.0167259
0.0057473
0.00704702
0.0190654
0.00895373
0.00494607
0.0146662
0.0135962
0.00495437
0.0135782
0.0157754
0.0062143
0.00925752
0.0163662
0.00882855
0.00593711
0.0148529
0.0126756
0.00536174
0.0106955
0.0149439
0.00597334
0.00884734
0.0176073
0.00996485
0.00475256
0.0161451
0.0119095
0.00531845
0.0143432
0.015158
0.00593793
0.0118797
0.0162644
0.0103079
0.00839122
0.0172611
0.0111573
0.0069579
0.0140045
0.0137609
0.00738969
0.0121104
0.0159921
0.00773935
0.00876668
0.0157377
0.00956097
0.00901973
0.0162485
0.0109738
0.00866128
0.0128102
0.0123588
0.00810294
0.0116317
0.0132488
0.00968324
0.0090392
0.0136734
0.0104599
0.00920137
0.0147956
0.0121989
0.0105825
0.0132636
0.0144018
0.0108359
0.0140518
0.0149044
0.0117369
0.0130347
0.0133553
0.0124925
0.0109601
0.0134898
0.0121405
0.00975801
0.0123743
0.0136846
0.00937436
0.012168
0.0128855
0.00975246
0.0122807
0.0135944
0.0107782
0.0102484
0.0142848
0.0123269
0.0102876
0.0145424
0.012727
0.0108982
0.0139745
0.0142938
0.011991
0.0123072
0.0146492
0.013136
0.0107821
0.015066
0.014495
0.00964105
0.0136252
0.0146693
0.0123692
0.0114011
0.0146264
0.0138412
0.0107339
0.0131648
0.0157273
0.0100128
0.0126146
0.0160828
0.010642
0.0118047
0.0150848
0.0123387
0.0109305
0.0143395
0.0146288
0.0103053
0.0138855
0.0154289
0.0129056
0.012853
0.0165131
0.0147272
0.0120396
0.0144754
0.0169662
0.0113415
0.0136576
0.0170881
0.0128399
0.0115469
0.0172412
0.0138769
0.0113054
0.0153696
0.0158825
0.0110488
0.0151801
0.0161745
0.0123762
0.0132834
0.0158064
0.0150783
0.0114555
0.0152098
0.0144257
0.0111191
0.0143282
0.015128
0.0129474
0.011209
0.0160455
0.0136185
0.0112852
0.0166587
0.0130775
0.0118771
0.0153055
0.0147943
0.012529
0.0133466
0.0160821
0.0131641
0.0138051
0.0152827
0.0138
0.0138887
0.015744
0.0152169
0.0134158
0.0150109
0.015989
0.0145163
0.014375
0.0173084
0.015449
0.0147468
0.0160177
0.0170165
0.0138264
0.0153332
0.0174605
0.0141654
0.0143395
0.0175351
0.0150067
0.0138858
0.0165797
0.0163812
0.0148124
0.0152518
0.0173885
0.0157527
0.0135002
0.0181807
0.0161461
0.0138339
0.016592
0.0180219
0.0136689
0.0153839
0.0180469
0.0143236
0.014533
0.0185414
0.0153959
0.0144219
0.0182192
0.0158216
0.0150631
0.0170098
0.0171107
0.0147774
0.0150476
0.0178704
0.0153798
0.0144109
0.0182203
0.0156564
0.0146962
0.0171981
0.0173137
0.0150372
0.0172902
0.0189107
0.0160671
0.0155219
0.0198239
0.0165413
0.015368
0.019616
0.0171688
0.0147221
0.0178821
0.0175206
0.0142568
0.0168334
0.0177532
0.0144257
0.0162437
0.0192933
0.0159136
0.015588
0.0196644
0.0175374
0.0160503
0.0187392
0.0183316
0.0167317
0.0170328
0.0196126
0.0171787
0.0158688
0.0202051
0.0181008
0.0148072
0.01973
0.0195856
0.0150177
0.0192114
0.0210227
0.0163805
0.01735
0.0232842
0.0184469
0.0161427
0.0238436
0.0183259
0.0154814
0.0203631
0.019672
0.0145944
0.0168221
0.0206927
0.0157273
0.0151715
0.0233307
0.0189846
0.0143438
0.023102
0.0234472
0.0154598
0.0202643
0.0253998
0.0156915
0.0156844
0.026239
0.0175405
0.011425
0.0247199
0.0196953
0.0115734
0.0218063
0.0237681
0.0138083
0.0174519
0.02567
0.0185573
0.0147544
0.0262121
0.0211715
0.0153077
0.0232179
0.0236191
0.0148266
0.0218545
0.0253903
0.0158203
0.0185699
0.0259539
0.016086
0.0148868
0.0262396
0.0163211
0.0141906
0.0279661
0.0188442
0.0131116
0.0293409
0.022885
0.0140646
0.0264623
0.0286142
0.0152051
0.0231088
0.0287473
0.0173084
0.0173747
0.0292336
0.0199516
0.0142418
0.0273874
0.0218712
0.0129953
0.0229659
0.0244204
0.0161788
0.0193977
0.024491
0.0175029
0.0187263
0.0252008
0.018937
0.0183645
0.0262837
0.0212151
0.0195166
0.0271505
0.0237877
0.0220477
0.0256075
0.0272493
0.0239563
0.0259437
0.0281067
0.023823
0.0246433
0.0262234
0.0228161
0.0214495
0.0241206
0.0218433
0.0194389
0.0230507
0.0215804
0.0186299
0.0218471
0.0232454
0.018654
0.0225723
0.0251497
0.020937
0.0232162
0.0279023
0.0227302
0.0235728
0.0303905
0.0241957
0.0230254
0.029083
0.0281857
0.0212676
0.0273381
0.0310341
0.01975
0.0248238
0.0329559
0.0221429
0.0194304
0.032341
0.0249151
0.0157415
0.0289932
0.0298519
0.0121248
0.0243781
0.0334064
0.0175281
0.0182015
0.0360388
0.023442
0.0162012
0.0348612
0.0319138
0.0138671
0.0288738
0.0404711
0.0167776
0.0231368
0.0404029
0.0256227
0.0196475
0.0387359
0.0339215
0.0189356
0.0326039
0.0383231
0.0188477
0.0266462
0.0383945
0.0248409
0.0212948
0.0350467
0.0266304
0.0197298
0.0344709
0.0265108
0.0195571
0.0341654
0.0298957
0.0169776
0.0298905
0.0352822
0.015803
0.0274342
0.0375919
0.0225728
0.0225666
0.0383956
0.0279101
0.020873
0.0332983
0.0351819
0.0214991
0.0323861
0.0377454
0.0215129
0.0326871
0.0389659
0.0236472
0.0307113
0.0386407
0.0270176
0.0263784
0.0383758
0.0276525
0.0242457
0.0349298
0.0332716
0.0236219
0.0329056
0.0334363
0.0244389
0.0310647
0.0356806
0.0279882
0.0286849
0.0386935
0.0305221
0.0283759
0.0370664
0.0312167
0.0280795
0.0343202
0.0340445
0.0275385
0.0320699
0.0322226
0.0270276
0.0289582
0.0321061
0.0283896
0.0291154
0.0351794
0.0306005
0.0298036
0.0342779
0.0339004
0.0328408
0.0365489
0.036587
0.0347352
0.0365389
0.0386672
0.0357305
0.035858
0.0394709
0.036232
0.034398
0.0369385
0.0341897
0.0323581
0.0336129
0.0330951
0.0323027
0.0338394
0.0349156
0.0328256
0.0348064
0.0378122
0.0353711
0.0372527
0.0398155
0.0384652
0.0371583
0.0397154
0.0400178
0.0378494
0.0395806
0.0387476
0.0366455
0.0375126
0.0379241
0.0361156
0.0343914
0.0371113
0.0368162
0.0346959
0.0390505
0.0399387
0.0376326
0.0397854
0.0420361
0.039796
0.0389394
0.0417627
0.0390044
0.0372796
0.0399516
0.038468
0.0366979
0.0395916
0.0393526
0.0372672
0.040117
0.0409199
0.0379553
0.0408165
0.0418921
0.0383976
0.0394742
0.0416441
0.0389868
0.0379895
0.041777
0.0400689
0.0374339
0.0415183
0.0417811
0.0384219
0.0417355
0.0425141
0.040111
0.0394053
0.0449031
0.0431129
0.0409312
0.046981
0.0469675
0.0440055
0.0477572
0.0499767
0.0456428
0.045944
0.0501503
0.0475723
0.0455379
0.0518521
0.0500103
0.0475877
0.0512817
0.0511901
0.0461451
0.0463666
0.0471459
0.0422579
0.0409502
0.043435
0.0407284
0.0403127
0.0451113
0.045291
0.0452683
0.0508373
0.0526317
0.0514388
0.0548634
0.0572323
0.0521306
0.0521935
0.0561775
0.0478186
0.047971
0.0521362
0.0474835
0.0456422
0.0521144
0.0503096
0.046547
0.0533084
0.052582
0.0487793
0.0524384
0.0541476
0.049278
0.0503907
0.0550535
0.0508747
0.0497536
0.0554676
0.051238
0.0489085
0.0524759
0.0518157
0.0490144
0.0518375
0.0541096
0.0525195
0.0539799
0.0595404
0.0596037
0.0598802
0.0670856
0.0648921
0.0646205
0.0677004
0.0657965
0.0622598
0.062229
0.0598379
0.0555063
0.055931
0.0544509
0.0539187
0.0534116
0.0562215
0.0569696
0.0566455
0.0585965
0.0583812
0.0549252
0.0569827
0.0559521
0.0526723
0.056732
0.0571818
0.0593337
0.0622714
0.0668856
0.0715448
0.0724837
0.075339
0.0783205
0.0744057
0.0736402
0.0721159
0.0675178
0.0630175
0.0622108
0.0584696
0.0531206
0.0562914
0.0552461
0.0529416
0.0591306
0.0615551
0.0624958
0.0674745
0.0714815
0.0728727
0.0738069
0.0751441
0.0765744
0.073045
0.0726506
0.0736798
0.069976
0.0702916
0.0743588
0.0730502
0.072128
0.0770304
0.0750399
0.0724122
0.0733679
0.0714744
0.0668307
0.066196
0.0646071
0.0620148
0.0637148
0.0650798
0.0669732
0.0694166
0.0748378
0.0776102
0.0783946
0.0843454
0.0869982
0.0858015
0.0888186
0.0928634
0.0907657
0.090675
0.0966811
0.0934301
0.0894796
0.0943905
0.0919547
0.0847407
0.0852838
0.0870049
0.0781413
0.0781682
0.0832188
0.0790284
0.0757843
0.0846331
0.084552
0.0803015
0.090164
0.0940923
0.088129
0.0944611
0.100454
0.0931227
0.0899553
0.100115
0.0896719
0.0795726
0.0882275
0.0836461
0.0706257
0.0803499
0.0857998
0.0762308
0.085689
0.102864
0.0997059
0.100282
0.12165
0.119051
0.10795
0.119718
0.118798
0.0969378
0.0969844
0.102776
0.0818156
0.0763341
0.0953327
0.0827128
0.0764956
0.0984957
0.10109
0.091752
0.107545
0.118202
0.104189
0.107498
0.126823
0.112889
0.106605
0.129908
0.12098
0.112553
0.130065
0.131191
0.117403
0.12514
0.129719
0.118161
0.11172
0.123482
0.111872
0.102003
0.115531
0.11396
0.101754
0.114191
0.121823
0.108274
0.11875
0.126614
0.116801
0.118346
0.129479
0.121414
0.123082
0.134737
0.130845
0.132133
0.142988
0.144185
0.139617
0.146296
0.147562
0.140661
0.13663
0.136854
0.131726
0.124996
0.128432
0.127643
0.125284
0.13339
0.144785
0.142315
0.154752
0.168678
0.16355
0.167612
0.175604
0.168148
0.158071
0.160502
0.150748
0.137286
0.139008
0.14347
0.134417
0.140676
0.158473
0.159653
0.16698
0.183929
0.19251
0.184482
0.188264
0.195342
0.170574
0.158199
0.162908
0.139828
0.121657
0.1372
0.131307
0.119192
0.149164
0.168789
0.164116
0.199235
0.228392
0.223905
0.229875
0.252732
0.242398
0.216292
0.223153
0.206754
0.160779
0.163757
0.163317
0.123099
0.130015
0.158212
0.145519
0.150309
0.210027
0.21369
0.217919
0.264487
0.286144
0.2649
0.291864
0.307529
0.269129
0.272443
0.276407
0.235845
0.21909
0.233095
0.19853
0.179224
0.208615
0.190715
0.171447
0.217394
0.214271
0.19444
0.247907
0.255263
0.222607
0.272868
0.309193
0.256403
0.294828
0.341083
0.300744
0.291537
0.352689
0.3213
0.28277
0.346026
0.311273
0.245538
0.294046
0.294435
0.184183
0.235597
0.269135
0.151788
0.203964
0.291122
0.184239
0.239093
0.377678
0.286909
0.309291
0.484947
0.407602
0.373053
0.585727
0.487226
0.368198
0.613334
0.524472
0.222643
0.424759
0.542874
0.0746845
0.217857
0.460594
0.0745819
0.00682591
0.369731
0.179192
-0.0556514
0.440798
0.469738
0.0200707
0.6617
0.811641
0.0437471
0.731025
1.25102
0.0902498
0.634628
1.40247
0.390824
0.400879
1.43305
0.232112
0.0700557
1.11044
0.306525
-0.262118
0.97312
0.527863
-0.614056
0.342505
1.22536
-0.477808
-0.279484
1.14952
0.515641
-0.377773
1.64724
0.558061
0.215014
2.2364
0.507285
-0.48756
2.61953
1.0342
-0.495682
2.81521
0.808015
-1.0078
2.91999
1.84328
-1.93189
1.8676
2.61086
-2.6163
1.01696
3.89958
-2.63703
-0.449501
3.4289
-0.104643
-3.26187
3.72506
3.52997
-5.13932
1.29128
6.67578
-1.39548
-2.46403
5.67324
0.91889
-2.18182
6.64766
2.49741
-5.23046
7.02264
7.67227
-7.74939
5.517
9.09893
-8.96855
5.7796
9.3321
-9.89909
8.9542
-0.493596
-1.29766
10.4146
-11.5687
10.0876
-0.855693
-9.41272
13.3984
4.69101
-14.7051
8.34129
17.0554
-18.8694
-4.27781
20.9804
19.9479
-27.1991
-3.23171
31.716
9.90993
-29.6135
7.39646
32.1913
-7.19688
-25.2827
21.8321
27.7582
-35.9893
2.3405
32.1116
-7.71451
-29.4448
29.336
29.3029
-41.8355
2.33105
45.0422
3.26718
-40.4424
14.3801
54.4577
-1.84961
-43.4645
16.4279
62.6153
-6.85994
-55.333
20.6866
73.6161
-13.3641
-60.594
18.382
78.0915
-44.7
-41.589
60.0298
19.4103
-62.8808
15.4618
82.9201
-55.0688
-33.6869
75.9057
59.4407
-84.5547
2.46122
97.6511
47.9674
-90.0984
14.7685
122.3
1.83457
-80.4306
33.8433
116.81
-27.0077
-76.2804
70.199
76.1368
-100.498
9.81901
97.2483
-61.9974
-5.60944
75.739
-84.5599
43.1382
67.3655
-100.02
54.4698
30.9918
-101.599
71.2291
-21.7593
-43.0674
35.4641
182.233
285.716
1597.4
1741.64
2171.6
2036.17
1808.86
2045.7
2111.89
1734.89
1788.95
1980.37
1708.21
1502.69
1646.84
1692.93
1341.31
1276.82
1367.18
1365.16
1034.68
997.599
1087.01
1076.98
773.678
756.062
825.789
822.79
560.575
537.006
631.409
588.394
392.301
380.924
444.235
450.872
263.769
245.287
307.434
327.177
196.478
114.832
177.075
259.237
168.71
46.5473
98.1667
201.349
132.852
5.18876
28.2038
112.088
140.017
11.5307
-11.4142
79.3506
120.459
40.692
-34.7187
13.3012
71.702
31.3094
-27.0661
-8.36877
28.5013
46.4271
16.2331
-20.3411
-6.17298
20.169
36.6844
-6.32721
-21.6775
13.2304
35.8251
10.144
-16.578
-3.14376
13.4374
20.8599
-0.134444
-10.9758
5.453
20.6758
6.75405
-9.49913
-1.97779
6.60947
11.3764
-2.55448
-0.956723
6.46713
3.70891
-1.65329
4.85966
4.38537
-1.68993
2.5749
6.11261
0.966756
-0.0354768
4.52147
4.04458
-0.305845
2.42595
4.98086
1.45219
-0.096935
4.08597
4.25753
-1.05183
0.961217
4.5131
1.86743
-1.73023
2.01673
5.21971
-0.846107
-2.87168
1.21564
4.01999
-3.03071
-2.51621
2.02643
2.66776
-3.70809
-1.4655
1.81438
1.14618
-2.81513
-1.0697
0.33528
1.2704
0.451611
-0.31085
0.361657
2.14636
1.74437
0.280936
0.796664
3.09525
1.80329
0.125039
1.38452
3.56113
1.72562
0.25914
1.42187
3.57619
1.74196
0.409348
1.12784
2.88449
1.60555
0.398756
0.676136
2.11208
1.32609
0.493492
0.247917
1.51272
1.16951
0.561689
0.099719
0.884461
1.09298
0.522219
0.0964052
0.529129
1.02959
0.585938
0.137236
0.088963
0.795406
0.653218
0.231856
-0.0866186
0.508938
0.780672
0.424386
-0.0588479
0.0609066
0.705156
0.57815
0.309379
-0.0172073
0.208163
0.624976
0.44848
0.0297478
0.00759327
0.864474
0.63042
0.0255512
-0.284703
0.26217
0.965533
0.788263
0.341225
-0.326034
-0.18775
0.756254
0.969249
0.377233
-0.841926
-0.123818
1.43548
1.09199
0.259501
-0.760792
-0.430709
1.65652
1.68045
0.279192
-1.26951
-0.144975
2.0847
1.81857
0.357695
-1.65321
0.171154
2.93886
1.59921
-0.210248
-1.54539
0.590117
3.78383
2.60952
0.5115
-2.26339
-0.872718
3.78383
4.18599
2.32756
-0.402635
-2.07199
0.260817
4.79779
3.62278
2.5269
0.991584
-1.95073
-1.79268
3.23078
4.10803
3.51536
2.46775
-1.27091
-3.64278
-2.25779
1.41561
4.99838
4.15328
1.40756
-4.94497
-5.69271
-4.83021
-4.45831
-4.06317
-3.65718
-3.25657
-2.87023
-2.50708
-2.16729
-1.85536
-1.57331
-1.32408
-1.1065
-0.916314
-0.753183
-0.62382
-0.52163
-0.427385
-0.35904
-0.305396
-0.276561
-0.203965
-0.11449
-0.0390392
-0.148348
-0.18043
-0.118854
-0.0769901
-0.133287
-0.117621
-0.0914937
-0.0998662
-0.120931
-0.0573606
-0.0930403
-0.149059
0.00300407
0.0168798
-0.149838
-0.12509
0.0933904
0.0512268
-0.108396
-0.0895781
0.0660724
0.128046
-0.0531736
-0.0905492
-0.0311161
0.237245
0.180587
-0.191132
-0.182953
0.247368
0.395605
-0.0180334
-0.486306
-0.0687739
0.635831
0.484962
-0.631075
-0.678255
0.371913
0.910604
0.236083
-0.986078
-1.10529
0.171696
1.71553
0.530875
-1.7757
-1.93413
-0.188567
2.15919
1.53935
-1.94325
-3.05302
-2.02121
1.15319
3.2178
0.317439
-4.00879
-3.81153
-2.53988
0.875094
3.74686
0.0952804
-5.41931
-4.59067
-4.09631
-3.47314
-2.64262
-0.557821
1.66512
0.209692
-3.13835
-2.40553
2.36841
4.01639
0.701803
-3.96779
-1.95028
5.65537
5.56509
2.7348
-1.55246
-2.6072
4.88438
6.13244
4.1948
1.8417
-2.13018
0.00875204
6.18459
5.14537
4.55776
3.9176
3.47077
2.98604
2.74172
2.55499
3.01252
3.77691
2.8989
-1.01091
-5.37292
-4.19654
-0.37517
5.25368
3.03434
-3.4371
-6.70839
-4.44166
-2.48356
0.286306
0.771911
-4.46453
-4.17063
-2.13511
0.475311
0.351658
-3.89681
-2.82681
-1.06576
0.869205
-0.522792
-3.84432
-2.28
-0.843383
0.661568
-0.51645
-3.2682
-1.6917
0.461583
0.663334
-3.3632
-2.6338
-0.861228
0.661008
-0.648985
-3.27682
-1.80958
-0.440207
0.802986
-1.36858
-2.63456
-1.5431
-0.646287
0.088737
-0.401196
-1.37048
-0.692012
0.361935
0.704625
-0.647946
-1.14502
0.649801
1.86941
0.452101
-1.66538
0.0580675
3.20972
1.89699
0.0159376
-1.63782
1.79911
3.67733
1.79912
-0.578253
-1.38767
3.29358
3.69319
2.14084
0.479343
-1.18719
1.59195
3.41818
2.1207
0.944564
-0.629677
0.212556
2.6189
1.8541
1.17461
0.323293
-0.427226
0.726787
1.5888
1.14863
0.869611
0.508389
-0.0444983
-0.270408
0.730989
0.874752
0.636091
0.443578
0.20528
-0.0573991
0.07695
0.466227
0.299371
0.154624
-0.0436167
-0.105821
0.223107
0.304369
0.0356965
-0.35772
-0.0637524
0.430514
0.0471283
-0.709259
-0.369109
0.516198
0.418839
-0.956077
-0.905313
-0.236154
0.512265
-0.18246
-1.43273
-0.778073
-0.0851068
0.637359
-0.882378
-1.73009
-0.550568
1.05561
-0.0344158
-2.3785
-1.62996
-0.644448
0.886028
-0.0682766
-2.46126
-1.74546
-1.03217
0.215849
0.573938
-1.85398
-1.81636
-0.95102
0.102786
0.632768
-1.47837
-1.7944
-1.08937
-0.48481
-0.370234
-0.670694
-0.442333
-0.252208
-0.0085904
-0.0652837
-0.325059
-0.0698921
0.264051
-0.0339248
-0.339357
0.375766
0.64917
-0.0541763
-0.441911
0.826952
0.84211
0.121566
-0.461404
0.892724
1.2651
0.334349
-0.412757
0.475742
1.51202
0.741104
-0.258096
-0.142122
1.61451
1.10739
0.444576
-0.300038
0.232972
1.51335
0.943359
0.377439
-0.172268
0.392386
1.22005
0.689446
0.290031
-0.130614
0.537269
0.937052
0.530201
0.210281
-0.0982497
0.387822
0.666332
0.435802
0.256155
-0.0153681
-0.0589067
0.433107
0.381918
0.170665
-0.0484845
0.0558558
0.357212
0.202333
0.0640573
-0.0441692
-0.190415
0.0820972
0.154255
-0.0322326
-0.278956
-0.0639632
0.0878268
-0.151951
-0.0822679
0.145178
-0.021391
-0.116519
0.164147
0.064367
-0.0520597
0.0262243
0.146292
0.0377312
-0.0397512
0.0773823
0.0986634
-0.00118902
0.0115989
0.101874
0.0655531
0.035045
0.00815557
0.0881631
0.099456
0.0728559
0.0251567
-0.0119823
0.051919
0.0972632
0.0362705
-0.0295236
0.0141812
0.0739107
0.0406749
-0.0373703
-0.0345992
0.0362543
0.0583431
-0.0156593
-0.0745231
-0.0148952
0.0408651
0.0225803
-0.0767733
-0.0283186
)
;

boundaryField
{
    sides
    {
        type            calculated;
        value           nonuniform List<scalar> 2(-0.0283186 -87.1927);
    }
    empty
    {
        type            empty;
    }
}


// ************************************************************************* //
