/*--------------------------------*- C++ -*----------------------------------*\
  =========                 |
  \\      /  F ield         | OpenFOAM: The Open Source CFD Toolbox
   \\    /   O peration     | Website:  https://openfoam.org
    \\  /    A nd           | Version:  9
     \\/     M anipulation  |
\*---------------------------------------------------------------------------*/
FoamFile
{
    format      ascii;
    class       volScalarField;
    location    "0.042";
    object      p;
}
// * * * * * * * * * * * * * * * * * * * * * * * * * * * * * * * * * * * * * //

dimensions      [1 -1 -2 0 0 0 0];

internalField   nonuniform List<scalar> 
10000
(
10338.7
10338.7
10338.6
10338.5
10338.5
10338.4
10338.3
10338.3
10338.2
10338.1
10338.1
10338
10337.9
10337.9
10337.8
10337.7
10337.7
10337.6
10337.5
10337.5
10337.4
10337.4
10337.3
10337.2
10337.2
10337.1
10337
10337
10336.9
10336.8
10336.8
10336.7
10336.6
10336.6
10336.5
10336.4
10336.4
10336.3
10336.2
10336.2
10336.1
10336
10336
10335.9
10335.8
10335.8
10335.7
10335.6
10335.6
10335.5
10335.4
10335.4
10335.3
10335.2
10335.2
10335.1
10335.1
10335
10334.9
10334.9
10334.8
10334.7
10334.7
10334.6
10334.5
10334.5
10334.4
10334.3
10334.3
10334.2
10334.1
10334.1
10334
10333.9
10333.9
10333.8
10333.7
10333.7
10333.6
10333.5
10333.5
10333.4
10333.3
10333.3
10333.2
10333.1
10333.1
10333
10332.9
10332.9
10332.8
10332.7
10332.7
10332.6
10332.5
10332.5
10332.4
10332.4
10332.3
10332.2
10332.2
10332.1
10332
10332
10331.9
10331.8
10331.8
10331.7
10331.6
10331.6
10331.5
10331.4
10331.4
10331.3
10331.2
10331.2
10331.1
10331
10331
10330.9
10330.8
10330.8
10330.7
10330.6
10330.6
10330.5
10330.4
10330.4
10330.3
10330.2
10330.2
10330.1
10330
10330
10329.9
10329.8
10329.8
10329.7
10329.6
10329.6
10329.5
10329.4
10329.4
10329.3
10329.3
10329.2
10329.1
10329.1
10329
10328.9
10328.9
10328.8
10328.7
10328.7
10328.6
10328.5
10328.5
10328.4
10328.3
10328.3
10328.2
10328.1
10328.1
10328
10327.9
10327.9
10327.8
10327.7
10327.7
10327.6
10327.5
10327.5
10327.4
10327.3
10327.3
10327.2
10327.1
10327.1
10327
10326.9
10326.9
10326.8
10326.7
10326.7
10326.6
10326.5
10326.5
10326.4
10326.3
10326.3
10326.2
10326.1
10326.1
10326
10325.9
10325.9
10325.8
10325.8
10325.7
10325.6
10325.6
10325.5
10325.4
10325.4
10325.3
10325.2
10325.2
10325.1
10325
10325
10324.9
10324.8
10324.8
10324.7
10324.6
10324.6
10324.5
10324.4
10324.4
10324.3
10324.2
10324.2
10324.1
10324
10324
10323.9
10323.8
10323.8
10323.7
10323.6
10323.6
10323.5
10323.4
10323.4
10323.3
10323.2
10323.2
10323.1
10323
10323
10322.9
10322.8
10322.8
10322.7
10322.6
10322.6
10322.5
10322.4
10322.4
10322.3
10322.2
10322.2
10322.1
10322
10322
10321.9
10321.8
10321.8
10321.7
10321.6
10321.6
10321.5
10321.4
10321.4
10321.3
10321.2
10321.2
10321.1
10321.1
10321
10320.9
10320.9
10320.8
10320.7
10320.7
10320.6
10320.5
10320.5
10320.4
10320.3
10320.3
10320.2
10320.1
10320.1
10320
10319.9
10319.9
10319.8
10319.7
10319.7
10319.6
10319.5
10319.5
10319.4
10319.3
10319.3
10319.2
10319.1
10319.1
10319
10318.9
10318.9
10318.8
10318.7
10318.7
10318.6
10318.5
10318.5
10318.4
10318.3
10318.3
10318.2
10318.1
10318.1
10318
10317.9
10317.9
10317.8
10317.7
10317.7
10317.6
10317.5
10317.5
10317.4
10317.3
10317.3
10317.2
10317.1
10317.1
10317
10316.9
10316.9
10316.8
10316.7
10316.7
10316.6
10316.5
10316.5
10316.4
10316.3
10316.3
10316.2
10316.1
10316.1
10316
10315.9
10315.9
10315.8
10315.7
10315.7
10315.6
10315.5
10315.5
10315.4
10315.3
10315.3
10315.2
10315.1
10315.1
10315
10314.9
10314.9
10314.8
10314.7
10314.7
10314.6
10314.5
10314.5
10314.4
10314.3
10314.3
10314.2
10314.1
10314.1
10314
10313.9
10313.9
10313.8
10313.7
10313.7
10313.6
10313.5
10313.5
10313.4
10313.3
10313.3
10313.2
10313.1
10313.1
10313
10312.9
10312.9
10312.8
10312.7
10312.7
10312.6
10312.5
10312.5
10312.4
10312.3
10312.3
10312.2
10312.1
10312.1
10312
10311.9
10311.9
10311.8
10311.7
10311.7
10311.6
10311.5
10311.5
10311.4
10311.3
10311.3
10311.2
10311.1
10311.1
10311
10310.9
10310.9
10310.8
10310.7
10310.7
10310.6
10310.5
10310.5
10310.4
10310.3
10310.3
10310.2
10310.1
10310.1
10310
10309.9
10309.9
10309.8
10309.7
10309.7
10309.6
10309.5
10309.5
10309.4
10309.3
10309.3
10309.2
10309.1
10309.1
10309
10308.9
10308.9
10308.8
10308.7
10308.7
10308.6
10308.6
10308.5
10308.4
10308.4
10308.3
10308.2
10308.2
10308.1
10308
10308
10307.9
10307.8
10307.8
10307.7
10307.6
10307.6
10307.5
10307.4
10307.4
10307.3
10307.2
10307.2
10307.1
10307
10306.9
10306.9
10306.8
10306.7
10306.7
10306.6
10306.5
10306.5
10306.4
10306.3
10306.3
10306.2
10306.1
10306.1
10306
10305.9
10305.9
10305.8
10305.7
10305.7
10305.6
10305.5
10305.5
10305.4
10305.3
10305.3
10305.2
10305.1
10305.1
10305
10304.9
10304.9
10304.8
10304.7
10304.7
10304.6
10304.5
10304.5
10304.4
10304.3
10304.3
10304.2
10304.1
10304.1
10304
10303.9
10303.9
10303.8
10303.7
10303.7
10303.6
10303.5
10303.5
10303.4
10303.3
10303.3
10303.2
10303.1
10303.1
10303
10302.9
10302.9
10302.8
10302.7
10302.7
10302.6
10302.5
10302.5
10302.4
10302.3
10302.3
10302.2
10302.1
10302.1
10302
10301.9
10301.9
10301.8
10301.7
10301.7
10301.6
10301.5
10301.5
10301.4
10301.3
10301.3
10301.2
10301.1
10301.1
10301
10300.9
10300.9
10300.8
10300.7
10300.7
10300.6
10300.5
10300.5
10300.4
10300.3
10300.3
10300.2
10300.1
10300.1
10300
10299.9
10299.9
10299.8
10299.7
10299.7
10299.6
10299.5
10299.5
10299.4
10299.3
10299.3
10299.2
10299.1
10299.1
10299
10298.9
10298.9
10298.8
10298.7
10298.7
10298.6
10298.5
10298.5
10298.4
10298.3
10298.3
10298.2
10298.1
10298.1
10298
10297.9
10297.9
10297.8
10297.7
10297.7
10297.6
10297.5
10297.5
10297.4
10297.3
10297.3
10297.2
10297.1
10297.1
10297
10296.9
10296.9
10296.8
10296.7
10296.7
10296.6
10296.5
10296.5
10296.4
10296.3
10296.3
10296.2
10296.1
10296.1
10296
10295.9
10295.9
10295.8
10295.7
10295.7
10295.6
10295.5
10295.5
10295.4
10295.3
10295.3
10295.2
10295.1
10295.1
10295
10294.9
10294.9
10294.8
10294.7
10294.7
10294.6
10294.5
10294.5
10294.4
10294.3
10294.3
10294.2
10294.1
10294.1
10294
10293.9
10293.9
10293.8
10293.7
10293.7
10293.6
10293.5
10293.5
10293.4
10293.3
10293.3
10293.2
10293.1
10293.1
10293
10292.9
10292.9
10292.8
10292.7
10292.7
10292.6
10292.5
10292.5
10292.4
10292.3
10292.3
10292.2
10292.1
10292.1
10292
10291.9
10291.9
10291.8
10291.7
10291.7
10291.6
10291.5
10291.5
10291.4
10291.3
10291.3
10291.2
10291.1
10291.1
10291
10290.9
10290.9
10290.8
10290.7
10290.7
10290.6
10290.5
10290.5
10290.4
10290.3
10290.3
10290.2
10290.1
10290.1
10290
10289.9
10289.9
10289.8
10289.7
10289.7
10289.6
10289.5
10289.5
10289.4
10289.3
10289.3
10289.2
10289.1
10289.1
10289
10288.9
10288.9
10288.8
10288.7
10288.7
10288.6
10288.5
10288.5
10288.4
10288.3
10288.3
10288.2
10288.1
10288.1
10288
10288
10287.9
10287.8
10287.8
10287.7
10287.6
10287.6
10287.5
10287.4
10287.4
10287.3
10287.2
10287.2
10287.1
10287
10287
10286.9
10286.8
10286.8
10286.7
10286.6
10286.6
10286.5
10286.4
10286.4
10286.3
10286.2
10286.2
10286.1
10286
10286
10285.9
10285.8
10285.8
10285.7
10285.6
10285.6
10285.5
10285.4
10285.4
10285.3
10285.2
10285.2
10285.1
10285
10285
10284.9
10284.8
10284.8
10284.7
10284.6
10284.6
10284.5
10284.4
10284.4
10284.3
10284.2
10284.2
10284.1
10284
10284
10283.9
10283.8
10283.8
10283.7
10283.6
10283.6
10283.5
10283.4
10283.4
10283.3
10283.2
10283.2
10283.1
10283
10283
10282.9
10282.8
10282.8
10282.7
10282.6
10282.6
10282.5
10282.5
10282.4
10282.3
10282.3
10282.2
10282.1
10282.1
10282
10281.9
10281.9
10281.8
10281.7
10281.7
10281.6
10281.5
10281.5
10281.4
10281.3
10281.3
10281.2
10281.1
10281.1
10281
10280.9
10280.9
10280.8
10280.7
10280.7
10280.6
10280.5
10280.5
10280.4
10280.3
10280.3
10280.2
10280.1
10280.1
10280
10279.9
10279.9
10279.8
10279.7
10279.7
10279.6
10279.5
10279.5
10279.4
10279.4
10279.3
10279.2
10279.2
10279.1
10279
10279
10278.9
10278.8
10278.8
10278.7
10278.6
10278.6
10278.5
10278.4
10278.4
10278.3
10278.2
10278.2
10278.1
10278
10278
10277.9
10277.8
10277.8
10277.7
10277.6
10277.6
10277.5
10277.4
10277.4
10277.3
10277.3
10277.2
10277.1
10277.1
10277
10276.9
10276.9
10276.8
10276.7
10276.7
10276.6
10276.5
10276.5
10276.4
10276.3
10276.3
10276.2
10276.1
10276.1
10276
10275.9
10275.9
10275.8
10275.7
10275.7
10275.6
10275.6
10275.5
10275.4
10275.4
10275.3
10275.2
10275.2
10275.1
10275
10275
10274.9
10274.8
10274.8
10274.7
10274.6
10274.6
10274.5
10274.4
10274.4
10274.3
10274.2
10274.2
10274.1
10274.1
10274
10273.9
10273.9
10273.8
10273.7
10273.7
10273.6
10273.5
10273.5
10273.4
10273.3
10273.3
10273.2
10273.1
10273.1
10273
10273
10272.9
10272.8
10272.8
10272.7
10272.6
10272.6
10272.5
10272.4
10272.4
10272.3
10272.2
10272.2
10272.1
10272
10272
10271.9
10271.9
10271.8
10271.7
10271.7
10271.6
10271.5
10271.5
10271.4
10271.3
10271.3
10271.2
10271.1
10271.1
10271
10270.9
10270.9
10270.8
10270.8
10270.7
10270.6
10270.6
10270.5
10270.4
10270.4
10270.3
10270.2
10270.2
10270.1
10270
10270
10269.9
10269.9
10269.8
10269.7
10269.7
10269.6
10269.5
10269.5
10269.4
10269.3
10269.3
10269.2
10269.1
10269.1
10269
10269
10268.9
10268.8
10268.8
10268.7
10268.6
10268.6
10268.5
10268.4
10268.4
10268.3
10268.3
10268.2
10268.1
10268.1
10268
10267.9
10267.9
10267.8
10267.7
10267.7
10267.6
10267.6
10267.5
10267.4
10267.4
10267.3
10267.2
10267.2
10267.1
10267
10267
10266.9
10266.9
10266.8
10266.7
10266.7
10266.6
10266.5
10266.5
10266.4
10266.3
10266.3
10266.2
10266.2
10266.1
10266
10266
10265.9
10265.8
10265.8
10265.7
10265.7
10265.6
10265.5
10265.5
10265.4
10265.3
10265.3
10265.2
10265.1
10265.1
10265
10265
10264.9
10264.8
10264.8
10264.7
10264.6
10264.6
10264.5
10264.5
10264.4
10264.3
10264.3
10264.2
10264.1
10264.1
10264
10264
10263.9
10263.8
10263.8
10263.7
10263.6
10263.6
10263.5
10263.5
10263.4
10263.3
10263.3
10263.2
10263.1
10263.1
10263
10263
10262.9
10262.8
10262.8
10262.7
10262.6
10262.6
10262.5
10262.5
10262.4
10262.3
10262.3
10262.2
10262.2
10262.1
10262
10262
10261.9
10261.8
10261.8
10261.7
10261.7
10261.6
10261.5
10261.5
10261.4
10261.4
10261.3
10261.2
10261.2
10261.1
10261
10261
10260.9
10260.9
10260.8
10260.7
10260.7
10260.6
10260.6
10260.5
10260.4
10260.4
10260.3
10260.2
10260.2
10260.1
10260.1
10260
10259.9
10259.9
10259.8
10259.8
10259.7
10259.6
10259.6
10259.5
10259.5
10259.4
10259.3
10259.3
10259.2
10259.2
10259.1
10259
10259
10258.9
10258.9
10258.8
10258.7
10258.7
10258.6
10258.6
10258.5
10258.4
10258.4
10258.3
10258.3
10258.2
10258.1
10258.1
10258
10258
10257.9
10257.8
10257.8
10257.7
10257.7
10257.6
10257.5
10257.5
10257.4
10257.4
10257.3
10257.2
10257.2
10257.1
10257.1
10257
10256.9
10256.9
10256.8
10256.8
10256.7
10256.6
10256.6
10256.5
10256.5
10256.4
10256.3
10256.3
10256.2
10256.2
10256.1
10256.1
10256
10255.9
10255.9
10255.8
10255.8
10255.7
10255.6
10255.6
10255.5
10255.5
10255.4
10255.4
10255.3
10255.2
10255.2
10255.1
10255.1
10255
10254.9
10254.9
10254.8
10254.8
10254.7
10254.7
10254.6
10254.5
10254.5
10254.4
10254.4
10254.3
10254.3
10254.2
10254.1
10254.1
10254
10254
10253.9
10253.9
10253.8
10253.7
10253.7
10253.6
10253.6
10253.5
10253.5
10253.4
10253.3
10253.3
10253.2
10253.2
10253.1
10253.1
10253
10252.9
10252.9
10252.8
10252.8
10252.7
10252.7
10252.6
10252.5
10252.5
10252.4
10252.4
10252.3
10252.3
10252.2
10252.2
10252.1
10252
10252
10251.9
10251.9
10251.8
10251.8
10251.7
10251.7
10251.6
10251.5
10251.5
10251.4
10251.4
10251.3
10251.3
10251.2
10251.2
10251.1
10251.1
10251
10250.9
10250.9
10250.8
10250.8
10250.7
10250.7
10250.6
10250.6
10250.5
10250.5
10250.4
10250.3
10250.3
10250.2
10250.2
10250.1
10250.1
10250
10250
10249.9
10249.9
10249.8
10249.8
10249.7
10249.6
10249.6
10249.5
10249.5
10249.4
10249.4
10249.3
10249.3
10249.2
10249.2
10249.1
10249.1
10249
10249
10248.9
10248.9
10248.8
10248.8
10248.7
10248.6
10248.6
10248.5
10248.5
10248.4
10248.4
10248.3
10248.3
10248.2
10248.2
10248.1
10248.1
10248
10248
10247.9
10247.9
10247.8
10247.8
10247.7
10247.7
10247.6
10247.6
10247.5
10247.5
10247.4
10247.4
10247.3
10247.3
10247.2
10247.2
10247.1
10247.1
10247
10247
10246.9
10246.9
10246.8
10246.8
10246.7
10246.7
10246.6
10246.6
10246.5
10246.5
10246.4
10246.4
10246.3
10246.3
10246.2
10246.2
10246.1
10246.1
10246
10246
10245.9
10245.9
10245.8
10245.8
10245.8
10245.7
10245.7
10245.6
10245.6
10245.5
10245.5
10245.4
10245.4
10245.3
10245.3
10245.2
10245.2
10245.1
10245.1
10245.1
10245
10245
10244.9
10244.9
10244.8
10244.8
10244.7
10244.7
10244.6
10244.6
10244.5
10244.5
10244.5
10244.4
10244.4
10244.3
10244.3
10244.2
10244.2
10244.1
10244.1
10244.1
10244
10244
10243.9
10243.9
10243.8
10243.8
10243.8
10243.7
10243.7
10243.6
10243.6
10243.5
10243.5
10243.4
10243.4
10243.4
10243.3
10243.3
10243.2
10243.2
10243.2
10243.1
10243.1
10243
10243
10242.9
10242.9
10242.9
10242.8
10242.8
10242.7
10242.7
10242.7
10242.6
10242.6
10242.5
10242.5
10242.5
10242.4
10242.4
10242.3
10242.3
10242.3
10242.2
10242.2
10242.1
10242.1
10242.1
10242
10242
10242
10241.9
10241.9
10241.8
10241.8
10241.8
10241.7
10241.7
10241.7
10241.6
10241.6
10241.5
10241.5
10241.5
10241.4
10241.4
10241.4
10241.3
10241.3
10241.3
10241.2
10241.2
10241.1
10241.1
10241.1
10241
10241
10241
10240.9
10240.9
10240.9
10240.8
10240.8
10240.8
10240.7
10240.7
10240.7
10240.6
10240.6
10240.6
10240.5
10240.5
10240.5
10240.4
10240.4
10240.4
10240.3
10240.3
10240.3
10240.3
10240.2
10240.2
10240.2
10240.1
10240.1
10240.1
10240
10240
10240
10240
10239.9
10239.9
10239.9
10239.8
10239.8
10239.8
10239.8
10239.7
10239.7
10239.7
10239.6
10239.6
10239.6
10239.6
10239.5
10239.5
10239.5
10239.5
10239.4
10239.4
10239.4
10239.4
10239.3
10239.3
10239.3
10239.3
10239.2
10239.2
10239.2
10239.2
10239.1
10239.1
10239.1
10239.1
10239
10239
10239
10239
10239
10238.9
10238.9
10238.9
10238.9
10238.9
10238.8
10238.8
10238.8
10238.8
10238.8
10238.7
10238.7
10238.7
10238.7
10238.7
10238.6
10238.6
10238.6
10238.6
10238.6
10238.6
10238.5
10238.5
10238.5
10238.5
10238.5
10238.5
10238.4
10238.4
10238.4
10238.4
10238.4
10238.4
10238.4
10238.3
10238.3
10238.3
10238.3
10238.3
10238.3
10238.3
10238.3
10238.2
10238.2
10238.2
10238.2
10238.2
10238.2
10238.2
10238.2
10238.2
10238.2
10238.1
10238.1
10238.1
10238.1
10238.1
10238.1
10238.1
10238.1
10238.1
10238.1
10238.1
10238.1
10238.1
10238.1
10238.1
10238
10238
10238
10238
10238
10238
10238
10238
10238
10238
10238
10238
10238
10238
10238
10238
10238
10238
10238
10238
10238
10238
10238
10238
10238
10238
10238.1
10238.1
10238.1
10238.1
10238.1
10238.1
10238.1
10238.1
10238.1
10238.1
10238.1
10238.1
10238.1
10238.1
10238.2
10238.2
10238.2
10238.2
10238.2
10238.2
10238.2
10238.2
10238.2
10238.3
10238.3
10238.3
10238.3
10238.3
10238.3
10238.3
10238.4
10238.4
10238.4
10238.4
10238.4
10238.4
10238.5
10238.5
10238.5
10238.5
10238.5
10238.6
10238.6
10238.6
10238.6
10238.7
10238.7
10238.7
10238.7
10238.8
10238.8
10238.8
10238.8
10238.9
10238.9
10238.9
10238.9
10239
10239
10239
10239.1
10239.1
10239.1
10239.1
10239.2
10239.2
10239.2
10239.3
10239.3
10239.3
10239.4
10239.4
10239.5
10239.5
10239.5
10239.6
10239.6
10239.6
10239.7
10239.7
10239.8
10239.8
10239.8
10239.9
10239.9
10240
10240
10240.1
10240.1
10240.2
10240.2
10240.2
10240.3
10240.3
10240.4
10240.4
10240.5
10240.5
10240.6
10240.6
10240.7
10240.8
10240.8
10240.9
10240.9
10241
10241
10241.1
10241.1
10241.2
10241.3
10241.3
10241.4
10241.4
10241.5
10241.6
10241.6
10241.7
10241.8
10241.8
10241.9
10242
10242
10242.1
10242.2
10242.2
10242.3
10242.4
10242.4
10242.5
10242.6
10242.7
10242.7
10242.8
10242.9
10243
10243.1
10243.1
10243.2
10243.3
10243.4
10243.5
10243.5
10243.6
10243.7
10243.8
10243.9
10244
10244.1
10244.1
10244.2
10244.3
10244.4
10244.5
10244.6
10244.7
10244.8
10244.9
10245
10245.1
10245.2
10245.3
10245.4
10245.5
10245.6
10245.7
10245.8
10245.9
10246
10246.1
10246.2
10246.3
10246.4
10246.5
10246.7
10246.8
10246.9
10247
10247.1
10247.2
10247.4
10247.5
10247.6
10247.7
10247.8
10248
10248.1
10248.2
10248.3
10248.5
10248.6
10248.7
10248.9
10249
10249.1
10249.3
10249.4
10249.5
10249.7
10249.8
10249.9
10250.1
10250.2
10250.4
10250.5
10250.7
10250.8
10251
10251.1
10251.3
10251.4
10251.6
10251.7
10251.9
10252
10252.2
10252.3
10252.5
10252.7
10252.8
10253
10253.2
10253.3
10253.5
10253.7
10253.8
10254
10254.2
10254.3
10254.5
10254.7
10254.9
10255.1
10255.2
10255.4
10255.6
10255.8
10256
10256.2
10256.4
10256.6
10256.7
10256.9
10257.1
10257.3
10257.5
10257.7
10257.9
10258.1
10258.3
10258.5
10258.8
10259
10259.2
10259.4
10259.6
10259.8
10260
10260.3
10260.5
10260.7
10260.9
10261.1
10261.4
10261.6
10261.8
10262.1
10262.3
10262.5
10262.8
10263
10263.2
10263.5
10263.7
10264
10264.2
10264.5
10264.7
10265
10265.2
10265.5
10265.7
10266
10266.3
10266.5
10266.8
10267
10267.3
10267.6
10267.9
10268.1
10268.4
10268.7
10269
10269.2
10269.5
10269.8
10270.1
10270.4
10270.7
10271
10271.3
10271.6
10271.9
10272.2
10272.5
10272.8
10273.1
10273.4
10273.7
10274
10274.3
10274.6
10274.9
10275.3
10275.6
10275.9
10276.2
10276.6
10276.9
10277.2
10277.6
10277.9
10278.2
10278.6
10278.9
10279.3
10279.6
10279.9
10280.3
10280.7
10281
10281.4
10281.7
10282.1
10282.4
10282.8
10283.2
10283.5
10283.9
10284.3
10284.7
10285
10285.4
10285.8
10286.2
10286.6
10287
10287.4
10287.8
10288.2
10288.6
10289
10289.4
10289.8
10290.2
10290.6
10291
10291.4
10291.8
10292.2
10292.7
10293.1
10293.5
10293.9
10294.4
10294.8
10295.2
10295.7
10296.1
10296.5
10297
10297.4
10297.9
10298.3
10298.8
10299.2
10299.7
10300.2
10300.6
10301.1
10301.5
10302
10302.5
10303
10303.4
10303.9
10304.4
10304.9
10305.4
10305.8
10306.3
10306.8
10307.3
10307.8
10308.3
10308.8
10309.3
10309.8
10310.3
10310.8
10311.3
10311.9
10312.4
10312.9
10313.4
10313.9
10314.5
10315
10315.5
10316
10316.6
10317.1
10317.7
10318.2
10318.7
10319.3
10319.8
10320.4
10320.9
10321.5
10322
10322.6
10323.2
10323.7
10324.3
10324.8
10325.4
10326
10326.6
10327.1
10327.7
10328.3
10328.9
10329.4
10330
10330.6
10331.2
10331.8
10332.4
10333
10333.6
10334.2
10334.8
10335.4
10336
10336.6
10337.2
10337.8
10338.4
10339
10339.6
10340.3
10340.9
10341.5
10342.1
10342.7
10343.4
10344
10344.6
10345.3
10345.9
10346.5
10347.2
10347.8
10348.4
10349.1
10349.7
10350.4
10351
10351.7
10352.3
10353
10353.6
10354.3
10354.9
10355.6
10356.3
10356.9
10357.6
10358.2
10358.9
10359.6
10360.2
10360.9
10361.6
10362.3
10362.9
10363.6
10364.3
10365
10365.6
10366.3
10367
10367.7
10368.4
10369
10369.7
10370.4
10371.1
10371.8
10372.5
10373.2
10373.9
10374.6
10375.3
10376
10376.7
10377.4
10378.1
10378.8
10379.5
10380.2
10380.9
10381.6
10382.3
10383
10383.7
10384.4
10385.1
10385.9
10386.6
10387.3
10388
10388.7
10389.4
10390.1
10390.9
10391.6
10392.3
10393
10393.7
10394.5
10395.2
10395.9
10396.6
10397.4
10398.1
10398.8
10399.6
10400.3
10401
10401.7
10402.5
10403.2
10403.9
10404.7
10405.4
10406.1
10406.9
10407.6
10408.3
10409.1
10409.8
10410.6
10411.3
10412
10412.8
10413.5
10414.3
10415
10415.7
10416.5
10417.2
10418
10418.7
10419.5
10420.2
10420.9
10421.7
10422.4
10423.2
10423.9
10424.7
10425.4
10426.2
10426.9
10427.7
10428.4
10429.2
10429.9
10430.7
10431.4
10432.2
10432.9
10433.7
10434.4
10435.2
10435.9
10436.7
10437.4
10438.2
10438.9
10439.7
10440.5
10441.2
10442
10442.7
10443.5
10444.2
10445
10445.7
10446.5
10447.3
10448
10448.8
10449.5
10450.3
10451
10451.8
10452.6
10453.3
10454.1
10454.8
10455.6
10456.4
10457.1
10457.9
10458.6
10459.4
10460.2
10460.9
10461.7
10462.4
10463.2
10464
10464.7
10465.5
10466.2
10467
10467.8
10468.5
10469.3
10470.1
10470.8
10471.6
10472.4
10473.1
10473.9
10474.6
10475.4
10476.2
10476.9
10477.7
10478.5
10479.2
10480
10480.8
10481.5
10482.3
10483.1
10483.8
10484.6
10485.3
10486.1
10486.9
10487.6
10488.4
10489.2
10489.9
10490.7
10491.5
10492.2
10493
10493.8
10494.5
10495.3
10496.1
10496.8
10497.6
10498.4
10499.1
10499.9
10500.7
10501.4
10502.2
10503
10503.7
10504.5
10505.3
10506.1
10506.8
10507.6
10508.4
10509.1
10509.9
10510.7
10511.4
10512.2
10513
10513.7
10514.5
10515.3
10516
10516.8
10517.6
10518.4
10519.1
10519.9
10520.7
10521.4
10522.2
10523
10523.7
10524.5
10525.3
10526
10526.8
10527.6
10528.4
10529.1
10529.9
10530.7
10531.4
10532.2
10533
10533.8
10534.5
10535.3
10536.1
10536.8
10537.6
10538.4
10539.2
10539.9
10540.7
10541.5
10542.2
10543
10543.8
10544.6
10545.3
10546.1
10546.9
10547.6
10548.4
10549.2
10550
10550.7
10551.5
10552.3
10553
10553.8
10554.6
10555.4
10556.1
10556.9
10557.7
10558.5
10559.2
10560
10560.8
10561.6
10562.3
10563.1
10563.9
10564.6
10565.4
10566.2
10567
10567.7
10568.5
10569.3
10570.1
10570.8
10571.6
10572.4
10573.2
10573.9
10574.7
10575.5
10576.3
10577
10577.8
10578.6
10579.4
10580.1
10580.9
10581.7
10582.5
10583.2
10584
10584.8
10585.6
10586.3
10587.1
10587.9
10588.7
10589.4
10590.2
10591
10591.8
10592.5
10593.3
10594.1
10594.9
10595.6
10596.4
10597.2
10598
10598.7
10599.5
10600.3
10601.1
10601.9
10602.6
10603.4
10604.2
10605
10605.7
10606.5
10607.3
10608.1
10608.8
10609.6
10610.4
10611.2
10612
10612.7
10613.5
10614.3
10615.1
10615.8
10616.6
10617.4
10618.2
10619
10619.7
10620.5
10621.3
10622.1
10622.8
10623.6
10624.4
10625.2
10626
10626.7
10627.5
10628.3
10629.1
10629.9
10630.6
10631.4
10632.2
10633
10633.7
10634.5
10635.3
10636.1
10636.9
10637.6
10638.4
10639.2
10640
10640.8
10641.5
10642.3
10643.1
10643.9
10644.7
10645.4
10646.2
10647
10647.8
10648.6
10649.3
10650.1
10650.9
10651.7
10652.5
10653.3
10654
10654.8
10655.6
10656.4
10657.2
10657.9
10658.7
10659.5
10660.3
10661.1
10661.8
10662.6
10663.4
10664.2
10665
10665.8
10666.5
10667.3
10668.1
10668.9
10669.7
10670.4
10671.2
10672
10672.8
10673.6
10674.4
10675.1
10675.9
10676.7
10677.5
10678.3
10679.1
10679.8
10680.6
10681.4
10682.2
10683
10683.8
10684.5
10685.3
10686.1
10686.9
10687.7
10688.5
10689.2
10690
10690.8
10691.6
10692.4
10693.2
10693.9
10694.7
10695.5
10696.3
10697.1
10697.9
10698.7
10699.4
10700.2
10701
10701.8
10702.6
10703.4
10704.1
10704.9
10705.7
10706.5
10707.3
10708.1
10708.9
10709.6
10710.4
10711.2
10712
10712.8
10713.6
10714.4
10715.1
10715.9
10716.7
10717.5
10718.3
10719.1
10719.9
10720.7
10721.4
10722.2
10723
10723.8
10724.6
10725.4
10726.2
10726.9
10727.7
10728.5
10729.3
10730.1
10730.9
10731.7
10732.5
10733.2
10734
10734.8
10735.6
10736.4
10737.2
10738
10738.8
10739.5
10740.3
10741.1
10741.9
10742.7
10743.5
10744.3
10745.1
10745.9
10746.6
10747.4
10748.2
10749
10749.8
10750.6
10751.4
10752.2
10753
10753.7
10754.5
10755.3
10756.1
10756.9
10757.7
10758.5
10759.3
10760.1
10760.9
10761.6
10762.4
10763.2
10764
10764.8
10765.6
10766.4
10767.2
10768
10768.8
10769.5
10770.3
10771.1
10771.9
10772.7
10773.5
10774.3
10775.1
10775.9
10776.7
10777.5
10778.2
10779
10779.8
10780.6
10781.4
10782.2
10783
10783.8
10784.6
10785.4
10786.2
10787
10787.7
10788.5
10789.3
10790.1
10790.9
10791.7
10792.5
10793.3
10794.1
10794.9
10795.7
10796.5
10797.3
10798
10798.8
10799.6
10800.4
10801.2
10802
10802.8
10803.6
10804.4
10805.2
10806
10806.8
10807.6
10808.4
10809.2
10809.9
10810.7
10811.5
10812.3
10813.1
10813.9
10814.7
10815.5
10816.3
10817.1
10817.9
10818.7
10819.5
10820.3
10821.1
10821.9
10822.7
10823.5
10824.3
10825
10825.8
10826.6
10827.4
10828.2
10829
10829.8
10830.6
10831.4
10832.2
10833
10833.8
10834.6
10835.4
10836.2
10837
10837.8
10838.6
10839.4
10840.2
10841
10841.8
10842.6
10843.4
10844.1
10844.9
10845.7
10846.5
10847.3
10848.1
10848.9
10849.7
10850.5
10851.3
10852.1
10852.9
10853.7
10854.5
10855.3
10856.1
10856.9
10857.7
10858.5
10859.3
10860.1
10860.9
10861.7
10862.5
10863.3
10864.1
10864.9
10865.7
10866.5
10867.3
10868.1
10868.9
10869.7
10870.5
10871.3
10872.1
10872.9
10873.7
10874.5
10875.3
10876.1
10876.9
10877.7
10878.5
10879.3
10880.1
10880.9
10881.7
10882.5
10883.3
10884.1
10884.9
10885.7
10886.5
10887.3
10888.1
10888.9
10889.7
10890.5
10891.3
10892.1
10892.9
10893.7
10894.5
10895.3
10896.1
10896.9
10897.7
10898.5
10899.3
10900.1
10900.9
10901.7
10902.5
10903.3
10904.1
10904.9
10905.7
10906.5
10907.3
10908.1
10908.9
10909.7
10910.5
10911.3
10912.1
10912.9
10913.7
10914.5
10915.3
10916.1
10916.9
10917.7
10918.5
10919.3
10920.1
10920.9
10921.7
10922.5
10923.3
10924.1
10925
10925.8
10926.6
10927.4
10928.2
10929
10929.8
10930.6
10931.4
10932.2
10933
10933.8
10934.6
10935.4
10936.2
10937
10937.8
10938.6
10939.4
10940.2
10941
10941.8
10942.6
10943.4
10944.3
10945.1
10945.9
10946.7
10947.5
10948.3
10949.1
10949.9
10950.7
10951.5
10952.3
10953.1
10953.9
10954.7
10955.5
10956.3
10957.1
10957.9
10958.8
10959.6
10960.4
10961.2
10962
10962.8
10963.6
10964.4
10965.2
10966
10966.8
10967.6
10968.4
10969.2
10970
10970.8
10971.7
10972.5
10973.3
10974.1
10974.9
10975.7
10976.5
10977.3
10978.1
10978.9
10979.7
10980.5
10981.3
10982.2
10983
10983.8
10984.6
10985.4
10986.2
10987
10987.8
10988.6
10989.4
10990.2
10991
10991.9
10992.7
10993.5
10994.3
10995.1
10995.9
10996.7
10997.5
10998.3
10999.1
10999.9
11000.8
11001.6
11002.4
11003.2
11004
11004.8
11005.6
11006.4
11007.2
11008
11008.9
11009.7
11010.5
11011.3
11012.1
11012.9
11013.7
11014.5
11015.3
11016.2
11017
11017.8
11018.6
11019.4
11020.2
11021
11021.8
11022.6
11023.5
11024.3
11025.1
11025.9
11026.7
11027.5
11028.3
11029.1
11029.9
11030.8
11031.6
11032.4
11033.2
11034
11034.8
11035.6
11036.4
11037.3
11038.1
11038.9
11039.7
11040.5
11041.3
11042.1
11042.9
11043.8
11044.6
11045.4
11046.2
11047
11047.8
11048.6
11049.5
11050.3
11051.1
11051.9
11052.7
11053.5
11054.3
11055.1
11056
11056.8
11057.6
11058.4
11059.2
11060
11060.8
11061.7
11062.5
11063.3
11064.1
11064.9
11065.7
11066.6
11067.4
11068.2
11069
11069.8
11070.6
11071.4
11072.3
11073.1
11073.9
11074.7
11075.5
11076.3
11077.2
11078
11078.8
11079.6
11080.4
11081.2
11082
11082.9
11083.7
11084.5
11085.3
11086.1
11086.9
11087.8
11088.6
11089.4
11090.2
11091
11091.8
11092.7
11093.5
11094.3
11095.1
11095.9
11096.7
11097.6
11098.4
11099.2
11100
11100.8
11101.7
11102.5
11103.3
11104.1
11104.9
11105.7
11106.6
11107.4
11108.2
11109
11109.8
11110.7
11111.5
11112.3
11113.1
11113.9
11114.7
11115.6
11116.4
11117.2
11118
11118.8
11119.7
11120.5
11121.3
11122.1
11122.9
11123.8
11124.6
11125.4
11126.2
11127
11127.9
11128.7
11129.5
11130.3
11131.1
11132
11132.8
11133.6
11134.4
11135.2
11136.1
11136.9
11137.7
11138.5
11139.3
11140.2
11141
11141.8
11142.6
11143.5
11144.3
11145.1
11145.9
11146.7
11147.6
11148.4
11149.2
11150
11150.8
11151.7
11152.5
11153.3
11154.1
11155
11155.8
11156.6
11157.4
11158.2
11159.1
11159.9
11160.7
11161.5
11162.4
11163.2
11164
11164.8
11165.6
11166.5
11167.3
11168.1
11168.9
11169.8
11170.6
11171.4
11172.2
11173.1
11173.9
11174.7
11175.5
11176.4
11177.2
11178
11178.8
11179.6
11180.5
11181.3
11182.1
11182.9
11183.8
11184.6
11185.4
11186.2
11187.1
11187.9
11188.7
11189.5
11190.4
11191.2
11192
11192.8
11193.7
11194.5
11195.3
11196.1
11197
11197.8
11198.6
11199.5
11200.3
11201.1
11201.9
11202.8
11203.6
11204.4
11205.2
11206.1
11206.9
11207.7
11208.5
11209.4
11210.2
11211
11211.8
11212.7
11213.5
11214.3
11215.2
11216
11216.8
11217.6
11218.5
11219.3
11220.1
11220.9
11221.8
11222.6
11223.4
11224.3
11225.1
11225.9
11226.7
11227.6
11228.4
11229.2
11230.1
11230.9
11231.7
11232.5
11233.4
11234.2
11235
11235.9
11236.7
11237.5
11238.3
11239.2
11240
11240.8
11241.7
11242.5
11243.3
11244.1
11245
11245.8
11246.6
11247.5
11248.3
11249.1
11250
11250.8
11251.6
11252.4
11253.3
11254.1
11254.9
11255.8
11256.6
11257.4
11258.3
11259.1
11259.9
11260.7
11261.6
11262.4
11263.2
11264.1
11264.9
11265.7
11266.6
11267.4
11268.2
11269.1
11269.9
11270.7
11271.6
11272.4
11273.2
11274.1
11274.9
11275.7
11276.5
11277.4
11278.2
11279
11279.9
11280.7
11281.5
11282.4
11283.2
11284
11284.9
11285.7
11286.5
11287.4
11288.2
11289
11289.9
11290.7
11291.5
11292.4
11293.2
11294
11294.9
11295.7
11296.5
11297.4
11298.2
11299
11299.9
11300.7
11301.5
11302.4
11303.2
11304
11304.9
11305.7
11306.5
11307.4
11308.2
11309.1
11309.9
11310.7
11311.6
11312.4
11313.2
11314.1
11314.9
11315.7
11316.6
11317.4
11318.2
11319.1
11319.9
11320.7
11321.6
11322.4
11323.3
11324.1
11324.9
11325.8
11326.6
11327.4
11328.3
11329.1
11329.9
11330.8
11331.6
11332.5
11333.3
11334.1
11335
11335.8
11336.6
11337.5
11338.3
11339.1
11340
11340.8
11341.7
11342.5
11343.3
11344.2
11345
11345.8
11346.7
11347.5
11348.4
11349.2
11350
11350.9
11351.7
11352.6
11353.4
11354.2
11355.1
11355.9
11356.7
11357.6
11358.4
11359.3
11360.1
11360.9
11361.8
11362.6
11363.5
11364.3
11365.1
11366
11366.8
11367.7
11368.5
11369.3
11370.2
11371
11371.9
11372.7
11373.5
11374.4
11375.2
11376.1
11376.9
11377.7
11378.6
11379.4
11380.3
11381.1
11381.9
11382.8
11383.6
11384.5
11385.3
11386.1
11387
11387.8
11388.7
11389.5
11390.3
11391.2
11392
11392.9
11393.7
11394.6
11395.4
11396.2
11397.1
11397.9
11398.8
11399.6
11400.4
11401.3
11402.1
11403
11403.8
11404.7
11405.5
11406.3
11407.2
11408
11408.9
11409.7
11410.6
11411.4
11412.2
11413.1
11413.9
11414.8
11415.6
11416.5
11417.3
11418.1
11419
11419.8
11420.7
11421.5
11422.4
11423.2
11424.1
11424.9
11425.7
11426.6
11427.4
11428.3
11429.1
11430
11430.8
11431.7
11432.5
11433.3
11434.2
11435
11435.9
11436.7
11437.6
11438.4
11439.3
11440.1
11440.9
11441.8
11442.6
11443.5
11444.3
11445.2
11446
11446.9
11447.7
11448.6
11449.4
11450.3
11451.1
11451.9
11452.8
11453.6
11454.5
11455.3
11456.2
11457
11457.9
11458.7
11459.6
11460.4
11461.3
11462.1
11463
11463.8
11464.6
11465.5
11466.3
11467.2
11468
11468.9
11469.7
11470.6
11471.4
11472.3
11473.1
11474
11474.8
11475.7
11476.5
11477.4
11478.2
11479.1
11479.9
11480.8
11481.6
11482.5
11483.3
11484.2
11485
11485.9
11486.7
11487.6
11488.4
11489.3
11490.1
11491
11491.8
11492.6
11493.5
11494.3
11495.2
11496
11496.9
11497.7
11498.6
11499.4
11500.3
11501.1
11502
11502.9
11503.7
11504.6
11505.4
11506.3
11507.1
11508
11508.8
11509.7
11510.5
11511.4
11512.2
11513.1
11513.9
11514.8
11515.6
11516.5
11517.3
11518.2
11519
11519.9
11520.7
11521.6
11522.4
11523.3
11524.1
11525
11525.8
11526.7
11527.5
11528.4
11529.2
11530.1
11531
11531.8
11532.7
11533.5
11534.4
11535.2
11536.1
11536.9
11537.8
11538.6
11539.5
11540.3
11541.2
11542
11542.9
11543.8
11544.6
11545.5
11546.3
11547.2
11548
11548.9
11549.7
11550.6
11551.4
11552.3
11553.1
11554
11554.9
11555.7
11556.6
11557.4
11558.3
11559.1
11560
11560.8
11561.7
11562.6
11563.4
11564.3
11565.1
11566
11566.8
11567.7
11568.5
11569.4
11570.3
11571.1
11572
11572.8
11573.7
11574.5
11575.4
11576.2
11577.1
11578
11578.8
11579.7
11580.5
11581.4
11582.2
11583.1
11584
11584.8
11585.7
11586.5
11587.4
11588.2
11589.1
11590
11590.8
11591.7
11592.5
11593.4
11594.2
11595.1
11596
11596.8
11597.7
11598.5
11599.4
11600.3
11601.1
11602
11602.8
11603.7
11604.5
11605.4
11606.3
11607.1
11608
11608.8
11609.7
11610.6
11611.4
11612.3
11613.1
11614
11614.9
11615.7
11616.6
11617.4
11618.3
11619.2
11620
11620.9
11621.7
11622.6
11623.5
11624.3
11625.2
11626
11626.9
11627.8
11628.6
11629.5
11630.3
11631.2
11632.1
11632.9
11633.8
11634.6
11635.5
11636.4
11637.2
11638.1
11639
11639.8
11640.7
11641.5
11642.4
11643.3
11644.1
11645
11645.8
11646.7
11647.6
11648.4
11649.3
11650.2
11651
11651.9
11652.7
11653.6
11654.5
11655.3
11656.2
11657.1
11657.9
11658.8
11659.6
11660.5
11661.4
11662.2
11663.1
11664
11664.8
11665.7
11666.6
11667.4
11668.3
11669.1
11670
11670.9
11671.7
11672.6
11673.5
11674.3
11675.2
11676.1
11676.9
11677.8
11678.7
11679.5
11680.4
11681.3
11682.1
11683
11683.8
11684.7
11685.6
11686.4
11687.3
11688.2
11689
11689.9
11690.8
11691.6
11692.5
11693.4
11694.2
11695.1
11696
11696.8
11697.7
11698.6
11699.4
11700.3
11701.2
11702
11702.9
11703.8
11704.6
11705.5
11706.4
11707.2
11708.1
11709
11709.8
11710.7
11711.6
11712.4
11713.3
11714.2
11715
11715.9
11716.8
11717.6
11718.5
11719.4
11720.2
11721.1
11722
11722.8
11723.7
11724.6
11725.5
11726.3
11727.2
11728.1
11728.9
11729.8
11730.7
11731.5
11732.4
11733.3
11734.1
11735
11735.9
11736.8
11737.6
11738.5
11739.4
11740.2
11741.1
11742
11742.8
11743.7
11744.6
11745.4
11746.3
11747.2
11748.1
11748.9
11749.8
11750.7
11751.5
11752.4
11753.3
11754.2
11755
11755.9
11756.8
11757.6
11758.5
11759.4
11760.3
11761.1
11762
11762.9
11763.7
11764.6
11765.5
11766.4
11767.2
11768.1
11769
11769.8
11770.7
11771.6
11772.5
11773.3
11774.2
11775.1
11775.9
11776.8
11777.7
11778.6
11779.4
11780.3
11781.2
11782.1
11782.9
11783.8
11784.7
11785.6
11786.4
11787.3
11788.2
11789
11789.9
11790.8
11791.7
11792.5
11793.4
11794.3
11795.2
11796
11796.9
11797.8
11798.7
11799.5
11800.4
11801.3
11802.2
11803
11803.9
11804.8
11805.7
11806.5
11807.4
11808.3
11809.2
11810
11810.9
11811.8
11812.7
11813.5
11814.4
11815.3
11816.2
11817
11817.9
11818.8
11819.7
11820.5
11821.4
11822.3
11823.2
11824
11824.9
11825.8
11826.7
11827.6
11828.4
11829.3
11830.2
11831.1
11831.9
11832.8
11833.7
11834.6
11835.4
11836.3
11837.2
11838.1
11839
11839.8
11840.7
11841.6
11842.5
11843.3
11844.2
11845.1
11846
11846.9
11847.7
11848.6
11849.5
11850.4
11851.3
11852.1
11853
11853.9
11854.8
11855.6
11856.5
11857.4
11858.3
11859.2
11860
11860.9
11861.8
11862.7
11863.6
11864.4
11865.3
11866.2
11867.1
11868
11868.8
11869.7
11870.6
11871.5
11872.4
11873.2
11874.1
11875
11875.9
11876.8
11877.6
11878.5
11879.4
11880.3
11881.2
11882.1
11882.9
11883.8
11884.7
11885.6
11886.5
11887.3
11888.2
11889.1
11890
11890.9
11891.8
11892.6
11893.5
11894.4
11895.3
11896.2
11897
11897.9
11898.8
11899.7
11900.6
11901.5
11902.3
11903.2
11904.1
11905
11905.9
11906.8
11907.6
11908.5
11909.4
11910.3
11911.2
11912.1
11912.9
11913.8
11914.7
11915.6
11916.5
11917.4
11918.2
11919.1
11920
11920.9
11921.8
11922.7
11923.6
11924.4
11925.3
11926.2
11927.1
11928
11928.9
11929.7
11930.6
11931.5
11932.4
11933.3
11934.2
11935.1
11935.9
11936.8
11937.7
11938.6
11939.5
11940.4
11941.3
11942.1
11943
11943.9
11944.8
11945.7
11946.6
11947.5
11948.4
11949.2
11950.1
11951
11951.9
11952.8
11953.7
11954.6
11955.5
11956.3
11957.2
11958.1
11959
11959.9
11960.8
11961.7
11962.6
11963.4
11964.3
11965.2
11966.1
11967
11967.9
11968.8
11969.7
11970.5
11971.4
11972.3
11973.2
11974.1
11975
11975.9
11976.8
11977.7
11978.5
11979.4
11980.3
11981.2
11982.1
11983
11983.9
11984.8
11985.7
11986.6
11987.4
11988.3
11989.2
11990.1
11991
11991.9
11992.8
11993.7
11994.6
11995.5
11996.3
11997.2
11998.1
11999
11999.9
12000.8
12001.7
12002.6
12003.5
12004.4
12005.2
12006.1
12007
12007.9
12008.8
12009.7
12010.6
12011.5
12012.4
12013.3
12014.2
12015.1
12015.9
12016.8
12017.7
12018.6
12019.5
12020.4
12021.3
12022.2
12023.1
12024
12024.9
12025.8
12026.7
12027.5
12028.4
12029.3
12030.2
12031.1
12032
12032.9
12033.8
12034.7
12035.6
12036.5
12037.4
12038.3
12039.2
12040.1
12040.9
12041.8
12042.7
12043.6
12044.5
12045.4
12046.3
12047.2
12048.1
12049
12049.9
12050.8
12051.7
12052.6
12053.5
12054.4
12055.3
12056.2
12057.1
12057.9
12058.8
12059.7
12060.6
12061.5
12062.4
12063.3
12064.2
12065.1
12066
12066.9
12067.8
12068.7
12069.6
12070.5
12071.4
12072.3
12073.2
12074.1
12075
12075.9
12076.8
12077.7
12078.6
12079.5
12080.4
12081.2
12082.1
12083
12083.9
12084.8
12085.7
12086.6
12087.5
12088.4
12089.3
12090.2
12091.1
12092
12092.9
12093.8
12094.7
12095.6
12096.5
12097.4
12098.3
12099.2
12100.1
12101
12101.9
12102.8
12103.7
12104.6
12105.5
12106.4
12107.3
12108.2
12109.1
12110
12110.9
12111.8
12112.7
12113.6
12114.5
12115.4
12116.3
12117.2
12118.1
12119
12119.9
12120.8
12121.7
12122.6
12123.5
12124.4
12125.3
12126.2
12127.1
12128
12128.9
12129.8
12130.7
12131.6
12132.5
12133.4
12134.3
12135.2
12136.1
12137
12137.9
12138.8
12139.7
12140.6
12141.5
12142.4
12143.3
12144.2
12145.1
12146
12146.9
12147.8
12148.7
12149.6
12150.6
12151.5
12152.4
12153.3
12154.2
12155.1
12156
12156.9
12157.8
12158.7
12159.6
12160.5
12161.4
12162.3
12163.2
12164.1
12165
12165.9
12166.8
12167.7
12168.6
12169.5
12170.4
12171.3
12172.2
12173.1
12174
12175
12175.9
12176.8
12177.7
12178.6
12179.5
12180.4
12181.3
12182.2
12183.1
12184
12184.9
12185.8
12186.7
12187.6
12188.5
12189.4
12190.3
12191.3
12192.2
12193.1
12194
12194.9
12195.8
12196.7
12197.6
12198.5
12199.4
12200.3
12201.2
12202.1
12203
12203.9
12204.9
12205.8
12206.7
12207.6
12208.5
12209.4
12210.3
12211.2
12212.1
12213
12213.9
12214.8
12215.7
12216.7
12217.6
12218.5
12219.4
12220.3
12221.2
12222.1
12223
12223.9
12224.8
12225.7
12226.6
12227.6
12228.5
12229.4
12230.3
12231.2
12232.1
12233
12233.9
12234.8
12235.7
12236.6
12237.6
12238.5
12239.4
12240.3
12241.2
12242.1
12243
12243.9
12244.8
12245.7
12246.7
12247.6
12248.5
12249.4
12250.3
12251.2
12252.1
12253
12253.9
12254.9
12255.8
12256.7
12257.6
12258.5
12259.4
12260.3
12261.2
12262.1
12263.1
12264
12264.9
12265.8
12266.7
12267.6
12268.5
12269.4
12270.4
12271.3
12272.2
12273.1
12274
12274.9
12275.8
12276.7
12277.7
12278.6
12279.5
12280.4
12281.3
12282.2
12283.1
12284
12285
12285.9
12286.8
12287.7
12288.6
12289.5
12290.4
12291.4
12292.3
12293.2
12294.1
12295
12295.9
12296.8
12297.8
12298.7
12299.6
12300.5
12301.4
12302.3
12303.2
12304.2
12305.1
12306
12306.9
12307.8
12308.7
12309.7
12310.6
12311.5
12312.4
12313.3
12314.2
12315.2
12316.1
12317
12317.9
12318.8
12319.7
12320.6
12321.6
12322.5
12323.4
12324.3
12325.2
12326.1
12327.1
12328
12328.9
12329.8
12330.7
12331.7
12332.6
12333.5
12334.4
12335.3
12336.2
12337.2
12338.1
12339
12339.9
12340.8
12341.7
12342.7
12343.6
12344.5
12345.4
12346.3
12347.3
12348.2
12349.1
12350
12350.9
12351.9
12352.8
12353.7
12354.6
12355.5
12356.4
12357.4
12358.3
12359.2
12360.1
12361
12362
12362.9
12363.8
12364.7
12365.6
12366.6
12367.5
12368.4
12369.3
12370.2
12371.2
12372.1
12373
12373.9
12374.9
12375.8
12376.7
12377.6
12378.5
12379.5
12380.4
12381.3
12382.2
12383.1
12384.1
12385
12385.9
12386.8
12387.8
12388.7
12389.6
12390.5
12391.4
12392.4
12393.3
12394.2
12395.1
12396.1
12397
12397.9
12398.8
12399.7
12400.7
12401.6
12402.5
12403.4
12404.4
12405.3
12406.2
12407.1
12408.1
12409
12409.9
12410.8
12411.7
12412.7
12413.6
12414.5
12415.4
12416.4
12417.3
12418.2
12419.1
12420.1
12421
12421.9
12422.8
12423.8
12424.7
12425.6
12426.5
12427.5
12428.4
12429.3
12430.2
12431.2
12432.1
12433
12433.9
12434.9
12435.8
12436.7
12437.6
12438.6
12439.5
12440.4
12441.3
12442.3
12443.2
12444.1
12445.1
12446
12446.9
12447.8
12448.8
12449.7
12450.6
12451.5
12452.5
12453.4
12454.3
12455.2
12456.2
12457.1
12458
12459
12459.9
12460.8
12461.7
12462.7
12463.6
12464.5
12465.5
12466.4
12467.3
12468.2
12469.2
12470.1
12471
12472
12472.9
12473.8
12474.7
12475.7
12476.6
12477.5
12478.5
12479.4
12480.3
12481.2
12482.2
12483.1
12484
12485
12485.9
12486.8
12487.8
12488.7
12489.6
12490.5
12491.5
12492.4
12493.3
12494.3
12495.2
12496.1
12497.1
12498
12498.9
12499.8
12500.8
12501.7
12502.6
12503.6
12504.5
12505.4
12506.4
12507.3
12508.2
12509.2
12510.1
12511
12512
12512.9
12513.8
12514.8
12515.7
12516.6
12517.5
12518.5
12519.4
12520.3
12521.3
12522.2
12523.1
12524.1
12525
12525.9
12526.9
12527.8
12528.7
12529.7
12530.6
12531.5
12532.5
12533.4
12534.3
12535.3
12536.2
12537.1
12538.1
12539
12539.9
12540.9
12541.8
12542.8
12543.7
12544.6
12545.6
12546.5
12547.4
12548.4
12549.3
12550.2
12551.2
12552.1
12553
12554
12554.9
12555.8
12556.8
12557.7
12558.6
12559.6
12560.5
12561.5
12562.4
12563.3
12564.3
12565.2
12566.1
12567.1
12568
12568.9
12569.9
12570.8
12571.8
12572.7
12573.6
12574.6
12575.5
12576.4
12577.4
12578.3
12579.2
12580.2
12581.1
12582.1
12583
12583.9
12584.9
12585.8
12586.7
12587.7
12588.6
12589.6
12590.5
12591.4
12592.4
12593.3
12594.3
12595.2
12596.1
12597.1
12598
12598.9
12599.9
12600.8
12601.8
12602.7
12603.6
12604.6
12605.5
12606.5
12607.4
12608.3
12609.3
12610.2
12611.2
12612.1
12613
12614
12614.9
12615.9
12616.8
12617.7
12618.7
12619.6
12620.6
12621.5
12622.4
12623.4
12624.3
12625.3
12626.2
12627.1
12628.1
12629
12630
12630.9
12631.9
12632.8
12633.7
12634.7
12635.6
12636.6
12637.5
12638.4
12639.4
12640.3
12641.3
12642.2
12643.2
12644.1
12645
12646
12646.9
12647.9
12648.8
12649.8
12650.7
12651.6
12652.6
12653.5
12654.5
12655.4
12656.4
12657.3
12658.2
12659.2
12660.1
12661.1
12662
12663
12663.9
12664.9
12665.8
12666.7
12667.7
12668.6
12669.6
12670.5
12671.5
12672.4
12673.4
12674.3
12675.2
12676.2
12677.1
12678.1
12679
12680
12680.9
12681.9
12682.8
12683.8
12684.7
12685.6
12686.6
12687.5
12688.5
12689.4
12690.4
12691.3
12692.3
12693.2
12694.2
12695.1
12696.1
12697
12697.9
12698.9
12699.8
12700.8
12701.7
12702.7
12703.6
12704.6
12705.5
12706.5
12707.4
12708.4
12709.3
12710.3
12711.2
12712.2
12713.1
12714.1
12715
12715.9
12716.9
12717.8
12718.8
12719.7
12720.7
12721.6
12722.6
12723.5
12724.5
12725.4
12726.4
12727.3
12728.3
12729.2
12730.2
12731.1
12732.1
12733
12734
12734.9
12735.9
12736.8
12737.8
12738.7
12739.7
12740.6
12741.6
12742.5
12743.5
12744.4
12745.4
12746.3
12747.3
12748.2
12749.2
12750.1
12751.1
12752
12753
12753.9
12754.9
12755.8
12756.8
12757.7
12758.7
12759.6
12760.6
12761.6
12762.5
12763.5
12764.4
12765.4
12766.3
12767.3
12768.2
12769.2
12770.1
12771.1
12772
12773
12773.9
12774.9
12775.8
12776.8
12777.7
12778.7
12779.7
12780.6
12781.6
12782.5
12783.5
12784.4
12785.4
12786.3
12787.3
12788.2
12789.2
12790.1
12791.1
12792.1
12793
12794
12794.9
12795.9
12796.8
12797.8
12798.7
12799.7
12800.6
12801.6
12802.6
12803.5
12804.5
12805.4
12806.4
12807.3
12808.3
12809.2
12810.2
12811.2
12812.1
12813.1
12814
12815
12815.9
12816.9
12817.8
12818.8
12819.8
12820.7
12821.7
12822.6
12823.6
12824.5
12825.5
12826.5
12827.4
12828.4
12829.3
12830.3
12831.2
12832.2
12833.2
12834.1
12835.1
12836
12837
12838
12838.9
12839.9
12840.8
12841.8
12842.7
12843.7
12844.7
12845.6
12846.6
12847.5
12848.5
12849.5
12850.4
12851.4
12852.3
12853.3
12854.2
12855.2
12856.2
12857.1
12858.1
12859
12860
12861
12861.9
12862.9
12863.8
12864.8
12865.8
12866.7
12867.7
12868.6
12869.6
12870.6
12871.5
12872.5
12873.4
12874.4
12875.4
12876.3
12877.3
12878.3
12879.2
12880.2
12881.1
12882.1
12883.1
12884
12885
12885.9
12886.9
12887.9
12888.8
12889.8
12890.8
12891.7
12892.7
12893.6
12894.6
12895.6
12896.5
12897.5
12898.5
12899.4
12900.4
12901.3
12902.3
12903.3
12904.2
12905.2
12906.2
12907.1
12908.1
12909.1
12910
12911
12911.9
12912.9
12913.9
12914.8
12915.8
12916.8
12917.7
12918.7
12919.7
12920.6
12921.6
12922.6
12923.5
12924.5
12925.4
12926.4
12927.4
12928.3
12929.3
12930.3
12931.2
12932.2
12933.2
12934.1
12935.1
12936.1
12937
12938
12939
12939.9
12940.9
12941.9
12942.8
12943.8
12944.8
12945.7
12946.7
12947.7
12948.6
12949.6
12950.6
12951.5
12952.5
12953.5
12954.4
12955.4
12956.4
12957.3
12958.3
12959.3
12960.2
12961.2
12962.2
12963.1
12964.1
12965.1
12966
12967
12968
12969
12969.9
12970.9
12971.9
12972.8
12973.8
12974.8
12975.7
12976.7
12977.7
12978.6
12979.6
12980.6
12981.5
12982.5
12983.5
12984.5
12985.4
12986.4
12987.4
12988.3
12989.3
12990.3
12991.2
12992.2
12993.2
12994.2
12995.1
12996.1
12997.1
12998
12999
13000
13001
13001.9
13002.9
13003.9
13004.8
13005.8
13006.8
13007.8
13008.7
13009.7
13010.7
13011.6
13012.6
13013.6
13014.6
13015.5
13016.5
13017.5
13018.4
13019.4
13020.4
13021.4
13022.3
13023.3
13024.3
13025.3
13026.2
13027.2
13028.2
13029.1
13030.1
13031.1
13032.1
13033
13034
13035
13036
13036.9
13037.9
13038.9
13039.9
13040.8
13041.8
13042.8
13043.8
13044.7
13045.7
13046.7
13047.7
13048.6
13049.6
13050.6
13051.6
13052.5
13053.5
13054.5
13055.5
13056.4
13057.4
13058.4
13059.4
13060.3
13061.3
13062.3
13063.3
13064.2
13065.2
13066.2
13067.2
13068.1
13069.1
13070.1
13071.1
13072
13073
13074
13075
13076
13076.9
13077.9
13078.9
13079.9
13080.8
13081.8
13082.8
13083.8
13084.8
13085.7
13086.7
13087.7
13088.7
13089.6
13090.6
13091.6
13092.6
13093.6
13094.5
13095.5
13096.5
13097.5
13098.4
13099.4
13100.4
13101.4
13102.4
13103.3
13104.3
13105.3
13106.3
13107.3
13108.2
13109.2
13110.2
13111.2
13112.2
13113.1
13114.1
13115.1
13116.1
13117.1
13118
13119
13120
13121
13122
13122.9
13123.9
13124.9
13125.9
13126.9
13127.8
13128.8
13129.8
13130.8
13131.8
13132.8
13133.7
13134.7
13135.7
13136.7
13137.7
13138.6
13139.6
13140.6
13141.6
13142.6
13143.6
13144.5
13145.5
13146.5
13147.5
13148.5
13149.5
13150.4
13151.4
13152.4
13153.4
13154.4
13155.4
13156.3
13157.3
13158.3
13159.3
13160.3
13161.3
13162.2
13163.2
13164.2
13165.2
13166.2
13167.2
13168.1
13169.1
13170.1
13171.1
13172.1
13173.1
13174
13175
13176
13177
13178
13179
13180
13180.9
13181.9
13182.9
13183.9
13184.9
13185.9
13186.9
13187.8
13188.8
13189.8
13190.8
13191.8
13192.8
13193.8
13194.7
13195.7
13196.7
13197.7
13198.7
13199.7
13200.7
13201.7
13202.6
13203.6
13204.6
13205.6
13206.6
13207.6
13208.6
13209.6
13210.5
13211.5
13212.5
13213.5
13214.5
13215.5
13216.5
13217.5
13218.4
13219.4
13220.4
13221.4
13222.4
13223.4
13224.4
13225.4
13226.4
13227.3
13228.3
13229.3
13230.3
13231.3
13232.3
13233.3
13234.3
13235.3
13236.3
13237.2
13238.2
13239.2
13240.2
13241.2
13242.2
13243.2
13244.2
13245.2
13246.2
13247.1
13248.1
13249.1
13250.1
13251.1
13252.1
13253.1
13254.1
13255.1
13256.1
13257.1
13258
13259
13260
13261
13262
13263
13264
13265
13266
13267
13268
13269
13270
13270.9
13271.9
13272.9
13273.9
13274.9
13275.9
13276.9
13277.9
13278.9
13279.9
13280.9
13281.9
13282.9
13283.9
13284.8
13285.8
13286.8
13287.8
13288.8
13289.8
13290.8
13291.8
13292.8
13293.8
13294.8
13295.8
13296.8
13297.8
13298.8
13299.8
13300.8
13301.8
13302.7
13303.7
13304.7
13305.7
13306.7
13307.7
13308.7
13309.7
13310.7
13311.7
13312.7
13313.7
13314.7
13315.7
13316.7
13317.7
13318.7
13319.7
13320.7
13321.7
13322.7
13323.7
13324.7
13325.7
13326.7
13327.6
13328.6
13329.6
13330.6
13331.6
13332.6
13333.6
13334.6
13335.6
13336.6
13337.6
13338.6
13339.6
13340.6
13341.6
13342.6
13343.6
13344.6
13345.6
13346.6
13347.6
13348.6
13349.6
13350.6
13351.6
13352.6
13353.6
13354.6
13355.6
13356.6
13357.6
13358.6
13359.6
13360.6
13361.6
13362.6
13363.6
13364.6
13365.6
13366.6
13367.6
13368.6
13369.6
13370.6
13371.6
13372.6
13373.6
13374.6
13375.6
13376.6
13377.6
13378.6
13379.6
13380.6
13381.6
13382.6
13383.6
13384.6
13385.6
13386.6
13387.6
13388.6
13389.6
13390.6
13391.6
13392.6
13393.6
13394.6
13395.6
13396.6
13397.6
13398.6
13399.6
13400.6
13401.7
13402.7
13403.7
13404.7
13405.7
13406.7
13407.7
13408.7
13409.7
13410.7
13411.7
13412.7
13413.7
13414.7
13415.7
13416.7
13417.7
13418.7
13419.7
13420.7
13421.7
13422.7
13423.7
13424.7
13425.7
13426.8
13427.8
13428.8
13429.8
13430.8
13431.8
13432.8
13433.8
13434.8
13435.8
13436.8
13437.8
13438.8
13439.8
13440.8
13441.8
13442.8
13443.8
13444.9
13445.9
13446.9
13447.9
13448.9
13449.9
13450.9
13451.9
13452.9
13453.9
13454.9
13455.9
13456.9
13457.9
13458.9
13460
13461
13462
13463
13464
13465
13466
13467
13468
13469
13470
13471
13472.1
13473.1
13474.1
13475.1
13476.1
13477.1
13478.1
13479.1
13480.1
13481.1
13482.1
13483.2
13484.2
13485.2
13486.2
13487.2
13488.2
13489.2
13490.2
13491.2
13492.2
13493.3
13494.3
13495.3
13496.3
13497.3
13498.3
13499.3
13500.3
13501.3
13502.3
13503.4
13504.4
13505.4
13506.4
13507.4
13508.4
13509.4
13510.4
13511.4
13512.5
13513.5
13514.5
13515.5
13516.5
13517.5
13518.5
13519.5
13520.6
13521.6
13522.6
13523.6
13524.6
13525.6
13526.6
13527.6
13528.7
13529.7
13530.7
13531.7
13532.7
13533.7
13534.7
13535.8
13536.8
13537.8
13538.8
13539.8
13540.8
13541.8
13542.9
13543.9
13544.9
13545.9
13546.9
13547.9
13548.9
13550
13551
13552
13553
13554
13555
13556
13557.1
13558.1
13559.1
13560.1
13561.1
13562.1
13563.2
13564.2
13565.2
13566.2
13567.2
13568.2
13569.2
13570.3
13571.3
13572.3
13573.3
13574.3
13575.3
13576.4
13577.4
13578.4
13579.4
13580.4
13581.4
13582.5
13583.5
13584.5
13585.5
13586.5
13587.6
13588.6
13589.6
13590.6
13591.6
13592.6
13593.7
13594.7
13595.7
13596.7
13597.7
13598.8
13599.8
13600.8
13601.8
13602.8
13603.8
13604.9
13605.9
13606.9
13607.9
13608.9
13610
13611
13612
13613
13614
13615.1
13616.1
13617.1
13618.1
13619.1
13620.2
13621.2
13622.2
13623.2
13624.2
13625.3
13626.3
13627.3
13628.3
13629.3
13630.4
13631.4
13632.4
13633.4
13634.5
13635.5
13636.5
13637.5
13638.5
13639.6
13640.6
13641.6
13642.6
13643.7
13644.7
13645.7
13646.7
13647.7
13648.8
13649.8
13650.8
13651.8
13652.9
13653.9
13654.9
13655.9
13656.9
13658
13659
13660
13661
13662.1
13663.1
13664.1
13665.1
13666.2
13667.2
13668.2
13669.2
13670.3
13671.3
13672.3
13673.3
13674.4
13675.4
13676.4
13677.4
13678.5
13679.5
13680.5
13681.5
13682.6
13683.6
13684.6
13685.6
13686.7
13687.7
13688.7
13689.7
13690.8
13691.8
13692.8
13693.8
13694.9
13695.9
13696.9
13697.9
13699
13700
13701
13702.1
13703.1
13704.1
13705.1
13706.2
13707.2
13708.2
13709.2
13710.3
13711.3
13712.3
13713.4
13714.4
13715.4
13716.4
13717.5
13718.5
13719.5
13720.5
13721.6
13722.6
13723.6
13724.7
13725.7
13726.7
13727.7
13728.8
13729.8
13730.8
13731.9
13732.9
13733.9
13735
13736
13737
13738
13739.1
13740.1
13741.1
13742.2
13743.2
13744.2
13745.2
13746.3
13747.3
13748.3
13749.4
13750.4
13751.4
13752.5
13753.5
13754.5
13755.6
13756.6
13757.6
13758.6
13759.7
13760.7
13761.7
13762.8
13763.8
13764.8
13765.9
13766.9
13767.9
13769
13770
13771
13772.1
13773.1
13774.1
13775.2
13776.2
13777.2
13778.3
13779.3
13780.3
13781.4
13782.4
13783.4
13784.5
13785.5
13786.5
13787.6
13788.6
13789.6
13790.7
13791.7
13792.7
13793.8
13794.8
13795.8
13796.9
13797.9
13798.9
13800
13801
13802
13803.1
13804.1
13805.1
13806.2
13807.2
13808.2
13809.3
13810.3
13811.4
13812.4
13813.4
13814.5
13815.5
13816.5
13817.6
13818.6
13819.6
13820.7
13821.7
13822.7
13823.8
13824.8
13825.9
13826.9
13827.9
13829
13830
13831
13832.1
13833.1
13834.2
13835.2
13836.2
13837.3
13838.3
13839.3
13840.4
13841.4
13842.5
13843.5
13844.5
13845.6
13846.6
13847.6
13848.7
13849.7
13850.8
13851.8
13852.8
13853.9
13854.9
13856
13857
13858
13859.1
13860.1
13861.2
13862.2
13863.2
13864.3
13865.3
13866.4
13867.4
13868.4
13869.5
13870.5
13871.6
13872.6
13873.6
13874.7
13875.7
13876.8
13877.8
13878.8
13879.9
13880.9
13882
13883
13884
13885.1
13886.1
13887.2
13888.2
13889.2
13890.3
13891.3
13892.4
13893.4
13894.5
13895.5
13896.5
13897.6
13898.6
13899.7
13900.7
13901.8
13902.8
13903.8
13904.9
13905.9
13907
13908
13909.1
13910.1
13911.1
13912.2
13913.2
13914.3
13915.3
13916.4
13917.4
13918.4
13919.5
13920.5
13921.6
13922.6
13923.7
13924.7
13925.8
13926.8
13927.8
13928.9
13929.9
13931
13932
13933.1
13934.1
13935.2
13936.2
13937.3
13938.3
13939.3
13940.4
13941.4
13942.5
13943.5
13944.6
13945.6
13946.7
13947.7
13948.8
13949.8
13950.9
13951.9
13952.9
13954
13955
13956.1
13957.1
13958.2
13959.2
13960.3
13961.3
13962.4
13963.4
13964.5
13965.5
13966.6
13967.6
13968.7
13969.7
13970.8
13971.8
13972.8
13973.9
13974.9
13976
13977
13978.1
13979.1
13980.2
13981.2
13982.3
13983.3
13984.4
13985.4
13986.5
13987.5
13988.6
13989.6
13990.7
13991.7
13992.8
13993.8
13994.9
13995.9
13997
13998
13999.1
14000.1
14001.2
14002.2
14003.3
14004.3
14005.4
14006.4
14007.5
14008.5
14009.6
14010.6
14011.7
14012.7
14013.8
14014.8
14015.9
14017
14018
14019.1
14020.1
14021.2
14022.2
14023.3
14024.3
14025.4
14026.4
14027.5
14028.5
14029.6
14030.6
14031.7
14032.7
14033.8
14034.8
14035.9
14037
14038
14039.1
14040.1
14041.2
14042.2
14043.3
14044.3
14045.4
14046.4
14047.5
14048.5
14049.6
14050.7
14051.7
14052.8
14053.8
14054.9
14055.9
14057
14058
14059.1
14060.1
14061.2
14062.3
14063.3
14064.4
14065.4
14066.5
14067.5
14068.6
14069.6
14070.7
14071.8
14072.8
14073.9
14074.9
14076
14077
14078.1
14079.2
14080.2
14081.3
14082.3
14083.4
14084.4
14085.5
14086.6
14087.6
14088.7
14089.7
14090.8
14091.8
14092.9
14094
14095
14096.1
14097.1
14098.2
14099.2
14100.3
14101.4
14102.4
14103.5
14104.5
14105.6
14106.7
14107.7
14108.8
14109.8
14110.9
14112
14113
14114.1
14115.1
14116.2
14117.3
14118.3
14119.4
14120.4
14121.5
14122.6
14123.6
14124.7
14125.7
14126.8
14127.9
14128.9
14130
14131
14132.1
14133.2
14134.2
14135.3
14136.3
14137.4
14138.5
14139.5
14140.6
14141.7
14142.7
14143.8
14144.8
14145.9
14147
14148
14149.1
14150.1
14151.2
14152.3
14153.3
14154.4
14155.5
14156.5
14157.6
14158.7
14159.7
14160.8
14161.8
14162.9
14164
14165
14166.1
14167.2
14168.2
14169.3
14170.4
14171.4
14172.5
14173.5
14174.6
14175.7
14176.7
14177.8
14178.9
14179.9
14181
14182.1
14183.1
14184.2
14185.3
14186.3
14187.4
14188.5
14189.5
14190.6
14191.6
14192.7
14193.8
14194.8
14195.9
14197
14198
14199.1
14200.2
14201.2
14202.3
14203.4
14204.4
14205.5
14206.6
14207.6
14208.7
14209.8
14210.8
14211.9
14213
14214
14215.1
14216.2
14217.3
14218.3
14219.4
14220.5
14221.5
14222.6
14223.7
14224.7
14225.8
14226.9
14227.9
14229
14230.1
14231.1
14232.2
14233.3
14234.3
14235.4
14236.5
14237.6
14238.6
14239.7
14240.8
14241.8
14242.9
14244
14245
14246.1
14247.2
14248.2
14249.3
14250.4
14251.5
14252.5
14253.6
14254.7
14255.7
14256.8
14257.9
14259
14260
14261.1
14262.2
14263.2
14264.3
14265.4
14266.5
14267.5
14268.6
14269.7
14270.7
14271.8
14272.9
14274
14275
14276.1
14277.2
14278.2
14279.3
14280.4
14281.5
14282.5
14283.6
14284.7
14285.8
14286.8
14287.9
14289
14290
14291.1
14292.2
14293.3
14294.3
14295.4
14296.5
14297.6
14298.6
14299.7
14300.8
14301.9
14302.9
14304
14305.1
14306.2
14307.2
14308.3
14309.4
14310.5
14311.5
14312.6
14313.7
14314.8
14315.8
14316.9
14318
14319.1
14320.1
14321.2
14322.3
14323.4
14324.4
14325.5
14326.6
14327.7
14328.7
14329.8
14330.9
14332
14333.1
14334.1
14335.2
14336.3
14337.4
14338.4
14339.5
14340.6
14341.7
14342.7
14343.8
14344.9
14346
14347.1
14348.1
14349.2
14350.3
14351.4
14352.5
14353.5
14354.6
14355.7
14356.8
14357.8
14358.9
14360
14361.1
14362.2
14363.2
14364.3
14365.4
14366.5
14367.6
14368.6
14369.7
14370.8
14371.9
14373
14374
14375.1
14376.2
14377.3
14378.4
14379.4
14380.5
14381.6
14382.7
14383.8
14384.8
14385.9
14387
14388.1
14389.2
14390.2
14391.3
14392.4
14393.5
14394.6
14395.7
14396.7
14397.8
14398.9
14400
14401.1
14402.1
14403.2
14404.3
14405.4
14406.5
14407.6
14408.6
14409.7
14410.8
14411.9
14413
14414.1
14415.1
14416.2
14417.3
14418.4
14419.5
14420.6
14421.6
14422.7
14423.8
14424.9
14426
14427.1
14428.1
14429.2
14430.3
14431.4
14432.5
14433.6
14434.7
14435.7
14436.8
14437.9
14439
14440.1
14441.2
14442.2
14443.3
14444.4
14445.5
14446.6
14447.7
14448.8
14449.8
14450.9
14452
14453.1
14454.2
14455.3
14456.4
14457.5
14458.5
14459.6
14460.7
14461.8
14462.9
14464
14465.1
14466.1
14467.2
14468.3
14469.4
14470.5
14471.6
14472.7
14473.8
14474.8
14475.9
14477
14478.1
14479.2
14480.3
14481.4
14482.5
14483.6
14484.6
14485.7
14486.8
14487.9
14489
14490.1
14491.2
14492.3
14493.4
14494.4
14495.5
14496.6
14497.7
14498.8
14499.9
14501
14502.1
14503.2
14504.3
14505.3
14506.4
14507.5
14508.6
14509.7
14510.8
14511.9
14513
14514.1
14515.2
14516.3
14517.3
14518.4
14519.5
14520.6
14521.7
14522.8
14523.9
14525
14526.1
14527.2
14528.3
14529.4
14530.4
14531.5
14532.6
14533.7
14534.8
14535.9
14537
14538.1
14539.2
14540.3
14541.4
14542.5
14543.6
14544.7
14545.8
14546.8
14547.9
14549
14550.1
14551.2
14552.3
14553.4
14554.5
14555.6
14556.7
14557.8
14558.9
14560
14561.1
14562.2
14563.3
14564.4
14565.4
14566.5
14567.6
14568.7
14569.8
14570.9
14572
14573.1
14574.2
14575.3
14576.4
14577.5
14578.6
14579.7
14580.8
14581.9
14583
14584.1
14585.2
14586.3
14587.4
14588.5
14589.6
14590.7
14591.8
14592.9
14594
14595
14596.1
14597.2
14598.3
14599.4
14600.5
14601.6
14602.7
14603.8
14604.9
14606
14607.1
14608.2
14609.3
14610.4
14611.5
14612.6
14613.7
14614.8
14615.9
14617
14618.1
14619.2
14620.3
14621.4
14622.5
14623.6
14624.7
14625.8
14626.9
14628
14629.1
14630.2
14631.3
14632.4
14633.5
14634.6
14635.7
14636.8
14637.9
14639
14640.1
14641.2
14642.3
14643.4
14644.5
14645.6
14646.7
14647.8
14648.9
14650
14651.1
14652.2
14653.3
14654.4
14655.5
14656.6
14657.7
14658.8
14660
14661.1
14662.2
14663.3
14664.4
14665.5
14666.6
14667.7
14668.8
14669.9
14671
14672.1
14673.2
14674.3
14675.4
14676.5
14677.6
14678.7
14679.8
14680.9
14682
14683.1
14684.2
14685.3
14686.4
14687.5
14688.6
14689.8
14690.9
14692
14693.1
14694.2
14695.3
14696.4
14697.5
14698.6
14699.7
14700.8
14701.9
14703
14704.1
14705.2
14706.3
14707.4
14708.6
14709.7
14710.8
14711.9
14713
14714.1
14715.2
14716.3
14717.4
14718.5
14719.6
14720.7
14721.8
14722.9
14724
14725.2
14726.3
14727.4
14728.5
14729.6
14730.7
14731.8
14732.9
14734
14735.1
14736.2
14737.3
14738.5
14739.6
14740.7
14741.8
14742.9
14744
14745.1
14746.2
14747.3
14748.4
14749.5
14750.7
14751.8
14752.9
14754
14755.1
14756.2
14757.3
14758.4
14759.5
14760.6
14761.8
14762.9
14764
14765.1
14766.2
14767.3
14768.4
14769.5
14770.6
14771.8
14772.9
14774
14775.1
14776.2
14777.3
14778.4
14779.5
14780.7
14781.8
14782.9
14784
14785.1
14786.2
14787.3
14788.4
14789.6
14790.7
14791.8
14792.9
14794
14795.1
14796.2
14797.3
14798.5
14799.6
14800.7
14801.8
14802.9
14804
14805.1
14806.3
14807.4
14808.5
14809.6
14810.7
14811.8
14812.9
14814.1
14815.2
14816.3
14817.4
14818.5
14819.6
14820.7
14821.9
14823
14824.1
14825.2
14826.3
14827.4
14828.6
14829.7
14830.8
14831.9
14833
14834.1
14835.3
14836.4
14837.5
14838.6
14839.7
14840.8
14842
14843.1
14844.2
14845.3
14846.4
14847.5
14848.7
14849.8
14850.9
14852
14853.1
14854.2
14855.4
14856.5
14857.6
14858.7
14859.8
14861
14862.1
14863.2
14864.3
14865.4
14866.5
14867.7
14868.8
14869.9
14871
14872.1
14873.3
14874.4
14875.5
14876.6
14877.7
14878.9
14880
14881.1
14882.2
14883.3
14884.5
14885.6
14886.7
14887.8
14888.9
14890.1
14891.2
14892.3
14893.4
14894.5
14895.7
14896.8
14897.9
14899
14900.1
14901.3
14902.4
14903.5
14904.6
14905.8
14906.9
14908
14909.1
14910.2
14911.4
14912.5
14913.6
14914.7
14915.9
14917
14918.1
14919.2
14920.4
14921.5
14922.6
14923.7
14924.8
14926
14927.1
14928.2
14929.3
14930.5
14931.6
14932.7
14933.8
14935
14936.1
14937.2
14938.3
14939.5
14940.6
14941.7
14942.8
14944
14945.1
14946.2
14947.3
14948.5
14949.6
14950.7
14951.8
14953
14954.1
14955.2
14956.3
14957.5
14958.6
14959.7
14960.8
14962
14963.1
14964.2
14965.3
14966.5
14967.6
14968.7
14969.9
14971
14972.1
14973.2
14974.4
14975.5
14976.6
14977.7
14978.9
14980
14981.1
14982.3
14983.4
14984.5
14985.6
14986.8
14987.9
14989
14990.2
14991.3
14992.4
14993.5
14994.7
14995.8
14996.9
14998.1
14999.2
15000.3
15001.4
15002.6
15003.7
15004.8
15006
15007.1
15008.2
15009.4
15010.5
15011.6
15012.7
15013.9
15015
15016.1
15017.3
15018.4
15019.5
15020.7
15021.8
15022.9
15024
15025.2
15026.3
15027.4
15028.6
15029.7
15030.8
15032
15033.1
15034.2
15035.4
15036.5
15037.6
15038.8
15039.9
15041
15042.2
15043.3
15044.4
15045.6
15046.7
15047.8
15049
15050.1
15051.2
15052.4
15053.5
15054.6
15055.8
15056.9
15058
15059.2
15060.3
15061.4
15062.6
15063.7
15064.8
15066
15067.1
15068.2
15069.4
15070.5
15071.6
15072.8
15073.9
15075
15076.2
15077.3
15078.5
15079.6
15080.7
15081.9
15083
15084.1
15085.3
15086.4
15087.5
15088.7
15089.8
15090.9
15092.1
15093.2
15094.4
15095.5
15096.6
15097.8
15098.9
15100
15101.2
15102.3
15103.5
15104.6
15105.7
15106.9
15108
15109.1
15110.3
15111.4
15112.6
15113.7
15114.8
15116
15117.1
15118.2
15119.4
15120.5
15121.7
15122.8
15123.9
15125.1
15126.2
15127.4
15128.5
15129.6
15130.8
15131.9
15133.1
15134.2
15135.3
15136.5
15137.6
15138.8
15139.9
15141
15142.2
15143.3
15144.5
15145.6
15146.7
15147.9
15149
15150.2
15151.3
15152.4
15153.6
15154.7
15155.9
15157
15158.2
15159.3
15160.4
15161.6
15162.7
15163.9
15165
15166.2
15167.3
15168.4
15169.6
15170.7
15171.9
15173
15174.2
15175.3
15176.4
15177.6
15178.7
15179.9
15181
15182.2
15183.3
15184.4
15185.6
15186.7
15187.9
15189
15190.2
15191.3
15192.4
15193.6
15194.7
15195.9
15197
15198.2
15199.3
15200.5
15201.6
15202.8
15203.9
15205
15206.2
15207.3
15208.5
15209.6
15210.8
15211.9
15213.1
15214.2
15215.4
15216.5
15217.6
15218.8
15219.9
15221.1
15222.2
15223.4
15224.5
15225.7
15226.8
15228
15229.1
15230.3
15231.4
15232.6
15233.7
15234.9
15236
15237.2
15238.3
15239.4
15240.6
15241.7
15242.9
15244
15245.2
15246.3
15247.5
15248.6
15249.8
15250.9
15252.1
15253.2
15254.4
15255.5
15256.7
15257.8
15259
15260.1
15261.3
15262.4
15263.6
15264.7
15265.9
15267
15268.2
15269.3
15270.5
15271.6
15272.8
15273.9
15275.1
15276.2
15277.4
15278.5
15279.7
15280.8
15282
15283.1
15284.3
15285.4
15286.6
15287.8
15288.9
15290.1
15291.2
15292.4
15293.5
15294.7
15295.8
15297
15298.1
15299.3
15300.4
15301.6
15302.7
15303.9
15305
15306.2
15307.3
15308.5
15309.7
15310.8
15312
15313.1
15314.3
15315.4
15316.6
15317.7
15318.9
15320
15321.2
15322.3
15323.5
15324.7
15325.8
15327
15328.1
15329.3
15330.4
15331.6
15332.7
15333.9
15335.1
15336.2
15337.4
15338.5
15339.7
15340.8
15342
15343.1
15344.3
15345.5
15346.6
15347.8
15348.9
15350.1
15351.2
15352.4
15353.6
15354.7
15355.9
15357
15358.2
15359.3
15360.5
15361.7
15362.8
15364
15365.1
15366.3
15367.5
15368.6
15369.8
15370.9
15372.1
15373.2
15374.4
15375.6
15376.7
15377.9
15379
15380.2
15381.4
15382.5
15383.7
15384.8
15386
15387.2
15388.3
15389.5
15390.6
15391.8
15393
15394.1
15395.3
15396.4
15397.6
15398.8
15399.9
15401.1
15402.2
15403.4
15404.6
15405.7
15406.9
15408
15409.2
15410.4
15411.5
15412.7
15413.9
15415
15416.2
15417.3
15418.5
15419.7
15420.8
15422
15423.1
15424.3
15425.5
15426.6
15427.8
15429
15430.1
15431.3
15432.5
15433.6
15434.8
15435.9
15437.1
15438.3
15439.4
15440.6
15441.8
15442.9
15444.1
15445.3
15446.4
15447.6
15448.7
15449.9
15451.1
15452.2
15453.4
15454.6
15455.7
15456.9
15458.1
15459.2
15460.4
15461.6
15462.7
15463.9
15465.1
15466.2
15467.4
15468.6
15469.7
15470.9
15472.1
15473.2
15474.4
15475.6
15476.7
15477.9
15479.1
15480.2
15481.4
15482.6
15483.7
15484.9
15486.1
15487.2
15488.4
15489.6
15490.7
15491.9
15493.1
15494.2
15495.4
15496.6
15497.7
15498.9
15500.1
15501.2
15502.4
15503.6
15504.8
15505.9
15507.1
15508.3
15509.4
15510.6
15511.8
15512.9
15514.1
15515.3
15516.4
15517.6
15518.8
15520
15521.1
15522.3
15523.5
15524.6
15525.8
15527
15528.2
15529.3
15530.5
15531.7
15532.8
15534
15535.2
15536.4
15537.5
15538.7
15539.9
15541
15542.2
15543.4
15544.6
15545.7
15546.9
15548.1
15549.2
15550.4
15551.6
15552.8
15553.9
15555.1
15556.3
15557.5
15558.6
15559.8
15561
15562.2
15563.3
15564.5
15565.7
15566.9
15568
15569.2
15570.4
15571.5
15572.7
15573.9
15575.1
15576.3
15577.4
15578.6
15579.8
15581
15582.1
15583.3
15584.5
15585.7
15586.8
15588
15589.2
15590.4
15591.5
15592.7
15593.9
15595.1
15596.3
15597.4
15598.6
15599.8
15601
15602.1
15603.3
15604.5
15605.7
15606.9
15608
15609.2
15610.4
15611.6
15612.8
15614
15615.1
15616.3
15617.5
15618.7
15619.9
15621
15622.2
15623.4
15624.6
15625.8
15627
15628.1
15629.3
15630.5
15631.7
15632.9
15634.1
15635.3
15636.4
15637.6
15638.8
15640
15641.2
15642.4
15643.6
15644.8
15645.9
15647.1
15648.3
15649.5
15650.7
15651.9
15653.1
15654.3
15655.5
15656.7
15657.9
15659.1
15660.3
15661.5
15662.7
15663.9
15665.1
15666.3
15667.5
15668.7
15669.9
15671.1
15672.3
15673.5
15674.7
15675.9
15677.1
15678.3
15679.5
15680.7
15681.9
15683.1
15684.3
15685.5
15686.8
15688
15689.2
15690.4
15691.6
15692.8
15694.1
15695.3
15696.5
15697.7
15699
15700.2
15701.4
15702.6
15703.9
15705.1
15706.3
15707.6
15708.8
15710.1
15711.3
15712.5
15713.8
15715
15716.3
15717.5
15718.8
15720
15721.3
15722.5
15723.8
15725.1
15726.3
15727.6
15728.9
15730.1
15731.4
15732.7
15734
15735.2
15736.5
15737.8
15739.1
15740.4
15741.7
15743
15744.3
15745.6
15746.9
15748.2
15749.5
15750.8
15752.2
15753.5
15754.8
15756.1
15757.5
15758.8
15760.2
15761.5
15762.8
15764.2
15765.6
15766.9
15768.3
15769.7
15771
15772.4
15773.8
15775.2
15776.6
15778
15779.4
15780.8
15782.2
15783.6
15785
15786.4
15787.9
15789.3
15790.8
15792.2
15793.7
15795.1
15796.6
15798
15799.5
15801
15802.5
15804
15805.5
15807
15808.5
15810
15811.5
15813.1
15814.6
15816.2
15817.7
15819.3
15820.8
15822.4
15824
15825.6
15827.2
15828.8
15830.4
15832
15833.6
15835.2
15836.9
15838.5
15840.2
15841.8
15843.5
15845.2
15846.9
15848.5
15850.2
15851.9
15853.7
15855.4
15857.1
15858.8
15860.6
15862.3
15864.1
15865.9
15867.6
15869.4
15871.2
15873
15874.8
15876.6
15878.4
15880.3
15882.1
15884
15885.8
15887.7
15889.5
15891.4
15893.3
15895.2
15897.1
15899
15900.9
15902.8
15904.7
15906.7
15908.6
15910.5
15912.5
15914.4
15916.4
15918.4
15920.3
15922.3
15924.3
15926.3
15928.3
15930.3
15932.3
15934.3
15936.3
15938.4
15940.4
15942.4
15944.5
15946.5
15948.5
15950.6
15952.6
15954.7
15956.7
15958.8
15960.9
15962.9
15965
15967
15969.1
15971.2
15973.3
15975.3
15977.4
15979.5
15981.6
15983.6
15985.7
15987.8
15989.9
15991.9
15994
15996.1
15998.2
16000.2
16002.3
16004.4
16006.4
16008.5
16010.5
16012.6
16014.7
16016.7
16018.8
16020.8
16022.9
16024.9
16026.9
16029
16031
16033
16035
16037
16039
16041
16043
16045
16047
16049
16051
16053
16054.9
16056.9
16058.8
16060.8
16062.7
16064.6
16066.6
16068.5
16070.4
16072.3
16074.2
16076.1
16078
16079.9
16081.7
16083.6
16085.4
16087.3
16089.1
16091
16092.8
16094.6
16096.4
16098.2
16100
16101.8
16103.6
16105.4
16107.1
16108.9
16110.6
16112.4
16114.1
16115.8
16117.6
16119.3
16121
16122.7
16124.4
16126.1
16127.7
16129.4
16131.1
16132.7
16134.4
16136
16137.6
16139.3
16140.9
16142.5
16144.1
16145.7
16147.3
16148.9
16150.4
16152
16153.6
16155.1
16156.7
16158.2
16159.8
16161.3
16162.8
16164.4
16165.9
16167.4
16168.9
16170.4
16171.9
16173.4
16174.9
16176.3
16177.8
16179.3
16180.7
16182.2
16183.6
16185.1
16186.5
16188
16189.4
16190.8
16192.2
16193.7
16195.1
16196.5
16197.9
16199.3
16200.7
16202.1
16203.5
16204.9
16206.2
16207.6
16209
16210.4
16211.7
16213.1
16214.5
16215.8
16217.2
16218.5
16219.9
16221.2
16222.6
16223.9
16225.2
16226.6
16227.9
16229.2
16230.6
16231.9
16233.2
16234.5
16235.8
16237.2
16238.5
16239.8
16241.1
16242.4
16243.7
16245
16246.3
16247.6
16248.9
16250.2
16251.5
16252.8
16254
16255.3
16256.6
16257.9
16259.2
16260.5
16261.7
16263
16264.3
16265.6
16266.8
16268.1
16269.4
16270.7
16271.9
16273.2
16274.5
16275.7
16277
16278.3
16279.5
16280.8
16282
16283.3
16284.6
16285.8
16287.1
16288.3
16289.6
16290.8
16292.1
16293.4
16294.6
16295.9
16297.1
16298.4
16299.6
16300.9
16302.1
16303.4
16304.6
16305.9
16307.1
16308.4
16309.6
16310.9
16312.1
16313.3
16314.6
16315.8
16317.1
16318.3
16319.6
16320.8
16322.1
16323.3
16324.5
16325.8
16327
16328.3
16329.5
16330.8
16332
16333.2
16334.5
16335.7
16337
16338.2
16339.4
16340.7
16341.9
16343.2
16344.4
16345.6
16346.9
16348.1
16349.4
16350.6
16351.8
16353.1
16354.3
16355.6
16356.8
16358
16359.3
16360.5
16361.8
16363
16364.2
16365.5
16366.7
16368
16369.2
16370.4
16371.7
16372.9
16374.2
16375.4
16376.6
16377.9
16379.1
16380.4
16381.6
16382.8
16384.1
16385.3
16386.6
16387.8
16389
16390.3
16391.5
16392.8
16394
16395.2
16396.5
16397.7
16399
16400.2
16401.4
16402.7
16403.9
16405.2
16406.4
16407.6
16408.9
16410.1
16411.4
16412.6
16413.9
16415.1
16416.3
16417.6
16418.8
16420.1
16421.3
16422.5
16423.8
16425
16426.3
16427.5
16428.8
16430
16431.2
16432.5
16433.7
16435
16436.2
16437.5
16438.7
16439.9
16441.2
16442.4
16443.7
16444.9
16446.2
16447.4
16448.6
16449.9
16451.1
16452.4
16453.6
16454.9
16456.1
16457.4
16458.6
16459.8
16461.1
16462.3
16463.6
16464.8
16466.1
16467.3
16468.6
16469.8
16471.1
16472.3
16473.5
16474.8
16476
16477.3
16478.5
16479.8
16481
16482.3
16483.5
16484.8
16486
16487.3
16488.5
16489.7
16491
16492.2
16493.5
16494.7
16496
16497.2
16498.5
16499.7
16501
16502.2
16503.5
16504.7
16506
16507.2
16508.5
16509.7
16511
16512.2
16513.5
16514.7
16516
16517.2
16518.5
16519.7
16521
16522.2
16523.5
16524.7
16526
16527.2
16528.5
16529.7
16531
16532.2
16533.5
16534.7
16536
16537.2
16538.5
16539.7
16541
16542.2
16543.5
16544.7
16546
16547.2
16548.5
16549.7
16551
16552.2
16553.5
16554.7
16556
16557.2
16558.5
16559.7
16561
16562.3
16563.5
16564.8
16566
16567.3
16568.5
16569.8
16571
16572.3
16573.5
16574.8
16576
16577.3
16578.6
16579.8
16581.1
16582.3
16583.6
16584.8
16586.1
16587.3
16588.6
16589.9
16591.1
16592.4
16593.6
16594.9
16596.1
16597.4
16598.7
16599.9
16601.2
16602.4
16603.7
16604.9
16606.2
16607.5
16608.7
16610
16611.2
16612.5
16613.7
16615
16616.3
16617.5
16618.8
16620
16621.3
16622.6
16623.8
16625.1
16626.3
16627.6
16628.9
16630.1
16631.4
16632.6
16633.9
16635.2
16636.4
16637.7
16638.9
16640.2
16641.5
16642.7
16644
16645.2
16646.5
16647.8
16649
16650.3
16651.6
16652.8
16654.1
16655.3
16656.6
16657.9
16659.1
16660.4
16661.7
16662.9
16664.2
16665.4
16666.7
16668
16669.2
16670.5
16671.8
16673
16674.3
16675.6
16676.8
16678.1
16679.4
16680.6
16681.9
16683.2
16684.4
16685.7
16686.9
16688.2
16689.5
16690.7
16692
16693.3
16694.5
16695.8
16697.1
16698.3
16699.6
16700.9
16702.1
16703.4
16704.7
16706
16707.2
16708.5
16709.8
16711
16712.3
16713.6
16714.8
16716.1
16717.4
16718.6
16719.9
16721.2
16722.4
16723.7
16725
16726.2
16727.5
16728.8
16730.1
16731.3
16732.6
16733.9
16735.1
16736.4
16737.7
16738.9
16740.2
16741.5
16742.8
16744
16745.3
16746.6
16747.8
16749.1
16750.4
16751.7
16752.9
16754.2
16755.5
16756.7
16758
16759.3
16760.6
16761.8
16763.1
16764.4
16765.6
16766.9
16768.2
16769.5
16770.7
16772
16773.3
16774.5
16775.8
16777.1
16778.4
16779.6
16780.9
16782.2
16783.4
16784.7
16786
16787.3
16788.5
16789.8
16791.1
16792.3
16793.6
16794.9
16796.2
16797.4
16798.7
16800
16801.3
16802.5
16803.8
16805.1
16806.3
16807.6
16808.9
16810.2
16811.4
16812.7
16814
16815.2
16816.5
16817.8
16819
16820.3
16821.6
16822.9
16824.1
16825.4
16826.7
16827.9
16829.2
16830.5
16831.7
16833
16834.3
16835.6
16836.8
16838.1
16839.4
16840.6
16841.9
16843.2
16844.4
16845.7
16847
16848.2
16849.5
16850.8
16852
16853.3
16854.6
16855.8
16857.1
16858.4
16859.6
16860.9
16862.2
16863.4
16864.7
16866
16867.2
16868.5
16869.8
16871
16872.3
16873.6
16874.8
16876.1
16877.4
16878.6
16879.9
16881.2
16882.4
16883.7
16885
16886.2
16887.5
16888.8
16890
16891.3
16892.5
16893.8
16895.1
16896.3
16897.6
16898.9
16900.1
16901.4
16902.7
16903.9
16905.2
16906.4
16907.7
16909
16910.2
16911.5
16912.8
16914
16915.3
16916.5
16917.8
16919.1
16920.3
16921.6
16922.9
16924.1
16925.4
16926.6
16927.9
16929.2
16930.4
16931.7
16933
16934.2
16935.5
16936.7
16938
16939.3
16940.5
16941.8
16943.1
16944.3
16945.6
16946.8
16948.1
16949.4
16950.6
16951.9
16953.2
16954.4
16955.7
16957
16958.2
16959.5
16960.7
16962
16963.3
16964.5
16965.8
16967.1
16968.3
16969.6
16970.9
16972.1
16973.4
16974.7
16975.9
16977.2
16978.4
16979.7
16981
16982.2
16983.5
16984.8
16986
16987.3
16988.6
16989.8
16991.1
16992.4
16993.6
16994.9
16996.2
16997.5
16998.7
17000
17001.3
17002.5
17003.8
17005.1
17006.3
17007.6
17008.9
17010.1
17011.4
17012.7
17014
17015.2
17016.5
17017.8
17019
17020.3
17021.6
17022.9
17024.1
17025.4
17026.7
17028
17029.2
17030.5
17031.8
17033.1
17034.3
17035.6
17036.9
17038.2
17039.4
17040.7
17042
17043.3
17044.5
17045.8
17047.1
17048.4
17049.7
17050.9
17052.2
17053.5
17054.8
17056
17057.3
17058.6
17059.9
17061.2
17062.4
17063.7
17065
17066.3
17067.6
17068.9
17070.1
17071.4
17072.7
17074
17075.3
17076.6
17077.8
17079.1
17080.4
17081.7
17083
17084.3
17085.5
17086.8
17088.1
17089.4
17090.7
17092
17093.3
17094.5
17095.8
17097.1
17098.4
17099.7
17101
17102.3
17103.6
17104.9
17106.1
17107.4
17108.7
17110
17111.3
17112.6
17113.9
17115.2
17116.5
17117.8
17119
17120.3
17121.6
17122.9
17124.2
17125.5
17126.8
17128.1
17129.4
17130.7
17132
17133.3
17134.6
17135.8
17137.1
17138.4
17139.7
17141
17142.3
17143.6
17144.9
17146.2
17147.5
17148.8
17150.1
17151.4
17152.7
17154
17155.3
17156.6
17157.9
17159.2
17160.5
17161.8
17163.1
17164.3
17165.6
17166.9
17168.2
17169.5
17170.8
17172.1
17173.4
17174.7
17176
17177.3
17178.6
17179.9
17181.2
17182.5
17183.8
17185.1
17186.4
17187.7
17189
17190.3
17191.6
17192.9
17194.2
17195.5
17196.8
17198.1
17199.4
17200.7
17202
17203.3
17204.6
17205.9
17207.2
17208.5
17209.9
17211.2
17212.5
17213.8
17215.1
17216.4
17217.7
17219
17220.3
17221.6
17222.9
17224.2
17225.5
17226.8
17228.1
17229.4
17230.7
17232
17233.3
17234.6
17235.9
17237.2
17238.5
17239.8
17241.1
17242.4
17243.8
17245.1
17246.4
17247.7
17249
17250.3
17251.6
17252.9
17254.2
17255.5
17256.8
17258.1
17259.4
17260.7
17262
17263.3
17264.7
17266
17267.3
17268.6
17269.9
17271.2
17272.5
17273.8
17275.1
17276.4
17277.7
17279
17280.3
17281.7
17283
17284.3
17285.6
17286.9
17288.2
17289.5
17290.8
17292.1
17293.4
17294.7
17296.1
17297.4
17298.7
17300
17301.3
17302.6
17303.9
17305.2
17306.5
17307.8
17309.2
17310.5
17311.8
17313.1
17314.4
17315.7
17317
17318.3
17319.6
17321
17322.3
17323.6
17324.9
17326.2
17327.5
17328.8
17330.1
17331.5
17332.8
17334.1
17335.4
17336.7
17338
17339.3
17340.6
17342
17343.3
17344.6
17345.9
17347.2
17348.5
17349.8
17351.2
17352.5
17353.8
17355.1
17356.4
17357.7
17359
17360.4
17361.7
17363
17364.3
17365.6
17366.9
17368.2
17369.6
17370.9
17372.2
17373.5
17374.8
17376.1
17377.5
17378.8
17380.1
17381.4
17382.7
17384
17385.4
17386.7
17388
17389.3
17390.6
17392
17393.3
17394.6
17395.9
17397.2
17398.5
17399.9
17401.2
17402.5
17403.8
17405.2
17406.5
17407.8
17409.1
17410.4
17411.8
17413.1
17414.4
17415.7
17417.1
17418.4
17419.7
17421
17422.4
17423.7
17425
17426.3
17427.7
17429
17430.3
17431.7
17433
17434.3
17435.7
17437
17438.3
17439.7
17441
17442.3
17443.7
17445
17446.4
17447.7
17449
17450.4
17451.7
17453.1
17454.4
17455.8
17457.1
17458.5
17459.8
17461.2
17462.6
17463.9
17465.3
17466.7
17468
17469.4
17470.8
17472.1
17473.5
17474.9
17476.3
17477.7
17479.1
17480.5
17481.8
17483.2
17484.6
17486.1
17487.5
17488.9
17490.3
17491.7
17493.1
17494.6
17496
17497.4
17498.9
17500.3
17501.8
17503.3
17504.7
17506.2
17507.7
17509.1
17510.6
17512.1
17513.6
17515.1
17516.6
17518.2
17519.7
17521.2
17522.8
17524.3
17525.9
17527.4
17529
17530.6
17532.1
17533.7
17535.3
17537
17538.6
17540.2
17541.8
17543.5
17545.1
17546.8
17548.5
17550.2
17551.9
17553.6
17555.3
17557
17558.7
17560.5
17562.2
17564
17565.8
17567.6
17569.4
17571.2
17573
17574.8
17576.7
17578.5
17580.4
17582.2
17584.1
17586
17587.9
17589.8
17591.8
17593.7
17595.7
17597.6
17599.6
17601.6
17603.6
17605.6
17607.6
17609.6
17611.7
17613.7
17615.8
17617.9
17619.9
17622
17624.1
17626.2
17628.4
17630.5
17632.6
17634.8
17637
17639.1
17641.3
17643.5
17645.7
17647.9
17650.1
17652.3
17654.5
17656.8
17659
17661.3
17663.5
17665.8
17668
17670.3
17672.6
17674.9
17677.2
17679.5
17681.8
17684.1
17686.4
17688.7
17691
17693.3
17695.7
17698
17700.3
17702.7
17705
17707.3
17709.7
17712
17714.4
17716.7
17719.1
17721.4
17723.8
17726.2
17728.5
17730.9
17733.2
17735.6
17737.9
17740.3
17742.6
17745
17747.4
17749.7
17752.1
17754.4
17756.8
17759.1
17761.5
17763.8
17766.2
17768.5
17770.9
17773.2
17775.5
17777.9
17780.2
17782.5
17784.9
17787.2
17789.5
17791.8
17794.2
17796.5
17798.8
17801.1
17803.4
17805.7
17808
17810.3
17812.6
17814.9
17817.2
17819.5
17821.8
17824.1
17826.4
17828.6
17830.9
17833.2
17835.4
17837.7
17840
17842.2
17844.5
17846.7
17849
17851.2
17853.5
17855.7
17857.9
17860.2
17862.4
17864.6
17866.9
17869.1
17871.3
17873.5
17875.7
17877.9
17880.1
17882.3
17884.5
17886.7
17888.9
17891.1
17893.3
17895.5
17897.7
17899.8
17902
17904.2
17906.3
17908.5
17910.7
17912.8
17915
17917.2
17919.3
17921.5
17923.6
17925.7
17927.9
17930
17932.2
17934.3
17936.4
17938.5
17940.7
17942.8
17944.9
17947
17949.1
17951.3
17953.4
17955.5
17957.6
17959.7
17961.8
17963.9
17966
17968.1
17970.1
17972.2
17974.3
17976.4
17978.5
17980.6
17982.6
17984.7
17986.8
17988.8
17990.9
17993
17995
17997.1
17999.2
18001.2
18003.3
18005.3
18007.4
18009.4
18011.4
18013.5
18015.5
18017.6
18019.6
18021.6
18023.7
18025.7
18027.7
18029.7
18031.8
18033.8
18035.8
18037.8
18039.8
18041.8
18043.9
18045.9
18047.9
18049.9
18051.9
18053.9
18055.9
18057.9
18059.9
18061.9
18063.9
18065.8
18067.8
18069.8
18071.8
18073.8
18075.8
18077.7
18079.7
18081.7
18083.7
18085.6
18087.6
18089.6
18091.5
18093.5
18095.5
18097.4
18099.4
18101.3
18103.3
18105.2
18107.2
18109.1
18111.1
18113
18115
18116.9
18118.9
18120.8
18122.7
18124.7
18126.6
18128.5
18130.5
18132.4
18134.3
18136.2
18138.2
18140.1
18142
18143.9
18145.9
18147.8
18149.7
18151.6
18153.5
18155.4
18157.3
18159.2
18161.1
18163
18164.9
18166.8
18168.7
18170.6
18172.5
18174.4
18176.3
18178.2
18180.1
18182
18183.9
18185.8
18187.7
18189.5
18191.4
18193.3
18195.2
18197.1
18198.9
18200.8
18202.7
18204.6
18206.4
18208.3
18210.2
18212
18213.9
18215.8
18217.6
18219.5
18221.3
18223.2
18225.1
18226.9
18228.8
18230.6
18232.5
18234.3
18236.2
18238
18239.9
18241.7
18243.6
18245.4
18247.2
18249.1
18250.9
18252.8
18254.6
18256.4
18258.3
18260.1
18261.9
18263.7
18265.6
18267.4
18269.2
18271.1
18272.9
18274.7
18276.5
18278.3
18280.2
18282
18283.8
18285.6
18287.4
18289.2
18291
18292.9
18294.7
18296.5
18298.3
18300.1
18301.9
18303.7
18305.5
18307.3
18309.1
18310.9
18312.7
18314.5
18316.3
18318.1
18319.9
18321.7
18323.4
18325.2
18327
18328.8
18330.6
18332.4
18334.2
18336
18337.7
18339.5
18341.3
18343.1
18344.8
18346.6
18348.4
18350.2
18351.9
18353.7
18355.5
18357.3
18359
18360.8
18362.6
18364.3
18366.1
18367.9
18369.6
18371.4
18373.2
18374.9
18376.7
18378.4
18380.2
18381.9
18383.7
18385.4
18387.2
18389
18390.7
18392.5
18394.2
18396
18397.7
18399.4
18401.2
18402.9
18404.7
18406.4
18408.2
18409.9
18411.6
18413.4
18415.1
18416.9
18418.6
18420.3
18422.1
18423.8
18425.5
18427.3
18429
18430.7
18432.4
18434.2
18435.9
18437.6
18439.3
18441.1
18442.8
18444.5
18446.2
18448
18449.7
18451.4
18453.1
18454.8
18456.5
18458.3
18460
18461.7
18463.4
18465.1
18466.8
18468.5
18470.2
18471.9
18473.7
18475.4
18477.1
18478.8
18480.5
18482.2
18483.9
18485.6
18487.3
18489
18490.7
18492.4
18494.1
18495.8
18497.5
18499.1
18500.8
18502.5
18504.2
18505.9
18507.6
18509.3
18511
18512.7
18514.4
18516
18517.7
18519.4
18521.1
18522.8
18524.5
18526.1
18527.8
18529.5
18531.2
18532.9
18534.5
18536.2
18537.9
18539.6
18541.2
18542.9
18544.6
18546.2
18547.9
18549.6
18551.3
18552.9
18554.6
18556.3
18557.9
18559.6
18561.2
18562.9
18564.6
18566.2
18567.9
18569.6
18571.2
18572.9
18574.5
18576.2
18577.8
18579.5
18581.2
18582.8
18584.5
18586.1
18587.8
18589.4
18591.1
18592.7
18594.4
18596
18597.7
18599.3
18601
18602.6
18604.2
18605.9
18607.5
18609.2
18610.8
18612.5
18614.1
18615.7
18617.4
18619
18620.7
18622.3
18623.9
18625.6
18627.2
18628.8
18630.5
18632.1
18633.7
18635.4
18637
18638.6
18640.2
18641.9
18643.5
18645.1
18646.8
18648.4
18650
18651.6
18653.2
18654.9
18656.5
18658.1
18659.7
18661.4
18663
18664.6
18666.2
18667.8
18669.4
18671.1
18672.7
18674.3
18675.9
18677.5
18679.1
18680.7
18682.3
18684
18685.6
18687.2
18688.8
18690.4
18692
18693.6
18695.2
18696.8
18698.4
18700
18701.6
18703.2
18704.8
18706.4
18708
18709.6
18711.2
18712.8
18714.4
18716
18717.6
18719.2
18720.8
18722.4
18724
18725.6
18727.2
18728.8
18730.4
18732
18733.5
18735.1
18736.7
18738.3
18739.9
18741.5
18743.1
18744.7
18746.2
18747.8
18749.4
18751
18752.6
18754.2
18755.7
18757.3
18758.9
18760.5
18762.1
18763.6
18765.2
18766.8
18768.4
18769.9
18771.5
18773.1
18774.7
18776.2
18777.8
18779.4
18781
18782.5
18784.1
18785.7
18787.2
18788.8
18790.4
18791.9
18793.5
18795.1
18796.6
18798.2
18799.8
18801.3
18802.9
18804.5
18806
18807.6
18809.1
18810.7
18812.3
18813.8
18815.4
18816.9
18818.5
18820.1
18821.6
18823.2
18824.7
18826.3
18827.8
18829.4
18830.9
18832.5
18834
18835.6
18837.1
18838.7
18840.2
18841.8
18843.3
18844.9
18846.4
18848
18849.5
18851.1
18852.6
18854.2
18855.7
18857.2
18858.8
18860.3
18861.9
18863.4
18865
18866.5
18868
18869.6
18871.1
18872.7
18874.2
18875.7
18877.3
18878.8
18880.3
18881.9
18883.4
18884.9
18886.5
18888
18889.5
18891.1
18892.6
18894.1
18895.7
18897.2
18898.7
18900.2
18901.8
18903.3
18904.8
18906.3
18907.9
18909.4
18910.9
18912.4
18914
18915.5
18917
18918.5
18920.1
18921.6
18923.1
18924.6
18926.1
18927.7
18929.2
18930.7
18932.2
18933.7
18935.2
18936.8
18938.3
18939.8
18941.3
18942.8
18944.3
18945.8
18947.4
18948.9
18950.4
18951.9
18953.4
18954.9
18956.4
18957.9
18959.4
18960.9
18962.4
18964
18965.5
18967
18968.5
18970
18971.5
18973
18974.5
18976
18977.5
18979
18980.5
18982
18983.5
18985
18986.5
18988
18989.5
18991
18992.5
18994
18995.5
18997
18998.5
19000
19001.5
19003
19004.4
19005.9
19007.4
19008.9
19010.4
19011.9
19013.4
19014.9
19016.4
19017.9
19019.4
19020.8
19022.3
19023.8
19025.3
19026.8
19028.3
19029.8
19031.2
19032.7
19034.2
19035.7
19037.2
19038.7
19040.1
19041.6
19043.1
19044.6
19046.1
19047.5
19049
19050.5
19052
19053.5
19054.9
19056.4
19057.9
19059.4
19060.8
19062.3
19063.8
19065.3
19066.7
19068.2
19069.7
19071.2
19072.6
19074.1
19075.6
19077
19078.5
19079.9
)
;

boundaryField
{
    sides
    {
        type            zeroGradient;
    }
    empty
    {
        type            empty;
    }
}


// ************************************************************************* //
