/*--------------------------------*- C++ -*----------------------------------*\
  =========                 |
  \\      /  F ield         | OpenFOAM: The Open Source CFD Toolbox
   \\    /   O peration     | Website:  https://openfoam.org
    \\  /    A nd           | Version:  9
     \\/     M anipulation  |
\*---------------------------------------------------------------------------*/
FoamFile
{
    format      ascii;
    class       volScalarField;
    location    "0.014";
    object      rho;
}
// * * * * * * * * * * * * * * * * * * * * * * * * * * * * * * * * * * * * * //

dimensions      [1 -3 0 0 0 0 0];

internalField   nonuniform List<scalar> 
10000
(
0.920496
0.920485
0.920483
0.920481
0.920479
0.920476
0.920474
0.920472
0.920469
0.920467
0.920464
0.920461
0.920458
0.920455
0.920453
0.920449
0.920446
0.920443
0.92044
0.920437
0.920433
0.92043
0.920426
0.920422
0.920419
0.920415
0.920411
0.920407
0.920403
0.920399
0.920395
0.92039
0.920386
0.920382
0.920377
0.920372
0.920368
0.920363
0.920358
0.920353
0.920348
0.920343
0.920338
0.920333
0.920327
0.920322
0.920317
0.920311
0.920305
0.9203
0.920294
0.920288
0.920282
0.920276
0.92027
0.920263
0.920257
0.920251
0.920244
0.920237
0.920231
0.920224
0.920217
0.92021
0.920203
0.920196
0.920189
0.920181
0.920174
0.920166
0.920159
0.920151
0.920143
0.920135
0.920127
0.920119
0.920111
0.920103
0.920094
0.920086
0.920077
0.920069
0.92006
0.920051
0.920042
0.920033
0.920024
0.920015
0.920005
0.919996
0.919986
0.919976
0.919966
0.919956
0.919946
0.919936
0.919926
0.919916
0.919905
0.919895
0.919884
0.919873
0.919862
0.919851
0.91984
0.919828
0.919817
0.919805
0.919794
0.919782
0.91977
0.919758
0.919746
0.919733
0.919721
0.919708
0.919696
0.919683
0.91967
0.919657
0.919643
0.91963
0.919616
0.919603
0.919589
0.919575
0.919561
0.919546
0.919532
0.919517
0.919503
0.919488
0.919473
0.919458
0.919442
0.919427
0.919411
0.919395
0.919379
0.919363
0.919347
0.91933
0.919313
0.919297
0.919279
0.919262
0.919245
0.919227
0.919209
0.919192
0.919173
0.919155
0.919137
0.919118
0.919099
0.91908
0.91906
0.919041
0.919021
0.919001
0.918981
0.918961
0.91894
0.918919
0.918898
0.918877
0.918855
0.918834
0.918812
0.918789
0.918767
0.918744
0.918721
0.918698
0.918675
0.918651
0.918627
0.918603
0.918578
0.918553
0.918528
0.918503
0.918477
0.918452
0.918425
0.918399
0.918372
0.918345
0.918318
0.91829
0.918262
0.918234
0.918205
0.918176
0.918147
0.918117
0.918087
0.918057
0.918026
0.917995
0.917964
0.917932
0.9179
0.917868
0.917835
0.917802
0.917768
0.917734
0.9177
0.917665
0.91763
0.917594
0.917558
0.917522
0.917485
0.917448
0.91741
0.917372
0.917333
0.917294
0.917255
0.917215
0.917174
0.917133
0.917092
0.91705
0.917007
0.916964
0.916921
0.916877
0.916832
0.916787
0.916742
0.916695
0.916649
0.916601
0.916554
0.916505
0.916456
0.916407
0.916356
0.916306
0.916254
0.916202
0.916149
0.916096
0.916042
0.915988
0.915933
0.915877
0.91582
0.915763
0.915705
0.915646
0.915587
0.915527
0.915467
0.915405
0.915343
0.91528
0.915217
0.915152
0.915087
0.915021
0.914955
0.914887
0.914819
0.91475
0.914681
0.91461
0.914539
0.914467
0.914394
0.91432
0.914246
0.91417
0.914094
0.914017
0.913939
0.91386
0.913781
0.9137
0.913619
0.913537
0.913454
0.91337
0.913285
0.9132
0.913113
0.913026
0.912937
0.912848
0.912758
0.912667
0.912576
0.912483
0.912389
0.912295
0.9122
0.912103
0.912006
0.911908
0.91181
0.91171
0.911609
0.911508
0.911406
0.911302
0.911198
0.911093
0.910988
0.910881
0.910774
0.910665
0.910556
0.910446
0.910336
0.910224
0.910112
0.909999
0.909885
0.90977
0.909655
0.909538
0.909421
0.909304
0.909185
0.909066
0.908946
0.908825
0.908704
0.908582
0.908459
0.908336
0.908212
0.908087
0.907962
0.907836
0.90771
0.907583
0.907455
0.907327
0.907198
0.907068
0.906938
0.906808
0.906677
0.906546
0.906414
0.906281
0.906148
0.906015
0.905881
0.905747
0.905612
0.905477
0.905342
0.905206
0.90507
0.904933
0.904796
0.904659
0.904522
0.904384
0.904246
0.904107
0.903968
0.903829
0.90369
0.90355
0.90341
0.90327
0.90313
0.90299
0.902849
0.902708
0.902567
0.902426
0.902284
0.902142
0.902001
0.901859
0.901716
0.901574
0.901432
0.901289
0.901147
0.901004
0.900861
0.900718
0.900575
0.900432
0.900288
0.900145
0.900002
0.899858
0.899714
0.899571
0.899427
0.899283
0.899139
0.898996
0.898852
0.898708
0.898564
0.89842
0.898276
0.898131
0.897987
0.897843
0.897699
0.897555
0.89741
0.897266
0.897122
0.896978
0.896833
0.896689
0.896545
0.8964
0.896256
0.896112
0.895967
0.895823
0.895678
0.895534
0.89539
0.895245
0.895101
0.894957
0.894812
0.894668
0.894524
0.894379
0.894235
0.894091
0.893946
0.893802
0.893658
0.893514
0.893369
0.893225
0.893081
0.892937
0.892792
0.892648
0.892504
0.89236
0.892216
0.892071
0.891927
0.891783
0.891639
0.891495
0.891351
0.891207
0.891063
0.890919
0.890775
0.890631
0.890487
0.890343
0.890199
0.890055
0.889911
0.889767
0.889623
0.889479
0.889335
0.889191
0.889048
0.888904
0.88876
0.888616
0.888472
0.888329
0.888185
0.888041
0.887898
0.887754
0.88761
0.887467
0.887323
0.887179
0.887036
0.886892
0.886748
0.886605
0.886461
0.886318
0.886174
0.886031
0.885887
0.885744
0.885601
0.885457
0.885314
0.88517
0.885027
0.884884
0.88474
0.884597
0.884454
0.88431
0.884167
0.884024
0.883881
0.883737
0.883594
0.883451
0.883308
0.883165
0.883022
0.882879
0.882735
0.882592
0.882449
0.882306
0.882163
0.88202
0.881877
0.881734
0.881591
0.881448
0.881305
0.881163
0.88102
0.880877
0.880734
0.880591
0.880448
0.880305
0.880163
0.88002
0.879877
0.879734
0.879592
0.879449
0.879306
0.879164
0.879021
0.878878
0.878736
0.878593
0.878451
0.878308
0.878165
0.878023
0.87788
0.877738
0.877595
0.877453
0.87731
0.877168
0.877026
0.876883
0.876741
0.876599
0.876456
0.876314
0.876172
0.876029
0.875887
0.875745
0.875603
0.87546
0.875318
0.875176
0.875034
0.874892
0.874749
0.874607
0.874465
0.874323
0.874181
0.874039
0.873897
0.873755
0.873613
0.873471
0.873329
0.873187
0.873045
0.872903
0.872761
0.87262
0.872478
0.872336
0.872194
0.872052
0.87191
0.871769
0.871627
0.871485
0.871343
0.871202
0.87106
0.870918
0.870777
0.870635
0.870493
0.870352
0.87021
0.870069
0.869927
0.869786
0.869644
0.869503
0.869361
0.86922
0.869078
0.868937
0.868795
0.868654
0.868513
0.868371
0.86823
0.868089
0.867947
0.867806
0.867665
0.867524
0.867382
0.867241
0.8671
0.866959
0.866818
0.866676
0.866535
0.866394
0.866253
0.866112
0.865971
0.86583
0.865689
0.865548
0.865407
0.865266
0.865125
0.864984
0.864843
0.864702
0.864561
0.86442
0.86428
0.864139
0.863998
0.863857
0.863716
0.863576
0.863435
0.863294
0.863153
0.863013
0.862872
0.862731
0.862591
0.86245
0.86231
0.862169
0.862028
0.861888
0.861747
0.861607
0.861466
0.861326
0.861185
0.861045
0.860904
0.860764
0.860624
0.860483
0.860343
0.860203
0.860062
0.859922
0.859782
0.859641
0.859501
0.859361
0.859221
0.85908
0.85894
0.8588
0.85866
0.85852
0.85838
0.85824
0.858099
0.857959
0.857819
0.857679
0.857539
0.857399
0.857259
0.857119
0.856979
0.856839
0.8567
0.85656
0.85642
0.85628
0.85614
0.856
0.85586
0.855721
0.855581
0.855441
0.855301
0.855162
0.855022
0.854882
0.854743
0.854603
0.854463
0.854324
0.854184
0.854045
0.853905
0.853766
0.853626
0.853486
0.853347
0.853208
0.853068
0.852929
0.852789
0.85265
0.85251
0.852371
0.852232
0.852092
0.851953
0.851814
0.851675
0.851535
0.851396
0.851257
0.851118
0.850978
0.850839
0.8507
0.850561
0.850422
0.850283
0.850144
0.850005
0.849865
0.849726
0.849587
0.849448
0.849309
0.84917
0.849032
0.848893
0.848754
0.848615
0.848476
0.848337
0.848198
0.848059
0.847921
0.847782
0.847643
0.847504
0.847366
0.847227
0.847088
0.846949
0.846811
0.846672
0.846534
0.846395
0.846256
0.846118
0.845979
0.845841
0.845702
0.845564
0.845425
0.845287
0.845148
0.84501
0.844871
0.844733
0.844595
0.844456
0.844318
0.844179
0.844041
0.843903
0.843765
0.843626
0.843488
0.84335
0.843212
0.843073
0.842935
0.842797
0.842659
0.842521
0.842383
0.842245
0.842107
0.841969
0.841831
0.841692
0.841554
0.841417
0.841279
0.841141
0.841003
0.840865
0.840727
0.840589
0.840451
0.840313
0.840175
0.840038
0.8399
0.839762
0.839624
0.839487
0.839349
0.839211
0.839073
0.838936
0.838798
0.838661
0.838523
0.838385
0.838248
0.83811
0.837973
0.837835
0.837698
0.83756
0.837423
0.837285
0.837148
0.83701
0.836873
0.836736
0.836598
0.836461
0.836323
0.836186
0.836049
0.835912
0.835774
0.835637
0.8355
0.835363
0.835225
0.835088
0.834951
0.834814
0.834677
0.83454
0.834403
0.834266
0.834129
0.833992
0.833854
0.833717
0.83358
0.833444
0.833307
0.83317
0.833033
0.832896
0.832759
0.832622
0.832485
0.832348
0.832212
0.832075
0.831938
0.831801
0.831665
0.831528
0.831391
0.831254
0.831118
0.830981
0.830845
0.830708
0.830571
0.830435
0.830298
0.830162
0.830025
0.829889
0.829752
0.829616
0.829479
0.829343
0.829206
0.82907
0.828933
0.828797
0.828661
0.828524
0.828388
0.828252
0.828116
0.827979
0.827843
0.827707
0.827571
0.827434
0.827298
0.827162
0.827026
0.82689
0.826754
0.826618
0.826482
0.826345
0.826209
0.826073
0.825937
0.825801
0.825665
0.825529
0.825394
0.825258
0.825122
0.824986
0.82485
0.824714
0.824578
0.824443
0.824307
0.824171
0.824035
0.823899
0.823764
0.823628
0.823492
0.823357
0.823221
0.823085
0.82295
0.822814
0.822679
0.822543
0.822407
0.822272
0.822136
0.822001
0.821865
0.82173
0.821595
0.821459
0.821324
0.821188
0.821053
0.820918
0.820782
0.820647
0.820512
0.820376
0.820241
0.820106
0.819971
0.819835
0.8197
0.819565
0.81943
0.819295
0.81916
0.819024
0.818889
0.818754
0.818619
0.818484
0.818349
0.818214
0.818079
0.817944
0.817809
0.817674
0.817539
0.817404
0.81727
0.817135
0.817
0.816865
0.81673
0.816595
0.816461
0.816326
0.816191
0.816056
0.815922
0.815787
0.815652
0.815518
0.815383
0.815248
0.815114
0.814979
0.814845
0.81471
0.814576
0.814441
0.814307
0.814172
0.814038
0.813903
0.813769
0.813634
0.8135
0.813365
0.813231
0.813097
0.812962
0.812828
0.812694
0.81256
0.812425
0.812291
0.812157
0.812023
0.811888
0.811754
0.81162
0.811486
0.811352
0.811218
0.811084
0.81095
0.810816
0.810682
0.810548
0.810414
0.81028
0.810146
0.810012
0.809878
0.809744
0.80961
0.809476
0.809342
0.809208
0.809075
0.808941
0.808807
0.808673
0.808539
0.808406
0.808272
0.808138
0.808005
0.807871
0.807737
0.807604
0.80747
0.807336
0.807203
0.807069
0.806936
0.806802
0.806669
0.806535
0.806402
0.806268
0.806135
0.806001
0.805868
0.805735
0.805601
0.805468
0.805335
0.805201
0.805068
0.804935
0.804801
0.804668
0.804535
0.804402
0.804269
0.804135
0.804002
0.803869
0.803736
0.803603
0.80347
0.803337
0.803204
0.803071
0.802938
0.802805
0.802672
0.802539
0.802406
0.802273
0.80214
0.802007
0.801874
0.801741
0.801608
0.801475
0.801343
0.80121
0.801077
0.800944
0.800812
0.800679
0.800546
0.800413
0.800281
0.800148
0.800015
0.799883
0.79975
0.799618
0.799485
0.799353
0.79922
0.799087
0.798955
0.798822
0.79869
0.798558
0.798425
0.798293
0.79816
0.798028
0.797896
0.797763
0.797631
0.797499
0.797366
0.797234
0.797102
0.79697
0.796837
0.796705
0.796573
0.796441
0.796309
0.796176
0.796044
0.795912
0.79578
0.795648
0.795516
0.795384
0.795252
0.79512
0.794988
0.794856
0.794724
0.794592
0.79446
0.794328
0.794196
0.794065
0.793933
0.793801
0.793669
0.793537
0.793406
0.793274
0.793142
0.79301
0.792879
0.792747
0.792615
0.792484
0.792352
0.79222
0.792089
0.791957
0.791826
0.791694
0.791562
0.791431
0.791299
0.791168
0.791037
0.790905
0.790774
0.790642
0.790511
0.790379
0.790248
0.790117
0.789985
0.789854
0.789723
0.789592
0.78946
0.789329
0.789198
0.789067
0.788935
0.788804
0.788673
0.788542
0.788411
0.78828
0.788149
0.788018
0.787887
0.787755
0.787624
0.787493
0.787362
0.787232
0.787101
0.78697
0.786839
0.786708
0.786577
0.786446
0.786315
0.786184
0.786054
0.785923
0.785792
0.785661
0.785531
0.7854
0.785269
0.785138
0.785008
0.784877
0.784746
0.784616
0.784485
0.784355
0.784224
0.784094
0.783963
0.783832
0.783702
0.783572
0.783441
0.783311
0.78318
0.78305
0.782919
0.782789
0.782659
0.782528
0.782398
0.782268
0.782137
0.782007
0.781877
0.781747
0.781616
0.781486
0.781356
0.781226
0.781096
0.780965
0.780835
0.780705
0.780575
0.780445
0.780315
0.780185
0.780055
0.779925
0.779795
0.779665
0.779535
0.779405
0.779275
0.779145
0.779015
0.778886
0.778756
0.778626
0.778496
0.778366
0.778236
0.778107
0.777977
0.777847
0.777718
0.777588
0.777458
0.777329
0.777199
0.777069
0.77694
0.77681
0.77668
0.776551
0.776421
0.776292
0.776162
0.776033
0.775903
0.775774
0.775644
0.775515
0.775386
0.775256
0.775127
0.774998
0.774868
0.774739
0.77461
0.77448
0.774351
0.774222
0.774093
0.773963
0.773834
0.773705
0.773576
0.773447
0.773318
0.773188
0.773059
0.77293
0.772801
0.772672
0.772543
0.772414
0.772285
0.772156
0.772027
0.771898
0.771769
0.77164
0.771512
0.771383
0.771254
0.771125
0.770996
0.770867
0.770739
0.77061
0.770481
0.770352
0.770224
0.770095
0.769966
0.769838
0.769709
0.76958
0.769452
0.769323
0.769194
0.769066
0.768937
0.768809
0.76868
0.768552
0.768423
0.768295
0.768166
0.768038
0.76791
0.767781
0.767653
0.767524
0.767396
0.767268
0.767139
0.767011
0.766883
0.766755
0.766626
0.766498
0.76637
0.766242
0.766114
0.765985
0.765857
0.765729
0.765601
0.765473
0.765345
0.765217
0.765089
0.764961
0.764833
0.764705
0.764577
0.764449
0.764321
0.764193
0.764065
0.763937
0.763809
0.763681
0.763554
0.763426
0.763298
0.76317
0.763042
0.762915
0.762787
0.762659
0.762532
0.762404
0.762276
0.762149
0.762021
0.761893
0.761766
0.761638
0.761511
0.761383
0.761255
0.761128
0.761
0.760873
0.760746
0.760618
0.760491
0.760363
0.760236
0.760109
0.759981
0.759854
0.759726
0.759599
0.759472
0.759345
0.759217
0.75909
0.758963
0.758836
0.758708
0.758581
0.758454
0.758327
0.7582
0.758073
0.757946
0.757819
0.757692
0.757565
0.757438
0.757311
0.757184
0.757057
0.75693
0.756803
0.756676
0.756549
0.756422
0.756295
0.756168
0.756041
0.755915
0.755788
0.755661
0.755534
0.755407
0.755281
0.755154
0.755027
0.754901
0.754774
0.754647
0.754521
0.754394
0.754267
0.754141
0.754014
0.753888
0.753761
0.753635
0.753508
0.753382
0.753255
0.753129
0.753002
0.752876
0.75275
0.752623
0.752497
0.752371
0.752244
0.752118
0.751992
0.751865
0.751739
0.751613
0.751487
0.75136
0.751234
0.751108
0.750982
0.750856
0.75073
0.750603
0.750477
0.750351
0.750225
0.750099
0.749973
0.749847
0.749721
0.749595
0.749469
0.749343
0.749217
0.749091
0.748966
0.74884
0.748714
0.748588
0.748462
0.748336
0.748211
0.748085
0.747959
0.747833
0.747708
0.747582
0.747456
0.747331
0.747205
0.747079
0.746954
0.746828
0.746702
0.746577
0.746451
0.746326
0.7462
0.746075
0.745949
0.745824
0.745698
0.745573
0.745447
0.745322
0.745197
0.745071
0.744946
0.744821
0.744695
0.74457
0.744445
0.744319
0.744194
0.744069
0.743944
0.743819
0.743693
0.743568
0.743443
0.743318
0.743193
0.743068
0.742943
0.742818
0.742692
0.742567
0.742442
0.742317
0.742192
0.742067
0.741942
0.741818
0.741693
0.741568
0.741443
0.741318
0.741193
0.741068
0.740943
0.740819
0.740694
0.740569
0.740444
0.74032
0.740195
0.74007
0.739946
0.739821
0.739696
0.739572
0.739447
0.739322
0.739198
0.739073
0.738949
0.738824
0.7387
0.738575
0.738451
0.738326
0.738202
0.738077
0.737953
0.737829
0.737704
0.73758
0.737455
0.737331
0.737207
0.737082
0.736958
0.736834
0.73671
0.736585
0.736461
0.736337
0.736213
0.736089
0.735965
0.73584
0.735716
0.735592
0.735468
0.735344
0.73522
0.735096
0.734972
0.734848
0.734724
0.7346
0.734476
0.734352
0.734228
0.734104
0.73398
0.733857
0.733733
0.733609
0.733485
0.733361
0.733237
0.733114
0.73299
0.732866
0.732742
0.732619
0.732495
0.732371
0.732248
0.732124
0.732001
0.731877
0.731753
0.73163
0.731506
0.731383
0.731259
0.731136
0.731012
0.730889
0.730765
0.730642
0.730518
0.730395
0.730272
0.730148
0.730025
0.729902
0.729778
0.729655
0.729532
0.729408
0.729285
0.729162
0.729039
0.728916
0.728792
0.728669
0.728546
0.728423
0.7283
0.728177
0.728054
0.727931
0.727807
0.727684
0.727561
0.727438
0.727315
0.727192
0.72707
0.726947
0.726824
0.726701
0.726578
0.726455
0.726332
0.726209
0.726086
0.725964
0.725841
0.725718
0.725595
0.725473
0.72535
0.725227
0.725105
0.724982
0.724859
0.724737
0.724614
0.724491
0.724369
0.724246
0.724124
0.724001
0.723879
0.723756
0.723634
0.723511
0.723389
0.723266
0.723144
0.723021
0.722899
0.722777
0.722654
0.722532
0.72241
0.722287
0.722165
0.722043
0.72192
0.721798
0.721676
0.721554
0.721432
0.721309
0.721187
0.721065
0.720943
0.720821
0.720699
0.720577
0.720455
0.720333
0.720211
0.720089
0.719967
0.719845
0.719723
0.719601
0.719479
0.719357
0.719235
0.719113
0.718991
0.718869
0.718748
0.718626
0.718504
0.718382
0.71826
0.718139
0.718017
0.717895
0.717773
0.717652
0.71753
0.717408
0.717287
0.717165
0.717044
0.716922
0.7168
0.716679
0.716557
0.716436
0.716314
0.716193
0.716071
0.71595
0.715829
0.715707
0.715586
0.715464
0.715343
0.715222
0.7151
0.714979
0.714858
0.714736
0.714615
0.714494
0.714373
0.714251
0.71413
0.714009
0.713888
0.713767
0.713646
0.713524
0.713403
0.713282
0.713161
0.71304
0.712919
0.712798
0.712677
0.712556
0.712435
0.712314
0.712193
0.712072
0.711951
0.71183
0.71171
0.711589
0.711468
0.711347
0.711226
0.711105
0.710985
0.710864
0.710743
0.710622
0.710502
0.710381
0.71026
0.71014
0.710019
0.709898
0.709778
0.709657
0.709537
0.709416
0.709295
0.709175
0.709054
0.708934
0.708813
0.708693
0.708572
0.708452
0.708332
0.708211
0.708091
0.70797
0.70785
0.70773
0.707609
0.707489
0.707369
0.707249
0.707128
0.707008
0.706888
0.706768
0.706647
0.706527
0.706407
0.706287
0.706167
0.706047
0.705927
0.705807
0.705686
0.705566
0.705446
0.705326
0.705206
0.705086
0.704966
0.704847
0.704727
0.704607
0.704487
0.704367
0.704247
0.704127
0.704007
0.703888
0.703768
0.703648
0.703528
0.703408
0.703289
0.703169
0.703049
0.70293
0.70281
0.70269
0.702571
0.702451
0.702331
0.702212
0.702092
0.701973
0.701853
0.701734
0.701614
0.701495
0.701375
0.701256
0.701136
0.701017
0.700897
0.700778
0.700659
0.700539
0.70042
0.700301
0.700181
0.700062
0.699943
0.699823
0.699704
0.699585
0.699466
0.699347
0.699227
0.699108
0.698989
0.69887
0.698751
0.698632
0.698513
0.698394
0.698274
0.698155
0.698036
0.697917
0.697798
0.697679
0.697561
0.697442
0.697323
0.697204
0.697085
0.696966
0.696847
0.696728
0.696609
0.696491
0.696372
0.696253
0.696134
0.696016
0.695897
0.695778
0.695659
0.695541
0.695422
0.695303
0.695185
0.695066
0.694948
0.694829
0.69471
0.694592
0.694473
0.694355
0.694236
0.694118
0.693999
0.693881
0.693762
0.693644
0.693526
0.693407
0.693289
0.693171
0.693052
0.692934
0.692816
0.692697
0.692579
0.692461
0.692342
0.692224
0.692106
0.691988
0.69187
0.691751
0.691633
0.691515
0.691397
0.691279
0.691161
0.691043
0.690925
0.690807
0.690689
0.690571
0.690453
0.690335
0.690217
0.690099
0.689981
0.689863
0.689745
0.689627
0.689509
0.689392
0.689274
0.689156
0.689038
0.68892
0.688803
0.688685
0.688567
0.688449
0.688332
0.688214
0.688096
0.687979
0.687861
0.687743
0.687626
0.687508
0.687391
0.687273
0.687156
0.687038
0.686921
0.686803
0.686686
0.686568
0.686451
0.686333
0.686216
0.686099
0.685981
0.685864
0.685746
0.685629
0.685512
0.685395
0.685277
0.68516
0.685043
0.684925
0.684808
0.684691
0.684574
0.684457
0.68434
0.684222
0.684105
0.683988
0.683871
0.683754
0.683637
0.68352
0.683403
0.683286
0.683169
0.683052
0.682935
0.682818
0.682701
0.682584
0.682467
0.68235
0.682234
0.682117
0.682
0.681883
0.681766
0.68165
0.681533
0.681416
0.681299
0.681183
0.681066
0.680949
0.680832
0.680716
0.680599
0.680483
0.680366
0.680249
0.680133
0.680016
0.6799
0.679783
0.679667
0.67955
0.679434
0.679317
0.679201
0.679084
0.678968
0.678851
0.678735
0.678619
0.678502
0.678386
0.67827
0.678153
0.678037
0.677921
0.677805
0.677688
0.677572
0.677456
0.67734
0.677224
0.677107
0.676991
0.676875
0.676759
0.676643
0.676527
0.676411
0.676295
0.676179
0.676063
0.675947
0.675831
0.675715
0.675599
0.675483
0.675367
0.675251
0.675135
0.675019
0.674903
0.674788
0.674672
0.674556
0.67444
0.674324
0.674209
0.674093
0.673977
0.673861
0.673746
0.67363
0.673514
0.673399
0.673283
0.673167
0.673052
0.672936
0.672821
0.672705
0.67259
0.672474
0.672358
0.672243
0.672128
0.672012
0.671897
0.671781
0.671666
0.67155
0.671435
0.67132
0.671204
0.671089
0.670974
0.670858
0.670743
0.670628
0.670512
0.670397
0.670282
0.670167
0.670052
0.669936
0.669821
0.669706
0.669591
0.669476
0.669361
0.669246
0.669131
0.669016
0.668901
0.668786
0.668671
0.668556
0.668441
0.668326
0.668211
0.668096
0.667981
0.667866
0.667751
0.667636
0.667521
0.667407
0.667292
0.667177
0.667062
0.666947
0.666833
0.666718
0.666603
0.666489
0.666374
0.666259
0.666144
0.66603
0.665915
0.665801
0.665686
0.665571
0.665457
0.665342
0.665228
0.665113
0.664999
0.664884
0.66477
0.664655
0.664541
0.664427
0.664312
0.664198
0.664083
0.663969
0.663855
0.66374
0.663626
0.663512
0.663398
0.663283
0.663169
0.663055
0.662941
0.662826
0.662712
0.662598
0.662484
0.66237
0.662256
0.662142
0.662027
0.661913
0.661799
0.661685
0.661571
0.661457
0.661343
0.661229
0.661115
0.661001
0.660887
0.660773
0.66066
0.660546
0.660432
0.660318
0.660204
0.66009
0.659977
0.659863
0.659749
0.659635
0.659521
0.659408
0.659294
0.65918
0.659067
0.658953
0.658839
0.658726
0.658612
0.658498
0.658385
0.658271
0.658158
0.658044
0.657931
0.657817
0.657704
0.65759
0.657477
0.657363
0.65725
0.657136
0.657023
0.65691
0.656796
0.656683
0.65657
0.656456
0.656343
0.65623
0.656116
0.656003
0.65589
0.655777
0.655664
0.65555
0.655437
0.655324
0.655211
0.655098
0.654985
0.654872
0.654758
0.654645
0.654532
0.654419
0.654306
0.654193
0.65408
0.653967
0.653854
0.653741
0.653628
0.653516
0.653403
0.65329
0.653177
0.653064
0.652951
0.652838
0.652726
0.652613
0.6525
0.652387
0.652275
0.652162
0.652049
0.651936
0.651824
0.651711
0.651598
0.651486
0.651373
0.651261
0.651148
0.651035
0.650923
0.65081
0.650698
0.650585
0.650473
0.65036
0.650248
0.650135
0.650023
0.649911
0.649798
0.649686
0.649573
0.649461
0.649349
0.649236
0.649124
0.649012
0.6489
0.648787
0.648675
0.648563
0.648451
0.648338
0.648226
0.648114
0.648002
0.64789
0.647778
0.647666
0.647553
0.647441
0.647329
0.647217
0.647105
0.646993
0.646881
0.646769
0.646657
0.646545
0.646433
0.646322
0.64621
0.646098
0.645986
0.645874
0.645762
0.64565
0.645539
0.645427
0.645315
0.645203
0.645091
0.64498
0.644868
0.644756
0.644645
0.644533
0.644421
0.64431
0.644198
0.644086
0.643975
0.643863
0.643752
0.64364
0.643529
0.643417
0.643306
0.643194
0.643083
0.642971
0.64286
0.642748
0.642637
0.642526
0.642414
0.642303
0.642192
0.64208
0.641969
0.641858
0.641746
0.641635
0.641524
0.641413
0.641301
0.64119
0.641079
0.640968
0.640857
0.640745
0.640634
0.640523
0.640412
0.640301
0.64019
0.640079
0.639968
0.639857
0.639746
0.639635
0.639524
0.639413
0.639302
0.639191
0.63908
0.638969
0.638858
0.638748
0.638637
0.638526
0.638415
0.638304
0.638193
0.638083
0.637972
0.637861
0.63775
0.63764
0.637529
0.637418
0.637308
0.637197
0.637086
0.636976
0.636865
0.636755
0.636644
0.636533
0.636423
0.636312
0.636202
0.636091
0.635981
0.63587
0.63576
0.63565
0.635539
0.635429
0.635318
0.635208
0.635098
0.634987
0.634877
0.634767
0.634656
0.634546
0.634436
0.634326
0.634215
0.634105
0.633995
0.633885
0.633775
0.633664
0.633554
0.633444
0.633334
0.633224
0.633114
0.633004
0.632894
0.632784
0.632674
0.632564
0.632454
0.632344
0.632234
0.632124
0.632014
0.631904
0.631794
0.631684
0.631574
0.631464
0.631355
0.631245
0.631135
0.631025
0.630915
0.630806
0.630696
0.630586
0.630476
0.630367
0.630257
0.630147
0.630038
0.629928
0.629819
0.629709
0.629599
0.62949
0.62938
0.629271
0.629161
0.629052
0.628942
0.628833
0.628723
0.628614
0.628504
0.628395
0.628285
0.628176
0.628067
0.627957
0.627848
0.627739
0.627629
0.62752
0.627411
0.627301
0.627192
0.627083
0.626974
0.626865
0.626755
0.626646
0.626537
0.626428
0.626319
0.62621
0.6261
0.625991
0.625882
0.625773
0.625664
0.625555
0.625446
0.625337
0.625228
0.625119
0.62501
0.624901
0.624792
0.624684
0.624575
0.624466
0.624357
0.624248
0.624139
0.62403
0.623922
0.623813
0.623704
0.623595
0.623486
0.623378
0.623269
0.623161
0.623052
0.622943
0.622834
0.622726
0.622617
0.622509
0.622399
0.622292
0.622182
0.622075
0.621965
0.621859
0.621747
0.621642
0.62153
0.621426
0.621313
0.621209
0.621095
0.620993
0.620878
0.620777
0.620661
0.620561
0.620444
0.620345
0.620226
0.620129
0.620009
0.619913
0.619792
0.619697
0.619576
0.619481
0.619359
0.619264
0.619143
0.619048
0.618927
0.618832
0.618711
0.618615
0.618495
0.618399
0.61828
0.618182
0.618065
0.617965
0.61785
0.617749
0.617634
0.617532
0.617419
0.617316
0.617204
0.617099
0.616989
0.616883
0.616774
0.616667
0.616559
0.616451
0.616343
0.616236
0.616128
0.61602
0.615913
0.615805
0.615697
0.61559
0.615482
0.615374
0.615267
0.615159
0.615052
0.614944
0.614837
0.614729
0.614622
0.614514
0.614407
0.614299
0.614192
0.614084
0.613977
0.61387
0.613762
0.613655
0.613548
0.61344
0.613333
0.613226
0.613118
0.613011
0.612904
0.612797
0.612689
0.612582
0.612475
0.612368
0.612261
0.612153
0.612046
0.611939
0.611832
0.611725
0.611618
0.611511
0.611404
0.611297
0.61119
0.611083
0.610976
0.610869
0.610762
0.610655
0.610548
0.610441
0.610334
0.610227
0.610121
0.610014
0.609907
0.6098
0.609693
0.609586
0.60948
0.609373
0.609266
0.609159
0.609053
0.608946
0.608839
0.608733
0.608626
0.608519
0.608413
0.608306
0.6082
0.608093
0.607986
0.60788
0.607773
0.607667
0.60756
0.607454
0.607347
0.607241
0.607134
0.607028
0.606922
0.606815
0.606709
0.606602
0.606496
0.60639
0.606283
0.606177
0.606071
0.605965
0.605858
0.605752
0.605646
0.60554
0.605433
0.605327
0.605221
0.605115
0.605009
0.604903
0.604796
0.60469
0.604584
0.604478
0.604372
0.604266
0.60416
0.604054
0.603948
0.603842
0.603736
0.60363
0.603524
0.603418
0.603312
0.603207
0.603101
0.602995
0.602889
0.602783
0.602677
0.602571
0.602466
0.60236
0.602254
0.602148
0.602043
0.601937
0.601831
0.601726
0.60162
0.601514
0.601409
0.601303
0.601197
0.601092
0.600986
0.600881
0.600775
0.60067
0.600564
0.600459
0.600353
0.600248
0.600142
0.600037
0.599931
0.599826
0.599721
0.599615
0.59951
0.599404
0.599299
0.599194
0.599088
0.598983
0.598878
0.598773
0.598667
0.598562
0.598457
0.598352
0.598246
0.598141
0.598036
0.597931
0.597826
0.597721
0.597616
0.597511
0.597405
0.5973
0.597195
0.59709
0.596985
0.59688
0.596775
0.59667
0.596565
0.596461
0.596356
0.596251
0.596146
0.596041
0.595936
0.595831
0.595726
0.595622
0.595517
0.595412
0.595307
0.595202
0.595098
0.594993
0.594888
0.594784
0.594679
0.594574
0.594469
0.594365
0.59426
0.594156
0.594051
0.593946
0.593842
0.593737
0.593633
0.593528
0.593424
0.593319
0.593215
0.59311
0.593006
0.592901
0.592797
0.592693
0.592588
0.592484
0.592379
0.592275
0.592171
0.592066
0.591962
0.591858
0.591754
0.591649
0.591545
0.591441
0.591337
0.591232
0.591128
0.591024
0.59092
0.590816
0.590712
0.590608
0.590503
0.590399
0.590295
0.590191
0.590087
0.589983
0.589879
0.589775
0.589671
0.589567
0.589463
0.589359
0.589255
0.589152
0.589048
0.588944
0.58884
0.588736
0.588632
0.588528
0.588425
0.588321
0.588217
0.588113
0.58801
0.587906
0.587802
0.587698
0.587595
0.587491
0.587387
0.587284
0.58718
0.587077
0.586973
0.586869
0.586766
0.586662
0.586559
0.586455
0.586352
0.586248
0.586145
0.586041
0.585938
0.585834
0.585731
0.585628
0.585524
0.585421
0.585317
0.585214
0.585111
0.585007
0.584904
0.584801
0.584698
0.584594
0.584491
0.584388
0.584285
0.584182
0.584078
0.583975
0.583872
0.583769
0.583666
0.583563
0.58346
0.583356
0.583253
0.58315
0.583047
0.582944
0.582841
0.582738
0.582635
0.582532
0.582429
0.582326
0.582224
0.582121
0.582018
0.581915
0.581812
0.581709
0.581606
0.581503
0.581401
0.581298
0.581195
0.581092
0.58099
0.580887
0.580784
0.580681
0.580579
0.580476
0.580373
0.580271
0.580168
0.580066
0.579963
0.57986
0.579758
0.579655
0.579553
0.57945
0.579348
0.579245
0.579143
0.57904
0.578938
0.578835
0.578733
0.578631
0.578528
0.578426
0.578323
0.578221
0.578119
0.578016
0.577914
0.577812
0.57771
0.577607
0.577505
0.577403
0.577301
0.577198
0.577096
0.576994
0.576892
0.57679
0.576688
0.576585
0.576483
0.576381
0.576279
0.576177
0.576075
0.575973
0.575871
0.575769
0.575667
0.575565
0.575463
0.575361
0.575259
0.575157
0.575055
0.574954
0.574852
0.57475
0.574648
0.574546
0.574444
0.574343
0.574241
0.574139
0.574037
0.573935
0.573834
0.573732
0.57363
0.573529
0.573427
0.573325
0.573224
0.573122
0.57302
0.572919
0.572817
0.572716
0.572614
0.572513
0.572411
0.57231
0.572208
0.572107
0.572005
0.571904
0.571802
0.571701
0.571599
0.571498
0.571397
0.571295
0.571194
0.571093
0.570991
0.57089
0.570789
0.570687
0.570586
0.570485
0.570384
0.570283
0.570181
0.57008
0.569979
0.569878
0.569777
0.569676
0.569574
0.569473
0.569372
0.569271
0.56917
0.569069
0.568968
0.568867
0.568766
0.568665
0.568564
0.568463
0.568362
0.568261
0.56816
0.568059
0.567959
0.567858
0.567757
0.567656
0.567555
0.567454
0.567354
0.567253
0.567152
0.567051
0.56695
0.56685
0.566749
0.566648
0.566548
0.566447
0.566346
0.566246
0.566145
0.566044
0.565944
0.565843
0.565743
0.565642
0.565542
0.565441
0.565341
0.56524
0.56514
0.565039
0.564939
0.564838
0.564738
0.564637
0.564537
0.564437
0.564336
0.564236
0.564136
0.564035
0.563935
0.563835
0.563734
0.563634
0.563534
0.563434
0.563333
0.563233
0.563133
0.563033
0.562933
0.562833
0.562732
0.562632
0.562532
0.562432
0.562332
0.562232
0.562132
0.562032
0.561932
0.561832
0.561732
0.561632
0.561532
0.561432
0.561332
0.561232
0.561132
0.561032
0.560932
0.560833
0.560733
0.560633
0.560533
0.560433
0.560333
0.560234
0.560134
0.560034
0.559934
0.559835
0.559735
0.559635
0.559536
0.559436
0.559336
0.559237
0.559137
0.559037
0.558938
0.558838
0.558739
0.558639
0.55854
0.55844
0.558341
0.558241
0.558142
0.558042
0.557943
0.557843
0.557744
0.557645
0.557545
0.557446
0.557346
0.557247
0.557148
0.557048
0.556949
0.55685
0.556751
0.556651
0.556552
0.556453
0.556354
0.556254
0.556155
0.556056
0.555957
0.555858
0.555759
0.555659
0.55556
0.555461
0.555362
0.555263
0.555164
0.555065
0.554966
0.554867
0.554768
0.554669
0.55457
0.554471
0.554372
0.554273
0.554174
0.554076
0.553977
0.553878
0.553779
0.55368
0.553581
0.553482
0.553384
0.553285
0.553186
0.553087
0.552989
0.55289
0.552791
0.552693
0.552594
0.552495
0.552397
0.552298
0.552199
0.552101
0.552002
0.551904
0.551805
0.551706
0.551608
0.551509
0.551411
0.551312
0.551214
0.551115
0.551017
0.550919
0.55082
0.550722
0.550623
0.550525
0.550427
0.550328
0.55023
0.550132
0.550033
0.549935
0.549837
0.549739
0.54964
0.549542
0.549444
0.549346
0.549247
0.549149
0.549051
0.548953
0.548855
0.548757
0.548659
0.54856
0.548462
0.548364
0.548266
0.548168
0.54807
0.547972
0.547874
0.547776
0.547678
0.54758
0.547482
0.547384
0.547287
0.547189
0.547091
0.546993
0.546895
0.546797
0.546699
0.546602
0.546504
0.546406
0.546308
0.546211
0.546113
0.546015
0.545917
0.54582
0.545722
0.545624
0.545527
0.545429
0.545331
0.545234
0.545136
0.545039
0.544941
0.544843
0.544746
0.544648
0.544551
0.544453
0.544356
0.544258
0.544161
0.544064
0.543966
0.543869
0.543771
0.543674
0.543577
0.543479
0.543382
0.543285
0.543187
0.54309
0.542993
0.542895
0.542798
0.542701
0.542604
0.542506
0.542409
0.542312
0.542215
0.542118
0.542021
0.541923
0.541826
0.541729
0.541632
0.541535
0.541438
0.541341
0.541244
0.541147
0.54105
0.540953
0.540856
0.540759
0.540662
0.540565
0.540468
0.540371
0.540274
0.540178
0.540081
0.539984
0.539887
0.53979
0.539693
0.539597
0.5395
0.539403
0.539306
0.53921
0.539113
0.539016
0.538919
0.538823
0.538726
0.538629
0.538533
0.538436
0.53834
0.538243
0.538146
0.53805
0.537953
0.537857
0.53776
0.537664
0.537567
0.537471
0.537374
0.537278
0.537181
0.537085
0.536989
0.536892
0.536796
0.536699
0.536603
0.536507
0.53641
0.536314
0.536218
0.536121
0.536025
0.535929
0.535833
0.535736
0.53564
0.535544
0.535448
0.535352
0.535256
0.535159
0.535063
0.534967
0.534871
0.534775
0.534679
0.534583
0.534487
0.534391
0.534295
0.534199
0.534103
0.534007
0.533911
0.533815
0.533719
0.533623
0.533527
0.533431
0.533335
0.533239
0.533144
0.533048
0.532952
0.532856
0.53276
0.532665
0.532569
0.532473
0.532377
0.532282
0.532186
0.53209
0.531995
0.531899
0.531803
0.531708
0.531612
0.531516
0.531421
0.531325
0.53123
0.531134
0.531039
0.530943
0.530847
0.530752
0.530656
0.530561
0.530466
0.53037
0.530275
0.530179
0.530084
0.529988
0.529893
0.529798
0.529702
0.529607
0.529512
0.529416
0.529321
0.529226
0.529131
0.529035
0.52894
0.528845
0.52875
0.528655
0.528559
0.528464
0.528369
0.528274
0.528179
0.528084
0.527989
0.527894
0.527798
0.527703
0.527608
0.527513
0.527418
0.527323
0.527228
0.527133
0.527038
0.526944
0.526849
0.526754
0.526659
0.526564
0.526469
0.526374
0.526279
0.526185
0.52609
0.525995
0.5259
0.525805
0.525711
0.525616
0.525521
0.525426
0.525332
0.525237
0.525142
0.525048
0.524953
0.524858
0.524764
0.524669
0.524575
0.52448
0.524385
0.524291
0.524196
0.524102
0.524007
0.523913
0.523818
0.523724
0.523629
0.523535
0.523441
0.523346
0.523252
0.523157
0.523063
0.522969
0.522874
0.52278
0.522686
0.522591
0.522497
0.522403
0.522309
0.522214
0.52212
0.522026
0.521932
0.521838
0.521743
0.521649
0.521555
0.521461
0.521367
0.521273
0.521179
0.521085
0.52099
0.520896
0.520802
0.520708
0.520614
0.52052
0.520426
0.520332
0.520239
0.520145
0.520051
0.519957
0.519863
0.519769
0.519675
0.519581
0.519487
0.519394
0.5193
0.519206
0.519112
0.519018
0.518925
0.518831
0.518737
0.518644
0.51855
0.518456
0.518362
0.518269
0.518175
0.518082
0.517988
0.517894
0.517801
0.517707
0.517614
0.51752
0.517427
0.517333
0.51724
0.517146
0.517053
0.516959
0.516866
0.516772
0.516679
0.516585
0.516492
0.516399
0.516305
0.516212
0.516119
0.516025
0.515932
0.515839
0.515745
0.515652
0.515559
0.515466
0.515372
0.515279
0.515186
0.515093
0.515
0.514906
0.514813
0.51472
0.514627
0.514534
0.514441
0.514348
0.514255
0.514162
0.514069
0.513976
0.513883
0.51379
0.513697
0.513604
0.513511
0.513418
0.513325
0.513232
0.513139
0.513046
0.512953
0.512861
0.512768
0.512675
0.512582
0.512489
0.512396
0.512304
0.512211
0.512118
0.512025
0.511933
0.51184
0.511747
0.511655
0.511562
0.511469
0.511377
0.511284
0.511192
0.511099
0.511006
0.510914
0.510821
0.510729
0.510636
0.510544
0.510451
0.510359
0.510266
0.510174
0.510081
0.509989
0.509897
0.509804
0.509712
0.509619
0.509527
0.509435
0.509342
0.50925
0.509158
0.509066
0.508973
0.508881
0.508789
0.508697
0.508604
0.508512
0.50842
0.508328
0.508236
0.508144
0.508051
0.507959
0.507867
0.507775
0.507683
0.507591
0.507499
0.507407
0.507315
0.507223
0.507131
0.507039
0.506947
0.506855
0.506763
0.506671
0.506579
0.506487
0.506395
0.506304
0.506212
0.50612
0.506028
0.505936
0.505844
0.505753
0.505661
0.505569
0.505477
0.505386
0.505294
0.505202
0.505111
0.505019
0.504927
0.504836
0.504744
0.504652
0.504561
0.504469
0.504378
0.504286
0.504194
0.504103
0.504011
0.50392
0.503828
0.503737
0.503646
0.503554
0.503463
0.503371
0.50328
0.503188
0.503097
0.503006
0.502914
0.502823
0.502732
0.50264
0.502549
0.502458
0.502366
0.502275
0.502184
0.502093
0.502002
0.50191
0.501819
0.501728
0.501637
0.501546
0.501455
0.501363
0.501272
0.501181
0.50109
0.500999
0.500908
0.500817
0.500726
0.500635
0.500544
0.500453
0.500362
0.500271
0.50018
0.500089
0.499998
0.499907
0.499817
0.499726
0.499635
0.499544
0.499453
0.499362
0.499272
0.499181
0.49909
0.498999
0.498909
0.498818
0.498727
0.498636
0.498546
0.498455
0.498364
0.498274
0.498183
0.498093
0.498002
0.497911
0.497821
0.49773
0.49764
0.497549
0.497459
0.497368
0.497278
0.497187
0.497097
0.497006
0.496916
0.496825
0.496735
0.496645
0.496554
0.496464
0.496373
0.496283
0.496193
0.496103
0.496012
0.495922
0.495832
0.495741
0.495651
0.495561
0.495471
0.495381
0.49529
0.4952
0.49511
0.49502
0.49493
0.49484
0.49475
0.494659
0.494569
0.494479
0.494389
0.494299
0.494209
0.494119
0.494029
0.493939
0.493849
0.493759
0.493669
0.49358
0.49349
0.4934
0.49331
0.49322
0.49313
0.49304
0.492951
0.492861
0.492771
0.492681
0.492591
0.492502
0.492412
0.492322
0.492232
0.492143
0.492053
0.491963
0.491874
0.491784
0.491694
0.491605
0.491515
0.491426
0.491336
0.491247
0.491157
0.491068
0.490978
0.490889
0.490799
0.49071
0.49062
0.490531
0.490441
0.490352
0.490262
0.490173
0.490084
0.489994
0.489905
0.489816
0.489726
0.489637
0.489548
0.489458
0.489369
0.48928
0.489191
0.489102
0.489012
0.488923
0.488834
0.488745
0.488656
0.488567
0.488477
0.488388
0.488299
0.48821
0.488121
0.488032
0.487943
0.487854
0.487765
0.487676
0.487587
0.487498
0.487409
0.48732
0.487231
0.487142
0.487053
0.486965
0.486876
0.486787
0.486698
0.486609
0.48652
0.486432
0.486343
0.486254
0.486165
0.486077
0.485988
0.485899
0.48581
0.485722
0.485633
0.485544
0.485456
0.485367
0.485279
0.48519
0.485101
0.485013
0.484924
0.484836
0.484747
0.484659
0.48457
0.484482
0.484393
0.484305
0.484216
0.484128
0.48404
0.483951
0.483863
0.483774
0.483686
0.483598
0.483509
0.483421
0.483333
0.483244
0.483156
0.483068
0.48298
0.482891
0.482803
0.482715
0.482627
0.482539
0.482451
0.482362
0.482274
0.482186
0.482098
0.48201
0.481922
0.481834
0.481746
0.481658
0.48157
0.481482
0.481394
0.481306
0.481218
0.48113
0.481042
0.480954
0.480866
0.480778
0.480691
0.480603
0.480515
0.480427
0.480339
0.480251
0.480164
0.480076
0.479988
0.4799
0.479813
0.479725
0.479637
0.47955
0.479462
0.479374
0.479287
0.479199
0.479111
0.479024
0.478936
0.478849
0.478761
0.478674
0.478586
0.478499
0.478411
0.478324
0.478236
0.478149
0.478061
0.477974
0.477887
0.477799
0.477712
0.477624
0.477537
0.47745
0.477362
0.477275
0.477188
0.477101
0.477013
0.476926
0.476839
0.476752
0.476664
0.476577
0.47649
0.476403
0.476316
0.476229
0.476142
0.476055
0.475967
0.47588
0.475793
0.475706
0.475619
0.475532
0.475445
0.475358
0.475271
0.475184
0.475097
0.475011
0.474924
0.474837
0.47475
0.474663
0.474576
0.474489
0.474403
0.474316
0.474229
0.474142
0.474056
0.473969
0.473882
0.473795
0.473709
0.473622
0.473535
0.473449
0.473362
0.473275
0.473189
0.473102
0.473016
0.472929
0.472843
0.472756
0.47267
0.472583
0.472497
0.47241
0.472324
0.472237
0.472151
0.472064
0.471978
0.471892
0.471805
0.471719
0.471633
0.471546
0.47146
0.471374
0.471287
0.471201
0.471115
0.471029
0.470943
0.470856
0.47077
0.470684
0.470598
0.470512
0.470426
0.47034
0.470253
0.470167
0.470081
0.469995
0.469909
0.469823
0.469737
0.469651
0.469565
0.469479
0.469393
0.469308
0.469222
0.469136
0.46905
0.468964
0.468878
0.468792
0.468707
0.468621
0.468535
0.468449
0.468364
0.468278
0.468192
0.468106
0.468021
0.467935
0.467849
0.467764
0.467678
0.467593
0.467507
0.467422
0.467336
0.46725
0.467165
0.467079
0.466994
0.466908
0.466823
0.466738
0.466652
0.466567
0.466481
0.466396
0.466311
0.466225
0.46614
0.466055
0.465969
0.465884
0.465799
0.465714
0.465628
0.465543
0.465458
0.465373
0.465288
0.465202
0.465117
0.465032
0.464947
0.464862
0.464777
0.464692
0.464607
0.464522
0.464437
0.464352
0.464267
0.464182
0.464097
0.464012
0.463927
0.463842
0.463758
0.463673
0.463588
0.463503
0.463418
0.463333
0.463249
0.463164
0.463079
0.462995
0.46291
0.462825
0.46274
0.462656
0.462571
0.462487
0.462402
0.462317
0.462233
0.462148
0.462064
0.461979
0.461895
0.46181
0.461726
0.461641
0.461557
0.461473
0.461388
0.461304
0.46122
0.461135
0.461051
0.460967
0.460882
0.460798
0.460714
0.46063
0.460545
0.460461
0.460377
0.460293
0.460209
0.460125
0.460041
0.459956
0.459872
0.459788
0.459704
0.45962
0.459536
0.459452
0.459368
0.459285
0.459201
0.459117
0.459033
0.458949
0.458865
0.458781
0.458697
0.458614
0.45853
0.458446
0.458362
0.458279
0.458195
0.458111
0.458028
0.457944
0.45786
0.457777
0.457693
0.45761
0.457526
0.457443
0.457359
0.457276
0.457192
0.457109
0.457025
0.456942
0.456859
0.456775
0.456692
0.456609
0.456525
0.456442
0.456359
0.456275
0.456192
0.456109
0.456026
0.455943
0.45586
0.455776
0.455693
0.45561
0.455527
0.455444
0.455361
0.455278
0.455195
0.455112
0.455029
0.454946
0.454863
0.454781
0.454698
0.454615
0.454532
0.454449
0.454366
0.454284
0.454201
0.454118
0.454036
0.453953
0.45387
0.453788
0.453705
0.453623
0.45354
0.453457
0.453375
0.453292
0.45321
0.453128
0.453045
0.452963
0.45288
0.452798
0.452716
0.452633
0.452551
0.452469
0.452387
0.452304
0.452222
0.45214
0.452058
0.451976
0.451894
0.451812
0.45173
0.451648
0.451566
0.451484
0.451402
0.45132
0.451238
0.451156
0.451074
0.450992
0.45091
0.450829
0.450747
0.450665
0.450583
0.450502
0.45042
0.450338
0.450257
0.450175
0.450094
0.450012
0.449931
0.449849
0.449768
0.449686
0.449605
0.449524
0.449442
0.449361
0.44928
0.449198
0.449117
0.449036
0.448955
0.448874
0.448793
0.448711
0.44863
0.448549
0.448468
0.448387
0.448306
0.448226
0.448145
0.448064
0.447983
0.447902
0.447821
0.447741
0.44766
0.447579
0.447499
0.447418
0.447337
0.447257
0.447176
0.447096
0.447015
0.446935
0.446854
0.446774
0.446694
0.446613
0.446533
0.446453
0.446373
0.446292
0.446212
0.446132
0.446052
0.445972
0.445892
0.445812
0.445732
0.445652
0.445572
0.445492
0.445413
0.445333
0.445253
0.445173
0.445094
0.445014
0.444935
0.444855
0.444776
0.444696
0.444617
0.444537
0.444458
0.444379
0.444299
0.44422
0.444141
0.444062
0.443982
0.443903
0.443824
0.443745
0.443666
0.443587
0.443509
0.44343
0.443351
0.443272
0.443193
0.443115
0.443036
0.442957
0.442879
0.4428
0.442722
0.442644
0.442565
0.442487
0.442409
0.44233
0.442252
0.442174
0.442096
0.442018
0.44194
0.441862
0.441784
0.441706
0.441628
0.441551
0.441473
0.441395
0.441318
0.44124
0.441163
0.441085
0.441008
0.440931
0.440853
0.440776
0.440699
0.440622
0.440545
0.440468
0.440391
0.440314
0.440237
0.44016
0.440084
0.440007
0.43993
0.439854
0.439777
0.439701
0.439625
0.439548
0.439472
0.439396
0.43932
0.439244
0.439168
0.439092
0.439016
0.43894
0.438865
0.438789
0.438714
0.438638
0.438563
0.438487
0.438412
0.438337
0.438262
0.438187
0.438112
0.438037
0.437962
0.437887
0.437813
0.437738
0.437664
0.437589
0.437515
0.437441
0.437367
0.437292
0.437218
0.437145
0.437071
0.436997
0.436923
0.43685
0.436776
0.436703
0.43663
0.436557
0.436483
0.43641
0.436338
0.436265
0.436192
0.436119
0.436047
0.435975
0.435902
0.43583
0.435758
0.435686
0.435614
0.435542
0.435471
0.435399
0.435328
0.435257
0.435185
0.435114
0.435043
0.434973
0.434902
0.434831
0.434761
0.43469
0.43462
0.43455
0.43448
0.43441
0.434341
0.434271
0.434202
0.434133
0.434063
0.433994
0.433926
0.433857
0.433788
0.43372
0.433652
0.433584
0.433516
0.433448
0.43338
0.433313
0.433245
0.433178
0.433111
0.433044
0.432978
0.432911
0.432845
0.432779
0.432713
0.432647
0.432582
0.432516
0.432451
0.432386
0.432321
0.432256
0.432192
0.432128
0.432064
0.432
0.431936
0.431873
0.431809
0.431746
0.431684
0.431621
0.431559
0.431496
0.431434
0.431373
0.431311
0.43125
0.431189
0.431128
0.431068
0.431007
0.430947
0.430888
0.430828
0.430769
0.43071
0.430651
0.430592
0.430534
0.430476
0.430419
0.430361
0.430304
0.430247
0.430191
0.430134
0.430078
0.430023
0.429967
0.429912
0.429857
0.429803
0.429749
0.429695
0.429641
0.429588
0.429535
0.429482
0.42943
0.429378
0.429327
0.429275
0.429225
0.429174
0.429124
0.429074
0.429024
0.428975
0.428926
0.428878
0.42883
0.428782
0.428735
0.428688
0.428641
0.428595
0.428549
0.428504
0.428459
0.428414
0.42837
0.428326
0.428283
0.42824
0.428197
0.428155
0.428113
0.428072
0.428031
0.42799
0.42795
0.427911
0.427871
0.427833
0.427794
0.427756
0.427719
0.427682
0.427645
0.427609
0.427573
0.427538
0.427503
0.427468
0.427434
0.427401
0.427368
0.427335
0.427303
0.427271
0.42724
0.427209
0.427178
0.427148
0.427119
0.42709
0.427061
0.427033
0.427005
0.426978
0.426951
0.426925
0.426899
0.426873
0.426848
0.426824
0.4268
0.426776
0.426753
0.42673
0.426707
0.426685
0.426664
0.426643
0.426622
0.426602
0.426582
0.426562
0.426543
0.426525
0.426507
0.426489
0.426471
0.426454
0.426438
0.426421
0.426405
0.42639
0.426375
0.42636
0.426346
0.426332
0.426318
0.426305
0.426292
0.426279
0.426267
0.426255
0.426243
0.426232
0.426221
0.42621
0.4262
0.426189
0.42618
0.42617
0.426161
0.426152
0.426143
0.426135
0.426127
0.426119
0.426111
0.426104
0.426097
0.42609
0.426083
0.426077
0.42607
0.426064
0.426059
0.426053
0.426047
0.426042
0.426037
0.426032
0.426028
0.426023
0.426019
0.426015
0.426011
0.426007
0.426003
0.426
0.425996
0.425993
0.42599
0.425987
0.425984
0.425981
0.425978
0.425976
0.425973
0.425971
0.425969
0.425967
0.425965
0.425963
0.425961
0.425959
0.425957
0.425956
0.425954
0.425953
0.425951
0.42595
0.425949
0.425947
0.425946
0.425945
0.425944
0.425943
0.425942
0.425941
0.42594
0.42594
0.425939
0.425938
0.425937
0.425937
0.425936
0.425935
0.425935
0.425934
0.425934
0.425933
0.425933
0.425932
0.425932
0.425932
0.425931
0.425931
0.425931
0.42593
0.42593
0.42593
0.425929
0.425929
0.425929
0.425929
0.425929
0.425928
0.425928
0.425928
0.425928
0.425928
0.425927
0.425927
0.425927
0.425927
0.425927
0.425927
0.425927
0.425927
0.425926
0.425926
0.425926
0.425926
0.425926
0.425926
0.425926
0.425926
0.425926
0.425926
0.425926
0.425926
0.425926
0.425926
0.425925
0.425925
0.425925
0.425925
0.425925
0.425925
0.425925
0.425925
0.425925
0.425925
0.425925
0.425925
0.425925
0.425925
0.425925
0.425925
0.425925
0.425925
0.425925
0.425925
0.425925
0.425925
0.425925
0.425925
0.425925
0.425925
0.425925
0.425925
0.425925
0.425925
0.425924
0.425924
0.425924
0.425924
0.425924
0.425924
0.425924
0.425924
0.425924
0.425924
0.425924
0.425924
0.425924
0.425924
0.425924
0.425924
0.425924
0.425924
0.425924
0.425924
0.425924
0.425924
0.425924
0.425924
0.425924
0.425924
0.425924
0.425924
0.425924
0.425924
0.425924
0.425924
0.425924
0.425924
0.425924
0.425924
0.425924
0.425924
0.425924
0.425924
0.425924
0.425924
0.425924
0.425924
0.425924
0.425924
0.425924
0.425924
0.425924
0.425923
0.425923
0.425923
0.425923
0.425923
0.425923
0.425923
0.425923
0.425923
0.425923
0.425923
0.425923
0.425923
0.425923
0.425923
0.425923
0.425923
0.425923
0.425923
0.425923
0.425923
0.425923
0.425923
0.425923
0.425923
0.425923
0.425923
0.425923
0.425923
0.425923
0.425923
0.425923
0.425923
0.425923
0.425923
0.425923
0.425923
0.425923
0.425923
0.425923
0.425923
0.425923
0.425923
0.425923
0.425923
0.425923
0.425923
0.425923
0.425923
0.425923
0.425923
0.425923
0.425923
0.425923
0.425923
0.425923
0.425923
0.425923
0.425923
0.425923
0.425923
0.425923
0.425923
0.425923
0.425923
0.425923
0.425923
0.425923
0.425923
0.425923
0.425922
0.425922
0.425922
0.425922
0.425922
0.425922
0.425922
0.425922
0.425922
0.425922
0.425922
0.425922
0.425922
0.425922
0.425922
0.425922
0.425922
0.425922
0.425922
0.425922
0.425922
0.425922
0.425922
0.425922
0.425922
0.425922
0.425922
0.425922
0.425922
0.425922
0.425922
0.425922
0.425922
0.425922
0.425922
0.425922
0.425922
0.425922
0.425922
0.425922
0.425922
0.425922
0.425922
0.425922
0.425922
0.425922
0.425922
0.425922
0.425922
0.425922
0.425922
0.425922
0.425922
0.425922
0.425922
0.425922
0.425922
0.425922
0.425922
0.425922
0.425922
0.425922
0.425922
0.425922
0.425922
0.425922
0.425922
0.425922
0.425922
0.425922
0.425922
0.425922
0.425922
0.425922
0.425922
0.425922
0.425922
0.425922
0.425922
0.425922
0.425922
0.425922
0.425922
0.425922
0.425922
0.425922
0.425922
0.425922
0.425922
0.425922
0.425922
0.425922
0.425922
0.425922
0.425922
0.425922
0.425921
0.425921
0.425921
0.425921
0.425921
0.425921
0.425921
0.425921
0.425921
0.425921
0.425921
0.425921
0.425921
0.425921
0.425921
0.425921
0.425921
0.425921
0.425921
0.425921
0.425921
0.425921
0.425921
0.425921
0.425921
0.425921
0.425921
0.425921
0.425921
0.425921
0.425921
0.425921
0.425921
0.425921
0.425921
0.425921
0.425921
0.425921
0.425921
0.425921
0.425921
0.425921
0.425921
0.425921
0.425921
0.425921
0.425921
0.425921
0.425921
0.425921
0.425921
0.425921
0.425921
0.425921
0.425921
0.425921
0.425921
0.425921
0.425921
0.425921
0.425921
0.425921
0.425921
0.425921
0.425921
0.425921
0.425921
0.425921
0.425921
0.425921
0.425921
0.425921
0.425921
0.425921
0.425921
0.425921
0.425921
0.425921
0.425921
0.425921
0.425921
0.425921
0.425921
0.425921
0.425921
0.425921
0.425921
0.425921
0.425921
0.425921
0.425921
0.425921
0.425921
0.425921
0.425921
0.425921
0.425921
0.425921
0.425921
0.425921
0.425921
0.425921
0.425921
0.425921
0.425921
0.425921
0.425921
0.425921
0.425921
0.425921
0.425921
0.425921
0.425921
0.425921
0.425921
0.425921
0.425921
0.425921
0.425921
0.425921
0.425921
0.425921
0.425921
0.42592
0.42592
0.42592
0.42592
0.42592
0.42592
0.42592
0.42592
0.42592
0.42592
0.42592
0.42592
0.42592
0.42592
0.42592
0.42592
0.42592
0.42592
0.42592
0.42592
0.42592
0.42592
0.42592
0.42592
0.42592
0.42592
0.42592
0.42592
0.42592
0.42592
0.42592
0.42592
0.42592
0.42592
0.42592
0.42592
0.42592
0.42592
0.42592
0.42592
0.42592
0.42592
0.42592
0.42592
0.42592
0.42592
0.42592
0.42592
0.42592
0.42592
0.42592
0.42592
0.42592
0.42592
0.42592
0.42592
0.42592
0.42592
0.42592
0.42592
0.42592
0.42592
0.42592
0.42592
0.42592
0.42592
0.42592
0.42592
0.42592
0.42592
0.42592
0.42592
0.42592
0.42592
0.42592
0.42592
0.42592
0.42592
0.42592
0.42592
0.42592
0.42592
0.42592
0.42592
0.42592
0.42592
0.42592
0.42592
0.42592
0.42592
0.42592
0.42592
0.42592
0.42592
0.42592
0.42592
0.42592
0.42592
0.42592
0.42592
0.42592
0.42592
0.42592
0.42592
0.42592
0.42592
0.42592
0.42592
0.42592
0.42592
0.42592
0.42592
0.42592
0.42592
0.42592
0.42592
0.42592
0.42592
0.42592
0.42592
0.42592
0.42592
0.42592
0.42592
0.42592
0.42592
0.42592
0.42592
0.42592
0.42592
0.42592
0.42592
0.42592
0.42592
0.42592
0.42592
0.42592
0.42592
0.42592
0.42592
0.42592
0.42592
0.42592
0.425919
0.425919
0.425919
0.425919
0.425919
0.425919
0.425919
0.425919
0.425919
0.425919
0.425919
0.425919
0.425919
0.425919
0.425919
0.425919
0.425919
0.425919
0.425919
0.425919
0.425919
0.425919
0.425919
0.425919
0.425919
0.425919
0.425919
0.425919
0.425919
0.425919
0.425919
0.425919
0.425919
0.425919
0.425919
0.425919
0.425919
0.425919
0.425919
0.425919
0.425919
0.425919
0.425919
0.425919
0.425919
0.425919
0.425919
0.425919
0.425919
0.425919
0.425919
0.425919
0.425919
0.425919
0.425919
0.425919
0.425919
0.425919
0.425919
0.425919
0.425919
0.425919
0.425919
0.425919
0.425919
0.425919
0.425919
0.425919
0.425919
0.425919
0.425919
0.425919
0.425919
0.425919
0.425919
0.425919
0.425919
0.425919
0.425919
0.425919
0.425919
0.425919
0.425919
0.425919
0.425919
0.425919
0.425919
0.425919
0.425919
0.425919
0.425919
0.425919
0.425919
0.425919
0.425919
0.425919
0.425919
0.425919
0.425919
0.425919
0.425919
0.425919
0.425919
0.425919
0.425919
0.425919
0.425919
0.425919
0.425919
0.425919
0.425919
0.425919
0.425919
0.425919
0.425919
0.425919
0.425919
0.425919
0.425919
0.425919
0.425919
0.425919
0.425919
0.425919
0.425919
0.425919
0.425919
0.425919
0.425919
0.425919
0.425919
0.425919
0.425919
0.425919
0.425919
0.425919
0.425919
0.425919
0.425919
0.425919
0.425919
0.425919
0.425919
0.425919
0.425919
0.425919
0.425919
0.425919
0.425919
0.425919
0.425919
0.425918
0.425918
0.425918
0.425918
0.425918
0.425918
0.425918
0.425918
0.425918
0.425918
0.425918
0.425918
0.425918
0.425918
0.425918
0.425918
0.425918
0.425918
0.425918
0.425918
0.425918
0.425918
0.425918
0.425918
0.425918
0.425918
0.425918
0.425918
0.425918
0.425918
0.425918
0.425918
0.425918
0.425918
0.425918
0.425918
0.425918
0.425918
0.425918
0.425918
0.425918
0.425918
0.425918
0.425918
0.425918
0.425918
0.425918
0.425918
0.425918
0.425918
0.425918
0.425918
0.425918
0.425918
0.425918
0.425918
0.425918
0.425918
0.425918
0.425918
0.425918
0.425918
0.425918
0.425918
0.425918
0.425918
0.425918
0.425918
0.425918
0.425918
0.425918
0.425918
0.425918
0.425918
0.425918
0.425918
0.425918
0.425918
0.425918
0.425918
0.425918
0.425918
0.425918
0.425918
0.425918
0.425918
0.425918
0.425918
0.425918
0.425918
0.425918
0.425918
0.425918
0.425918
0.425918
0.425918
0.425918
0.425918
0.425918
0.425918
0.425918
0.425918
0.425918
0.425918
0.425918
0.425918
0.425918
0.425918
0.425918
0.425918
0.425918
0.425918
0.425918
0.425918
0.425918
0.425918
0.425918
0.425918
0.425918
0.425918
0.425918
0.425918
0.425918
0.425918
0.425918
0.425918
0.425918
0.425918
0.425918
0.425918
0.425918
0.425918
0.425918
0.425918
0.425918
0.425918
0.425918
0.425918
0.425918
0.425918
0.425918
0.425918
0.425918
0.425918
0.425918
0.425918
0.425918
0.425918
0.425918
0.425917
0.425917
0.425917
0.425917
0.425917
0.425917
0.425917
0.425917
0.425917
0.425917
0.425917
0.425917
0.425917
0.425917
0.425917
0.425917
0.425917
0.425917
0.425917
0.425917
0.425917
0.425917
0.425917
0.425917
0.425917
0.425917
0.425917
0.425917
0.425917
0.425917
0.425917
0.425917
0.425917
0.425917
0.425917
0.425917
0.425917
0.425917
0.425917
0.425917
0.425917
0.425917
0.425917
0.425917
0.425917
0.425917
0.425917
0.425917
0.425917
0.425917
0.425917
0.425917
0.425917
0.425917
0.425917
0.425917
0.425917
0.425917
0.425917
0.425917
0.425917
0.425917
0.425917
0.425917
0.425917
0.425917
0.425917
0.425917
0.425917
0.425917
0.425917
0.425917
0.425917
0.425917
0.425917
0.425917
0.425917
0.425917
0.425917
0.425917
0.425917
0.425917
0.425917
0.425917
0.425917
0.425917
0.425917
0.425917
0.425917
0.425917
0.425917
0.425917
0.425917
0.425917
0.425917
0.425917
0.425917
0.425917
0.425917
0.425917
0.425917
0.425917
0.425917
0.425917
0.425917
0.425917
0.425917
0.425917
0.425917
0.425917
0.425917
0.425917
0.425917
0.425917
0.425917
0.425917
0.425917
0.425917
0.425917
0.425917
0.425917
0.425917
0.425917
0.425917
0.425917
0.425917
0.425917
0.425917
0.425917
0.425917
0.425917
0.425917
0.425917
0.425917
0.425917
0.425917
0.425917
0.425917
0.425917
0.425917
0.425917
0.425917
0.425916
0.425916
0.425916
0.425916
0.425916
0.425916
0.425916
0.425916
0.425916
0.425916
0.425916
0.425916
0.425916
0.425916
0.425916
0.425916
0.425916
0.425916
0.425916
0.425916
0.425916
0.425916
0.425916
0.425916
0.425916
0.425916
0.425916
0.425916
0.425916
0.425916
0.425916
0.425916
0.425916
0.425916
0.425916
0.425916
0.425916
0.425916
0.425916
0.425916
0.425916
0.425916
0.425916
0.425916
0.425916
0.425916
0.425916
0.425916
0.425916
0.425916
0.425916
0.425916
0.425916
0.425916
0.425916
0.425916
0.425916
0.425916
0.425916
0.425916
0.425916
0.425916
0.425916
0.425916
0.425916
0.425916
0.425916
0.425916
0.425916
0.425916
0.425916
0.425916
0.425916
0.425916
0.425916
0.425916
0.425916
0.425916
0.425916
0.425916
0.425916
0.425916
0.425916
0.425916
0.425916
0.425916
0.425916
0.425916
0.425916
0.425916
0.425916
0.425916
0.425916
0.425916
0.425916
0.425916
0.425916
0.425916
0.425916
0.425916
0.425916
0.425916
0.425916
0.425916
0.425916
0.425916
0.425916
0.425916
0.425916
0.425916
0.425916
0.425916
0.425916
0.425916
0.425916
0.425916
0.425916
0.425916
0.425916
0.425916
0.425916
0.425916
0.425916
0.425916
0.425916
0.425916
0.425916
0.425916
0.425916
0.425916
0.425916
0.425916
0.425916
0.425915
0.425915
0.425915
0.425915
0.425915
0.425915
0.425915
0.425915
0.425915
0.425915
0.425915
0.425915
0.425915
0.425915
0.425915
0.425915
0.425915
0.425915
0.425915
0.425915
0.425915
0.425915
0.425915
0.425915
0.425915
0.425915
0.425915
0.425915
0.425915
0.425915
0.425915
0.425915
0.425915
0.425915
0.425915
0.425915
0.425915
0.425915
0.425915
0.425915
0.425915
0.425915
0.425915
0.425915
0.425915
0.425915
0.425915
0.425915
0.425915
0.425915
0.425915
0.425915
0.425915
0.425915
0.425915
0.425915
0.425915
0.425915
0.425915
0.425915
0.425915
0.425915
0.425915
0.425915
0.425915
0.425915
0.425915
0.425915
0.425915
0.425915
0.425915
0.425915
0.425915
0.425915
0.425915
0.425915
0.425915
0.425915
0.425915
0.425915
0.425915
0.425915
0.425915
0.425915
0.425915
0.425915
0.425915
0.425915
0.425915
0.425915
0.425915
0.425915
0.425915
0.425915
0.425915
0.425915
0.425915
0.425915
0.425915
0.425915
0.425915
0.425915
0.425915
0.425915
0.425915
0.425915
0.425915
0.425915
0.425915
0.425915
0.425915
0.425915
0.425915
0.425915
0.425915
0.425915
0.425915
0.425915
0.425915
0.425915
0.425915
0.425915
0.425915
0.425915
0.425915
0.425914
0.425914
0.425914
0.425914
0.425914
0.425914
0.425914
0.425914
0.425914
0.425914
0.425914
0.425914
0.425914
0.425914
0.425914
0.425914
0.425914
0.425914
0.425914
0.425914
0.425914
0.425914
0.425914
0.425914
0.425914
0.425914
0.425914
0.425914
0.425914
0.425914
0.425914
0.425914
0.425914
0.425914
0.425914
0.425914
0.425914
0.425914
0.425914
0.425914
0.425914
0.425914
0.425914
0.425914
0.425914
0.425914
0.425914
0.425914
0.425914
0.425914
0.425914
0.425914
0.425914
0.425914
0.425914
0.425914
0.425914
0.425914
0.425914
0.425914
0.425914
0.425914
0.425914
0.425914
0.425914
0.425914
0.425914
0.425914
0.425914
0.425914
0.425914
0.425914
0.425914
0.425914
0.425914
0.425914
0.425914
0.425914
0.425914
0.425914
0.425914
0.425914
0.425914
0.425914
0.425914
0.425914
0.425914
0.425914
0.425914
0.425914
0.425914
0.425914
0.425914
0.425914
0.425914
0.425914
0.425914
0.425914
0.425914
0.425914
0.425914
0.425914
0.425914
0.425914
0.425914
0.425914
0.425914
0.425914
0.425914
0.425914
0.425914
0.425914
0.425914
0.425914
0.425914
0.425914
0.425913
0.425913
0.425913
0.425913
0.425913
0.425913
0.425913
0.425913
0.425913
0.425913
0.425913
0.425913
0.425913
0.425913
0.425913
0.425913
0.425913
0.425913
0.425913
0.425913
0.425913
0.425913
0.425913
0.425913
0.425913
0.425913
0.425913
0.425913
0.425913
0.425913
0.425913
0.425913
0.425913
0.425913
0.425913
0.425913
0.425913
0.425913
0.425913
0.425913
0.425913
0.425913
0.425913
0.425913
0.425913
0.425913
0.425913
0.425913
0.425913
0.425913
0.425913
0.425913
0.425913
0.425913
0.425913
0.425913
0.425913
0.425913
0.425913
0.425913
0.425913
0.425913
0.425913
0.425913
0.425913
0.425913
0.425913
0.425913
0.425913
0.425913
0.425913
0.425913
0.425913
0.425913
0.425913
0.425913
0.425913
0.425913
0.425913
0.425913
0.425913
0.425913
0.425913
0.425913
0.425913
0.425913
0.425913
0.425913
0.425913
0.425913
0.425913
0.425913
0.425913
0.425913
0.425913
0.425913
0.425913
0.425913
0.425913
0.425913
0.425913
0.425913
0.425913
0.425913
0.425913
0.425913
0.425913
0.425913
0.425912
0.425912
0.425912
0.425912
0.425912
0.425912
0.425912
0.425912
0.425912
0.425912
0.425912
0.425912
0.425912
0.425912
0.425912
0.425912
0.425912
0.425912
0.425912
0.425912
0.425912
0.425912
0.425912
0.425912
0.425912
0.425912
0.425912
0.425912
0.425912
0.425912
0.425912
0.425912
0.425912
0.425912
0.425912
0.425912
0.425912
0.425912
0.425912
0.425912
0.425912
0.425912
0.425912
0.425912
0.425912
0.425912
0.425912
0.425912
0.425912
0.425912
0.425912
0.425912
0.425912
0.425912
0.425912
0.425912
0.425912
0.425912
0.425912
0.425912
0.425912
0.425912
0.425912
0.425912
0.425912
0.425912
0.425912
0.425912
0.425912
0.425912
0.425912
0.425912
0.425912
0.425912
0.425912
0.425912
0.425912
0.425912
0.425912
0.425912
0.425912
0.425912
0.425912
0.425912
0.425912
0.425912
0.425912
0.425912
0.425912
0.425912
0.425912
0.425912
0.425912
0.425912
0.425912
0.425912
0.425912
0.425912
0.425912
0.425912
0.425912
0.425911
0.425911
0.425911
0.425911
0.425911
0.425911
0.425911
0.425911
0.425911
0.425911
0.425911
0.425911
0.425911
0.425911
0.425911
0.425911
0.425911
0.425911
0.425911
0.425911
0.425911
0.425911
0.425911
0.425911
0.425911
0.425911
0.425911
0.425911
0.425911
0.425911
0.425911
0.425911
0.425911
0.425911
0.425911
0.425911
0.425911
0.425911
0.425911
0.425911
0.425911
0.425911
0.425911
0.425911
0.425911
0.425911
0.425911
0.425911
0.425911
0.425911
0.425911
0.425911
0.425911
0.425911
0.425911
0.425911
0.425911
0.425911
0.425911
0.425911
0.425911
0.425911
0.425911
0.425911
0.425911
0.425911
0.425911
0.425911
0.425911
0.425911
0.425911
0.425911
0.425911
0.425911
0.425911
0.425911
0.425911
0.425911
0.425911
0.425911
0.425911
0.425911
0.425911
0.425911
0.425911
0.425911
0.425911
0.425911
0.425911
0.425911
0.425911
0.425911
0.425911
0.425911
0.425911
0.42591
0.42591
0.42591
0.42591
0.42591
0.42591
0.42591
0.42591
0.42591
0.42591
0.42591
0.42591
0.42591
0.42591
0.42591
0.42591
0.42591
0.42591
0.42591
0.42591
0.42591
0.42591
0.42591
0.42591
0.42591
0.42591
0.42591
0.42591
0.42591
0.42591
0.42591
0.42591
0.42591
0.42591
0.42591
0.42591
0.42591
0.42591
0.42591
0.42591
0.42591
0.42591
0.42591
0.42591
0.42591
0.42591
0.42591
0.42591
0.42591
0.42591
0.42591
0.42591
0.42591
0.42591
0.42591
0.42591
0.42591
0.42591
0.42591
0.42591
0.42591
0.42591
0.42591
0.42591
0.42591
0.42591
0.42591
0.42591
0.42591
0.42591
0.42591
0.42591
0.42591
0.42591
0.42591
0.42591
0.42591
0.42591
0.42591
0.42591
0.42591
0.42591
0.42591
0.42591
0.42591
0.42591
0.42591
0.42591
0.425909
0.425909
0.425909
0.425909
0.425909
0.425909
0.425909
0.425909
0.425909
0.425909
0.425909
0.425909
0.425909
0.425909
0.425909
0.425909
0.425909
0.425909
0.425909
0.425909
0.425909
0.425909
0.425909
0.425909
0.425909
0.425909
0.425909
0.425909
0.425909
0.425909
0.425909
0.425909
0.425909
0.425909
0.425909
0.425909
0.425909
0.425909
0.425909
0.425909
0.425909
0.425909
0.425909
0.425909
0.425909
0.425909
0.425909
0.425909
0.425909
0.425909
0.425909
0.425909
0.425909
0.425909
0.425909
0.425909
0.425909
0.425909
0.425909
0.425909
0.425909
0.425909
0.425909
0.425909
0.425909
0.425909
0.425909
0.425909
0.425909
0.425909
0.425909
0.425909
0.425909
0.425909
0.425909
0.425909
0.425909
0.425909
0.425909
0.425909
0.425909
0.425909
0.425908
0.425908
0.425908
0.425908
0.425908
0.425908
0.425908
0.425908
0.425908
0.425908
0.425908
0.425908
0.425908
0.425908
0.425908
0.425908
0.425908
0.425908
0.425908
0.425908
0.425908
0.425908
0.425908
0.425908
0.425908
0.425908
0.425908
0.425908
0.425908
0.425908
0.425908
0.425908
0.425908
0.425908
0.425908
0.425908
0.425908
0.425908
0.425908
0.425908
0.425908
0.425908
0.425908
0.425908
0.425908
0.425908
0.425908
0.425908
0.425908
0.425908
0.425908
0.425908
0.425908
0.425908
0.425908
0.425908
0.425908
0.425908
0.425908
0.425908
0.425908
0.425908
0.425908
0.425908
0.425908
0.425908
0.425908
0.425908
0.425908
0.425908
0.425908
0.425908
0.425908
0.425908
0.425908
0.425908
0.425908
0.425908
0.425907
0.425907
0.425907
0.425907
0.425907
0.425907
0.425907
0.425907
0.425907
0.425907
0.425907
0.425907
0.425907
0.425907
0.425907
0.425907
0.425907
0.425907
0.425907
0.425907
0.425907
0.425907
0.425907
0.425907
0.425907
0.425907
0.425907
0.425907
0.425907
0.425907
0.425907
0.425907
0.425907
0.425907
0.425907
0.425907
0.425907
0.425907
0.425907
0.425907
0.425907
0.425907
0.425907
0.425907
0.425907
0.425907
0.425907
0.425907
0.425907
0.425907
0.425907
0.425907
0.425907
0.425907
0.425907
0.425907
0.425907
0.425907
0.425907
0.425907
0.425907
0.425907
0.425907
0.425907
0.425907
0.425907
0.425907
0.425907
0.425907
0.425907
0.425907
0.425907
0.425907
0.425906
0.425906
0.425906
0.425906
0.425906
0.425906
0.425906
0.425906
0.425906
0.425906
0.425906
0.425906
0.425906
0.425906
0.425906
0.425906
0.425906
0.425906
0.425906
0.425906
0.425906
0.425906
0.425906
0.425906
0.425906
0.425906
0.425906
0.425906
0.425906
0.425906
0.425906
0.425906
0.425906
0.425906
0.425906
0.425906
0.425906
0.425906
0.425906
0.425906
0.425906
0.425906
0.425906
0.425906
0.425906
0.425906
0.425906
0.425906
0.425906
0.425906
0.425906
0.425906
0.425906
0.425906
0.425906
0.425906
0.425906
0.425906
0.425906
0.425906
0.425906
0.425906
0.425906
0.425906
0.425906
0.425906
0.425906
0.425906
0.425905
0.425905
0.425905
0.425905
0.425905
0.425905
0.425905
0.425905
0.425905
0.425905
0.425905
0.425905
0.425905
0.425905
0.425905
0.425905
0.425905
0.425905
0.425905
0.425905
0.425905
0.425905
0.425905
0.425905
0.425905
0.425905
0.425905
0.425905
0.425905
0.425905
0.425905
0.425905
0.425905
0.425905
0.425905
0.425905
0.425905
0.425905
0.425905
0.425905
0.425905
0.425905
0.425905
0.425905
0.425905
0.425905
0.425905
0.425905
0.425905
0.425905
0.425905
0.425905
0.425905
0.425905
0.425905
0.425905
0.425905
0.425905
0.425905
0.425905
0.425905
0.425905
0.425905
0.425905
0.425904
0.425904
0.425904
0.425904
0.425904
0.425904
0.425904
0.425904
0.425904
0.425904
0.425904
0.425904
0.425904
0.425904
0.425904
0.425904
0.425904
0.425904
0.425904
0.425904
0.425904
0.425904
0.425904
0.425904
0.425904
0.425904
0.425904
0.425904
0.425904
0.425904
0.425904
0.425904
0.425904
0.425904
0.425904
0.425904
0.425904
0.425904
0.425904
0.425904
0.425904
0.425904
0.425904
0.425904
0.425904
0.425904
0.425904
0.425904
0.425904
0.425904
0.425904
0.425904
0.425904
0.425904
0.425904
0.425904
0.425904
0.425904
0.425904
0.425904
0.425904
0.425903
0.425903
0.425903
0.425903
0.425903
0.425903
0.425903
0.425903
0.425903
0.425903
0.425903
0.425903
0.425903
0.425903
0.425903
0.425903
0.425903
0.425903
0.425903
0.425903
0.425903
0.425903
0.425903
0.425903
0.425903
0.425903
0.425903
0.425903
0.425903
0.425903
0.425903
0.425903
0.425903
0.425903
0.425903
0.425903
0.425903
0.425903
0.425903
0.425903
0.425903
0.425903
0.425903
0.425903
0.425903
0.425903
0.425903
0.425903
0.425903
0.425903
0.425903
0.425903
0.425903
0.425903
0.425903
0.425903
0.425903
0.425903
0.425902
0.425902
0.425902
0.425902
0.425902
0.425902
0.425902
0.425902
0.425902
0.425902
0.425902
0.425902
0.425902
0.425902
0.425902
0.425902
0.425902
0.425902
0.425902
0.425902
0.425902
0.425902
0.425902
0.425902
0.425902
0.425902
0.425902
0.425902
0.425902
0.425902
0.425902
0.425902
0.425902
0.425902
0.425902
0.425902
0.425902
0.425902
0.425902
0.425902
0.425902
0.425902
0.425902
0.425902
0.425902
0.425902
0.425902
0.425902
0.425902
0.425902
0.425902
0.425902
0.425902
0.425902
0.425901
0.425901
0.425901
0.425901
0.425901
0.425901
0.425901
0.425901
0.425901
0.425901
0.425901
0.425901
0.425901
0.425901
0.425901
0.425901
0.425901
0.425901
0.425901
0.425901
0.425901
0.425901
0.425901
0.425901
0.425901
0.425901
0.425901
0.425901
0.425901
0.425901
0.425901
0.425901
0.425901
0.425901
0.425901
0.425901
0.425901
0.425901
0.425901
0.425901
0.425901
0.425901
0.425901
0.425901
0.425901
0.425901
0.425901
0.425901
0.425901
0.425901
0.425901
0.425901
0.4259
0.4259
0.4259
0.4259
0.4259
0.4259
0.4259
0.4259
0.4259
0.4259
0.4259
0.4259
0.4259
0.4259
0.4259
0.4259
0.4259
0.4259
0.4259
0.4259
0.4259
0.4259
0.4259
0.4259
0.4259
0.4259
0.4259
0.4259
0.4259
0.4259
0.4259
0.4259
0.4259
0.4259
0.4259
0.4259
0.4259
0.4259
0.4259
0.4259
0.4259
0.4259
0.4259
0.4259
0.4259
0.4259
0.4259
0.4259
0.4259
0.425899
0.425899
0.425899
0.425899
0.425899
0.425899
0.425899
0.425899
0.425899
0.425899
0.425899
0.425899
0.425899
0.425899
0.425899
0.425899
0.425899
0.425899
0.425899
0.425899
0.425899
0.425899
0.425899
0.425899
0.425899
0.425899
0.425899
0.425899
0.425899
0.425899
0.425899
0.425899
0.425899
0.425899
0.425899
0.425899
0.425899
0.425899
0.425899
0.425899
0.425899
0.425899
0.425899
0.425899
0.425899
0.425899
0.425899
0.425898
0.425898
0.425898
0.425898
0.425898
0.425898
0.425898
0.425898
0.425898
0.425898
0.425898
0.425898
0.425898
0.425898
0.425898
0.425898
0.425898
0.425898
0.425898
0.425898
0.425898
0.425898
0.425898
0.425898
0.425898
0.425898
0.425898
0.425898
0.425898
0.425898
0.425898
0.425898
0.425898
0.425898
0.425898
0.425898
0.425898
0.425898
0.425898
0.425898
0.425898
0.425898
0.425898
0.425898
0.425897
0.425897
0.425897
0.425897
0.425897
0.425897
0.425897
0.425897
0.425897
0.425897
0.425897
0.425897
0.425897
0.425897
0.425897
0.425897
0.425897
0.425897
0.425897
0.425897
0.425897
0.425897
0.425897
0.425897
0.425897
0.425897
0.425897
0.425897
0.425897
0.425897
0.425897
0.425897
0.425897
0.425897
0.425897
0.425897
0.425897
0.425897
0.425897
0.425897
0.425897
0.425897
0.425896
0.425896
0.425896
0.425896
0.425896
0.425896
0.425896
0.425896
0.425896
0.425896
0.425896
0.425896
0.425896
0.425896
0.425896
0.425896
0.425896
0.425896
0.425896
0.425896
0.425896
0.425896
0.425896
0.425896
0.425896
0.425896
0.425896
0.425896
0.425896
0.425896
0.425896
0.425896
0.425896
0.425896
0.425896
0.425896
0.425896
0.425896
0.425896
0.425896
0.425896
0.425895
0.425895
0.425895
0.425895
0.425895
0.425895
0.425895
0.425895
0.425895
0.425895
0.425895
0.425895
0.425895
0.425895
0.425895
0.425895
0.425895
0.425895
0.425895
0.425895
0.425895
0.425895
0.425895
0.425895
0.425895
0.425895
0.425895
0.425895
0.425895
0.425895
0.425895
0.425895
0.425895
0.425895
0.425895
0.425895
0.425895
0.425895
0.425894
0.425894
0.425894
0.425894
0.425894
0.425894
0.425894
0.425894
0.425894
0.425894
0.425894
0.425894
0.425894
0.425894
0.425894
0.425894
0.425894
0.425894
0.425894
0.425894
0.425894
0.425894
0.425894
0.425894
0.425894
0.425894
0.425894
0.425894
0.425894
0.425894
0.425894
0.425894
0.425894
0.425894
0.425894
0.425894
0.425894
0.425893
0.425893
0.425893
0.425893
0.425893
0.425893
0.425893
0.425893
0.425893
0.425893
0.425893
0.425893
0.425893
0.425893
0.425893
0.425893
0.425893
0.425893
0.425893
0.425893
0.425893
0.425893
0.425893
0.425893
0.425893
0.425893
0.425893
0.425893
0.425893
0.425893
0.425893
0.425893
0.425893
0.425893
0.425893
0.425892
0.425892
0.425892
0.425892
0.425892
0.425892
0.425892
0.425892
0.425892
0.425892
0.425892
0.425892
0.425892
0.425892
0.425892
0.425892
0.425892
0.425892
0.425892
0.425892
0.425892
0.425892
0.425892
0.425892
0.425892
0.425892
0.425892
0.425892
0.425892
0.425892
0.425892
0.425892
0.425892
0.425892
0.425891
0.425891
0.425891
0.425891
0.425891
0.425891
0.425891
0.425891
0.425891
0.425891
0.425891
0.425891
0.425891
0.425891
0.425891
0.425891
0.425891
0.425891
0.425891
0.425891
0.425891
0.425891
0.425891
0.425891
0.425891
0.425891
0.425891
0.425891
0.425891
0.425891
0.425891
0.425891
0.42589
0.42589
0.42589
0.42589
0.42589
0.42589
0.42589
0.42589
0.42589
0.42589
0.42589
0.42589
0.42589
0.42589
0.42589
0.42589
0.42589
0.42589
0.42589
0.42589
0.42589
0.42589
0.42589
0.42589
0.42589
0.42589
0.42589
0.42589
0.42589
0.42589
0.42589
0.425889
0.425889
0.425889
0.425889
0.425889
0.425889
0.425889
0.425889
0.425889
0.425889
0.425889
0.425889
0.425889
0.425889
0.425889
0.425889
0.425889
0.425889
0.425889
0.425889
0.425889
0.425889
0.425889
0.425889
0.425889
0.425889
0.425889
0.425889
0.425889
0.425889
0.425888
0.425888
0.425888
0.425888
0.425888
0.425888
0.425888
0.425888
0.425888
0.425888
0.425888
0.425888
0.425888
0.425888
0.425888
0.425888
0.425888
0.425888
0.425888
0.425888
0.425888
0.425888
0.425888
0.425888
0.425888
0.425888
0.425888
0.425888
0.425888
0.425887
0.425887
0.425887
0.425887
0.425887
0.425887
0.425887
0.425887
0.425887
0.425887
0.425887
0.425887
0.425887
0.425887
0.425887
0.425887
0.425887
0.425887
0.425887
0.425887
0.425887
0.425887
0.425887
0.425887
0.425887
0.425887
0.425887
0.425886
0.425886
0.425886
0.425886
0.425886
0.425886
0.425886
0.425886
0.425886
0.425886
0.425886
0.425886
0.425886
0.425886
0.425886
0.425886
0.425886
0.425886
0.425886
0.425886
0.425886
0.425886
0.425886
0.425886
0.425886
0.425886
0.425886
0.425885
0.425885
0.425885
0.425885
0.425885
0.425885
0.425885
0.425885
0.425885
0.425885
0.425885
0.425885
0.425885
0.425885
0.425885
0.425885
0.425885
0.425885
0.425885
0.425885
0.425885
0.425885
0.425885
0.425885
0.425885
0.425884
0.425884
0.425884
0.425884
0.425884
0.425884
0.425884
0.425884
0.425884
0.425884
0.425884
0.425884
0.425884
0.425884
0.425884
0.425884
0.425884
0.425884
0.425884
0.425884
0.425884
0.425884
0.425884
0.425884
0.425884
0.425883
0.425883
0.425883
0.425883
0.425883
0.425883
0.425883
0.425883
0.425883
0.425883
0.425883
0.425883
0.425883
0.425883
0.425883
0.425883
0.425883
0.425883
0.425883
0.425883
0.425883
0.425883
0.425883
0.425882
0.425882
0.425882
0.425882
0.425882
0.425882
0.425882
0.425882
0.425882
0.425882
0.425882
0.425882
0.425882
0.425882
0.425882
0.425882
0.425882
0.425882
0.425882
0.425882
0.425882
0.425882
0.425882
0.425881
0.425881
0.425881
0.425881
0.425881
0.425881
0.425881
0.425881
0.425881
0.425881
0.425881
0.425881
0.425881
0.425881
0.425881
0.425881
0.425881
0.425881
0.425881
0.425881
0.425881
0.425881
0.42588
0.42588
0.42588
0.42588
0.42588
0.42588
0.42588
0.42588
0.42588
0.42588
0.42588
0.42588
0.42588
0.42588
0.42588
0.42588
0.42588
0.42588
0.42588
0.42588
0.42588
0.42588
0.425879
0.425879
0.425879
0.425879
0.425879
0.425879
0.425879
0.425879
0.425879
0.425879
0.425879
0.425879
0.425879
0.425879
0.425879
0.425879
0.425879
0.425879
0.425879
0.425879
0.425878
0.425878
0.425878
0.425878
0.425878
0.425878
0.425878
0.425878
0.425878
0.425878
0.425878
0.425878
0.425878
0.425878
0.425878
0.425878
0.425878
0.425878
0.425878
0.425878
0.425877
0.425877
0.425877
0.425877
0.425877
0.425877
0.425877
0.425877
0.425877
0.425877
0.425877
0.425877
0.425877
0.425877
0.425877
0.425877
0.425877
0.425877
0.425877
0.425876
0.425876
0.425876
0.425876
0.425876
0.425876
0.425876
0.425876
0.425876
0.425876
0.425876
0.425876
0.425876
0.425876
0.425876
0.425876
0.425876
0.425876
0.425876
0.425875
0.425875
0.425875
0.425875
0.425875
0.425875
0.425875
0.425875
0.425875
0.425875
0.425875
0.425875
0.425875
0.425875
0.425875
0.425875
0.425875
0.425875
0.425874
0.425874
0.425874
0.425874
0.425874
0.425874
0.425874
0.425874
0.425874
0.425874
0.425874
0.425874
0.425874
0.425874
0.425874
0.425874
0.425874
0.425874
0.425873
0.425873
0.425873
0.425873
0.425873
0.425873
0.425873
0.425873
0.425873
0.425873
0.425873
0.425873
0.425873
0.425873
0.425873
0.425873
0.425873
0.425872
0.425872
0.425872
0.425872
0.425872
0.425872
0.425872
0.425872
0.425872
0.425872
0.425872
0.425872
0.425872
0.425872
0.425872
0.425872
0.425871
0.425871
0.425871
0.425871
0.425871
0.425871
0.425871
0.425871
0.425871
0.425871
0.425871
0.425871
0.425871
0.425871
0.425871
0.425871
0.42587
0.42587
0.42587
0.42587
0.42587
0.42587
0.42587
0.42587
0.42587
0.42587
0.42587
0.42587
0.42587
0.42587
0.42587
0.42587
0.425869
0.425869
0.425869
0.425869
0.425869
0.425869
0.425869
0.425869
0.425869
0.425869
0.425869
0.425869
0.425869
0.425869
0.425869
0.425868
0.425868
0.425868
0.425868
0.425868
0.425868
0.425868
0.425868
0.425868
0.425868
0.425868
0.425868
0.425868
0.425868
0.425867
0.425867
0.425867
0.425867
0.425867
0.425867
0.425867
0.425867
0.425867
0.425867
0.425867
0.425867
0.425867
0.425867
0.425866
0.425866
0.425866
0.425866
0.425866
0.425866
0.425866
0.425866
0.425866
0.425866
0.425866
0.425866
0.425866
0.425866
0.425865
0.425865
0.425865
0.425865
0.425865
0.425865
0.425865
0.425865
0.425865
0.425865
0.425865
0.425865
0.425865
0.425865
0.425864
0.425864
0.425864
0.425864
0.425864
0.425864
0.425864
0.425864
0.425864
0.425864
0.425864
0.425864
0.425864
0.425863
0.425863
0.425863
0.425863
0.425863
0.425863
0.425863
0.425863
0.425863
0.425863
0.425863
0.425863
0.425863
0.425862
0.425862
0.425862
0.425862
0.425862
0.425862
0.425862
0.425862
0.425862
0.425862
0.425862
0.425862
0.425861
0.425861
0.425861
0.425861
0.425861
0.425861
0.425861
0.425861
0.425861
0.425861
0.425861
0.425861
0.42586
0.42586
0.42586
0.42586
0.42586
0.42586
0.42586
0.42586
0.42586
0.42586
0.42586
0.42586
0.425859
0.425859
0.425859
0.425859
0.425859
0.425859
0.425859
0.425859
0.425859
0.425859
0.425859
0.425859
0.425858
0.425858
0.425858
0.425858
0.425858
0.425858
0.425858
0.425858
0.425858
0.425858
0.425858
0.425857
0.425857
0.425857
0.425857
0.425857
0.425857
0.425857
0.425857
0.425857
0.425857
0.425857
0.425856
0.425856
0.425856
0.425856
0.425856
0.425856
0.425856
0.425856
0.425856
0.425856
0.425855
0.425855
0.425855
0.425855
0.425855
0.425855
0.425855
0.425855
0.425855
0.425855
0.425855
0.425854
0.425854
0.425854
0.425854
0.425854
0.425854
0.425854
0.425854
0.425854
0.425854
0.425853
0.425853
0.425853
0.425853
0.425853
0.425853
0.425853
0.425853
0.425853
0.425853
0.425852
0.425852
0.425852
0.425852
0.425852
0.425852
0.425852
0.425852
0.425852
0.425852
0.425851
0.425851
0.425851
0.425851
0.425851
0.425851
0.425851
0.425851
0.425851
0.42585
0.42585
0.42585
0.42585
0.42585
0.42585
0.42585
0.42585
0.42585
0.425849
0.425849
0.425849
0.425849
0.425849
0.425849
0.425849
0.425849
0.425849
0.425848
0.425848
0.425848
0.425848
0.425848
0.425848
0.425848
0.425848
0.425848
0.425847
0.425847
0.425847
0.425847
0.425847
0.425847
0.425847
0.425847
0.425847
0.425846
0.425846
0.425846
0.425846
0.425846
0.425846
0.425846
0.425846
0.425845
0.425845
0.425845
0.425845
0.425845
0.425845
0.425845
0.425845
0.425845
0.425844
0.425844
0.425844
0.425844
0.425844
0.425844
0.425844
0.425844
0.425843
0.425843
0.425843
0.425843
0.425843
0.425843
0.425843
0.425843
0.425842
0.425842
0.425842
0.425842
0.425842
0.425842
0.425842
0.425842
0.425841
0.425841
0.425841
0.425841
0.425841
0.425841
0.425841
0.42584
0.42584
0.42584
0.42584
0.42584
0.42584
0.42584
0.42584
0.425839
0.425839
0.425839
0.425839
0.425839
0.425839
0.425839
0.425838
0.425838
0.425838
0.425838
0.425838
0.425838
0.425838
0.425837
0.425837
0.425837
0.425837
0.425837
0.425837
0.425837
0.425836
0.425836
0.425836
0.425836
0.425836
0.425836
0.425836
0.425835
0.425835
0.425835
0.425835
0.425835
0.425835
0.425835
0.425834
0.425834
0.425834
0.425834
0.425834
0.425834
0.425833
0.425833
0.425833
0.425833
0.425833
0.425833
0.425833
0.425832
0.425832
0.425832
0.425832
0.425832
0.425832
0.425831
0.425831
0.425831
0.425831
0.425831
0.425831
0.425831
0.42583
0.42583
0.42583
0.42583
0.42583
0.42583
0.425829
0.425829
0.425829
0.425829
0.425829
0.425829
0.425828
0.425828
0.425828
0.425828
0.425828
0.425828
0.425827
0.425827
0.425827
0.425827
0.425827
0.425827
0.425826
0.425826
0.425826
0.425826
0.425826
0.425825
0.425825
0.425825
0.425825
0.425825
0.425825
0.425824
0.425824
0.425824
0.425824
0.425824
0.425823
0.425823
0.425823
0.425823
0.425823
0.425823
0.425822
0.425822
0.425822
0.425822
0.425822
0.425821
0.425821
0.425821
0.425821
0.425821
0.42582
0.42582
0.42582
0.42582
0.42582
0.425819
0.425819
0.425819
0.425819
0.425819
0.425819
0.425818
0.425818
0.425818
0.425818
0.425817
0.425817
0.425817
0.425817
0.425817
0.425816
0.425816
0.425816
0.425816
0.425816
0.425815
0.425815
0.425815
0.425815
0.425815
0.425814
0.425814
0.425814
0.425814
0.425814
0.425813
0.425813
0.425813
0.425813
0.425812
0.425812
0.425812
0.425812
0.425812
0.425811
0.425811
0.425811
0.425811
0.42581
0.42581
0.42581
0.42581
0.425809
0.425809
0.425809
0.425809
0.425809
0.425808
0.425808
0.425808
0.425808
0.425807
0.425807
0.425807
0.425807
0.425806
0.425806
0.425806
0.425806
0.425805
0.425805
0.425805
0.425805
0.425804
0.425804
0.425804
0.425804
0.425803
0.425803
0.425803
0.425803
0.425802
0.425802
0.425802
0.425802
0.425801
0.425801
0.425801
0.425801
0.4258
0.4258
0.4258
0.4258
0.425799
0.425799
0.425799
0.425798
0.425798
0.425798
0.425798
0.425797
0.425797
0.425797
0.425796
0.425796
0.425796
0.425796
0.425795
0.425795
0.425795
0.425795
0.425794
0.425794
0.425794
0.425793
0.425793
0.425793
0.425792
0.425792
0.425792
0.425792
0.425791
0.425791
0.425791
0.42579
0.42579
0.42579
0.425789
0.425789
0.425789
0.425788
0.425788
0.425788
0.425788
0.425787
0.425787
0.425787
0.425786
0.425786
0.425786
0.425785
0.425785
0.425785
0.425784
0.425784
0.425784
0.425783
0.425783
0.425783
0.425782
0.425782
0.425782
0.425781
0.425781
0.425781
0.42578
0.42578
0.42578
0.425779
0.425779
0.425778
0.425778
0.425778
0.425777
0.425777
0.425777
0.425776
0.425776
0.425776
0.425775
0.425775
0.425774
0.425774
0.425774
0.425773
0.425773
0.425772
0.425772
0.425772
0.425771
0.425771
0.425771
0.42577
0.42577
0.425769
0.425769
0.425769
0.425768
0.425768
0.425767
0.425767
0.425767
0.425766
0.425766
0.425765
0.425765
0.425764
0.425764
0.425764
0.425763
0.425763
0.425762
0.425762
0.425761
0.425761
0.42576
0.42576
0.42576
0.425759
0.425759
0.425758
0.425758
0.425757
0.425757
0.425756
0.425756
0.425755
0.425755
0.425755
0.425754
0.425754
0.425753
0.425753
0.425752
0.425752
0.425751
0.425751
0.42575
0.42575
0.425749
0.425749
0.425748
0.425748
0.425747
0.425747
0.425746
0.425746
0.425745
0.425744
0.425744
0.425743
0.425743
0.425742
0.425742
0.425741
0.425741
0.42574
0.42574
0.425739
0.425738
0.425738
0.425737
0.425737
0.425736
0.425736
0.425735
0.425734
0.425734
0.425733
0.425733
0.425732
0.425731
0.425731
0.42573
0.42573
0.425729
0.425728
0.425728
0.425727
0.425727
0.425726
0.425725
0.425725
0.425724
0.425723
0.425723
0.425722
0.425721
0.425721
0.42572
0.425719
0.425719
0.425718
0.425717
0.425717
0.425716
0.425715
0.425714
0.425714
0.425713
0.425712
0.425712
0.425711
0.42571
0.425709
0.425709
0.425708
0.425707
0.425706
0.425706
0.425705
0.425704
0.425703
0.425702
0.425702
0.425701
0.4257
0.425699
0.425698
0.425698
0.425697
0.425696
0.425695
0.425694
0.425693
0.425693
0.425692
0.425691
0.42569
0.425689
0.425688
0.425687
0.425686
0.425685
0.425685
0.425684
0.425683
0.425682
0.425681
0.42568
0.425679
0.425678
0.425677
0.425676
0.425675
0.425674
0.425673
0.425672
0.425671
0.42567
0.425669
0.425668
0.425667
0.425666
0.425665
0.425664
0.425662
0.425661
0.42566
0.425659
0.425658
0.425657
0.425656
0.425655
0.425653
0.425652
0.425651
0.42565
0.425649
0.425647
0.425646
0.425645
0.425644
0.425643
0.425641
0.42564
0.425639
0.425637
0.425636
0.425635
0.425633
0.425632
0.425631
0.425629
0.425628
0.425627
0.425625
0.425624
0.425622
0.425621
0.425619
0.425618
0.425616
0.425615
0.425613
0.425612
0.42561
0.425609
0.425607
0.425605
0.425604
0.425602
0.425601
0.425599
0.425597
0.425595
0.425594
0.425592
0.42559
0.425588
0.425587
0.425585
0.425583
0.425581
0.425579
0.425577
0.425575
0.425573
0.425571
0.425569
0.425567
0.425565
0.425563
0.425561
0.425559
0.425557
0.425555
0.425553
0.42555
0.425548
0.425546
0.425544
0.425541
0.425539
0.425537
0.425534
0.425532
0.425529
0.425527
0.425524
0.425522
0.425519
0.425516
0.425514
0.425511
0.425508
0.425505
0.425502
0.4255
0.425497
0.425494
0.425491
0.425488
0.425484
0.425481
0.425478
0.425475
0.425471
0.425468
0.425465
0.425461
0.425458
0.425454
0.42545
0.425447
0.425443
0.425439
0.425435
0.425431
0.425427
0.425422
0.425418
0.425414
0.425409
0.425404
0.425399
0.425394
0.425389
0.425384
0.425379
0.425373
0.425367
0.425361
0.425355
0.425348
0.425342
0.425334
0.425327
0.425319
0.425311
0.425303
0.425293
0.425284
0.425274
0.425263
0.425252
0.42524
0.425227
0.425213
0.425198
0.425183
0.425166
0.425148
0.425129
0.425108
0.425086
0.425062
0.425036
0.425008
0.424978
0.424946
0.424911
0.424874
0.424833
0.424789
0.424742
0.424692
0.424637
0.424578
0.424514
0.424446
0.424372
0.424293
0.424208
0.424116
0.424018
0.423912
0.423799
0.423677
0.423547
0.423408
0.423259
0.4231
0.422929
0.422748
0.422554
0.422348
0.422129
0.421895
0.421647
0.421384
0.421104
0.420808
0.420495
0.420163
0.419813
0.419443
0.419052
0.418641
0.418207
0.417752
0.417272
0.416769
0.416241
0.415688
0.415108
0.414502
0.413868
0.413206
0.412515
0.411795
0.411046
0.410266
0.409455
0.408613
0.407739
0.406833
0.405895
0.404925
0.403921
0.402885
0.401815
0.400713
0.399577
0.398409
0.397207
0.395973
0.394706
0.393407
0.392076
0.390714
0.389321
0.387898
0.386446
0.384964
0.383454
0.381917
0.380354
0.378765
0.377151
0.375514
0.373855
0.372175
0.370475
0.368756
0.367019
0.365267
0.3635
0.36172
0.359928
0.358126
0.356315
0.354496
0.352672
0.350843
0.349012
0.34718
0.345347
0.343517
0.34169
0.339868
0.338053
0.336245
0.334447
0.332659
0.330884
0.329122
0.327375
0.325644
0.323931
0.322236
0.320561
0.318906
0.317274
0.315664
0.314078
0.312517
0.310981
0.309472
0.30799
0.306535
0.305108
0.303711
0.302342
0.301003
0.299694
0.298416
0.297168
0.295951
0.294764
0.293609
0.292485
0.291392
0.290329
0.289298
0.288297
0.287327
0.286386
0.285476
0.284596
0.283745
0.282922
0.282129
0.281363
0.280625
0.279914
0.27923
0.278571
0.277939
0.277331
0.276748
0.276188
0.275652
0.275138
0.274647
0.274176
0.273727
0.273297
0.272888
0.272497
0.272124
0.271769
0.271431
0.27111
0.270804
0.270514
0.270238
0.269977
0.269729
0.269494
0.269272
0.269062
0.268863
0.268675
0.268497
0.26833
0.268172
0.268023
0.267883
0.267751
0.267627
0.26751
0.267401
0.267298
0.267201
0.267111
0.267026
0.266947
0.266873
0.266803
0.266738
0.266678
0.266621
0.266568
0.266519
0.266473
0.266431
0.266391
0.266354
0.26632
0.266288
0.266259
0.266231
0.266206
0.266182
0.26616
0.26614
0.266122
0.266104
0.266088
0.266074
0.26606
0.266048
0.266036
0.266026
0.266016
0.266007
0.265999
0.265991
0.265984
0.265978
0.265972
0.265967
0.265962
0.265957
0.265953
0.265949
0.265946
0.265943
0.26594
0.265937
0.265935
0.265932
0.26593
0.265929
0.265927
0.265925
0.265924
0.265923
0.265922
0.265921
0.26592
0.265919
0.265918
0.265917
0.265917
0.265916
0.265916
0.265915
0.265915
0.265914
0.265914
0.265914
0.265913
0.265913
0.265913
0.265912
0.265912
0.265912
0.265912
0.265912
0.265912
0.265911
0.265911
0.265911
0.265911
0.265911
0.265911
0.265911
0.265911
0.265911
0.265911
0.265911
0.265911
0.26591
0.26591
0.26591
0.26591
0.26591
0.26591
0.26591
0.26591
0.26591
0.26591
0.26591
0.26591
0.26591
0.26591
0.26591
0.26591
0.26591
0.26591
0.26591
0.26591
0.26591
0.26591
0.26591
0.26591
0.26591
0.26591
0.26591
0.26591
0.26591
0.265909
0.265909
0.265909
0.265909
0.265909
0.265909
0.265909
0.265909
0.265909
0.265909
0.265909
0.265909
0.265909
0.265909
0.265909
0.265909
0.265909
0.265909
0.265909
0.265909
0.265909
0.265909
0.265909
0.265909
0.265909
0.265909
0.265909
0.265909
0.265909
0.265909
0.265909
0.265909
0.265909
0.265909
0.265909
0.265909
0.265909
0.265909
0.265909
0.265909
0.265909
0.265909
0.265909
0.265909
0.265909
0.265909
0.265909
0.265909
0.265909
0.265909
0.265909
0.265909
0.265909
0.265909
0.265909
0.265909
0.265909
0.265909
0.265909
0.265909
0.265909
0.265909
0.265909
0.26591
0.26591
0.26591
0.26591
0.26591
0.26591
0.26591
0.265911
0.265911
0.265911
0.265911
0.265912
0.265912
0.265913
0.265913
0.265913
0.265914
0.265914
0.265915
0.265916
0.265916
0.265917
0.265918
0.265919
0.26592
0.265921
0.265922
0.265923
0.265925
0.265926
0.265928
0.265929
0.265931
0.265933
0.265935
0.265937
0.26594
0.265942
0.265945
0.265948
0.265951
0.265954
0.265958
0.265961
0.265965
0.265969
0.265974
0.265978
0.265983
0.265989
0.265994
0.266
0.266006
0.266013
0.266019
0.266026
0.266034
0.266042
0.26605
0.266058
0.266067
0.266077
0.266087
0.266097
0.266107
0.266118
0.26613
0.266141
0.266154
0.266166
0.266179
0.266193
0.266207
0.266221
0.266236
0.266251
0.266266
0.266282
0.266298
0.266315
0.266332
0.266349
0.266367
0.266385
0.266403
0.266422
0.26644
0.266459
0.266479
0.266498
0.266518
0.266537
0.266557
0.266577
0.266597
0.266617
0.266637
0.266657
0.266677
0.266697
0.266717
0.266737
0.266757
0.266776
0.266796
0.266815
0.266834
0.266852
0.266871
0.266889
0.266907
0.266924
0.266941
0.266958
0.266975
0.266991
0.267006
0.267022
0.267037
0.267051
0.267065
0.267079
0.267092
0.267105
0.267117
0.267129
0.26714
0.267151
0.267162
0.267172
0.267182
0.267191
0.2672
0.267209
0.267217
0.267225
0.267232
0.26724
0.267246
0.267253
0.267259
0.267265
0.26727
0.267275
0.26728
0.267285
0.267289
0.267293
0.267297
0.2673
0.267304
0.267307
0.26731
0.267313
0.267315
0.267317
0.26732
0.267322
0.267324
0.267326
0.267327
0.267329
0.26733
0.267331
0.267333
0.267334
0.267335
0.267336
0.267337
0.267337
0.267338
0.267339
0.267339
0.26734
0.26734
0.267341
0.267341
0.267342
0.267342
0.267342
0.267343
0.267343
0.267343
0.267343
0.267344
0.267344
0.267344
0.267344
0.267344
0.267344
0.267344
0.267345
0.267345
0.267345
0.267345
0.267345
0.267345
0.267345
0.267345
0.267345
0.267345
0.267345
0.267345
0.267345
0.267345
0.267345
0.267345
0.267345
0.267345
0.267345
0.267345
0.267345
0.267345
0.267345
0.267345
0.267345
0.267345
0.267345
0.267345
0.267345
0.267345
0.267345
0.267345
0.267345
0.267345
0.267345
0.267345
0.267345
0.267345
0.267345
0.267345
0.267345
0.267345
0.267345
0.267345
0.267345
0.267345
0.267345
0.267345
0.267345
0.267345
0.267345
0.267345
0.267345
0.267345
0.267345
0.267345
0.267345
0.267345
0.267345
0.267345
0.267345
0.267345
0.267345
0.267345
0.267345
0.267345
0.267345
0.267345
0.267345
0.267345
0.267345
0.267345
0.267345
0.267345
0.267345
0.267345
0.267345
0.267345
0.267345
0.267345
0.267345
0.267345
0.267345
0.267345
0.267345
0.267345
0.267345
0.267345
0.267345
0.267345
0.267345
0.267345
0.267345
0.267345
0.267345
0.267345
0.267345
0.267345
0.267345
0.267345
0.267345
0.267345
0.267345
0.267345
0.267345
0.267345
0.267345
0.267345
0.267345
0.267345
0.267345
0.267345
0.267345
0.267345
0.267345
0.267345
0.267345
0.267345
0.267345
0.267345
0.267345
0.267345
0.267345
0.267345
0.267345
0.267345
0.267345
0.267345
0.267345
0.267345
0.267345
0.267345
0.267345
0.267345
0.267345
0.267345
0.267345
0.267345
0.267345
0.267345
0.267345
0.267345
0.267345
0.267345
0.267345
0.267345
0.267345
0.267345
0.267345
0.267345
0.267345
0.267345
0.267345
0.267345
0.267345
0.267345
0.267345
0.267345
0.267345
0.267345
0.267345
0.267345
0.267345
0.267345
0.267345
0.267345
0.267345
0.267345
0.267345
0.267345
0.267345
0.267345
0.267345
0.267345
0.267345
0.267345
0.267345
0.267345
0.267345
0.267345
0.267345
0.267345
0.267345
0.267345
0.267345
0.267345
0.267345
0.267345
0.267345
0.267345
0.267345
0.267345
0.267345
0.267345
0.267345
0.267345
0.267345
0.267345
0.267345
0.267345
0.267345
0.267345
0.267345
0.267345
0.267345
0.267345
0.267345
0.267345
0.267345
0.267345
0.267345
0.267345
0.267345
0.267345
0.267345
0.267345
0.267345
0.267345
0.267345
0.267345
0.267345
0.267345
0.267345
0.267345
0.267345
0.267345
0.267345
0.267345
0.267345
0.267345
0.267345
0.267345
0.267345
0.267345
0.267345
0.267345
0.267345
0.267345
0.267345
0.267345
0.267345
0.267345
0.267345
0.267345
0.267345
0.267345
0.267345
0.267345
0.267345
0.267345
0.267345
0.267345
0.267345
0.267345
0.267345
0.267345
0.267345
0.267345
0.267345
0.267345
0.267345
0.267345
0.267345
0.267345
0.267345
0.267345
0.267345
0.267345
0.267345
0.267345
0.267345
0.267345
0.267345
0.267345
0.267345
0.267345
0.267345
0.267345
0.267345
0.267345
0.267345
0.267345
0.267345
0.267345
0.267345
0.267345
0.267345
0.267345
0.267345
0.267345
0.267345
0.267345
0.267345
0.267345
0.267345
0.267345
0.267345
0.267345
0.267345
0.267345
0.267345
0.267345
0.267345
0.267345
0.267345
0.267345
0.267345
0.267345
0.267345
0.267345
0.267345
0.267345
0.267345
0.267345
0.267345
0.267345
0.267345
0.267345
0.267345
0.267345
0.267345
0.267345
0.267345
0.267345
0.267345
0.267345
0.267345
0.267345
0.267345
0.267345
0.267345
0.267345
0.267345
0.267345
0.267345
0.267345
0.267345
0.267345
0.267345
0.267345
0.267345
0.267345
0.267345
0.267345
0.267345
0.267345
0.267345
0.267345
0.267345
0.267345
0.267345
0.267345
0.267345
0.267345
0.267345
0.267345
0.267345
0.267345
0.267345
0.267345
0.267345
0.267345
0.267345
0.267345
0.267345
0.267345
0.267345
0.267345
0.267345
0.267345
0.267345
0.267345
0.267345
0.267345
0.267345
0.267345
0.267345
0.267345
0.267345
0.267345
0.267345
0.267345
0.267345
0.267345
0.267345
0.267345
0.267345
0.267345
0.267345
0.267345
0.267345
0.267345
0.267345
0.267345
0.267345
0.267345
0.267345
0.267345
0.267345
0.267345
0.267345
0.267345
0.267345
0.267345
0.267345
0.267345
0.267345
0.267345
0.267345
0.267345
0.267345
0.267345
0.267345
0.267345
0.267345
0.267345
0.267345
0.267345
0.267345
0.267345
0.267345
0.267345
0.267345
0.267345
0.267345
0.267345
0.267345
0.267345
0.267345
0.267345
0.267345
0.267345
0.267345
0.267345
0.267345
0.267345
0.267345
0.267345
)
;

boundaryField
{
    sides
    {
        type            calculated;
        value           nonuniform List<scalar> 2(0.267345 0.920496);
    }
    empty
    {
        type            empty;
    }
}


// ************************************************************************* //
