/*--------------------------------*- C++ -*----------------------------------*\
  =========                 |
  \\      /  F ield         | OpenFOAM: The Open Source CFD Toolbox
   \\    /   O peration     | Website:  https://openfoam.org
    \\  /    A nd           | Version:  9
     \\/     M anipulation  |
\*---------------------------------------------------------------------------*/
FoamFile
{
    format      ascii;
    class       volScalarField;
    location    "0.025";
    object      T;
}
// * * * * * * * * * * * * * * * * * * * * * * * * * * * * * * * * * * * * * //

dimensions      [0 0 0 1 0 0 0];

internalField   nonuniform List<scalar> 
10000
(
238.46
238.463
238.469
238.474
238.479
238.485
238.49
238.496
238.501
238.506
238.511
238.517
238.523
238.528
238.533
238.538
238.542
238.547
238.552
238.558
238.564
238.57
238.576
238.581
238.585
238.589
238.591
238.593
238.594
238.595
238.595
238.595
238.595
238.595
238.595
238.595
238.595
238.594
238.594
238.593
238.593
238.592
238.592
238.592
238.591
238.591
238.59
238.59
238.59
238.589
238.589
238.588
238.588
238.587
238.587
238.587
238.586
238.586
238.585
238.585
238.585
238.584
238.584
238.583
238.583
238.582
238.582
238.582
238.581
238.581
238.58
238.58
238.58
238.579
238.579
238.578
238.578
238.577
238.577
238.577
238.576
238.576
238.575
238.575
238.574
238.574
238.574
238.573
238.573
238.572
238.572
238.571
238.571
238.571
238.57
238.57
238.569
238.569
238.568
238.568
238.568
238.567
238.567
238.566
238.566
238.565
238.565
238.565
238.564
238.564
238.563
238.563
238.562
238.562
238.561
238.561
238.561
238.56
238.56
238.559
238.559
238.558
238.558
238.558
238.557
238.557
238.556
238.556
238.555
238.555
238.554
238.554
238.554
238.553
238.553
238.552
238.552
238.551
238.551
238.551
238.55
238.55
238.549
238.549
238.548
238.548
238.547
238.547
238.547
238.546
238.546
238.545
238.545
238.544
238.544
238.543
238.543
238.542
238.542
238.542
238.541
238.541
238.54
238.54
238.539
238.539
238.538
238.538
238.538
238.537
238.537
238.536
238.536
238.535
238.535
238.534
238.534
238.533
238.533
238.533
238.532
238.532
238.531
238.531
238.53
238.53
238.529
238.529
238.528
238.528
238.528
238.527
238.527
238.526
238.526
238.525
238.525
238.524
238.524
238.523
238.523
238.522
238.522
238.522
238.521
238.521
238.52
238.52
238.519
238.519
238.518
238.518
238.517
238.517
238.516
238.516
238.515
238.515
238.515
238.514
238.514
238.513
238.513
238.512
238.512
238.511
238.511
238.51
238.51
238.509
238.509
238.508
238.508
238.507
238.507
238.507
238.506
238.506
238.505
238.505
238.504
238.504
238.503
238.503
238.502
238.502
238.501
238.501
238.5
238.5
238.499
238.499
238.498
238.498
238.497
238.497
238.497
238.496
238.496
238.495
238.495
238.494
238.494
238.493
238.493
238.492
238.492
238.491
238.491
238.49
238.49
238.489
238.489
238.488
238.488
238.487
238.487
238.486
238.486
238.485
238.485
238.484
238.484
238.483
238.483
238.483
238.482
238.482
238.481
238.481
238.48
238.48
238.479
238.479
238.478
238.478
238.477
238.477
238.476
238.476
238.475
238.475
238.474
238.474
238.473
238.473
238.472
238.472
238.471
238.471
238.47
238.47
238.469
238.469
238.468
238.468
238.467
238.467
238.466
238.466
238.465
238.465
238.464
238.464
238.463
238.463
238.462
238.462
238.461
238.461
238.46
238.46
238.459
238.459
238.458
238.458
238.457
238.457
238.456
238.456
238.455
238.455
238.454
238.454
238.453
238.453
238.452
238.452
238.451
238.451
238.45
238.45
238.449
238.449
238.448
238.448
238.447
238.447
238.446
238.446
238.445
238.444
238.444
238.443
238.443
238.442
238.442
238.441
238.441
238.44
238.44
238.439
238.439
238.438
238.438
238.437
238.437
238.436
238.436
238.435
238.435
238.434
238.434
238.433
238.433
238.432
238.432
238.431
238.431
238.43
238.429
238.429
238.428
238.428
238.427
238.427
238.426
238.426
238.425
238.425
238.424
238.424
238.423
238.423
238.422
238.422
238.421
238.421
238.42
238.42
238.419
238.418
238.418
238.417
238.417
238.416
238.416
238.415
238.415
238.414
238.414
238.413
238.413
238.412
238.412
238.411
238.411
238.41
238.409
238.409
238.408
238.408
238.407
238.407
238.406
238.406
238.405
238.405
238.404
238.404
238.403
238.402
238.402
238.401
238.401
238.4
238.4
238.399
238.399
238.398
238.398
238.397
238.397
238.396
238.395
238.395
238.394
238.394
238.393
238.393
238.392
238.392
238.391
238.391
238.39
238.389
238.389
238.388
238.388
238.387
238.387
238.386
238.386
238.385
238.385
238.384
238.383
238.383
238.382
238.382
238.381
238.381
238.38
238.38
238.379
238.379
238.378
238.377
238.377
238.376
238.376
238.375
238.375
238.374
238.374
238.373
238.372
238.372
238.371
238.371
238.37
238.37
238.369
238.369
238.368
238.367
238.367
238.366
238.366
238.365
238.365
238.364
238.364
238.363
238.362
238.362
238.361
238.361
238.36
238.36
238.359
238.358
238.358
238.357
238.357
238.356
238.356
238.355
238.355
238.354
238.353
238.353
238.352
238.352
238.351
238.351
238.35
238.349
238.349
238.348
238.348
238.347
238.347
238.346
238.345
238.345
238.344
238.344
238.343
238.343
238.342
238.341
238.341
238.34
238.34
238.339
238.339
238.338
238.337
238.337
238.336
238.336
238.335
238.335
238.334
238.333
238.333
238.332
238.332
238.331
238.331
238.33
238.329
238.329
238.328
238.328
238.327
238.326
238.326
238.325
238.325
238.324
238.324
238.323
238.322
238.322
238.321
238.321
238.32
238.319
238.319
238.318
238.318
238.317
238.317
238.316
238.315
238.315
238.314
238.314
238.313
238.312
238.312
238.311
238.311
238.31
238.309
238.309
238.308
238.308
238.307
238.307
238.306
238.305
238.305
238.304
238.304
238.303
238.302
238.302
238.301
238.301
238.3
238.299
238.299
238.298
238.298
238.297
238.296
238.296
238.295
238.295
238.294
238.293
238.293
238.292
238.292
238.291
238.29
238.29
238.289
238.289
238.288
238.287
238.287
238.286
238.286
238.285
238.284
238.284
238.283
238.283
238.282
238.281
238.281
238.28
238.28
238.279
238.278
238.278
238.277
238.277
238.276
238.275
238.275
238.274
238.274
238.273
238.272
238.272
238.271
238.27
238.27
238.269
238.269
238.268
238.267
238.267
238.266
238.266
238.265
238.264
238.264
238.263
238.263
238.262
238.261
238.261
238.26
238.259
238.259
238.258
238.258
238.257
238.256
238.256
238.255
238.254
238.254
238.253
238.253
238.252
238.251
238.251
238.25
238.25
238.249
238.248
238.248
238.247
238.246
238.246
238.245
238.245
238.244
238.243
238.243
238.242
238.241
238.241
238.24
238.24
238.239
238.238
238.238
238.237
238.236
238.236
238.235
238.235
238.234
238.233
238.233
238.232
238.231
238.231
238.23
238.229
238.229
238.228
238.228
238.227
238.226
238.226
238.225
238.224
238.224
238.223
238.223
238.222
238.221
238.221
238.22
238.219
238.219
238.218
238.217
238.217
238.216
238.215
238.215
238.214
238.214
238.213
238.212
238.212
238.211
238.21
238.21
238.209
238.208
238.208
238.207
238.207
238.206
238.205
238.205
238.204
238.203
238.203
238.202
238.201
238.201
238.2
238.199
238.199
238.198
238.197
238.197
238.196
238.196
238.195
238.194
238.194
238.193
238.192
238.192
238.191
238.19
238.19
238.189
238.188
238.188
238.187
238.186
238.186
238.185
238.184
238.184
238.183
238.182
238.182
238.181
238.181
238.18
238.179
238.179
238.178
238.177
238.177
238.176
238.175
238.175
238.174
238.173
238.173
238.172
238.171
238.171
238.17
238.169
238.169
238.168
238.167
238.167
238.166
238.165
238.165
238.164
238.163
238.163
238.162
238.161
238.161
238.16
238.159
238.159
238.158
238.157
238.157
238.156
238.155
238.155
238.154
238.153
238.153
238.152
238.151
238.151
238.15
238.149
238.149
238.148
238.147
238.147
238.146
238.145
238.145
238.144
238.143
238.143
238.142
238.141
238.141
238.14
238.139
238.139
238.138
238.137
238.136
238.136
238.135
238.134
238.134
238.133
238.132
238.132
238.131
238.13
238.13
238.129
238.128
238.128
238.127
238.126
238.126
238.125
238.124
238.124
238.123
238.122
238.121
238.121
238.12
238.119
238.119
238.118
238.117
238.117
238.116
238.115
238.115
238.114
238.113
238.113
238.112
238.111
238.11
238.11
238.109
238.108
238.108
238.107
238.106
238.106
238.105
238.104
238.104
238.103
238.102
238.101
238.101
238.1
238.099
238.099
238.098
238.097
238.097
238.096
238.095
238.095
238.094
238.093
238.092
238.092
238.091
238.09
238.09
238.089
238.088
238.088
238.087
238.086
238.085
238.085
238.084
238.083
238.083
238.082
238.081
238.081
238.08
238.079
238.078
238.078
238.077
238.076
238.076
238.075
238.074
238.073
238.073
238.072
238.071
238.071
238.07
238.069
238.068
238.068
238.067
238.066
238.066
238.065
238.064
238.064
238.063
238.062
238.061
238.061
238.06
238.059
238.059
238.058
238.057
238.056
238.056
238.055
238.054
238.054
238.053
238.052
238.051
238.051
238.05
238.049
238.048
238.048
238.047
238.046
238.046
238.045
238.044
238.043
238.043
238.042
238.041
238.041
238.04
238.039
238.038
238.038
238.037
238.036
238.035
238.035
238.034
238.033
238.033
238.032
238.031
238.03
238.03
238.029
238.028
238.027
238.027
238.026
238.025
238.025
238.024
238.023
238.022
238.022
238.021
238.02
238.019
238.019
238.018
238.017
238.017
238.016
238.015
238.014
238.014
238.013
238.012
238.011
238.011
238.01
238.009
238.008
238.008
238.007
238.006
238.005
238.005
238.004
238.003
238.003
238.002
238.001
238
238
237.999
237.998
237.997
237.997
237.996
237.995
237.994
237.994
237.993
237.992
237.991
237.991
237.99
237.989
237.988
237.988
237.987
237.986
237.985
237.985
237.984
237.983
237.982
237.982
237.981
237.98
237.979
237.979
237.978
237.977
237.976
237.976
237.975
237.974
237.973
237.973
237.972
237.971
237.97
237.97
237.969
237.968
237.967
237.967
237.966
237.965
237.964
237.964
237.963
237.962
237.961
237.961
237.96
237.959
237.958
237.958
237.957
237.956
237.955
237.954
237.954
237.953
237.952
237.951
237.951
237.95
237.949
237.948
237.948
237.947
237.946
237.945
237.945
237.944
237.943
237.942
237.942
237.941
237.94
237.939
237.938
237.938
237.937
237.936
237.935
237.935
237.934
237.933
237.932
237.932
237.931
237.93
237.929
237.929
237.928
237.927
237.926
237.925
237.924
237.924
237.923
237.922
237.921
237.921
237.92
237.919
237.918
237.918
237.917
237.916
237.915
237.915
237.914
237.913
237.912
237.911
237.91
237.91
237.909
237.908
237.907
237.907
237.906
237.905
237.904
237.904
237.903
237.902
237.901
237.901
237.899
237.899
237.898
237.897
237.896
237.896
237.895
237.894
237.893
237.893
237.892
237.891
237.89
237.89
237.888
237.888
237.887
237.886
237.885
237.885
237.884
237.883
237.882
237.881
237.881
237.88
237.879
237.878
237.878
237.877
237.876
237.875
237.874
237.874
237.873
237.872
237.871
237.87
237.87
237.869
237.868
237.867
237.866
237.866
237.865
237.864
237.863
237.862
237.862
237.861
237.86
237.859
237.858
237.858
237.857
237.856
237.855
237.854
237.854
237.853
237.852
237.851
237.85
237.85
237.849
237.848
237.847
237.846
237.845
237.845
237.844
237.843
237.842
237.841
237.841
237.84
237.839
237.838
237.837
237.837
237.836
237.835
237.834
237.833
237.833
237.832
237.831
237.83
237.829
237.828
237.828
237.827
237.826
237.825
237.824
237.824
237.823
237.822
237.821
237.82
237.819
237.819
237.818
237.817
237.816
237.815
237.815
237.814
237.813
237.812
237.811
237.81
237.81
237.809
237.808
237.807
237.806
237.805
237.805
237.804
237.803
237.802
237.801
237.801
237.8
237.799
237.798
237.797
237.796
237.796
237.795
237.794
237.793
237.792
237.791
237.791
237.79
237.789
237.788
237.787
237.786
237.786
237.785
237.784
237.783
237.782
237.781
237.781
237.78
237.779
237.778
237.777
237.776
237.776
237.775
237.774
237.773
237.772
237.771
237.771
237.77
237.769
237.768
237.767
237.766
237.766
237.765
237.764
237.763
237.762
237.761
237.761
237.76
237.759
237.758
237.757
237.756
237.755
237.755
237.754
237.753
237.752
237.751
237.75
237.75
237.749
237.748
237.747
237.746
237.745
237.744
237.744
237.743
237.742
237.741
237.74
237.739
237.738
237.738
237.737
237.736
237.735
237.734
237.733
237.733
237.732
237.731
237.73
237.729
237.728
237.727
237.727
237.726
237.725
237.724
237.723
237.722
237.721
237.721
237.72
237.719
237.718
237.717
237.716
237.715
237.715
237.714
237.713
237.712
237.711
237.71
237.709
237.708
237.708
237.707
237.706
237.705
237.704
237.703
237.702
237.702
237.701
237.7
237.699
237.698
237.697
237.696
237.696
237.695
237.694
237.693
237.692
237.691
237.69
237.689
237.689
237.688
237.687
237.686
237.685
237.684
237.683
237.682
237.682
237.681
237.68
237.679
237.678
237.677
237.676
237.675
237.675
237.674
237.673
237.672
237.671
237.67
237.669
237.668
237.668
237.667
237.666
237.665
237.664
237.663
237.662
237.661
237.661
237.66
237.659
237.658
237.657
237.656
237.655
237.654
237.653
237.653
237.652
237.651
237.65
237.649
237.648
237.647
237.646
237.645
237.645
237.644
237.643
237.642
237.641
237.64
237.639
237.638
237.637
237.637
237.636
237.635
237.634
237.633
237.632
237.631
237.63
237.629
237.629
237.628
237.627
237.626
237.625
237.624
237.623
237.622
237.621
237.62
237.62
237.619
237.618
237.617
237.616
237.615
237.614
237.613
237.612
237.611
237.611
237.61
237.609
237.608
237.607
237.606
237.605
237.604
237.603
237.602
237.602
237.601
237.6
237.599
237.598
237.597
237.596
237.595
237.594
237.593
237.592
237.592
237.591
237.59
237.589
237.588
237.587
237.586
237.585
237.584
237.583
237.582
237.582
237.581
237.58
237.579
237.578
237.577
237.576
237.575
237.574
237.573
237.572
237.572
237.571
237.57
237.569
237.568
237.567
237.566
237.565
237.564
237.563
237.562
237.561
237.561
237.56
237.559
237.558
237.557
237.556
237.555
237.554
237.553
237.552
237.551
237.55
237.549
237.549
237.548
237.547
237.546
237.545
237.544
237.543
237.542
237.541
237.54
237.539
237.538
237.537
237.536
237.536
237.535
237.534
237.533
237.532
237.531
237.53
237.529
237.528
237.527
237.526
237.525
237.524
237.523
237.523
237.522
237.521
237.52
237.519
237.518
237.517
237.516
237.515
237.514
237.513
237.512
237.511
237.51
237.509
237.508
237.508
237.507
237.506
237.505
237.504
237.503
237.502
237.501
237.5
237.499
237.498
237.497
237.496
237.495
237.494
237.493
237.492
237.491
237.491
237.49
237.489
237.488
237.487
237.486
237.485
237.484
237.483
237.482
237.481
237.48
237.479
237.478
237.477
237.476
237.475
237.474
237.473
237.473
237.472
237.471
237.47
237.469
237.468
237.467
237.466
237.465
237.464
237.463
237.462
237.461
237.46
237.459
237.458
237.457
237.456
237.455
237.454
237.453
237.452
237.451
237.451
237.45
237.449
237.448
237.447
237.446
237.445
237.444
237.443
237.442
237.441
237.44
237.439
237.438
237.437
237.436
237.435
237.434
237.433
237.432
237.431
237.43
237.429
237.428
237.427
237.426
237.425
237.424
237.423
237.423
237.422
237.421
237.42
237.419
237.418
237.417
237.416
237.415
237.414
237.413
237.412
237.411
237.41
237.409
237.408
237.407
237.406
237.405
237.404
237.403
237.402
237.401
237.4
237.399
237.398
237.397
237.396
237.395
237.394
237.393
237.392
237.391
237.39
237.389
237.388
237.387
237.386
237.385
237.384
237.383
237.382
237.381
237.38
237.379
237.378
237.378
237.377
237.376
237.375
237.374
237.373
237.372
237.371
237.37
237.369
237.368
237.367
237.366
237.365
237.364
237.363
237.362
237.361
237.36
237.359
237.358
237.357
237.356
237.355
237.354
237.353
237.352
237.351
237.35
237.349
237.348
237.347
237.346
237.345
237.344
237.343
237.342
237.341
237.34
237.339
237.338
237.337
237.336
237.335
237.334
237.333
237.332
237.331
237.33
237.329
237.328
237.327
237.326
237.325
237.324
237.323
237.322
237.321
237.32
237.319
237.318
237.317
237.316
237.315
237.314
237.313
237.312
237.311
237.31
237.309
237.308
237.307
237.306
237.305
237.304
237.303
237.302
237.301
237.3
237.298
237.297
237.296
237.295
237.294
237.293
237.292
237.291
237.29
237.289
237.288
237.287
237.286
237.285
237.284
237.283
237.282
237.281
237.28
237.279
237.278
237.277
237.276
237.275
237.274
237.273
237.272
237.271
237.27
237.269
237.268
237.267
237.266
237.265
237.264
237.263
237.262
237.261
237.26
237.259
237.258
237.257
237.256
237.255
237.254
237.253
237.251
237.25
237.249
237.248
237.247
237.246
237.245
237.244
237.243
237.242
237.241
237.24
237.239
237.238
237.237
237.236
237.235
237.234
237.233
237.232
237.231
237.23
237.229
237.228
237.227
237.226
237.225
237.224
237.222
237.221
237.22
237.219
237.218
237.217
237.216
237.215
237.214
237.213
237.212
237.211
237.21
237.209
237.208
237.207
237.206
237.205
237.204
237.203
237.202
237.201
237.2
237.198
237.197
237.196
237.195
237.194
237.193
237.192
237.191
237.19
237.189
237.188
237.187
237.186
237.185
237.184
237.183
237.182
237.181
237.18
237.179
237.177
237.176
237.175
237.174
237.173
237.172
237.171
237.17
237.169
237.168
237.167
237.166
237.165
237.164
237.163
237.162
237.161
237.159
237.158
237.157
237.156
237.155
237.154
237.153
237.152
237.151
237.15
237.149
237.148
237.147
237.146
237.145
237.144
237.142
237.141
237.14
237.139
237.138
237.137
237.136
237.135
237.134
237.133
237.132
237.131
237.13
237.129
237.127
237.126
237.125
237.124
237.123
237.122
237.121
237.12
237.119
237.118
237.117
237.116
237.115
237.114
237.112
237.111
237.11
237.109
237.108
237.107
237.106
237.105
237.104
237.103
237.102
237.101
237.099
237.098
237.097
237.096
237.095
237.094
237.093
237.092
237.091
237.09
237.089
237.088
237.086
237.085
237.084
237.083
237.082
237.081
237.08
237.079
237.078
237.077
237.076
237.075
237.073
237.072
237.071
237.07
237.069
237.068
237.067
237.066
237.065
237.064
237.063
237.061
237.06
237.059
237.058
237.057
237.056
237.055
237.054
237.053
237.052
237.05
237.049
237.048
237.047
237.046
237.045
237.044
237.043
237.042
237.041
237.04
237.038
237.037
237.036
237.035
237.034
237.033
237.032
237.031
237.03
237.028
237.027
237.026
237.025
237.024
237.023
237.022
237.021
237.02
237.019
237.017
237.016
237.015
237.014
237.013
237.012
237.011
237.01
237.009
237.007
237.006
237.005
237.004
237.003
237.002
237.001
237
236.999
236.997
236.996
236.995
236.994
236.993
236.992
236.991
236.99
236.989
236.987
236.986
236.985
236.984
236.983
236.982
236.981
236.98
236.978
236.977
236.976
236.975
236.974
236.973
236.972
236.971
236.969
236.968
236.967
236.966
236.965
236.964
236.963
236.962
236.96
236.959
236.958
236.957
236.956
236.955
236.954
236.953
236.951
236.95
236.949
236.948
236.947
236.946
236.945
236.944
236.942
236.941
236.94
236.939
236.938
236.937
236.936
236.935
236.933
236.932
236.931
236.93
236.929
236.928
236.927
236.925
236.924
236.923
236.922
236.921
236.92
236.919
236.917
236.916
236.915
236.914
236.913
236.912
236.911
236.909
236.908
236.907
236.906
236.905
236.904
236.903
236.901
236.9
236.899
236.898
236.897
236.896
236.895
236.893
236.892
236.891
236.89
236.889
236.888
236.887
236.885
236.884
236.883
236.882
236.881
236.88
236.879
236.877
236.876
236.875
236.874
236.873
236.872
236.87
236.869
236.868
236.867
236.866
236.865
236.864
236.862
236.861
236.86
236.859
236.858
236.857
236.855
236.854
236.853
236.852
236.851
236.85
236.848
236.847
236.846
236.845
236.844
236.843
236.842
236.84
236.839
236.838
236.837
236.836
236.835
236.833
236.832
236.831
236.83
236.829
236.828
236.826
236.825
236.824
236.823
236.822
236.821
236.819
236.818
236.817
236.816
236.815
236.814
236.812
236.811
236.81
236.809
236.808
236.806
236.805
236.804
236.803
236.802
236.801
236.799
236.798
236.797
236.796
236.795
236.794
236.792
236.791
236.79
236.789
236.788
236.786
236.785
236.784
236.783
236.782
236.781
236.779
236.778
236.777
236.776
236.775
236.773
236.772
236.771
236.77
236.769
236.768
236.766
236.765
236.764
236.763
236.762
236.76
236.759
236.758
236.757
236.756
236.755
236.753
236.752
236.751
236.75
236.749
236.747
236.746
236.745
236.744
236.743
236.741
236.74
236.739
236.738
236.737
236.735
236.734
236.733
236.732
236.731
236.729
236.728
236.727
236.726
236.725
236.723
236.722
236.721
236.72
236.719
236.717
236.716
236.715
236.714
236.713
236.711
236.71
236.709
236.708
236.707
236.705
236.704
236.703
236.702
236.701
236.699
236.698
236.697
236.696
236.695
236.693
236.692
236.691
236.69
236.689
236.687
236.686
236.685
236.684
236.683
236.681
236.68
236.679
236.678
236.676
236.675
236.674
236.673
236.672
236.67
236.669
236.668
236.667
236.666
236.664
236.663
236.662
236.661
236.659
236.658
236.657
236.656
236.655
236.653
236.652
236.651
236.65
236.648
236.647
236.646
236.645
236.644
236.642
236.641
236.64
236.639
236.638
236.636
236.635
236.634
236.633
236.631
236.63
236.629
236.628
236.626
236.625
236.624
236.623
236.622
236.62
236.619
236.618
236.617
236.615
236.614
236.613
236.612
236.61
236.609
236.608
236.607
236.606
236.604
236.603
236.602
236.601
236.599
236.598
236.597
236.596
236.594
236.593
236.592
236.591
236.59
236.588
236.587
236.586
236.585
236.583
236.582
236.581
236.58
236.578
236.577
236.576
236.575
236.573
236.572
236.571
236.57
236.568
236.567
236.566
236.565
236.563
236.562
236.561
236.56
236.558
236.557
236.556
236.555
236.553
236.552
236.551
236.55
236.548
236.547
236.546
236.545
236.543
236.542
236.541
236.54
236.538
236.537
236.536
236.535
236.533
236.532
236.531
236.53
236.528
236.527
236.526
236.525
236.523
236.522
236.521
236.52
236.518
236.517
236.516
236.515
236.513
236.512
236.511
236.51
236.508
236.507
236.506
236.505
236.503
236.502
236.501
236.499
236.498
236.497
236.496
236.494
236.493
236.492
236.491
236.489
236.488
236.487
236.486
236.484
236.483
236.482
236.48
236.479
236.478
236.477
236.475
236.474
236.473
236.472
236.47
236.469
236.468
236.467
236.465
236.464
236.463
236.461
236.46
236.459
236.458
236.456
236.455
236.454
236.452
236.451
236.45
236.449
236.447
236.446
236.445
236.444
236.442
236.441
236.44
236.438
236.437
236.436
236.435
236.433
236.432
236.431
236.429
236.428
236.427
236.426
236.424
236.423
236.422
236.42
236.419
236.418
236.417
236.415
236.414
236.413
236.411
236.41
236.409
236.408
236.406
236.405
236.404
236.402
236.401
236.4
236.399
236.397
236.396
236.395
236.393
236.392
236.391
236.39
236.388
236.387
236.386
236.384
236.383
236.382
236.38
236.379
236.378
236.377
236.375
236.374
236.373
236.371
236.37
236.369
236.367
236.366
236.365
236.364
236.362
236.361
236.36
236.358
236.357
236.356
236.354
236.353
236.352
236.351
236.349
236.348
236.347
236.345
236.344
236.343
236.341
236.34
236.339
236.337
236.336
236.335
236.334
236.332
236.331
236.33
236.328
236.327
236.326
236.324
236.323
236.322
236.32
236.319
236.318
236.316
236.315
236.314
236.313
236.311
236.31
236.309
236.307
236.306
236.305
236.303
236.302
236.301
236.299
236.298
236.297
236.295
236.294
236.293
236.291
236.29
236.289
236.287
236.286
236.285
236.284
236.282
236.281
236.28
236.278
236.277
236.276
236.274
236.273
236.272
236.27
236.269
236.268
236.266
236.265
236.264
236.262
236.261
236.26
236.258
236.257
236.256
236.254
236.253
236.252
236.25
236.249
236.248
236.246
236.245
236.244
236.242
236.241
236.24
236.238
236.237
236.236
236.234
236.233
236.232
236.23
236.229
236.228
236.226
236.225
236.224
236.222
236.221
236.22
236.218
236.217
236.216
236.214
236.213
236.212
236.21
236.209
236.208
236.206
236.205
236.204
236.202
236.201
236.199
236.198
236.197
236.195
236.194
236.193
236.191
236.19
236.189
236.187
236.186
236.185
236.183
236.182
236.181
236.179
236.178
236.177
236.175
236.174
236.173
236.171
236.17
236.168
236.167
236.166
236.164
236.163
236.162
236.16
236.159
236.158
236.156
236.155
236.154
236.152
236.151
236.149
236.148
236.147
236.145
236.144
236.143
236.141
236.14
236.139
236.137
236.136
236.135
236.133
236.132
236.13
236.129
236.128
236.126
236.125
236.124
236.122
236.121
236.119
236.118
236.117
236.115
236.114
236.113
236.111
236.11
236.109
236.107
236.106
236.104
236.103
236.102
236.1
236.099
236.098
236.096
236.095
236.093
236.092
236.091
236.089
236.088
236.087
236.085
236.084
236.082
236.081
236.08
236.078
236.077
236.076
236.074
236.073
236.071
236.07
236.069
236.067
236.066
236.065
236.063
236.062
236.06
236.059
236.058
236.056
236.055
236.054
236.052
236.051
236.049
236.048
236.047
236.045
236.044
236.042
236.041
236.04
236.038
236.037
236.036
236.034
236.033
236.031
236.03
236.029
236.027
236.026
236.024
236.023
236.022
236.02
236.019
236.017
236.016
236.015
236.013
236.012
236.01
236.009
236.008
236.006
236.005
236.004
236.002
236.001
235.999
235.998
235.997
235.995
235.994
235.992
235.991
235.99
235.988
235.987
235.985
235.984
235.983
235.981
235.98
235.978
235.977
235.976
235.974
235.973
235.971
235.97
235.969
235.967
235.966
235.964
235.963
235.961
235.96
235.959
235.957
235.956
235.954
235.953
235.952
235.95
235.949
235.947
235.946
235.945
235.943
235.942
235.94
235.939
235.938
235.936
235.935
235.933
235.932
235.93
235.929
235.928
235.926
235.925
235.923
235.922
235.921
235.919
235.918
235.916
235.915
235.913
235.912
235.911
235.909
235.908
235.906
235.905
235.904
235.902
235.901
235.899
235.898
235.896
235.895
235.894
235.892
235.891
235.889
235.888
235.886
235.885
235.884
235.882
235.881
235.879
235.878
235.876
235.875
235.874
235.872
235.871
235.869
235.868
235.866
235.865
235.864
235.862
235.861
235.859
235.858
235.856
235.855
235.854
235.852
235.851
235.849
235.848
235.846
235.845
235.844
235.842
235.841
235.839
235.838
235.836
235.835
235.834
235.832
235.831
235.829
235.828
235.826
235.825
235.823
235.822
235.821
235.819
235.818
235.816
235.815
235.813
235.812
235.81
235.809
235.808
235.806
235.805
235.803
235.802
235.8
235.799
235.797
235.796
235.795
235.793
235.792
235.79
235.789
235.787
235.786
235.784
235.783
235.782
235.78
235.779
235.777
235.776
235.774
235.773
235.771
235.77
235.769
235.767
235.766
235.764
235.763
235.761
235.76
235.758
235.757
235.755
235.754
235.753
235.751
235.75
235.748
235.747
235.745
235.744
235.742
235.741
235.739
235.738
235.736
235.735
235.734
235.732
235.731
235.729
235.728
235.726
235.725
235.723
235.722
235.72
235.719
235.717
235.716
235.715
235.713
235.712
235.71
235.709
235.707
235.706
235.704
235.703
235.701
235.7
235.698
235.697
235.695
235.694
235.693
235.691
235.69
235.688
235.687
235.685
235.684
235.682
235.681
235.679
235.678
235.676
235.675
235.673
235.672
235.67
235.669
235.667
235.666
235.665
235.663
235.662
235.66
235.659
235.657
235.656
235.654
235.653
235.651
235.65
235.648
235.647
235.645
235.644
235.642
235.641
235.639
235.638
235.636
235.635
235.633
235.632
235.63
235.629
235.628
235.626
235.625
235.623
235.622
235.62
235.619
235.617
235.616
235.614
235.613
235.611
235.61
235.608
235.607
235.605
235.604
235.602
235.601
235.599
235.598
235.596
235.595
235.593
235.592
235.59
235.589
235.587
235.586
235.584
235.583
235.581
235.58
235.578
235.577
235.575
235.574
235.572
235.571
235.569
235.568
235.566
235.565
235.563
235.562
235.56
235.559
235.557
235.556
235.554
235.553
235.551
235.55
235.548
235.547
235.545
235.544
235.542
235.541
235.539
235.538
235.536
235.535
235.533
235.532
235.53
235.529
235.527
235.526
235.524
235.523
235.521
235.52
235.518
235.517
235.515
235.514
235.512
235.511
235.509
235.508
235.506
235.505
235.503
235.502
235.5
235.499
235.497
235.496
235.494
235.493
235.491
235.49
235.488
235.487
235.485
235.483
235.482
235.48
235.479
235.477
235.476
235.474
235.473
235.471
235.47
235.468
235.467
235.465
235.464
235.462
235.461
235.459
235.458
235.456
235.455
235.453
235.452
235.45
235.449
235.447
235.446
235.444
235.442
235.441
235.439
235.438
235.436
235.435
235.433
235.432
235.43
235.429
235.427
235.426
235.424
235.423
235.421
235.42
235.418
235.417
235.415
235.413
235.412
235.41
235.409
235.407
235.406
235.404
235.403
235.401
235.4
235.398
235.397
235.395
235.394
235.392
235.39
235.389
235.387
235.386
235.384
235.383
235.381
235.38
235.378
235.377
235.375
235.374
235.372
235.37
235.369
235.367
235.366
235.364
235.363
235.361
235.36
235.358
235.357
235.355
235.354
235.352
235.35
235.349
235.347
235.346
235.344
235.343
235.341
235.34
235.338
235.337
235.335
235.333
235.332
235.33
235.329
235.327
235.326
235.324
235.323
235.321
235.32
235.318
235.316
235.315
235.313
235.312
235.31
235.309
235.307
235.306
235.304
235.303
235.301
235.299
235.298
235.296
235.295
235.293
235.292
235.29
235.289
235.287
235.285
235.284
235.282
235.281
235.279
235.278
235.276
235.275
235.273
235.271
235.27
235.268
235.267
235.265
235.264
235.262
235.261
235.259
235.257
235.256
235.254
235.253
235.251
235.25
235.248
235.247
235.245
235.243
235.242
235.24
235.239
235.237
235.236
235.234
235.232
235.231
235.229
235.228
235.226
235.225
235.223
235.222
235.22
235.218
235.217
235.215
235.214
235.212
235.211
235.209
235.207
235.206
235.204
235.203
235.201
235.2
235.198
235.196
235.195
235.193
235.192
235.19
235.189
235.187
235.185
235.184
235.182
235.181
235.179
235.178
235.176
235.174
235.173
235.171
235.17
235.168
235.167
235.165
235.163
235.162
235.16
235.159
235.157
235.156
235.154
235.152
235.151
235.149
235.148
235.146
235.144
235.143
235.141
235.14
235.138
235.137
235.135
235.133
235.132
235.13
235.129
235.127
235.126
235.124
235.122
235.121
235.119
235.118
235.116
235.114
235.113
235.111
235.11
235.108
235.107
235.105
235.103
235.102
235.1
235.099
235.097
235.095
235.094
235.092
235.091
235.089
235.088
235.086
235.084
235.083
235.081
235.08
235.078
235.076
235.075
235.073
235.072
235.07
235.068
235.067
235.065
235.064
235.062
235.061
235.059
235.057
235.056
235.054
235.053
235.051
235.049
235.048
235.046
235.045
235.043
235.041
235.04
235.038
235.037
235.035
235.033
235.032
235.03
235.029
235.027
235.025
235.024
235.022
235.021
235.019
235.018
235.016
235.014
235.013
235.011
235.01
235.008
235.006
235.005
235.003
235.002
235
234.998
234.997
234.995
234.994
234.992
234.99
234.989
234.987
234.986
234.984
234.982
234.981
234.979
234.978
234.976
234.974
234.973
234.971
234.97
234.968
234.966
234.965
234.963
234.962
234.96
234.958
234.957
234.955
234.954
234.952
234.95
234.949
234.947
234.946
234.944
234.942
234.941
234.939
234.938
234.936
234.934
234.933
234.931
234.929
234.928
234.926
234.925
234.923
234.921
234.92
234.918
234.917
234.915
234.913
234.912
234.91
234.909
234.907
234.905
234.904
234.902
234.901
234.899
234.897
234.896
234.894
234.893
234.891
234.889
234.888
234.886
234.884
234.883
234.881
234.88
234.878
234.876
234.875
234.873
234.872
234.87
234.868
234.867
234.865
234.864
234.862
234.86
234.859
234.857
234.855
234.854
234.852
234.851
234.849
234.847
234.846
234.844
234.843
234.841
234.839
234.838
234.836
234.835
234.833
234.831
234.83
234.828
234.826
234.825
234.823
234.822
234.82
234.818
234.817
234.815
234.814
234.812
234.81
234.809
234.807
234.806
234.804
234.802
234.801
234.799
234.797
234.796
234.794
234.793
234.791
234.789
234.788
234.786
234.785
234.783
234.781
234.78
234.778
234.776
234.775
234.773
234.772
234.77
234.768
234.767
234.765
234.764
234.762
234.76
234.759
234.757
234.755
234.754
234.752
234.751
234.749
234.747
234.746
234.744
234.743
234.741
234.739
234.738
234.736
234.734
234.733
234.731
234.73
234.728
234.726
234.725
234.723
234.722
234.72
234.718
234.717
234.715
234.713
234.712
234.71
234.709
234.707
234.705
234.704
234.702
234.701
234.699
234.697
234.696
234.694
234.692
234.691
234.689
234.688
234.686
234.684
234.683
234.681
234.68
234.678
234.676
234.675
234.673
234.672
234.67
234.668
234.667
234.665
234.663
234.662
234.66
234.659
234.657
234.655
234.654
234.652
234.651
234.649
234.647
234.646
234.644
234.643
234.641
234.639
234.638
234.636
234.634
234.633
234.631
234.63
234.628
234.626
234.625
234.623
234.622
234.62
234.618
234.617
234.615
234.614
234.612
234.61
234.609
234.607
234.606
234.604
234.602
234.601
234.599
234.597
234.596
234.594
234.593
234.591
234.589
234.588
234.586
234.585
234.583
234.581
234.58
234.578
234.577
234.575
234.573
234.572
234.57
234.569
234.567
234.565
234.564
234.562
234.561
234.559
234.557
234.556
234.554
234.553
234.551
234.549
234.548
234.546
234.545
234.543
234.541
234.54
234.538
234.537
234.535
234.533
234.532
234.53
234.529
234.527
234.526
234.524
234.522
234.521
234.519
234.518
234.516
234.514
234.513
234.511
234.51
234.508
234.506
234.505
234.503
234.502
234.5
234.499
234.497
234.495
234.494
234.492
234.491
234.489
234.487
234.486
234.484
234.483
234.481
234.48
234.478
234.476
234.475
234.473
234.472
234.47
234.468
234.467
234.465
234.464
234.462
234.461
234.459
234.457
234.456
234.454
234.453
234.451
234.45
234.448
234.447
234.445
234.443
234.442
234.44
234.439
234.437
234.436
234.434
234.432
234.431
234.429
234.428
234.426
234.425
234.423
234.422
234.42
234.418
234.417
234.415
234.414
234.412
234.411
234.409
234.408
234.406
234.404
234.403
234.401
234.4
234.398
234.397
234.395
234.394
234.392
234.391
234.389
234.388
234.386
234.384
234.383
234.381
234.38
234.378
234.377
234.375
234.374
234.372
234.371
234.369
234.368
234.366
234.365
234.363
234.362
234.36
234.359
234.357
234.355
234.354
234.352
234.351
234.349
234.348
234.346
234.345
234.343
234.342
234.34
234.339
234.337
234.336
234.334
234.333
234.331
234.33
234.328
234.327
234.325
234.324
234.322
234.321
234.319
234.318
234.317
234.315
234.314
234.312
234.311
234.309
234.308
234.306
234.305
234.303
234.302
234.3
234.299
234.297
234.296
234.294
234.293
234.292
234.29
234.289
234.287
234.286
234.284
234.283
234.281
234.28
234.278
234.277
234.276
234.274
234.273
234.271
234.27
234.268
234.267
234.266
234.264
234.263
234.261
234.26
234.258
234.257
234.256
234.254
234.253
234.251
234.25
234.249
234.247
234.246
234.244
234.243
234.242
234.24
234.239
234.238
234.236
234.235
234.233
234.232
234.231
234.229
234.228
234.227
234.225
234.224
234.222
234.221
234.22
234.218
234.217
234.216
234.214
234.213
234.212
234.21
234.209
234.208
234.206
234.205
234.204
234.202
234.201
234.2
234.198
234.197
234.196
234.195
234.193
234.192
234.191
234.189
234.188
234.187
234.186
234.184
234.183
234.182
234.18
234.179
234.178
234.177
234.175
234.174
234.173
234.172
234.17
234.169
234.168
234.167
234.166
234.164
234.163
234.162
234.161
234.159
234.158
234.157
234.156
234.155
234.154
234.152
234.151
234.15
234.149
234.148
234.146
234.145
234.144
234.143
234.142
234.141
234.14
234.138
234.137
234.136
234.135
234.134
234.133
234.132
234.131
234.13
234.129
234.127
234.126
234.125
234.124
234.123
234.122
234.121
234.12
234.119
234.118
234.117
234.116
234.115
234.114
234.113
234.112
234.111
234.11
234.109
234.108
234.107
234.106
234.105
234.104
234.103
234.102
234.101
234.1
234.099
234.098
234.098
234.097
234.096
234.095
234.094
234.093
234.092
234.091
234.091
234.09
234.089
234.088
234.087
234.086
234.086
234.085
234.084
234.083
234.082
234.082
234.081
234.08
234.079
234.079
234.078
234.077
234.076
234.076
234.075
234.074
234.074
234.073
234.072
234.072
234.071
234.07
234.07
234.069
234.068
234.068
234.067
234.067
234.066
234.066
234.065
234.064
234.064
234.063
234.063
234.062
234.062
234.061
234.061
234.061
234.06
234.06
234.059
234.059
234.058
234.058
234.058
234.057
234.057
234.057
234.056
234.056
234.056
234.055
234.055
234.055
234.054
234.054
234.054
234.054
234.054
234.053
234.053
234.053
234.053
234.053
234.053
234.053
234.052
234.052
234.052
234.052
234.052
234.052
234.052
234.052
234.052
234.052
234.052
234.052
234.052
234.053
234.053
234.053
234.053
234.053
234.053
234.053
234.054
234.054
234.054
234.054
234.055
234.055
234.055
234.056
234.056
234.056
234.057
234.057
234.058
234.058
234.058
234.059
234.059
234.06
234.061
234.061
234.062
234.063
234.063
234.064
234.064
234.065
234.066
234.067
234.067
234.068
234.069
234.07
234.07
234.072
234.072
234.074
234.074
234.075
234.076
234.077
234.078
234.08
234.08
234.082
234.082
234.084
234.085
234.087
234.087
234.089
234.09
234.092
234.092
234.094
234.095
234.097
234.098
234.1
234.101
234.103
234.104
234.106
234.107
234.11
234.111
234.113
234.114
234.117
234.118
234.12
234.121
234.124
234.125
234.128
234.129
234.132
234.133
234.136
234.137
234.14
234.141
234.145
234.146
234.149
234.15
234.154
234.155
234.159
234.16
234.164
234.165
234.169
234.17
234.174
234.175
234.179
234.18
234.185
234.186
234.19
234.192
234.196
234.197
234.202
234.203
234.208
234.209
234.214
234.216
234.221
234.222
234.227
234.229
234.234
234.235
234.24
234.242
234.247
234.249
234.254
234.256
234.262
234.263
234.269
234.271
234.277
234.278
234.284
234.286
234.292
234.294
234.3
234.302
234.308
234.31
234.317
234.318
234.325
234.327
234.334
234.336
234.342
234.344
234.351
234.353
234.36
234.362
234.37
234.372
234.379
234.381
234.388
234.391
234.398
234.4
234.408
234.41
234.418
234.42
234.428
234.43
234.438
234.441
234.449
234.451
234.459
234.462
234.47
234.472
234.481
234.483
234.492
234.494
234.503
234.505
234.514
234.516
234.525
234.528
234.537
234.539
234.549
234.551
234.56
234.563
234.572
234.575
234.584
234.587
234.596
234.599
234.609
234.611
234.621
234.624
234.633
234.636
234.646
234.649
234.659
234.661
234.672
234.674
234.684
234.687
234.697
234.7
234.711
234.713
234.724
234.727
234.737
234.74
234.75
234.753
234.764
234.767
234.777
234.78
234.791
234.794
234.805
234.808
234.819
234.822
234.833
234.835
234.847
234.849
234.861
234.863
234.875
234.878
234.889
234.892
234.903
234.906
234.917
234.92
234.932
234.935
234.946
234.949
234.96
234.963
234.975
234.978
234.99
234.992
235.004
235.007
235.019
235.022
235.033
235.036
235.048
235.051
235.063
235.066
235.078
235.081
235.093
235.096
235.107
235.11
235.122
235.125
235.137
235.14
235.152
235.155
235.167
235.17
235.182
235.185
235.197
235.2
235.212
235.215
235.227
235.23
235.242
235.246
235.258
235.261
235.273
235.276
235.288
235.291
235.303
235.306
235.318
235.321
235.333
235.336
235.349
235.352
235.364
235.367
235.379
235.382
235.394
235.397
235.41
235.413
235.425
235.428
235.44
235.443
235.456
235.459
235.471
235.474
235.486
235.489
235.501
235.504
235.517
235.52
235.532
235.535
235.547
235.55
235.563
235.566
235.578
235.581
235.593
235.596
235.609
235.612
235.624
235.627
235.64
235.643
235.655
235.658
235.67
235.673
235.686
235.689
235.701
235.704
235.716
235.719
235.732
235.735
235.747
235.75
235.763
235.766
235.778
235.781
235.793
235.796
235.809
235.812
235.824
235.827
235.84
235.842
235.855
235.858
235.87
235.873
235.886
235.889
235.901
235.904
235.917
235.919
235.932
235.935
235.947
235.95
235.963
235.966
235.978
235.981
235.994
235.997
236.009
236.012
236.024
236.027
236.04
236.043
236.055
236.058
236.071
236.074
236.086
236.089
236.102
236.104
236.117
236.12
236.132
236.135
236.148
236.151
236.163
236.166
236.179
236.182
236.194
236.197
236.21
236.212
236.225
236.228
236.24
236.243
236.256
236.259
236.271
236.274
236.287
236.29
236.302
236.305
236.318
236.32
236.333
236.336
236.348
236.351
236.364
236.367
236.379
236.382
236.395
236.398
236.41
236.413
236.426
236.429
236.441
236.444
236.457
236.459
236.472
236.475
236.487
236.49
236.503
236.506
236.518
236.521
236.534
236.537
236.549
236.552
236.565
236.568
236.58
236.583
236.596
236.598
236.611
236.614
236.627
236.629
236.642
236.645
236.658
236.66
236.673
236.676
236.688
236.691
236.704
236.707
236.719
236.722
236.735
236.738
236.75
236.753
236.766
236.769
236.781
236.784
236.797
236.799
236.812
236.815
236.828
236.83
236.843
236.846
236.859
236.861
236.874
236.877
236.89
236.892
236.905
236.908
236.92
236.923
236.936
236.939
236.951
236.954
236.967
236.97
236.982
236.985
236.998
237.001
237.013
237.016
237.029
237.032
237.044
237.047
237.06
237.063
237.075
237.078
237.091
237.093
237.106
237.109
237.122
237.124
237.137
237.14
237.153
237.155
237.168
237.171
237.184
237.186
237.199
237.202
237.215
237.217
237.23
237.233
237.246
237.248
237.261
237.264
237.277
237.279
237.292
237.295
237.308
237.31
237.323
237.326
237.339
237.341
237.354
237.357
237.37
237.372
237.385
237.388
237.401
237.403
237.416
237.419
237.432
237.434
237.447
237.45
237.463
237.465
237.478
237.481
237.494
237.496
237.509
237.512
237.525
237.528
237.54
237.543
237.556
237.559
237.571
237.574
237.587
237.59
237.603
237.605
237.618
237.621
237.634
237.636
237.649
237.652
237.665
237.667
237.68
237.683
237.696
237.698
237.711
237.714
237.727
237.729
237.742
237.745
237.758
237.76
237.773
237.776
237.789
237.791
237.804
237.807
237.82
237.822
237.835
237.838
237.851
237.854
237.867
237.869
237.882
237.885
237.898
237.9
237.913
237.916
237.929
237.931
237.944
237.947
237.96
237.962
237.975
237.978
237.991
237.993
238.006
238.009
238.022
238.024
238.037
238.04
238.053
238.056
238.069
238.071
238.084
238.087
238.1
238.102
238.115
238.118
238.131
238.133
238.146
238.149
238.162
238.164
238.177
238.18
238.193
238.195
238.209
238.211
238.224
238.227
238.24
238.242
238.255
238.258
238.271
238.273
238.286
238.289
238.302
238.304
238.318
238.32
238.333
238.335
238.349
238.351
238.364
238.367
238.38
238.382
238.395
238.398
238.411
238.413
238.426
238.429
238.442
238.444
238.458
238.46
238.473
238.476
238.489
238.491
238.504
238.507
238.52
238.522
238.535
238.538
238.551
238.553
238.567
238.569
238.582
238.585
238.598
238.6
238.613
238.616
238.629
238.631
238.645
238.647
238.66
238.662
238.676
238.678
238.691
238.694
238.707
238.709
238.722
238.725
238.738
238.74
238.754
238.756
238.769
238.772
238.785
238.787
238.8
238.803
238.816
238.818
238.832
238.834
238.847
238.849
238.863
238.865
238.878
238.881
238.894
238.896
238.91
238.912
238.925
238.927
238.941
238.943
238.956
238.959
238.972
238.974
238.988
238.99
239.003
239.005
239.019
239.021
239.034
239.037
239.05
239.052
239.066
239.068
239.081
239.083
239.097
239.099
239.112
239.115
239.128
239.13
239.144
239.146
239.159
239.161
239.175
239.177
239.19
239.193
239.206
239.208
239.222
239.224
239.237
239.239
239.253
239.255
239.268
239.271
239.284
239.286
239.3
239.302
239.315
239.317
239.331
239.333
239.347
239.349
239.362
239.364
239.378
239.38
239.393
239.396
239.409
239.411
239.425
239.427
239.44
239.442
239.456
239.458
239.471
239.474
239.487
239.489
239.503
239.505
239.518
239.52
239.534
239.536
239.55
239.552
239.565
239.567
239.581
239.583
239.596
239.599
239.612
239.614
239.628
239.63
239.643
239.645
239.659
239.661
239.675
239.677
239.69
239.692
239.706
239.708
239.722
239.724
239.737
239.739
239.753
239.755
239.768
239.771
239.784
239.786
239.8
239.802
239.815
239.817
239.831
239.833
239.847
239.849
239.862
239.864
239.878
239.88
239.894
239.896
239.909
239.911
239.925
239.927
239.94
239.942
239.956
239.958
239.972
239.974
239.987
239.989
240.003
240.005
240.019
240.021
240.034
240.036
240.05
240.052
240.066
240.068
240.081
240.083
240.095
240.102
240.109
240.118
240.125
240.133
240.141
240.149
240.156
240.164
240.172
240.18
240.188
240.196
240.203
240.211
240.219
240.227
240.235
240.243
240.25
240.258
240.266
240.274
240.282
240.289
240.297
240.305
240.313
240.321
240.329
240.336
240.344
240.352
240.36
240.368
240.376
240.383
240.391
240.399
240.407
240.415
240.423
240.43
240.438
240.446
240.454
240.462
240.469
240.477
240.485
240.493
240.501
240.509
240.516
240.524
240.532
240.54
240.548
240.556
240.563
240.571
240.579
240.587
240.595
240.603
240.61
240.618
240.626
240.634
240.642
240.65
240.657
240.665
240.673
240.681
240.689
240.697
240.704
240.712
240.72
240.728
240.736
240.744
240.751
240.759
240.767
240.775
240.783
240.791
240.798
240.806
240.814
240.822
240.83
240.838
240.845
240.853
240.861
240.869
240.877
240.885
240.892
240.9
240.908
240.916
240.924
240.932
240.939
240.947
240.955
240.963
240.971
240.979
240.986
240.994
241.002
241.01
241.018
241.026
241.033
241.041
241.049
241.057
241.065
241.073
241.08
241.088
241.096
241.104
241.112
241.12
241.127
241.135
241.143
241.151
241.159
241.167
241.174
241.182
241.19
241.198
241.206
241.214
241.221
241.229
241.237
241.245
241.253
241.261
241.269
241.276
241.284
241.292
241.3
241.308
241.316
241.323
241.331
241.339
241.347
241.355
241.363
241.37
241.378
241.386
241.394
241.402
241.41
241.417
241.425
241.433
241.441
241.449
241.457
241.464
241.472
241.48
241.488
241.496
241.504
241.511
241.519
241.527
241.535
241.543
241.551
241.559
241.566
241.574
241.582
241.59
241.598
241.606
241.613
241.621
241.629
241.637
241.645
241.653
241.66
241.668
241.676
241.684
241.692
241.7
241.707
241.715
241.723
241.731
241.739
241.747
241.754
241.762
241.77
241.778
241.786
241.794
241.802
241.809
241.817
241.825
241.833
241.841
241.849
241.856
241.864
241.872
241.88
241.888
241.896
241.903
241.911
241.919
241.927
241.935
241.943
241.95
241.958
241.966
241.974
241.982
241.99
241.997
242.005
242.013
242.021
242.029
242.037
242.045
242.052
242.06
242.068
242.076
242.084
242.092
242.099
242.107
242.115
242.123
242.131
242.139
242.146
242.154
242.162
242.17
242.178
242.186
242.193
242.201
242.209
242.217
242.225
242.233
242.24
242.248
242.256
242.264
242.272
242.28
242.287
242.295
242.303
242.311
242.319
242.327
242.334
242.342
242.35
242.358
242.366
242.374
242.381
242.389
242.397
242.405
242.413
242.421
242.428
242.436
242.444
242.452
242.46
242.468
242.475
242.483
242.491
242.499
242.507
242.515
242.522
242.53
242.538
242.546
242.554
242.562
242.569
242.577
242.585
242.593
242.601
242.609
242.616
242.624
242.632
242.64
242.648
242.656
242.663
242.671
242.679
242.687
242.695
242.703
242.71
242.718
242.726
242.734
242.742
242.75
242.757
242.765
242.773
242.781
242.789
242.797
242.804
242.812
242.82
242.828
242.836
242.844
242.851
242.859
242.867
242.875
242.883
242.89
242.898
242.906
242.914
242.922
242.93
242.937
242.945
242.953
242.961
242.969
242.977
242.984
242.992
243
243.008
243.016
243.023
243.031
243.039
243.047
243.055
243.063
243.07
243.078
243.086
243.094
243.102
243.11
243.117
243.125
243.133
243.141
243.149
243.156
243.164
243.172
243.18
243.188
243.196
243.203
243.211
243.219
243.227
243.235
243.242
243.25
243.258
243.266
243.274
243.281
243.289
243.297
243.305
243.313
243.321
243.328
243.336
243.344
243.352
243.36
243.367
243.375
243.383
243.391
243.399
243.406
243.414
243.422
243.43
243.438
243.446
243.453
243.461
243.469
243.477
243.485
243.492
243.5
243.508
243.516
243.524
243.531
243.539
243.547
243.555
243.563
243.57
243.578
243.586
243.594
243.602
243.609
243.617
243.625
243.633
243.641
243.648
243.656
243.664
243.672
243.68
243.687
243.695
243.703
243.711
243.718
243.726
243.734
243.742
243.75
243.757
243.765
243.773
243.781
243.789
243.796
243.804
243.812
243.82
243.827
243.835
243.843
243.851
243.859
243.866
243.874
243.882
243.89
243.897
243.905
243.913
243.921
243.929
243.936
243.944
243.952
243.96
243.967
243.975
243.983
243.991
243.999
244.006
244.014
244.022
244.03
244.037
244.045
244.053
244.061
244.068
244.076
244.084
244.092
244.099
244.107
244.115
244.123
244.13
244.138
244.146
244.154
244.162
244.169
244.177
244.185
244.193
244.2
244.208
244.216
244.224
244.231
244.239
244.247
244.254
244.262
244.27
244.278
244.285
244.293
244.301
244.309
244.316
244.324
244.332
244.34
244.347
244.355
244.363
244.371
244.378
244.386
244.394
244.401
244.409
244.417
244.425
244.432
244.44
244.448
244.455
244.463
244.471
244.479
244.486
244.494
244.502
244.509
244.517
244.525
244.533
244.54
244.548
244.556
244.563
244.571
244.579
244.586
244.594
244.602
244.61
244.617
244.625
244.633
244.64
244.648
244.656
244.663
244.671
244.679
244.686
244.694
244.702
244.709
244.717
244.725
244.732
244.74
244.748
244.756
244.763
244.771
244.779
244.786
244.794
244.801
244.809
244.817
244.824
244.832
244.84
244.847
244.855
244.863
244.87
244.878
244.886
244.893
244.901
244.909
244.916
244.924
244.931
244.939
244.947
244.954
244.962
244.97
244.977
244.985
244.992
245
245.008
245.015
245.023
245.03
245.038
245.046
245.053
245.061
245.069
245.076
245.084
245.091
245.099
245.106
245.114
245.122
245.129
245.137
245.144
245.152
245.16
245.167
245.175
245.182
245.19
245.197
245.205
245.212
245.22
245.228
245.235
245.243
245.25
245.258
245.265
245.273
245.28
245.288
245.295
245.303
245.31
245.318
245.326
245.333
245.341
245.348
245.356
245.363
245.371
245.378
245.386
245.393
245.401
245.408
245.416
245.423
245.43
245.438
245.445
245.453
245.46
245.468
245.475
245.483
245.49
245.498
245.505
245.513
245.52
245.527
245.535
245.542
245.55
245.557
245.565
245.572
245.579
245.587
245.594
245.602
245.609
245.616
245.624
245.631
245.639
245.646
245.653
245.661
245.668
245.676
245.683
245.69
245.698
245.705
245.712
245.72
245.727
245.734
245.742
245.749
245.756
245.764
245.771
245.778
245.786
245.793
245.8
245.807
245.815
245.822
245.829
245.837
245.844
245.851
245.858
245.866
245.873
245.88
245.887
245.895
245.902
245.909
245.916
245.924
245.931
245.938
245.945
245.952
245.96
245.967
245.974
245.981
245.988
245.995
246.003
246.01
246.017
246.024
246.031
246.038
246.045
246.053
246.06
246.067
246.074
246.081
246.088
246.095
246.102
246.109
246.116
246.123
246.13
246.137
246.145
246.152
246.159
246.166
246.173
246.18
246.187
246.194
246.201
246.208
246.215
246.222
246.228
246.235
246.242
246.249
246.256
246.263
246.27
246.277
246.284
246.291
246.298
246.304
246.311
246.318
246.325
246.332
246.339
246.346
246.352
246.359
246.366
246.373
246.38
246.386
246.393
246.4
246.407
246.413
246.42
246.427
246.433
246.44
246.447
246.454
246.46
246.467
246.474
246.48
246.487
246.493
246.5
246.507
246.513
246.52
246.526
246.533
246.54
246.546
246.553
246.559
246.566
246.572
246.579
246.585
246.592
246.598
246.604
246.611
246.617
246.624
246.63
246.636
246.643
246.649
246.656
246.662
246.668
246.674
246.681
246.687
246.693
246.7
246.706
246.712
246.718
246.725
246.731
246.737
246.743
246.749
246.755
246.761
246.768
246.774
246.78
246.786
246.792
246.798
246.804
246.81
246.816
246.822
246.828
246.834
246.84
246.846
246.852
246.858
246.863
246.869
246.875
246.881
246.887
246.893
246.898
246.904
246.91
246.916
246.921
246.927
246.933
246.938
246.944
246.95
246.955
246.961
246.966
246.972
246.978
246.983
246.989
246.994
246.999
247.005
247.01
247.016
247.021
247.027
247.032
247.037
247.043
247.048
247.053
247.058
247.064
247.069
247.074
247.079
247.084
247.09
247.095
247.1
247.105
247.11
247.115
247.12
247.125
247.13
247.135
247.14
247.145
247.15
247.155
247.159
247.164
247.169
247.174
247.179
247.183
247.188
247.193
247.198
247.202
247.207
247.211
247.216
247.221
247.225
247.23
247.234
247.239
247.243
247.247
247.252
247.256
247.261
247.265
247.269
247.274
247.278
247.282
247.286
247.29
247.295
247.299
247.303
247.307
247.311
247.315
247.319
247.323
247.327
247.331
247.335
247.339
247.343
247.347
247.35
247.354
247.358
247.362
247.365
247.369
247.373
247.376
247.38
247.384
247.387
247.391
247.394
247.398
247.401
247.405
247.408
247.411
247.415
247.418
247.421
247.425
247.428
247.431
247.434
247.438
247.44
247.444
247.447
247.45
247.453
247.457
247.459
247.463
247.464
247.469
247.47
247.475
247.476
247.48
247.481
247.486
247.486
247.492
247.492
247.497
247.497
247.502
247.502
247.507
247.508
247.512
247.513
247.517
247.517
247.522
247.522
247.527
247.527
247.532
247.532
247.536
247.536
247.541
247.541
247.545
247.545
247.549
247.549
247.553
247.553
247.557
247.558
247.561
247.561
247.565
247.565
247.569
247.569
247.573
247.573
247.576
247.576
247.58
247.58
247.583
247.584
247.586
247.587
247.589
247.591
247.592
247.594
247.595
247.597
247.598
247.6
247.601
247.603
247.604
247.606
247.607
247.608
247.61
247.611
247.612
247.614
247.615
247.616
247.617
247.618
247.62
247.621
247.622
247.623
247.624
247.625
247.626
247.628
247.629
247.63
247.631
247.632
247.633
247.634
247.634
247.636
247.636
247.638
247.638
247.639
247.64
247.641
247.641
247.643
247.643
247.644
247.644
247.646
247.646
247.647
247.647
247.649
247.649
247.65
247.65
247.652
247.652
247.653
247.653
247.654
247.654
247.655
247.655
247.656
247.656
247.657
247.658
247.659
247.659
247.66
247.66
247.661
247.661
247.661
247.661
247.662
247.662
247.663
247.663
247.664
247.664
247.665
247.665
247.666
247.666
247.666
247.666
247.667
247.667
247.668
247.668
247.668
247.668
247.669
247.669
247.669
247.67
247.67
247.67
247.671
247.671
247.671
247.671
247.672
247.672
247.672
247.672
247.672
247.672
247.673
247.673
247.673
247.673
247.674
247.674
247.674
247.674
247.674
247.674
247.675
247.675
247.675
247.675
247.675
247.675
247.676
247.676
247.676
247.676
247.676
247.676
247.676
247.676
247.677
247.677
247.677
247.677
247.677
247.677
247.677
247.677
247.677
247.677
247.678
247.678
247.678
247.678
247.678
247.678
247.678
247.678
247.678
247.678
247.678
247.678
247.678
247.678
247.678
247.678
247.679
247.679
247.679
247.679
247.679
247.679
247.679
247.679
247.679
247.679
247.679
247.679
247.679
247.679
247.679
247.679
247.679
247.679
247.679
247.679
247.679
247.679
247.679
247.679
247.68
247.68
247.68
247.68
247.68
247.68
247.68
247.68
247.68
247.68
247.68
247.68
247.68
247.68
247.68
247.68
247.68
247.68
247.68
247.68
247.68
247.68
247.68
247.68
247.68
247.68
247.68
247.68
247.68
247.68
247.68
247.68
247.68
247.68
247.68
247.68
247.68
247.68
247.68
247.68
247.68
247.68
247.68
247.68
247.68
247.68
247.68
247.68
247.68
247.68
247.68
247.68
247.68
247.68
247.68
247.68
247.68
247.68
247.68
247.68
247.68
247.68
247.68
247.68
247.68
247.68
247.68
247.68
247.68
247.68
247.68
247.68
247.68
247.68
247.68
247.68
247.68
247.68
247.68
247.68
247.68
247.68
247.68
247.68
247.68
247.68
247.68
247.68
247.68
247.68
247.68
247.68
247.68
247.68
247.68
247.68
247.68
247.68
247.68
247.68
247.68
247.68
247.68
247.68
247.68
247.68
247.68
247.68
247.68
247.68
247.68
247.68
247.68
247.68
247.68
247.68
247.68
247.68
247.68
247.68
247.68
247.68
247.68
247.68
247.68
247.68
247.68
247.68
247.68
247.68
247.68
247.68
247.68
247.68
247.68
247.68
247.68
247.68
247.68
247.68
247.68
247.68
247.68
247.68
247.68
247.68
247.68
247.68
247.68
247.68
247.68
247.68
247.68
247.68
247.68
247.68
247.68
247.68
247.68
247.68
247.68
247.68
247.68
247.68
247.68
247.68
247.68
247.68
247.68
247.68
247.68
247.68
247.68
247.68
247.68
247.68
247.68
247.68
247.68
247.68
247.68
247.68
247.68
247.68
247.68
247.68
247.68
247.68
247.68
247.68
247.68
247.68
247.68
247.68
247.68
247.68
247.68
247.68
247.68
247.68
247.68
247.68
247.68
247.68
247.68
247.68
247.68
247.68
247.68
247.68
247.68
247.68
247.68
247.68
247.68
247.68
247.68
247.68
247.68
247.68
247.68
247.68
247.68
247.68
247.681
247.681
247.681
247.681
247.681
247.681
247.681
247.681
247.681
247.681
247.681
247.681
247.681
247.681
247.681
247.681
247.681
247.681
247.681
247.681
247.681
247.681
247.681
247.681
247.681
247.681
247.681
247.681
247.681
247.681
247.681
247.681
247.681
247.681
247.681
247.681
247.681
247.681
247.681
247.681
247.681
247.681
247.681
247.681
247.681
247.681
247.681
247.681
247.681
247.681
247.681
247.681
247.681
247.681
247.681
247.681
247.681
247.681
247.681
247.681
247.681
247.681
247.681
247.681
247.681
247.681
247.681
247.681
247.681
247.681
247.681
247.681
247.681
247.681
247.681
247.681
247.681
247.681
247.681
247.681
247.681
247.681
247.681
247.681
247.681
247.681
247.681
247.681
247.681
247.681
247.681
247.681
247.681
247.681
247.681
247.681
247.681
247.681
247.681
247.681
247.681
247.681
247.681
247.681
247.681
247.681
247.681
247.681
247.681
247.681
247.681
247.681
247.681
247.681
247.681
247.681
247.681
247.681
247.681
247.681
247.681
247.681
247.681
247.681
247.681
247.681
247.681
247.681
247.681
247.681
247.681
247.681
247.681
247.681
247.681
247.681
247.681
247.681
247.681
247.681
247.681
247.681
247.681
247.681
247.681
247.681
247.681
247.681
247.681
247.681
247.681
247.681
247.681
247.681
247.681
247.681
247.681
247.681
247.681
247.681
247.681
247.681
247.681
247.681
247.681
247.681
247.681
247.681
247.681
247.681
247.681
247.681
247.681
247.681
247.681
247.681
247.681
247.681
247.681
247.681
247.681
247.681
247.681
247.681
247.681
247.681
247.681
247.681
247.681
247.681
247.681
247.681
247.681
247.681
247.681
247.681
247.681
247.681
247.681
247.681
247.681
247.681
247.681
247.681
247.681
247.681
247.681
247.681
247.681
247.681
247.681
247.681
247.681
247.681
247.681
247.681
247.681
247.681
247.681
247.681
247.681
247.681
247.681
247.681
247.681
247.681
247.681
247.681
247.681
247.681
247.681
247.681
247.681
247.681
247.681
247.681
247.681
247.681
247.681
247.681
247.681
247.681
247.681
247.681
247.681
247.681
247.681
247.681
247.681
247.681
247.681
247.681
247.681
247.681
247.681
247.681
247.681
247.681
247.681
247.681
247.681
247.681
247.681
247.681
247.681
247.681
247.681
247.681
247.681
247.681
247.681
247.681
247.681
247.681
247.681
247.681
247.681
247.681
247.681
247.681
247.681
247.681
247.681
247.681
247.681
247.681
247.681
247.681
247.681
247.681
247.681
247.681
247.681
247.681
247.681
247.681
247.681
247.681
247.681
247.681
247.681
247.681
247.681
247.681
247.681
247.681
247.681
247.681
247.681
247.681
247.681
247.681
247.681
247.681
247.681
247.681
247.681
247.681
247.681
247.681
247.681
247.681
247.681
247.681
247.681
247.681
247.681
247.681
247.681
247.681
247.681
247.681
247.681
247.681
247.681
247.681
247.681
247.681
247.681
247.681
247.681
247.681
247.681
247.681
247.681
247.681
247.681
247.681
247.681
247.681
247.681
247.681
247.681
247.681
247.681
247.681
247.681
247.681
247.681
247.681
247.681
247.681
247.681
247.681
247.681
247.681
247.681
247.681
247.681
247.681
247.681
247.681
247.681
247.681
247.681
247.681
247.681
247.681
247.681
247.681
247.681
247.681
247.681
247.681
247.681
247.681
247.681
247.681
247.681
247.681
247.681
247.681
247.681
247.681
247.681
247.681
247.681
247.681
247.681
247.681
247.681
247.681
247.681
247.681
247.681
247.681
247.681
247.681
247.681
247.681
247.681
247.681
247.681
247.681
247.681
247.681
247.681
247.681
247.681
247.681
247.681
247.681
247.681
247.681
247.681
247.681
247.681
247.681
247.681
247.681
247.681
247.681
247.681
247.681
247.681
247.681
247.681
247.681
247.681
247.681
247.681
247.681
247.681
247.681
247.681
247.681
247.681
247.681
247.681
247.681
247.681
247.681
247.681
247.681
247.681
247.681
247.681
247.681
247.681
247.681
247.681
247.681
247.681
247.681
247.681
247.681
247.681
247.681
247.681
247.681
247.681
247.681
247.681
247.681
247.681
247.681
247.681
247.681
247.681
247.681
247.681
247.681
247.681
247.681
247.681
247.681
247.681
247.681
247.681
247.681
247.681
247.681
247.681
247.681
247.681
247.681
247.681
247.681
247.681
247.681
247.681
247.681
247.681
247.681
247.681
247.681
247.681
247.681
247.681
247.681
247.681
247.681
247.681
247.681
247.681
247.681
247.681
247.681
247.681
247.681
247.681
247.681
247.681
247.681
247.681
247.681
247.681
247.681
247.681
247.681
247.681
247.681
247.681
247.681
247.681
247.681
247.681
247.681
247.681
247.681
247.681
247.681
247.681
247.681
247.681
247.681
247.681
247.681
247.681
247.681
247.681
247.681
247.681
247.681
247.681
247.681
247.681
247.681
247.681
247.681
247.681
247.681
247.681
247.681
247.681
247.681
247.681
247.681
247.681
247.681
247.681
247.681
247.681
247.681
247.681
247.681
247.681
247.681
247.681
247.681
247.681
247.681
247.681
247.681
247.681
247.681
247.681
247.681
247.681
247.681
247.681
247.681
247.681
247.681
247.681
247.681
247.681
247.681
247.681
247.681
247.681
247.681
247.681
247.681
247.681
247.681
247.681
247.681
247.681
247.681
247.681
247.681
247.681
247.681
247.681
247.681
247.681
247.681
247.681
247.681
247.681
247.681
247.681
247.681
247.681
247.681
247.681
247.681
247.681
247.681
247.681
247.681
247.681
247.681
247.681
247.681
247.681
247.681
247.681
247.681
247.681
247.681
247.681
247.681
247.681
247.681
247.681
247.681
247.681
247.681
247.681
247.681
247.681
247.681
247.681
247.681
247.681
247.681
247.681
247.681
247.681
247.681
247.681
247.681
247.682
247.682
247.682
247.682
247.682
247.682
247.682
247.682
247.682
247.682
247.682
247.682
247.682
247.682
247.682
247.682
247.682
247.682
247.682
247.682
247.682
247.682
247.682
247.682
247.682
247.682
247.682
247.682
247.682
247.682
247.682
247.682
247.682
247.682
247.682
247.682
247.682
247.682
247.682
247.682
247.682
247.682
247.682
247.682
247.682
247.682
247.682
247.682
247.682
247.682
247.682
247.682
247.682
247.682
247.682
247.682
247.682
247.682
247.682
247.682
247.682
247.682
247.682
247.682
247.682
247.682
247.682
247.682
247.682
247.682
247.682
247.682
247.682
247.682
247.682
247.682
247.682
247.682
247.682
247.682
247.682
247.682
247.682
247.682
247.682
247.682
247.682
247.682
247.682
247.682
247.682
247.682
247.682
247.682
247.682
247.682
247.682
247.682
247.682
247.682
247.682
247.682
247.682
247.682
247.682
247.682
247.682
247.682
247.682
247.682
247.682
247.682
247.682
247.682
247.682
247.682
247.682
247.682
247.682
247.682
247.682
247.682
247.682
247.682
247.682
247.682
247.682
247.682
247.682
247.682
247.682
247.682
247.682
247.682
247.682
247.682
247.682
247.682
247.682
247.682
247.682
247.682
247.682
247.682
247.682
247.682
247.682
247.682
247.682
247.682
247.682
247.682
247.682
247.682
247.682
247.682
247.682
247.682
247.682
247.682
247.682
247.682
247.682
247.682
247.682
247.682
247.682
247.682
247.682
247.682
247.682
247.682
247.682
247.682
247.682
247.682
247.682
247.682
247.682
247.682
247.682
247.682
247.682
247.682
247.682
247.682
247.682
247.682
247.682
247.682
247.682
247.682
247.682
247.682
247.682
247.682
247.682
247.682
247.682
247.682
247.682
247.682
247.682
247.682
247.682
247.682
247.682
247.682
247.682
247.682
247.682
247.682
247.682
247.682
247.682
247.682
247.682
247.682
247.682
247.682
247.682
247.682
247.682
247.682
247.682
247.682
247.682
247.682
247.682
247.682
247.682
247.682
247.682
247.682
247.682
247.682
247.682
247.682
247.682
247.682
247.682
247.682
247.682
247.682
247.682
247.682
247.682
247.682
247.682
247.682
247.682
247.682
247.682
247.682
247.682
247.682
247.682
247.682
247.682
247.682
247.682
247.682
247.682
247.682
247.682
247.682
247.682
247.682
247.682
247.682
247.682
247.682
247.682
247.682
247.682
247.682
247.682
247.682
247.682
247.682
247.682
247.682
247.682
247.682
247.682
247.682
247.682
247.682
247.682
247.682
247.682
247.682
247.682
247.682
247.682
247.682
247.682
247.682
247.682
247.682
247.682
247.682
247.682
247.682
247.682
247.682
247.682
247.682
247.682
247.682
247.682
247.682
247.682
247.682
247.682
247.682
247.682
247.682
247.682
247.682
247.682
247.682
247.682
247.682
247.682
247.682
247.682
247.682
247.682
247.682
247.682
247.682
247.682
247.682
247.682
247.682
247.682
247.682
247.682
247.682
247.682
247.682
247.682
247.682
247.682
247.682
247.682
247.682
247.682
247.682
247.682
247.682
247.682
247.682
247.682
247.682
247.682
247.682
247.682
247.682
247.682
247.682
247.682
247.682
247.682
247.682
247.682
247.682
247.682
247.682
247.682
247.682
247.682
247.682
247.682
247.682
247.682
247.682
247.682
247.682
247.682
247.682
247.682
247.682
247.682
247.682
247.682
247.682
247.682
247.682
247.682
247.682
247.682
247.682
247.682
247.682
247.682
247.682
247.682
247.682
247.682
247.682
247.682
247.682
247.682
247.682
247.682
247.682
247.682
247.682
247.682
247.682
247.682
247.682
247.682
247.682
247.682
247.682
247.682
247.682
247.682
247.682
247.682
247.682
247.682
247.682
247.682
247.682
247.682
247.682
247.682
247.682
247.682
247.682
247.682
247.682
247.682
247.682
247.682
247.682
247.682
247.682
247.682
247.682
247.682
247.682
247.682
247.682
247.682
247.682
247.682
247.682
247.682
247.682
247.682
247.682
247.682
247.682
247.682
247.682
247.682
247.682
247.682
247.682
247.682
247.682
247.682
247.682
247.682
247.682
247.682
247.682
247.682
247.682
247.682
247.682
247.682
247.682
247.682
247.682
247.682
247.682
247.682
247.682
247.682
247.682
247.682
247.682
247.682
247.682
247.682
247.682
247.682
247.682
247.682
247.682
247.682
247.682
247.682
247.682
247.682
247.682
247.682
247.682
247.682
247.682
247.682
247.682
247.682
247.682
247.682
247.682
247.682
247.682
247.682
247.682
247.682
247.682
247.682
247.682
247.682
247.682
247.683
247.683
247.683
247.683
247.683
247.683
247.683
247.683
247.683
247.683
247.683
247.683
247.683
247.683
247.683
247.683
247.683
247.683
247.683
247.683
247.683
247.683
247.683
247.683
247.683
247.683
247.683
247.683
247.683
247.683
247.683
247.683
247.683
247.683
247.683
247.683
247.683
247.683
247.683
247.683
247.683
247.683
247.683
247.683
247.683
247.683
247.683
247.683
247.683
247.683
247.683
247.683
247.683
247.683
247.683
247.683
247.683
247.683
247.683
247.683
247.683
247.683
247.683
247.683
247.683
247.683
247.683
247.683
247.683
247.683
247.683
247.683
247.683
247.683
247.683
247.683
247.683
247.683
247.683
247.683
247.683
247.683
247.683
247.683
247.683
247.683
247.683
247.683
247.683
247.683
247.683
247.683
247.683
247.683
247.683
247.683
247.683
247.683
247.683
247.683
247.683
247.683
247.683
247.683
247.683
247.683
247.683
247.683
247.683
247.683
247.683
247.683
247.683
247.683
247.683
247.683
247.683
247.683
247.683
247.683
247.683
247.683
247.683
247.683
247.683
247.683
247.683
247.683
247.683
247.683
247.683
247.683
247.683
247.683
247.683
247.683
247.683
247.683
247.683
247.683
247.683
247.683
247.683
247.683
247.683
247.683
247.683
247.683
247.683
247.683
247.683
247.683
247.683
247.683
247.683
247.683
247.683
247.683
247.683
247.683
247.683
247.683
247.683
247.683
247.683
247.683
247.683
247.683
247.683
247.683
247.683
247.683
247.683
247.683
247.683
247.683
247.683
247.683
247.683
247.683
247.683
247.683
247.683
247.683
247.683
247.683
247.683
247.683
247.683
247.683
247.683
247.683
247.683
247.683
247.683
247.683
247.683
247.683
247.683
247.683
247.683
247.683
247.683
247.683
247.683
247.683
247.683
247.683
247.683
247.683
247.683
247.683
247.683
247.683
247.683
247.683
247.683
247.683
247.683
247.683
247.683
247.683
247.683
247.683
247.683
247.683
247.683
247.683
247.683
247.683
247.683
247.683
247.683
247.683
247.683
247.683
247.683
247.683
247.683
247.683
247.683
247.683
247.683
247.683
247.683
247.683
247.683
247.683
247.683
247.683
247.683
247.683
247.683
247.683
247.683
247.683
247.683
247.683
247.683
247.683
247.683
247.683
247.683
247.683
247.683
247.683
247.683
247.683
247.683
247.683
247.683
247.683
247.683
247.683
247.683
247.683
247.683
247.683
247.683
247.683
247.683
247.683
247.683
247.683
247.683
247.683
247.683
247.683
247.683
247.683
247.683
247.683
247.683
247.683
247.683
247.683
247.683
247.683
247.683
247.683
247.683
247.683
247.683
247.683
247.683
247.683
247.683
247.683
247.683
247.683
247.683
247.683
247.683
247.683
247.683
247.683
247.683
247.683
247.683
247.683
247.683
247.683
247.683
247.683
247.683
247.683
247.683
247.683
247.683
247.683
247.683
247.683
247.683
247.683
247.683
247.683
247.683
247.683
247.683
247.683
247.683
247.683
247.683
247.683
247.683
247.683
247.683
247.683
247.683
247.683
247.683
247.683
247.683
247.683
247.683
247.683
247.683
247.683
247.683
247.683
247.683
247.683
247.683
247.683
247.683
247.683
247.683
247.683
247.683
247.683
247.683
247.683
247.683
247.683
247.683
247.683
247.683
247.683
247.683
247.683
247.683
247.683
247.683
247.683
247.683
247.683
247.683
247.683
247.683
247.683
247.683
247.683
247.683
247.683
247.683
247.683
247.683
247.683
247.683
247.683
247.683
247.683
247.683
247.683
247.683
247.683
247.683
247.683
247.683
247.683
247.683
247.683
247.683
247.683
247.683
247.683
247.683
247.683
247.683
247.683
247.683
247.683
247.684
247.684
247.684
247.684
247.684
247.684
247.684
247.684
247.684
247.684
247.684
247.684
247.684
247.684
247.684
247.684
247.684
247.684
247.684
247.684
247.684
247.684
247.684
247.684
247.684
247.684
247.684
247.684
247.684
247.684
247.684
247.684
247.684
247.684
247.684
247.684
247.684
247.684
247.684
247.684
247.684
247.684
247.684
247.684
247.684
247.684
247.684
247.684
247.684
247.684
247.684
247.684
247.684
247.684
247.684
247.684
247.684
247.684
247.684
247.684
247.684
247.684
247.684
247.684
247.684
247.684
247.684
247.684
247.684
247.684
247.684
247.684
247.684
247.684
247.684
247.684
247.684
247.684
247.684
247.684
247.684
247.684
247.684
247.684
247.684
247.684
247.684
247.684
247.684
247.684
247.684
247.684
247.684
247.684
247.684
247.684
247.684
247.684
247.684
247.684
247.684
247.684
247.684
247.684
247.684
247.684
247.684
247.684
247.684
247.684
247.684
247.684
247.684
247.684
247.684
247.684
247.684
247.684
247.684
247.684
247.684
247.684
247.684
247.684
247.684
247.684
247.684
247.684
247.684
247.684
247.684
247.684
247.684
247.684
247.684
247.684
247.684
247.684
247.684
247.684
247.684
247.684
247.684
247.684
247.684
247.684
247.684
247.684
247.684
247.684
247.684
247.684
247.684
247.684
247.684
247.684
247.684
247.684
247.684
247.684
247.684
247.684
247.684
247.684
247.684
247.684
247.684
247.684
247.684
247.684
247.684
247.684
247.684
247.684
247.684
247.684
247.684
247.684
247.684
247.684
247.684
247.684
247.684
247.684
247.684
247.684
247.684
247.684
247.684
247.684
247.684
247.684
247.684
247.684
247.684
247.684
247.684
247.684
247.684
247.684
247.684
247.684
247.684
247.684
247.684
247.684
247.684
247.684
247.684
247.684
247.684
247.684
247.684
247.684
247.684
247.684
247.684
247.684
247.684
247.684
247.684
247.684
247.684
247.684
247.684
247.684
247.684
247.684
247.684
247.684
247.684
247.684
247.684
247.684
247.684
247.684
247.684
247.684
247.684
247.684
247.684
247.684
247.684
247.684
247.684
247.684
247.684
247.684
247.684
247.684
247.684
247.684
247.684
247.684
247.684
247.684
247.684
247.684
247.684
247.684
247.684
247.684
247.684
247.684
247.684
247.684
247.684
247.684
247.684
247.684
247.684
247.684
247.684
247.684
247.684
247.684
247.684
247.684
247.684
247.684
247.684
247.684
247.684
247.684
247.684
247.684
247.684
247.684
247.684
247.684
247.684
247.684
247.684
247.684
247.684
247.684
247.684
247.684
247.684
247.684
247.684
247.684
247.684
247.684
247.684
247.684
247.684
247.684
247.684
247.684
247.684
247.684
247.684
247.684
247.684
247.684
247.684
247.684
247.684
247.684
247.684
247.684
247.684
247.684
247.684
247.684
247.684
247.684
247.684
247.684
247.684
247.684
247.684
247.684
247.684
247.684
247.684
247.684
247.684
247.684
247.684
247.684
247.684
247.684
247.684
247.684
247.684
247.684
247.684
247.685
247.685
247.685
247.685
247.685
247.685
247.685
247.685
247.685
247.685
247.685
247.685
247.685
247.685
247.685
247.685
247.685
247.685
247.685
247.685
247.685
247.685
247.685
247.685
247.685
247.685
247.685
247.685
247.685
247.685
247.685
247.685
247.685
247.685
247.685
247.685
247.685
247.685
247.685
247.685
247.685
247.685
247.685
247.685
247.685
247.685
247.685
247.685
247.685
247.685
247.685
247.685
247.685
247.685
247.685
247.685
247.685
247.685
247.685
247.685
247.685
247.685
247.685
247.685
247.685
247.685
247.685
247.685
247.685
247.685
247.685
247.685
247.685
247.685
247.685
247.685
247.685
247.685
247.685
247.685
247.685
247.685
247.685
247.685
247.685
247.685
247.685
247.685
247.685
247.685
247.685
247.685
247.685
247.685
247.685
247.685
247.685
247.685
247.685
247.685
247.685
247.685
247.685
247.685
247.685
247.685
247.685
247.685
247.685
247.685
247.685
247.685
247.685
247.685
247.685
247.685
247.685
247.685
247.685
247.685
247.685
247.685
247.685
247.685
247.685
247.685
247.685
247.685
247.685
247.685
247.685
247.685
247.685
247.685
247.685
247.685
247.685
247.685
247.685
247.685
247.685
247.685
247.685
247.685
247.685
247.685
247.685
247.685
247.685
247.685
247.685
247.685
247.685
247.685
247.685
247.685
247.685
247.685
247.685
247.685
247.685
247.685
247.685
247.685
247.685
247.685
247.685
247.685
247.685
247.685
247.685
247.685
247.685
247.685
247.685
247.685
247.685
247.685
247.685
247.685
247.685
247.685
247.685
247.685
247.685
247.685
247.685
247.685
247.685
247.685
247.685
247.685
247.685
247.685
247.685
247.685
247.685
247.685
247.685
247.685
247.685
247.685
247.685
247.685
247.685
247.685
247.685
247.685
247.685
247.685
247.685
247.685
247.685
247.685
247.685
247.685
247.685
247.685
247.685
247.685
247.685
247.685
247.685
247.685
247.685
247.685
247.685
247.685
247.685
247.685
247.685
247.685
247.685
247.685
247.685
247.685
247.685
247.685
247.685
247.685
247.685
247.685
247.685
247.685
247.685
247.685
247.685
247.685
247.685
247.685
247.685
247.685
247.685
247.685
247.685
247.685
247.685
247.685
247.685
247.685
247.685
247.685
247.685
247.685
247.685
247.685
247.685
247.685
247.685
247.685
247.685
247.685
247.685
247.686
247.686
247.686
247.686
247.686
247.686
247.686
247.686
247.686
247.686
247.686
247.686
247.686
247.686
247.686
247.686
247.686
247.686
247.686
247.686
247.686
247.686
247.686
247.686
247.686
247.686
247.686
247.686
247.686
247.686
247.686
247.686
247.686
247.686
247.686
247.686
247.686
247.686
247.687
247.687
247.687
247.687
247.687
247.687
247.687
247.687
247.687
247.687
247.687
247.688
247.688
247.688
247.688
247.688
247.688
247.688
247.689
247.689
247.689
247.689
247.689
247.69
247.69
247.69
247.69
247.69
247.691
247.691
247.691
247.692
247.692
247.692
247.693
247.693
247.693
247.694
247.694
247.695
247.695
247.696
247.696
247.697
247.697
247.698
247.698
247.699
247.7
247.7
247.701
247.702
247.703
247.704
247.704
247.705
247.706
247.707
247.708
247.709
247.71
247.711
247.712
247.714
247.715
247.716
247.717
247.719
247.72
247.722
247.723
247.725
247.726
247.728
247.73
247.731
247.733
247.735
247.737
247.739
247.741
247.743
247.745
247.747
247.75
247.752
247.754
247.757
247.759
247.762
247.765
247.768
247.77
247.773
247.776
247.779
247.782
247.785
247.789
247.792
247.795
247.799
247.802
247.806
247.81
247.813
247.817
247.821
247.825
247.829
247.833
247.837
247.841
247.845
247.85
247.854
247.859
247.863
247.868
247.872
247.877
247.882
247.886
247.891
247.896
247.901
247.906
247.911
247.916
247.921
247.926
247.931
247.936
247.941
247.947
247.952
247.957
247.962
247.968
247.973
247.978
247.983
247.989
247.994
247.999
248.005
248.01
248.015
248.02
248.026
248.031
248.036
248.041
248.046
248.051
248.057
248.062
248.067
248.072
248.076
248.081
248.086
248.091
248.096
248.1
248.105
248.11
248.114
248.119
248.123
248.127
248.132
248.136
248.14
248.144
248.148
248.152
248.156
248.16
248.164
248.167
248.171
248.174
248.178
248.181
248.185
248.188
248.191
248.194
248.197
248.2
248.203
248.206
248.209
248.211
248.214
248.217
248.219
248.222
248.224
248.226
248.228
248.231
248.233
248.235
248.237
248.239
248.241
248.242
248.244
248.246
248.247
248.249
248.251
248.252
248.254
248.255
248.256
248.258
248.259
248.26
248.261
248.262
248.263
248.264
248.265
248.266
248.267
248.268
248.269
248.27
248.271
248.271
248.272
248.273
248.273
248.274
248.275
248.275
248.276
248.276
248.277
248.277
248.278
248.278
248.279
248.279
248.28
248.28
248.28
248.281
248.281
248.281
248.282
248.282
248.282
248.282
248.283
248.283
248.283
248.283
248.283
248.284
248.284
248.284
248.284
248.284
248.284
248.284
248.285
248.285
248.285
248.285
248.285
248.285
248.285
248.285
248.285
248.285
248.286
248.286
248.286
248.286
248.286
248.286
248.286
248.286
248.286
248.286
248.286
248.286
248.286
248.286
248.286
248.286
248.286
248.286
248.286
248.286
248.286
248.286
248.286
248.286
248.286
248.286
248.286
248.286
248.286
248.286
248.286
248.286
248.286
248.286
248.286
248.286
248.286
248.286
248.286
248.286
248.286
248.286
248.286
248.286
248.286
248.286
248.286
248.286
248.286
248.286
248.286
248.286
248.286
248.286
248.286
248.286
248.286
248.286
248.286
248.286
248.286
248.286
248.286
248.286
248.286
248.286
248.286
248.286
248.286
248.286
248.286
248.286
248.286
248.286
248.286
248.286
248.286
248.286
248.286
248.286
248.286
248.287
248.287
248.287
248.287
248.287
248.287
248.287
248.287
248.287
248.287
248.287
248.287
248.287
248.287
248.287
248.287
248.287
248.287
248.287
248.287
248.287
248.287
248.287
248.287
248.287
248.287
248.287
248.287
248.287
248.287
248.287
248.287
248.287
248.287
248.287
248.287
248.287
248.287
248.287
248.287
248.287
248.287
248.287
248.287
248.287
248.287
248.287
248.287
248.287
248.287
248.287
248.287
248.287
248.287
248.287
248.287
248.287
248.287
248.287
248.287
248.287
248.287
248.287
248.287
248.287
248.287
248.287
248.287
248.287
248.287
248.287
248.287
248.287
248.287
248.287
248.287
248.287
248.287
248.287
248.287
248.287
248.287
248.287
248.287
248.287
248.287
248.287
248.287
248.287
248.287
248.287
248.287
248.287
248.287
248.287
248.287
248.287
248.287
248.287
248.287
248.287
248.287
248.287
248.287
248.287
248.287
248.287
248.287
248.287
248.287
248.287
248.287
248.287
248.287
248.287
248.287
248.287
248.287
248.287
248.287
248.287
248.287
248.287
248.287
248.287
248.287
248.287
248.287
248.287
248.287
248.287
248.287
248.287
248.287
248.287
248.287
248.287
248.287
248.287
248.287
248.287
248.287
248.287
248.287
248.287
248.287
248.287
248.287
248.287
248.287
248.287
248.287
248.287
248.287
248.287
248.287
248.287
248.287
248.287
248.287
248.287
248.287
248.287
248.287
248.287
248.287
248.287
248.287
248.287
248.287
248.287
248.287
248.287
248.287
248.287
248.287
248.287
248.287
248.287
248.287
248.287
248.287
248.287
248.287
248.287
248.287
248.287
248.287
248.287
248.287
248.287
248.287
248.287
248.287
248.287
248.287
248.287
248.287
248.287
248.287
248.287
248.287
248.288
248.288
248.288
248.288
248.288
248.288
248.288
248.288
248.288
248.288
248.288
248.288
248.288
248.288
248.288
248.288
248.288
248.288
248.288
248.288
248.288
248.288
248.288
248.288
248.288
248.288
248.288
248.288
248.288
248.288
248.288
248.288
248.288
248.288
248.288
248.288
248.288
248.288
248.288
248.288
248.288
248.288
248.288
248.288
248.288
248.288
248.288
248.288
248.288
248.288
248.288
248.288
248.288
248.288
248.289
248.289
248.289
248.289
248.289
248.289
248.289
248.289
248.289
248.289
248.289
248.289
248.289
248.289
248.289
248.289
248.289
248.289
248.289
248.289
248.289
248.289
248.29
248.29
248.29
248.29
248.29
248.29
248.29
248.29
248.29
248.29
248.29
248.29
248.29
248.29
248.29
248.29
248.29
248.291
248.291
248.291
248.291
248.291
248.291
248.291
248.291
248.291
248.291
248.291
248.291
248.291
248.291
248.291
248.291
248.291
248.291
248.292
248.292
248.292
248.292
248.292
248.292
248.292
248.292
248.292
248.292
248.292
248.292
248.292
248.292
248.292
248.292
248.292
248.292
248.292
248.292
248.292
248.292
248.292
248.292
248.292
248.292
248.292
248.292
248.292
248.292
248.292
248.292
248.292
248.292
248.292
248.292
248.292
248.292
248.292
248.292
248.291
248.291
248.291
248.291
248.291
248.291
248.291
248.291
248.291
248.291
248.291
248.29
248.29
248.29
248.29
248.29
248.29
248.29
248.29
248.289
248.289
248.289
248.289
248.289
248.289
248.289
248.289
248.288
248.288
248.288
248.288
248.288
248.288
248.287
248.287
248.287
248.287
248.287
248.287
248.287
248.286
248.286
248.286
248.286
248.286
248.286
248.285
248.285
248.285
248.285
248.285
248.285
248.285
248.284
248.284
248.284
248.284
248.284
248.284
248.284
248.283
248.283
248.283
248.283
248.283
248.283
248.283
248.283
248.282
248.282
248.282
248.282
248.282
248.282
248.282
248.282
248.282
248.281
248.281
248.281
248.281
248.281
248.281
248.281
248.281
248.281
248.281
248.281
248.281
248.28
248.28
248.28
248.28
248.28
248.28
248.28
248.28
248.28
248.28
248.28
248.28
248.28
248.28
248.28
248.28
248.28
248.28
248.279
248.279
248.279
248.279
248.279
248.279
248.279
248.279
248.279
248.279
248.279
248.279
248.279
248.279
248.279
248.279
248.279
248.279
248.279
248.279
248.279
248.279
248.279
248.279
248.279
248.279
248.279
248.279
248.279
248.279
248.279
248.279
248.279
248.279
248.279
248.279
248.279
248.279
248.279
248.279
248.279
248.279
248.279
248.279
248.279
248.279
248.279
248.279
248.279
248.279
248.279
248.279
248.279
248.279
248.279
248.279
248.279
248.279
248.279
248.279
248.279
248.279
248.279
248.279
248.279
248.279
248.279
248.279
248.279
248.279
248.279
248.279
248.279
248.279
248.279
248.279
248.279
248.279
248.279
248.279
248.279
248.279
248.279
248.279
248.279
248.279
248.279
248.279
248.279
248.279
248.279
248.279
248.279
248.279
248.279
248.279
248.279
248.279
248.279
248.279
248.279
248.279
248.279
248.279
248.279
248.279
248.279
248.279
248.279
248.279
248.279
248.279
248.279
248.279
248.279
248.279
248.279
248.279
248.279
248.279
248.279
248.279
248.279
248.279
248.279
248.279
248.279
248.279
248.279
248.279
248.279
248.279
248.279
248.279
248.279
248.279
248.279
248.279
248.279
248.279
248.279
248.279
248.279
248.279
248.279
248.279
248.279
248.279
248.279
248.279
248.28
248.28
248.28
248.28
248.28
248.28
248.28
248.28
248.28
248.28
248.28
248.28
248.28
248.28
248.28
248.28
248.28
248.28
248.28
248.28
248.28
248.28
248.28
248.28
248.28
248.28
248.28
248.28
248.28
248.28
248.28
248.28
248.28
248.28
248.28
248.28
248.28
248.28
248.28
248.28
248.28
248.28
248.28
248.28
248.28
)
;

boundaryField
{
    sides
    {
        type            zeroGradient;
    }
    empty
    {
        type            empty;
    }
}


// ************************************************************************* //
