/*--------------------------------*- C++ -*----------------------------------*\
  =========                 |
  \\      /  F ield         | OpenFOAM: The Open Source CFD Toolbox
   \\    /   O peration     | Website:  https://openfoam.org
    \\  /    A nd           | Version:  9
     \\/     M anipulation  |
\*---------------------------------------------------------------------------*/
FoamFile
{
    format      ascii;
    class       volScalarField;
    location    "0.04";
    object      p;
}
// * * * * * * * * * * * * * * * * * * * * * * * * * * * * * * * * * * * * * //

dimensions      [1 -1 -2 0 0 0 0];

internalField   nonuniform List<scalar> 
10000
(
11253.3
11253.2
11253.1
11253.1
11253
11252.9
11252.8
11252.8
11252.7
11252.6
11252.6
11252.5
11252.4
11252.3
11252.3
11252.2
11252.1
11252.1
11252
11251.9
11251.8
11251.8
11251.7
11251.6
11251.6
11251.5
11251.4
11251.3
11251.3
11251.2
11251.1
11251.1
11251
11250.9
11250.8
11250.8
11250.7
11250.6
11250.6
11250.5
11250.4
11250.3
11250.3
11250.2
11250.1
11250
11250
11249.9
11249.8
11249.8
11249.7
11249.6
11249.5
11249.5
11249.4
11249.3
11249.3
11249.2
11249.1
11249
11249
11248.9
11248.8
11248.8
11248.7
11248.6
11248.5
11248.5
11248.4
11248.3
11248.3
11248.2
11248.1
11248
11248
11247.9
11247.8
11247.8
11247.7
11247.6
11247.5
11247.5
11247.4
11247.3
11247.2
11247.2
11247.1
11247
11247
11246.9
11246.8
11246.7
11246.7
11246.6
11246.5
11246.5
11246.4
11246.3
11246.2
11246.2
11246.1
11246
11246
11245.9
11245.8
11245.7
11245.7
11245.6
11245.5
11245.4
11245.4
11245.3
11245.2
11245.2
11245.1
11245
11244.9
11244.9
11244.8
11244.7
11244.7
11244.6
11244.5
11244.4
11244.4
11244.3
11244.2
11244.1
11244.1
11244
11243.9
11243.9
11243.8
11243.7
11243.6
11243.6
11243.5
11243.4
11243.4
11243.3
11243.2
11243.1
11243.1
11243
11242.9
11242.8
11242.8
11242.7
11242.6
11242.6
11242.5
11242.4
11242.3
11242.3
11242.2
11242.1
11242
11242
11241.9
11241.8
11241.8
11241.7
11241.6
11241.5
11241.5
11241.4
11241.3
11241.3
11241.2
11241.1
11241
11241
11240.9
11240.8
11240.7
11240.7
11240.6
11240.5
11240.5
11240.4
11240.3
11240.2
11240.2
11240.1
11240
11239.9
11239.9
11239.8
11239.7
11239.7
11239.6
11239.5
11239.4
11239.4
11239.3
11239.2
11239.1
11239.1
11239
11238.9
11238.9
11238.8
11238.7
11238.6
11238.6
11238.5
11238.4
11238.3
11238.3
11238.2
11238.1
11238.1
11238
11237.9
11237.8
11237.8
11237.7
11237.6
11237.5
11237.5
11237.4
11237.3
11237.2
11237.2
11237.1
11237
11237
11236.9
11236.8
11236.7
11236.7
11236.6
11236.5
11236.4
11236.4
11236.3
11236.2
11236.2
11236.1
11236
11235.9
11235.9
11235.8
11235.7
11235.6
11235.6
11235.5
11235.4
11235.3
11235.3
11235.2
11235.1
11235.1
11235
11234.9
11234.8
11234.8
11234.7
11234.6
11234.5
11234.5
11234.4
11234.3
11234.3
11234.2
11234.1
11234
11234
11233.9
11233.8
11233.7
11233.7
11233.6
11233.5
11233.4
11233.4
11233.3
11233.2
11233.2
11233.1
11233
11232.9
11232.9
11232.8
11232.7
11232.6
11232.6
11232.5
11232.4
11232.3
11232.3
11232.2
11232.1
11232
11232
11231.9
11231.8
11231.8
11231.7
11231.6
11231.5
11231.5
11231.4
11231.3
11231.2
11231.2
11231.1
11231
11230.9
11230.9
11230.8
11230.7
11230.7
11230.6
11230.5
11230.4
11230.4
11230.3
11230.2
11230.1
11230.1
11230
11229.9
11229.8
11229.8
11229.7
11229.6
11229.5
11229.5
11229.4
11229.3
11229.3
11229.2
11229.1
11229
11229
11228.9
11228.8
11228.7
11228.7
11228.6
11228.5
11228.4
11228.4
11228.3
11228.2
11228.1
11228.1
11228
11227.9
11227.8
11227.8
11227.7
11227.6
11227.6
11227.5
11227.4
11227.3
11227.3
11227.2
11227.1
11227
11227
11226.9
11226.8
11226.7
11226.7
11226.6
11226.5
11226.4
11226.4
11226.3
11226.2
11226.1
11226.1
11226
11225.9
11225.8
11225.8
11225.7
11225.6
11225.6
11225.5
11225.4
11225.3
11225.3
11225.2
11225.1
11225
11225
11224.9
11224.8
11224.7
11224.7
11224.6
11224.5
11224.4
11224.4
11224.3
11224.2
11224.1
11224.1
11224
11223.9
11223.8
11223.8
11223.7
11223.6
11223.5
11223.5
11223.4
11223.3
11223.2
11223.2
11223.1
11223
11223
11222.9
11222.8
11222.7
11222.7
11222.6
11222.5
11222.4
11222.4
11222.3
11222.2
11222.1
11222.1
11222
11221.9
11221.8
11221.8
11221.7
11221.6
11221.5
11221.5
11221.4
11221.3
11221.2
11221.2
11221.1
11221
11220.9
11220.9
11220.8
11220.7
11220.6
11220.6
11220.5
11220.4
11220.3
11220.3
11220.2
11220.1
11220
11220
11219.9
11219.8
11219.7
11219.7
11219.6
11219.5
11219.4
11219.4
11219.3
11219.2
11219.1
11219.1
11219
11218.9
11218.8
11218.8
11218.7
11218.6
11218.5
11218.5
11218.4
11218.3
11218.2
11218.2
11218.1
11218
11217.9
11217.9
11217.8
11217.7
11217.6
11217.6
11217.5
11217.4
11217.4
11217.3
11217.2
11217.1
11217.1
11217
11216.9
11216.8
11216.8
11216.7
11216.6
11216.5
11216.4
11216.4
11216.3
11216.2
11216.1
11216.1
11216
11215.9
11215.8
11215.8
11215.7
11215.6
11215.5
11215.5
11215.4
11215.3
11215.2
11215.2
11215.1
11215
11214.9
11214.9
11214.8
11214.7
11214.6
11214.6
11214.5
11214.4
11214.3
11214.3
11214.2
11214.1
11214
11214
11213.9
11213.8
11213.7
11213.7
11213.6
11213.5
11213.4
11213.4
11213.3
11213.2
11213.1
11213.1
11213
11212.9
11212.8
11212.8
11212.7
11212.6
11212.5
11212.5
11212.4
11212.3
11212.2
11212.2
11212.1
11212
11211.9
11211.9
11211.8
11211.7
11211.6
11211.6
11211.5
11211.4
11211.3
11211.3
11211.2
11211.1
11211
11211
11210.9
11210.8
11210.7
11210.6
11210.6
11210.5
11210.4
11210.3
11210.3
11210.2
11210.1
11210
11210
11209.9
11209.8
11209.7
11209.7
11209.6
11209.5
11209.4
11209.4
11209.3
11209.2
11209.1
11209.1
11209
11208.9
11208.8
11208.8
11208.7
11208.6
11208.5
11208.5
11208.4
11208.3
11208.2
11208.2
11208.1
11208
11207.9
11207.8
11207.8
11207.7
11207.6
11207.5
11207.5
11207.4
11207.3
11207.2
11207.2
11207.1
11207
11206.9
11206.9
11206.8
11206.7
11206.6
11206.6
11206.5
11206.4
11206.3
11206.3
11206.2
11206.1
11206
11205.9
11205.9
11205.8
11205.7
11205.6
11205.6
11205.5
11205.4
11205.3
11205.3
11205.2
11205.1
11205
11205
11204.9
11204.8
11204.7
11204.7
11204.6
11204.5
11204.4
11204.4
11204.3
11204.2
11204.1
11204
11204
11203.9
11203.8
11203.7
11203.7
11203.6
11203.5
11203.4
11203.4
11203.3
11203.2
11203.1
11203.1
11203
11202.9
11202.8
11202.8
11202.7
11202.6
11202.5
11202.4
11202.4
11202.3
11202.2
11202.1
11202.1
11202
11201.9
11201.8
11201.8
11201.7
11201.6
11201.5
11201.5
11201.4
11201.3
11201.2
11201.1
11201.1
11201
11200.9
11200.8
11200.8
11200.7
11200.6
11200.5
11200.5
11200.4
11200.3
11200.2
11200.2
11200.1
11200
11199.9
11199.8
11199.8
11199.7
11199.6
11199.5
11199.5
11199.4
11199.3
11199.2
11199.2
11199.1
11199
11198.9
11198.9
11198.8
11198.7
11198.6
11198.5
11198.5
11198.4
11198.3
11198.2
11198.2
11198.1
11198
11197.9
11197.9
11197.8
11197.7
11197.6
11197.6
11197.5
11197.4
11197.3
11197.2
11197.2
11197.1
11197
11196.9
11196.9
11196.8
11196.7
11196.6
11196.6
11196.5
11196.4
11196.3
11196.2
11196.2
11196.1
11196
11195.9
11195.9
11195.8
11195.7
11195.6
11195.6
11195.5
11195.4
11195.3
11195.2
11195.2
11195.1
11195
11194.9
11194.9
11194.8
11194.7
11194.6
11194.6
11194.5
11194.4
11194.3
11194.2
11194.2
11194.1
11194
11193.9
11193.9
11193.8
11193.7
11193.6
11193.6
11193.5
11193.4
11193.3
11193.2
11193.2
11193.1
11193
11192.9
11192.9
11192.8
11192.7
11192.6
11192.6
11192.5
11192.4
11192.3
11192.2
11192.2
11192.1
11192
11191.9
11191.9
11191.8
11191.7
11191.6
11191.6
11191.5
11191.4
11191.3
11191.2
11191.2
11191.1
11191
11190.9
11190.9
11190.8
11190.7
11190.6
11190.5
11190.5
11190.4
11190.3
11190.2
11190.2
11190.1
11190
11189.9
11189.9
11189.8
11189.7
11189.6
11189.5
11189.5
11189.4
11189.3
11189.2
11189.2
11189.1
11189
11188.9
11188.8
11188.8
11188.7
11188.6
11188.5
11188.5
11188.4
11188.3
11188.2
11188.2
11188.1
11188
11187.9
11187.8
11187.8
11187.7
11187.6
11187.5
11187.5
11187.4
11187.3
11187.2
11187.1
11187.1
11187
11186.9
11186.8
11186.8
11186.7
11186.6
11186.5
11186.4
11186.4
11186.3
11186.2
11186.1
11186.1
11186
11185.9
11185.8
11185.8
11185.7
11185.6
11185.5
11185.4
11185.4
11185.3
11185.2
11185.1
11185.1
11185
11184.9
11184.8
11184.7
11184.7
11184.6
11184.5
11184.4
11184.4
11184.3
11184.2
11184.1
11184
11184
11183.9
11183.8
11183.7
11183.7
11183.6
11183.5
11183.4
11183.3
11183.3
11183.2
11183.1
11183
11183
11182.9
11182.8
11182.7
11182.6
11182.6
11182.5
11182.4
11182.3
11182.3
11182.2
11182.1
11182
11181.9
11181.9
11181.8
11181.7
11181.6
11181.6
11181.5
11181.4
11181.3
11181.2
11181.2
11181.1
11181
11180.9
11180.9
11180.8
11180.7
11180.6
11180.5
11180.5
11180.4
11180.3
11180.2
11180.2
11180.1
11180
11179.9
11179.8
11179.8
11179.7
11179.6
11179.5
11179.5
11179.4
11179.3
11179.2
11179.1
11179.1
11179
11178.9
11178.8
11178.8
11178.7
11178.6
11178.5
11178.4
11178.4
11178.3
11178.2
11178.1
11178.1
11178
11177.9
11177.8
11177.7
11177.7
11177.6
11177.5
11177.4
11177.4
11177.3
11177.2
11177.1
11177
11177
11176.9
11176.8
11176.7
11176.7
11176.6
11176.5
11176.4
11176.3
11176.3
11176.2
11176.1
11176
11176
11175.9
11175.8
11175.7
11175.6
11175.6
11175.5
11175.4
11175.3
11175.3
11175.2
11175.1
11175
11174.9
11174.9
11174.8
11174.7
11174.6
11174.6
11174.5
11174.4
11174.3
11174.2
11174.2
11174.1
11174
11173.9
11173.8
11173.8
11173.7
11173.6
11173.5
11173.5
11173.4
11173.3
11173.2
11173.1
11173.1
11173
11172.9
11172.8
11172.8
11172.7
11172.6
11172.5
11172.4
11172.4
11172.3
11172.2
11172.1
11172.1
11172
11171.9
11171.8
11171.7
11171.7
11171.6
11171.5
11171.4
11171.4
11171.3
11171.2
11171.1
11171
11171
11170.9
11170.8
11170.7
11170.6
11170.6
11170.5
11170.4
11170.3
11170.3
11170.2
11170.1
11170
11169.9
11169.9
11169.8
11169.7
11169.6
11169.6
11169.5
11169.4
11169.3
11169.2
11169.2
11169.1
11169
11168.9
11168.9
11168.8
11168.7
11168.6
11168.5
11168.5
11168.4
11168.3
11168.2
11168.1
11168.1
11168
11167.9
11167.8
11167.8
11167.7
11167.6
11167.5
11167.4
11167.4
11167.3
11167.2
11167.1
11167.1
11167
11166.9
11166.8
11166.7
11166.7
11166.6
11166.5
11166.4
11166.4
11166.3
11166.2
11166.1
11166
11166
11165.9
11165.8
11165.7
11165.7
11165.6
11165.5
11165.4
11165.3
11165.3
11165.2
11165.1
11165
11164.9
11164.9
11164.8
11164.7
11164.6
11164.6
11164.5
11164.4
11164.3
11164.2
11164.2
11164.1
11164
11163.9
11163.9
11163.8
11163.7
11163.6
11163.5
11163.5
11163.4
11163.3
11163.2
11163.2
11163.1
11163
11162.9
11162.8
11162.8
11162.7
11162.6
11162.5
11162.4
11162.4
11162.3
11162.2
11162.1
11162.1
11162
11161.9
11161.8
11161.7
11161.7
11161.6
11161.5
11161.4
11161.4
11161.3
11161.2
11161.1
11161
11161
11160.9
11160.8
11160.7
11160.7
11160.6
11160.5
11160.4
11160.3
11160.3
11160.2
11160.1
11160
11159.9
11159.9
11159.8
11159.7
11159.6
11159.6
11159.5
11159.4
11159.3
11159.2
11159.2
11159.1
11159
11158.9
11158.9
11158.8
11158.7
11158.6
11158.5
11158.5
11158.4
11158.3
11158.2
11158.2
11158.1
11158
11157.9
11157.8
11157.8
11157.7
11157.6
11157.5
11157.5
11157.4
11157.3
11157.2
11157.1
11157.1
11157
11156.9
11156.8
11156.8
11156.7
11156.6
11156.5
11156.4
11156.4
11156.3
11156.2
11156.1
11156.1
11156
11155.9
11155.8
11155.7
11155.7
11155.6
11155.5
11155.4
11155.4
11155.3
11155.2
11155.1
11155
11155
11154.9
11154.8
11154.7
11154.7
11154.6
11154.5
11154.4
11154.3
11154.3
11154.2
11154.1
11154
11154
11153.9
11153.8
11153.7
11153.6
11153.6
11153.5
11153.4
11153.3
11153.3
11153.2
11153.1
11153
11152.9
11152.9
11152.8
11152.7
11152.6
11152.6
11152.5
11152.4
11152.3
11152.2
11152.2
11152.1
11152
11151.9
11151.9
11151.8
11151.7
11151.6
11151.5
11151.5
11151.4
11151.3
11151.2
11151.2
11151.1
11151
11150.9
11150.8
11150.8
11150.7
11150.6
11150.5
11150.5
11150.4
11150.3
11150.2
11150.2
11150.1
11150
11149.9
11149.8
11149.8
11149.7
11149.6
11149.5
11149.5
11149.4
11149.3
11149.2
11149.1
11149.1
11149
11148.9
11148.8
11148.8
11148.7
11148.6
11148.5
11148.5
11148.4
11148.3
11148.2
11148.1
11148.1
11148
11147.9
11147.8
11147.8
11147.7
11147.6
11147.5
11147.4
11147.4
11147.3
11147.2
11147.1
11147.1
11147
11146.9
11146.8
11146.8
11146.7
11146.6
11146.5
11146.4
11146.4
11146.3
11146.2
11146.1
11146.1
11146
11145.9
11145.8
11145.8
11145.7
11145.6
11145.5
11145.4
11145.4
11145.3
11145.2
11145.1
11145.1
11145
11144.9
11144.8
11144.8
11144.7
11144.6
11144.5
11144.4
11144.4
11144.3
11144.2
11144.1
11144.1
11144
11143.9
11143.8
11143.8
11143.7
11143.6
11143.5
11143.5
11143.4
11143.3
11143.2
11143.1
11143.1
11143
11142.9
11142.8
11142.8
11142.7
11142.6
11142.5
11142.5
11142.4
11142.3
11142.2
11142.2
11142.1
11142
11141.9
11141.8
11141.8
11141.7
11141.6
11141.5
11141.5
11141.4
11141.3
11141.2
11141.2
11141.1
11141
11140.9
11140.9
11140.8
11140.7
11140.6
11140.6
11140.5
11140.4
11140.3
11140.3
11140.2
11140.1
11140
11139.9
11139.9
11139.8
11139.7
11139.6
11139.6
11139.5
11139.4
11139.3
11139.3
11139.2
11139.1
11139
11139
11138.9
11138.8
11138.7
11138.7
11138.6
11138.5
11138.4
11138.4
11138.3
11138.2
11138.1
11138.1
11138
11137.9
11137.8
11137.8
11137.7
11137.6
11137.5
11137.5
11137.4
11137.3
11137.2
11137.2
11137.1
11137
11136.9
11136.9
11136.8
11136.7
11136.6
11136.6
11136.5
11136.4
11136.3
11136.3
11136.2
11136.1
11136
11136
11135.9
11135.8
11135.7
11135.7
11135.6
11135.5
11135.4
11135.4
11135.3
11135.2
11135.1
11135.1
11135
11134.9
11134.8
11134.8
11134.7
11134.6
11134.5
11134.5
11134.4
11134.3
11134.2
11134.2
11134.1
11134
11133.9
11133.9
11133.8
11133.7
11133.6
11133.6
11133.5
11133.4
11133.4
11133.3
11133.2
11133.1
11133.1
11133
11132.9
11132.8
11132.8
11132.7
11132.6
11132.5
11132.5
11132.4
11132.3
11132.2
11132.2
11132.1
11132
11132
11131.9
11131.8
11131.7
11131.7
11131.6
11131.5
11131.4
11131.4
11131.3
11131.2
11131.1
11131.1
11131
11130.9
11130.9
11130.8
11130.7
11130.6
11130.6
11130.5
11130.4
11130.3
11130.3
11130.2
11130.1
11130.1
11130
11129.9
11129.8
11129.8
11129.7
11129.6
11129.5
11129.5
11129.4
11129.3
11129.3
11129.2
11129.1
11129
11129
11128.9
11128.8
11128.8
11128.7
11128.6
11128.5
11128.5
11128.4
11128.3
11128.2
11128.2
11128.1
11128
11128
11127.9
11127.8
11127.7
11127.7
11127.6
11127.5
11127.5
11127.4
11127.3
11127.2
11127.2
11127.1
11127
11127
11126.9
11126.8
11126.7
11126.7
11126.6
11126.5
11126.5
11126.4
11126.3
11126.3
11126.2
11126.1
11126
11126
11125.9
11125.8
11125.8
11125.7
11125.6
11125.5
11125.5
11125.4
11125.3
11125.3
11125.2
11125.1
11125.1
11125
11124.9
11124.8
11124.8
11124.7
11124.6
11124.6
11124.5
11124.4
11124.4
11124.3
11124.2
11124.1
11124.1
11124
11123.9
11123.9
11123.8
11123.7
11123.7
11123.6
11123.5
11123.5
11123.4
11123.3
11123.2
11123.2
11123.1
11123
11123
11122.9
11122.8
11122.8
11122.7
11122.6
11122.6
11122.5
11122.4
11122.4
11122.3
11122.2
11122.2
11122.1
11122
11122
11121.9
11121.8
11121.7
11121.7
11121.6
11121.5
11121.5
11121.4
11121.3
11121.3
11121.2
11121.1
11121.1
11121
11120.9
11120.9
11120.8
11120.7
11120.7
11120.6
11120.5
11120.5
11120.4
11120.3
11120.3
11120.2
11120.1
11120.1
11120
11119.9
11119.9
11119.8
11119.7
11119.7
11119.6
11119.5
11119.5
11119.4
11119.4
11119.3
11119.2
11119.2
11119.1
11119
11119
11118.9
11118.8
11118.8
11118.7
11118.6
11118.6
11118.5
11118.4
11118.4
11118.3
11118.2
11118.2
11118.1
11118.1
11118
11117.9
11117.9
11117.8
11117.7
11117.7
11117.6
11117.5
11117.5
11117.4
11117.4
11117.3
11117.2
11117.2
11117.1
11117
11117
11116.9
11116.9
11116.8
11116.7
11116.7
11116.6
11116.5
11116.5
11116.4
11116.4
11116.3
11116.2
11116.2
11116.1
11116
11116
11115.9
11115.9
11115.8
11115.7
11115.7
11115.6
11115.6
11115.5
11115.4
11115.4
11115.3
11115.2
11115.2
11115.1
11115.1
11115
11114.9
11114.9
11114.8
11114.8
11114.7
11114.6
11114.6
11114.5
11114.5
11114.4
11114.4
11114.3
11114.2
11114.2
11114.1
11114.1
11114
11113.9
11113.9
11113.8
11113.8
11113.7
11113.6
11113.6
11113.5
11113.5
11113.4
11113.4
11113.3
11113.2
11113.2
11113.1
11113.1
11113
11113
11112.9
11112.8
11112.8
11112.7
11112.7
11112.6
11112.6
11112.5
11112.5
11112.4
11112.3
11112.3
11112.2
11112.2
11112.1
11112.1
11112
11112
11111.9
11111.8
11111.8
11111.7
11111.7
11111.6
11111.6
11111.5
11111.5
11111.4
11111.4
11111.3
11111.3
11111.2
11111.2
11111.1
11111
11111
11110.9
11110.9
11110.8
11110.8
11110.7
11110.7
11110.6
11110.6
11110.5
11110.5
11110.4
11110.4
11110.3
11110.3
11110.2
11110.2
11110.1
11110.1
11110
11110
11109.9
11109.9
11109.8
11109.8
11109.7
11109.7
11109.6
11109.6
11109.5
11109.5
11109.4
11109.4
11109.3
11109.3
11109.2
11109.2
11109.1
11109.1
11109.1
11109
11109
11108.9
11108.9
11108.8
11108.8
11108.7
11108.7
11108.6
11108.6
11108.5
11108.5
11108.5
11108.4
11108.4
11108.3
11108.3
11108.2
11108.2
11108.1
11108.1
11108.1
11108
11108
11107.9
11107.9
11107.8
11107.8
11107.8
11107.7
11107.7
11107.6
11107.6
11107.6
11107.5
11107.5
11107.4
11107.4
11107.3
11107.3
11107.3
11107.2
11107.2
11107.2
11107.1
11107.1
11107
11107
11107
11106.9
11106.9
11106.8
11106.8
11106.8
11106.7
11106.7
11106.7
11106.6
11106.6
11106.6
11106.5
11106.5
11106.4
11106.4
11106.4
11106.3
11106.3
11106.3
11106.2
11106.2
11106.2
11106.1
11106.1
11106.1
11106
11106
11106
11105.9
11105.9
11105.9
11105.8
11105.8
11105.8
11105.8
11105.7
11105.7
11105.7
11105.6
11105.6
11105.6
11105.5
11105.5
11105.5
11105.5
11105.4
11105.4
11105.4
11105.4
11105.3
11105.3
11105.3
11105.2
11105.2
11105.2
11105.2
11105.1
11105.1
11105.1
11105.1
11105
11105
11105
11105
11105
11104.9
11104.9
11104.9
11104.9
11104.8
11104.8
11104.8
11104.8
11104.8
11104.7
11104.7
11104.7
11104.7
11104.7
11104.7
11104.6
11104.6
11104.6
11104.6
11104.6
11104.6
11104.5
11104.5
11104.5
11104.5
11104.5
11104.5
11104.4
11104.4
11104.4
11104.4
11104.4
11104.4
11104.4
11104.4
11104.4
11104.3
11104.3
11104.3
11104.3
11104.3
11104.3
11104.3
11104.3
11104.3
11104.3
11104.3
11104.2
11104.2
11104.2
11104.2
11104.2
11104.2
11104.2
11104.2
11104.2
11104.2
11104.2
11104.2
11104.2
11104.2
11104.2
11104.2
11104.2
11104.2
11104.2
11104.2
11104.2
11104.2
11104.2
11104.2
11104.2
11104.2
11104.2
11104.2
11104.2
11104.2
11104.2
11104.2
11104.2
11104.3
11104.3
11104.3
11104.3
11104.3
11104.3
11104.3
11104.3
11104.3
11104.3
11104.3
11104.4
11104.4
11104.4
11104.4
11104.4
11104.4
11104.4
11104.5
11104.5
11104.5
11104.5
11104.5
11104.5
11104.6
11104.6
11104.6
11104.6
11104.6
11104.7
11104.7
11104.7
11104.7
11104.8
11104.8
11104.8
11104.8
11104.9
11104.9
11104.9
11104.9
11105
11105
11105
11105.1
11105.1
11105.1
11105.2
11105.2
11105.2
11105.3
11105.3
11105.3
11105.4
11105.4
11105.4
11105.5
11105.5
11105.5
11105.6
11105.6
11105.7
11105.7
11105.8
11105.8
11105.8
11105.9
11105.9
11106
11106
11106.1
11106.1
11106.2
11106.2
11106.3
11106.3
11106.4
11106.4
11106.5
11106.5
11106.6
11106.6
11106.7
11106.7
11106.8
11106.9
11106.9
11107
11107
11107.1
11107.2
11107.2
11107.3
11107.4
11107.4
11107.5
11107.6
11107.6
11107.7
11107.8
11107.8
11107.9
11108
11108
11108.1
11108.2
11108.3
11108.3
11108.4
11108.5
11108.6
11108.7
11108.7
11108.8
11108.9
11109
11109.1
11109.2
11109.2
11109.3
11109.4
11109.5
11109.6
11109.7
11109.8
11109.9
11110
11110.1
11110.2
11110.3
11110.4
11110.5
11110.6
11110.7
11110.8
11110.9
11111
11111.1
11111.2
11111.3
11111.4
11111.5
11111.6
11111.7
11111.8
11112
11112.1
11112.2
11112.3
11112.4
11112.5
11112.7
11112.8
11112.9
11113
11113.2
11113.3
11113.4
11113.5
11113.7
11113.8
11113.9
11114.1
11114.2
11114.4
11114.5
11114.6
11114.8
11114.9
11115.1
11115.2
11115.3
11115.5
11115.6
11115.8
11115.9
11116.1
11116.2
11116.4
11116.6
11116.7
11116.9
11117
11117.2
11117.4
11117.5
11117.7
11117.9
11118
11118.2
11118.4
11118.5
11118.7
11118.9
11119.1
11119.3
11119.4
11119.6
11119.8
11120
11120.2
11120.4
11120.6
11120.7
11120.9
11121.1
11121.3
11121.5
11121.7
11121.9
11122.1
11122.3
11122.5
11122.8
11123
11123.2
11123.4
11123.6
11123.8
11124
11124.3
11124.5
11124.7
11124.9
11125.2
11125.4
11125.6
11125.8
11126.1
11126.3
11126.6
11126.8
11127
11127.3
11127.5
11127.8
11128
11128.3
11128.5
11128.8
11129
11129.3
11129.6
11129.8
11130.1
11130.4
11130.6
11130.9
11131.2
11131.4
11131.7
11132
11132.3
11132.6
11132.8
11133.1
11133.4
11133.7
11134
11134.3
11134.6
11134.9
11135.2
11135.5
11135.8
11136.1
11136.4
11136.7
11137
11137.4
11137.7
11138
11138.3
11138.7
11139
11139.3
11139.6
11140
11140.3
11140.7
11141
11141.3
11141.7
11142
11142.4
11142.7
11143.1
11143.5
11143.8
11144.2
11144.5
11144.9
11145.3
11145.7
11146
11146.4
11146.8
11147.2
11147.6
11147.9
11148.3
11148.7
11149.1
11149.5
11149.9
11150.3
11150.7
11151.1
11151.5
11151.9
11152.4
11152.8
11153.2
11153.6
11154
11154.5
11154.9
11155.3
11155.8
11156.2
11156.6
11157.1
11157.5
11158
11158.4
11158.9
11159.3
11159.8
11160.3
11160.7
11161.2
11161.7
11162.1
11162.6
11163.1
11163.6
11164
11164.5
11165
11165.5
11166
11166.5
11167
11167.5
11168
11168.5
11169
11169.5
11170
11170.6
11171.1
11171.6
11172.1
11172.7
11173.2
11173.7
11174.3
11174.8
11175.3
11175.9
11176.4
11177
11177.5
11178.1
11178.6
11179.2
11179.8
11180.3
11180.9
11181.5
11182
11182.6
11183.2
11183.8
11184.4
11184.9
11185.5
11186.1
11186.7
11187.3
11187.9
11188.5
11189.1
11189.7
11190.3
11190.9
11191.6
11192.2
11192.8
11193.4
11194
11194.7
11195.3
11195.9
11196.6
11197.2
11197.8
11198.5
11199.1
11199.8
11200.4
11201.1
11201.7
11202.4
11203.1
11203.7
11204.4
11205
11205.7
11206.4
11207.1
11207.7
11208.4
11209.1
11209.8
11210.5
11211.1
11211.8
11212.5
11213.2
11213.9
11214.6
11215.3
11216
11216.7
11217.4
11218.1
11218.8
11219.6
11220.3
11221
11221.7
11222.4
11223.2
11223.9
11224.6
11225.3
11226.1
11226.8
11227.5
11228.3
11229
11229.7
11230.5
11231.2
11232
11232.7
11233.5
11234.2
11235
11235.7
11236.5
11237.2
11238
11238.8
11239.5
11240.3
11241.1
11241.8
11242.6
11243.4
11244.1
11244.9
11245.7
11246.5
11247.2
11248
11248.8
11249.6
11250.4
11251.2
11251.9
11252.7
11253.5
11254.3
11255.1
11255.9
11256.7
11257.5
11258.3
11259.1
11259.9
11260.7
11261.5
11262.3
11263.1
11263.9
11264.7
11265.5
11266.3
11267.1
11267.9
11268.8
11269.6
11270.4
11271.2
11272
11272.8
11273.7
11274.5
11275.3
11276.1
11276.9
11277.8
11278.6
11279.4
11280.2
11281.1
11281.9
11282.7
11283.5
11284.4
11285.2
11286
11286.9
11287.7
11288.5
11289.4
11290.2
11291
11291.9
11292.7
11293.5
11294.4
11295.2
11296.1
11296.9
11297.7
11298.6
11299.4
11300.3
11301.1
11302
11302.8
11303.6
11304.5
11305.3
11306.2
11307
11307.9
11308.7
11309.6
11310.4
11311.3
11312.1
11313
11313.8
11314.7
11315.5
11316.4
11317.2
11318.1
11318.9
11319.8
11320.6
11321.5
11322.4
11323.2
11324.1
11324.9
11325.8
11326.6
11327.5
11328.3
11329.2
11330.1
11330.9
11331.8
11332.6
11333.5
11334.4
11335.2
11336.1
11336.9
11337.8
11338.7
11339.5
11340.4
11341.2
11342.1
11343
11343.8
11344.7
11345.5
11346.4
11347.3
11348.1
11349
11349.9
11350.7
11351.6
11352.4
11353.3
11354.2
11355
11355.9
11356.8
11357.6
11358.5
11359.4
11360.2
11361.1
11362
11362.8
11363.7
11364.6
11365.4
11366.3
11367.2
11368
11368.9
11369.8
11370.6
11371.5
11372.4
11373.2
11374.1
11375
11375.8
11376.7
11377.6
11378.4
11379.3
11380.2
11381.1
11381.9
11382.8
11383.7
11384.5
11385.4
11386.3
11387.1
11388
11388.9
11389.7
11390.6
11391.5
11392.4
11393.2
11394.1
11395
11395.8
11396.7
11397.6
11398.5
11399.3
11400.2
11401.1
11401.9
11402.8
11403.7
11404.6
11405.4
11406.3
11407.2
11408
11408.9
11409.8
11410.7
11411.5
11412.4
11413.3
11414.2
11415
11415.9
11416.8
11417.6
11418.5
11419.4
11420.3
11421.1
11422
11422.9
11423.8
11424.6
11425.5
11426.4
11427.3
11428.1
11429
11429.9
11430.8
11431.6
11432.5
11433.4
11434.3
11435.1
11436
11436.9
11437.8
11438.6
11439.5
11440.4
11441.3
11442.1
11443
11443.9
11444.8
11445.6
11446.5
11447.4
11448.3
11449.1
11450
11450.9
11451.8
11452.6
11453.5
11454.4
11455.3
11456.2
11457
11457.9
11458.8
11459.7
11460.5
11461.4
11462.3
11463.2
11464
11464.9
11465.8
11466.7
11467.6
11468.4
11469.3
11470.2
11471.1
11471.9
11472.8
11473.7
11474.6
11475.5
11476.3
11477.2
11478.1
11479
11479.9
11480.7
11481.6
11482.5
11483.4
11484.3
11485.1
11486
11486.9
11487.8
11488.6
11489.5
11490.4
11491.3
11492.2
11493
11493.9
11494.8
11495.7
11496.6
11497.4
11498.3
11499.2
11500.1
11501
11501.9
11502.7
11503.6
11504.5
11505.4
11506.3
11507.1
11508
11508.9
11509.8
11510.7
11511.5
11512.4
11513.3
11514.2
11515.1
11516
11516.8
11517.7
11518.6
11519.5
11520.4
11521.2
11522.1
11523
11523.9
11524.8
11525.7
11526.5
11527.4
11528.3
11529.2
11530.1
11531
11531.8
11532.7
11533.6
11534.5
11535.4
11536.3
11537.1
11538
11538.9
11539.8
11540.7
11541.6
11542.4
11543.3
11544.2
11545.1
11546
11546.9
11547.8
11548.6
11549.5
11550.4
11551.3
11552.2
11553.1
11554
11554.8
11555.7
11556.6
11557.5
11558.4
11559.3
11560.1
11561
11561.9
11562.8
11563.7
11564.6
11565.5
11566.4
11567.2
11568.1
11569
11569.9
11570.8
11571.7
11572.6
11573.4
11574.3
11575.2
11576.1
11577
11577.9
11578.8
11579.7
11580.5
11581.4
11582.3
11583.2
11584.1
11585
11585.9
11586.8
11587.6
11588.5
11589.4
11590.3
11591.2
11592.1
11593
11593.9
11594.8
11595.6
11596.5
11597.4
11598.3
11599.2
11600.1
11601
11601.9
11602.8
11603.6
11604.5
11605.4
11606.3
11607.2
11608.1
11609
11609.9
11610.8
11611.7
11612.5
11613.4
11614.3
11615.2
11616.1
11617
11617.9
11618.8
11619.7
11620.6
11621.5
11622.3
11623.2
11624.1
11625
11625.9
11626.8
11627.7
11628.6
11629.5
11630.4
11631.3
11632.1
11633
11633.9
11634.8
11635.7
11636.6
11637.5
11638.4
11639.3
11640.2
11641.1
11642
11642.9
11643.8
11644.6
11645.5
11646.4
11647.3
11648.2
11649.1
11650
11650.9
11651.8
11652.7
11653.6
11654.5
11655.4
11656.3
11657.2
11658
11658.9
11659.8
11660.7
11661.6
11662.5
11663.4
11664.3
11665.2
11666.1
11667
11667.9
11668.8
11669.7
11670.6
11671.5
11672.4
11673.3
11674.2
11675.1
11675.9
11676.8
11677.7
11678.6
11679.5
11680.4
11681.3
11682.2
11683.1
11684
11684.9
11685.8
11686.7
11687.6
11688.5
11689.4
11690.3
11691.2
11692.1
11693
11693.9
11694.8
11695.7
11696.6
11697.5
11698.4
11699.3
11700.2
11701.1
11702
11702.9
11703.8
11704.7
11705.5
11706.4
11707.3
11708.2
11709.1
11710
11710.9
11711.8
11712.7
11713.6
11714.5
11715.4
11716.3
11717.2
11718.1
11719
11719.9
11720.8
11721.7
11722.6
11723.5
11724.4
11725.3
11726.2
11727.1
11728
11728.9
11729.8
11730.7
11731.6
11732.5
11733.4
11734.3
11735.2
11736.1
11737
11737.9
11738.8
11739.7
11740.6
11741.5
11742.4
11743.3
11744.2
11745.1
11746
11746.9
11747.9
11748.8
11749.7
11750.6
11751.5
11752.4
11753.3
11754.2
11755.1
11756
11756.9
11757.8
11758.7
11759.6
11760.5
11761.4
11762.3
11763.2
11764.1
11765
11765.9
11766.8
11767.7
11768.6
11769.5
11770.4
11771.3
11772.2
11773.1
11774
11774.9
11775.8
11776.7
11777.7
11778.6
11779.5
11780.4
11781.3
11782.2
11783.1
11784
11784.9
11785.8
11786.7
11787.6
11788.5
11789.4
11790.3
11791.2
11792.1
11793
11793.9
11794.8
11795.8
11796.7
11797.6
11798.5
11799.4
11800.3
11801.2
11802.1
11803
11803.9
11804.8
11805.7
11806.6
11807.5
11808.4
11809.4
11810.3
11811.2
11812.1
11813
11813.9
11814.8
11815.7
11816.6
11817.5
11818.4
11819.3
11820.2
11821.1
11822.1
11823
11823.9
11824.8
11825.7
11826.6
11827.5
11828.4
11829.3
11830.2
11831.1
11832.1
11833
11833.9
11834.8
11835.7
11836.6
11837.5
11838.4
11839.3
11840.2
11841.1
11842.1
11843
11843.9
11844.8
11845.7
11846.6
11847.5
11848.4
11849.3
11850.2
11851.2
11852.1
11853
11853.9
11854.8
11855.7
11856.6
11857.5
11858.4
11859.4
11860.3
11861.2
11862.1
11863
11863.9
11864.8
11865.7
11866.6
11867.6
11868.5
11869.4
11870.3
11871.2
11872.1
11873
11873.9
11874.9
11875.8
11876.7
11877.6
11878.5
11879.4
11880.3
11881.2
11882.2
11883.1
11884
11884.9
11885.8
11886.7
11887.6
11888.6
11889.5
11890.4
11891.3
11892.2
11893.1
11894
11895
11895.9
11896.8
11897.7
11898.6
11899.5
11900.4
11901.4
11902.3
11903.2
11904.1
11905
11905.9
11906.8
11907.8
11908.7
11909.6
11910.5
11911.4
11912.3
11913.3
11914.2
11915.1
11916
11916.9
11917.8
11918.7
11919.7
11920.6
11921.5
11922.4
11923.3
11924.2
11925.2
11926.1
11927
11927.9
11928.8
11929.8
11930.7
11931.6
11932.5
11933.4
11934.3
11935.3
11936.2
11937.1
11938
11938.9
11939.8
11940.8
11941.7
11942.6
11943.5
11944.4
11945.4
11946.3
11947.2
11948.1
11949
11949.9
11950.9
11951.8
11952.7
11953.6
11954.5
11955.5
11956.4
11957.3
11958.2
11959.1
11960.1
11961
11961.9
11962.8
11963.7
11964.7
11965.6
11966.5
11967.4
11968.3
11969.3
11970.2
11971.1
11972
11972.9
11973.9
11974.8
11975.7
11976.6
11977.6
11978.5
11979.4
11980.3
11981.2
11982.2
11983.1
11984
11984.9
11985.8
11986.8
11987.7
11988.6
11989.5
11990.5
11991.4
11992.3
11993.2
11994.1
11995.1
11996
11996.9
11997.8
11998.8
11999.7
12000.6
12001.5
12002.5
12003.4
12004.3
12005.2
12006.1
12007.1
12008
12008.9
12009.8
12010.8
12011.7
12012.6
12013.5
12014.5
12015.4
12016.3
12017.2
12018.2
12019.1
12020
12020.9
12021.9
12022.8
12023.7
12024.6
12025.6
12026.5
12027.4
12028.3
12029.3
12030.2
12031.1
12032
12033
12033.9
12034.8
12035.7
12036.7
12037.6
12038.5
12039.4
12040.4
12041.3
12042.2
12043.2
12044.1
12045
12045.9
12046.9
12047.8
12048.7
12049.6
12050.6
12051.5
12052.4
12053.4
12054.3
12055.2
12056.1
12057.1
12058
12058.9
12059.9
12060.8
12061.7
12062.6
12063.6
12064.5
12065.4
12066.4
12067.3
12068.2
12069.1
12070.1
12071
12071.9
12072.9
12073.8
12074.7
12075.6
12076.6
12077.5
12078.4
12079.4
12080.3
12081.2
12082.2
12083.1
12084
12084.9
12085.9
12086.8
12087.7
12088.7
12089.6
12090.5
12091.5
12092.4
12093.3
12094.2
12095.2
12096.1
12097
12098
12098.9
12099.8
12100.8
12101.7
12102.6
12103.6
12104.5
12105.4
12106.4
12107.3
12108.2
12109.2
12110.1
12111
12112
12112.9
12113.8
12114.8
12115.7
12116.6
12117.6
12118.5
12119.4
12120.4
12121.3
12122.2
12123.2
12124.1
12125
12126
12126.9
12127.8
12128.8
12129.7
12130.6
12131.6
12132.5
12133.4
12134.4
12135.3
12136.2
12137.2
12138.1
12139
12140
12140.9
12141.8
12142.8
12143.7
12144.6
12145.6
12146.5
12147.4
12148.4
12149.3
12150.3
12151.2
12152.1
12153.1
12154
12154.9
12155.9
12156.8
12157.7
12158.7
12159.6
12160.6
12161.5
12162.4
12163.4
12164.3
12165.2
12166.2
12167.1
12168.1
12169
12169.9
12170.9
12171.8
12172.7
12173.7
12174.6
12175.6
12176.5
12177.4
12178.4
12179.3
12180.2
12181.2
12182.1
12183.1
12184
12184.9
12185.9
12186.8
12187.8
12188.7
12189.6
12190.6
12191.5
12192.5
12193.4
12194.3
12195.3
12196.2
12197.1
12198.1
12199
12200
12200.9
12201.8
12202.8
12203.7
12204.7
12205.6
12206.6
12207.5
12208.4
12209.4
12210.3
12211.3
12212.2
12213.1
12214.1
12215
12216
12216.9
12217.8
12218.8
12219.7
12220.7
12221.6
12222.6
12223.5
12224.4
12225.4
12226.3
12227.3
12228.2
12229.1
12230.1
12231
12232
12232.9
12233.9
12234.8
12235.7
12236.7
12237.6
12238.6
12239.5
12240.5
12241.4
12242.4
12243.3
12244.2
12245.2
12246.1
12247.1
12248
12249
12249.9
12250.8
12251.8
12252.7
12253.7
12254.6
12255.6
12256.5
12257.5
12258.4
12259.4
12260.3
12261.2
12262.2
12263.1
12264.1
12265
12266
12266.9
12267.9
12268.8
12269.8
12270.7
12271.6
12272.6
12273.5
12274.5
12275.4
12276.4
12277.3
12278.3
12279.2
12280.2
12281.1
12282.1
12283
12284
12284.9
12285.8
12286.8
12287.7
12288.7
12289.6
12290.6
12291.5
12292.5
12293.4
12294.4
12295.3
12296.3
12297.2
12298.2
12299.1
12300.1
12301
12302
12302.9
12303.9
12304.8
12305.8
12306.7
12307.7
12308.6
12309.6
12310.5
12311.5
12312.4
12313.4
12314.3
12315.3
12316.2
12317.2
12318.1
12319.1
12320
12321
12321.9
12322.9
12323.8
12324.8
12325.7
12326.7
12327.6
12328.6
12329.5
12330.5
12331.4
12332.4
12333.3
12334.3
12335.2
12336.2
12337.1
12338.1
12339
12340
12340.9
12341.9
12342.8
12343.8
12344.7
12345.7
12346.6
12347.6
12348.5
12349.5
12350.4
12351.4
12352.4
12353.3
12354.3
12355.2
12356.2
12357.1
12358.1
12359
12360
12360.9
12361.9
12362.8
12363.8
12364.7
12365.7
12366.7
12367.6
12368.6
12369.5
12370.5
12371.4
12372.4
12373.3
12374.3
12375.2
12376.2
12377.2
12378.1
12379.1
12380
12381
12381.9
12382.9
12383.8
12384.8
12385.7
12386.7
12387.7
12388.6
12389.6
12390.5
12391.5
12392.4
12393.4
12394.4
12395.3
12396.3
12397.2
12398.2
12399.1
12400.1
12401
12402
12403
12403.9
12404.9
12405.8
12406.8
12407.8
12408.7
12409.7
12410.6
12411.6
12412.5
12413.5
12414.5
12415.4
12416.4
12417.3
12418.3
12419.2
12420.2
12421.2
12422.1
12423.1
12424
12425
12426
12426.9
12427.9
12428.8
12429.8
12430.8
12431.7
12432.7
12433.6
12434.6
12435.6
12436.5
12437.5
12438.4
12439.4
12440.4
12441.3
12442.3
12443.2
12444.2
12445.2
12446.1
12447.1
12448
12449
12450
12450.9
12451.9
12452.8
12453.8
12454.8
12455.7
12456.7
12457.6
12458.6
12459.6
12460.5
12461.5
12462.5
12463.4
12464.4
12465.3
12466.3
12467.3
12468.2
12469.2
12470.2
12471.1
12472.1
12473
12474
12475
12475.9
12476.9
12477.9
12478.8
12479.8
12480.8
12481.7
12482.7
12483.6
12484.6
12485.6
12486.5
12487.5
12488.5
12489.4
12490.4
12491.4
12492.3
12493.3
12494.2
12495.2
12496.2
12497.1
12498.1
12499.1
12500
12501
12502
12502.9
12503.9
12504.9
12505.8
12506.8
12507.8
12508.7
12509.7
12510.7
12511.6
12512.6
12513.6
12514.5
12515.5
12516.5
12517.4
12518.4
12519.4
12520.3
12521.3
12522.3
12523.2
12524.2
12525.2
12526.1
12527.1
12528.1
12529
12530
12531
12531.9
12532.9
12533.9
12534.8
12535.8
12536.8
12537.7
12538.7
12539.7
12540.6
12541.6
12542.6
12543.6
12544.5
12545.5
12546.5
12547.4
12548.4
12549.4
12550.3
12551.3
12552.3
12553.2
12554.2
12555.2
12556.2
12557.1
12558.1
12559.1
12560
12561
12562
12562.9
12563.9
12564.9
12565.9
12566.8
12567.8
12568.8
12569.7
12570.7
12571.7
12572.7
12573.6
12574.6
12575.6
12576.5
12577.5
12578.5
12579.5
12580.4
12581.4
12582.4
12583.3
12584.3
12585.3
12586.3
12587.2
12588.2
12589.2
12590.2
12591.1
12592.1
12593.1
12594
12595
12596
12597
12597.9
12598.9
12599.9
12600.9
12601.8
12602.8
12603.8
12604.8
12605.7
12606.7
12607.7
12608.7
12609.6
12610.6
12611.6
12612.6
12613.5
12614.5
12615.5
12616.4
12617.4
12618.4
12619.4
12620.4
12621.3
12622.3
12623.3
12624.3
12625.2
12626.2
12627.2
12628.2
12629.1
12630.1
12631.1
12632.1
12633
12634
12635
12636
12636.9
12637.9
12638.9
12639.9
12640.8
12641.8
12642.8
12643.8
12644.8
12645.7
12646.7
12647.7
12648.7
12649.6
12650.6
12651.6
12652.6
12653.6
12654.5
12655.5
12656.5
12657.5
12658.4
12659.4
12660.4
12661.4
12662.4
12663.3
12664.3
12665.3
12666.3
12667.3
12668.2
12669.2
12670.2
12671.2
12672.2
12673.1
12674.1
12675.1
12676.1
12677.1
12678
12679
12680
12681
12682
12682.9
12683.9
12684.9
12685.9
12686.9
12687.8
12688.8
12689.8
12690.8
12691.8
12692.7
12693.7
12694.7
12695.7
12696.7
12697.7
12698.6
12699.6
12700.6
12701.6
12702.6
12703.5
12704.5
12705.5
12706.5
12707.5
12708.5
12709.4
12710.4
12711.4
12712.4
12713.4
12714.4
12715.3
12716.3
12717.3
12718.3
12719.3
12720.3
12721.2
12722.2
12723.2
12724.2
12725.2
12726.2
12727.1
12728.1
12729.1
12730.1
12731.1
12732.1
12733.1
12734
12735
12736
12737
12738
12739
12739.9
12740.9
12741.9
12742.9
12743.9
12744.9
12745.9
12746.8
12747.8
12748.8
12749.8
12750.8
12751.8
12752.8
12753.8
12754.7
12755.7
12756.7
12757.7
12758.7
12759.7
12760.7
12761.6
12762.6
12763.6
12764.6
12765.6
12766.6
12767.6
12768.6
12769.5
12770.5
12771.5
12772.5
12773.5
12774.5
12775.5
12776.5
12777.5
12778.4
12779.4
12780.4
12781.4
12782.4
12783.4
12784.4
12785.4
12786.4
12787.3
12788.3
12789.3
12790.3
12791.3
12792.3
12793.3
12794.3
12795.3
12796.2
12797.2
12798.2
12799.2
12800.2
12801.2
12802.2
12803.2
12804.2
12805.2
12806.2
12807.1
12808.1
12809.1
12810.1
12811.1
12812.1
12813.1
12814.1
12815.1
12816.1
12817.1
12818.1
12819
12820
12821
12822
12823
12824
12825
12826
12827
12828
12829
12830
12831
12831.9
12832.9
12833.9
12834.9
12835.9
12836.9
12837.9
12838.9
12839.9
12840.9
12841.9
12842.9
12843.9
12844.9
12845.9
12846.9
12847.8
12848.8
12849.8
12850.8
12851.8
12852.8
12853.8
12854.8
12855.8
12856.8
12857.8
12858.8
12859.8
12860.8
12861.8
12862.8
12863.8
12864.8
12865.8
12866.8
12867.7
12868.7
12869.7
12870.7
12871.7
12872.7
12873.7
12874.7
12875.7
12876.7
12877.7
12878.7
12879.7
12880.7
12881.7
12882.7
12883.7
12884.7
12885.7
12886.7
12887.7
12888.7
12889.7
12890.7
12891.7
12892.7
12893.7
12894.7
12895.7
12896.7
12897.7
12898.7
12899.7
12900.7
12901.7
12902.7
12903.7
12904.7
12905.7
12906.7
12907.7
12908.7
12909.7
12910.7
12911.7
12912.7
12913.7
12914.7
12915.7
12916.7
12917.7
12918.7
12919.7
12920.7
12921.7
12922.7
12923.7
12924.7
12925.7
12926.7
12927.7
12928.7
12929.7
12930.7
12931.7
12932.7
12933.7
12934.7
12935.7
12936.7
12937.7
12938.7
12939.7
12940.7
12941.7
12942.7
12943.7
12944.7
12945.7
12946.7
12947.7
12948.7
12949.7
12950.7
12951.7
12952.7
12953.7
12954.7
12955.7
12956.7
12957.7
12958.7
12959.7
12960.7
12961.7
12962.8
12963.8
12964.8
12965.8
12966.8
12967.8
12968.8
12969.8
12970.8
12971.8
12972.8
12973.8
12974.8
12975.8
12976.8
12977.8
12978.8
12979.8
12980.8
12981.8
12982.8
12983.9
12984.9
12985.9
12986.9
12987.9
12988.9
12989.9
12990.9
12991.9
12992.9
12993.9
12994.9
12995.9
12996.9
12997.9
12998.9
13000
13001
13002
13003
13004
13005
13006
13007
13008
13009
13010
13011
13012
13013.1
13014.1
13015.1
13016.1
13017.1
13018.1
13019.1
13020.1
13021.1
13022.1
13023.1
13024.1
13025.2
13026.2
13027.2
13028.2
13029.2
13030.2
13031.2
13032.2
13033.2
13034.2
13035.3
13036.3
13037.3
13038.3
13039.3
13040.3
13041.3
13042.3
13043.3
13044.3
13045.4
13046.4
13047.4
13048.4
13049.4
13050.4
13051.4
13052.4
13053.4
13054.5
13055.5
13056.5
13057.5
13058.5
13059.5
13060.5
13061.5
13062.6
13063.6
13064.6
13065.6
13066.6
13067.6
13068.6
13069.6
13070.7
13071.7
13072.7
13073.7
13074.7
13075.7
13076.7
13077.7
13078.8
13079.8
13080.8
13081.8
13082.8
13083.8
13084.8
13085.9
13086.9
13087.9
13088.9
13089.9
13090.9
13091.9
13093
13094
13095
13096
13097
13098
13099
13100.1
13101.1
13102.1
13103.1
13104.1
13105.1
13106.2
13107.2
13108.2
13109.2
13110.2
13111.2
13112.3
13113.3
13114.3
13115.3
13116.3
13117.3
13118.4
13119.4
13120.4
13121.4
13122.4
13123.4
13124.5
13125.5
13126.5
13127.5
13128.5
13129.5
13130.6
13131.6
13132.6
13133.6
13134.6
13135.7
13136.7
13137.7
13138.7
13139.7
13140.7
13141.8
13142.8
13143.8
13144.8
13145.8
13146.9
13147.9
13148.9
13149.9
13150.9
13152
13153
13154
13155
13156
13157.1
13158.1
13159.1
13160.1
13161.1
13162.2
13163.2
13164.2
13165.2
13166.2
13167.3
13168.3
13169.3
13170.3
13171.3
13172.4
13173.4
13174.4
13175.4
13176.5
13177.5
13178.5
13179.5
13180.5
13181.6
13182.6
13183.6
13184.6
13185.7
13186.7
13187.7
13188.7
13189.7
13190.8
13191.8
13192.8
13193.8
13194.9
13195.9
13196.9
13197.9
13199
13200
13201
13202
13203
13204.1
13205.1
13206.1
13207.1
13208.2
13209.2
13210.2
13211.2
13212.3
13213.3
13214.3
13215.3
13216.4
13217.4
13218.4
13219.4
13220.5
13221.5
13222.5
13223.5
13224.6
13225.6
13226.6
13227.6
13228.7
13229.7
13230.7
13231.8
13232.8
13233.8
13234.8
13235.9
13236.9
13237.9
13238.9
13240
13241
13242
13243
13244.1
13245.1
13246.1
13247.2
13248.2
13249.2
13250.2
13251.3
13252.3
13253.3
13254.3
13255.4
13256.4
13257.4
13258.5
13259.5
13260.5
13261.5
13262.6
13263.6
13264.6
13265.7
13266.7
13267.7
13268.8
13269.8
13270.8
13271.8
13272.9
13273.9
13274.9
13276
13277
13278
13279.1
13280.1
13281.1
13282.1
13283.2
13284.2
13285.2
13286.3
13287.3
13288.3
13289.4
13290.4
13291.4
13292.5
13293.5
13294.5
13295.5
13296.6
13297.6
13298.6
13299.7
13300.7
13301.7
13302.8
13303.8
13304.8
13305.9
13306.9
13307.9
13309
13310
13311
13312.1
13313.1
13314.1
13315.2
13316.2
13317.2
13318.3
13319.3
13320.3
13321.4
13322.4
13323.4
13324.5
13325.5
13326.5
13327.6
13328.6
13329.6
13330.7
13331.7
13332.7
13333.8
13334.8
13335.8
13336.9
13337.9
13338.9
13340
13341
13342.1
13343.1
13344.1
13345.2
13346.2
13347.2
13348.3
13349.3
13350.3
13351.4
13352.4
13353.5
13354.5
13355.5
13356.6
13357.6
13358.6
13359.7
13360.7
13361.7
13362.8
13363.8
13364.9
13365.9
13366.9
13368
13369
13370
13371.1
13372.1
13373.2
13374.2
13375.2
13376.3
13377.3
13378.4
13379.4
13380.4
13381.5
13382.5
13383.5
13384.6
13385.6
13386.7
13387.7
13388.7
13389.8
13390.8
13391.9
13392.9
13393.9
13395
13396
13397.1
13398.1
13399.1
13400.2
13401.2
13402.3
13403.3
13404.3
13405.4
13406.4
13407.5
13408.5
13409.5
13410.6
13411.6
13412.7
13413.7
13414.8
13415.8
13416.8
13417.9
13418.9
13420
13421
13422
13423.1
13424.1
13425.2
13426.2
13427.3
13428.3
13429.3
13430.4
13431.4
13432.5
13433.5
13434.6
13435.6
13436.6
13437.7
13438.7
13439.8
13440.8
13441.9
13442.9
13443.9
13445
13446
13447.1
13448.1
13449.2
13450.2
13451.3
13452.3
13453.3
13454.4
13455.4
13456.5
13457.5
13458.6
13459.6
13460.7
13461.7
13462.8
13463.8
13464.8
13465.9
13466.9
13468
13469
13470.1
13471.1
13472.2
13473.2
13474.3
13475.3
13476.4
13477.4
13478.4
13479.5
13480.5
13481.6
13482.6
13483.7
13484.7
13485.8
13486.8
13487.9
13488.9
13490
13491
13492.1
13493.1
13494.2
13495.2
13496.3
13497.3
13498.4
13499.4
13500.5
13501.5
13502.5
13503.6
13504.6
13505.7
13506.7
13507.8
13508.8
13509.9
13510.9
13512
13513
13514.1
13515.1
13516.2
13517.2
13518.3
13519.3
13520.4
13521.4
13522.5
13523.5
13524.6
13525.6
13526.7
13527.7
13528.8
13529.8
13530.9
13532
13533
13534.1
13535.1
13536.2
13537.2
13538.3
13539.3
13540.4
13541.4
13542.5
13543.5
13544.6
13545.6
13546.7
13547.7
13548.8
13549.8
13550.9
13551.9
13553
13554
13555.1
13556.2
13557.2
13558.3
13559.3
13560.4
13561.4
13562.5
13563.5
13564.6
13565.6
13566.7
13567.7
13568.8
13569.9
13570.9
13572
13573
13574.1
13575.1
13576.2
13577.2
13578.3
13579.3
13580.4
13581.5
13582.5
13583.6
13584.6
13585.7
13586.7
13587.8
13588.9
13589.9
13591
13592
13593.1
13594.1
13595.2
13596.2
13597.3
13598.4
13599.4
13600.5
13601.5
13602.6
13603.6
13604.7
13605.8
13606.8
13607.9
13608.9
13610
13611
13612.1
13613.2
13614.2
13615.3
13616.3
13617.4
13618.5
13619.5
13620.6
13621.6
13622.7
13623.7
13624.8
13625.9
13626.9
13628
13629
13630.1
13631.2
13632.2
13633.3
13634.3
13635.4
13636.5
13637.5
13638.6
13639.6
13640.7
13641.8
13642.8
13643.9
13644.9
13646
13647.1
13648.1
13649.2
13650.2
13651.3
13652.4
13653.4
13654.5
13655.6
13656.6
13657.7
13658.7
13659.8
13660.9
13661.9
13663
13664.1
13665.1
13666.2
13667.2
13668.3
13669.4
13670.4
13671.5
13672.6
13673.6
13674.7
13675.7
13676.8
13677.9
13678.9
13680
13681.1
13682.1
13683.2
13684.3
13685.3
13686.4
13687.4
13688.5
13689.6
13690.6
13691.7
13692.8
13693.8
13694.9
13696
13697
13698.1
13699.2
13700.2
13701.3
13702.4
13703.4
13704.5
13705.5
13706.6
13707.7
13708.7
13709.8
13710.9
13711.9
13713
13714.1
13715.1
13716.2
13717.3
13718.3
13719.4
13720.5
13721.5
13722.6
13723.7
13724.7
13725.8
13726.9
13727.9
13729
13730.1
13731.2
13732.2
13733.3
13734.4
13735.4
13736.5
13737.6
13738.6
13739.7
13740.8
13741.8
13742.9
13744
13745
13746.1
13747.2
13748.2
13749.3
13750.4
13751.5
13752.5
13753.6
13754.7
13755.7
13756.8
13757.9
13758.9
13760
13761.1
13762.2
13763.2
13764.3
13765.4
13766.4
13767.5
13768.6
13769.7
13770.7
13771.8
13772.9
13773.9
13775
13776.1
13777.2
13778.2
13779.3
13780.4
13781.4
13782.5
13783.6
13784.7
13785.7
13786.8
13787.9
13788.9
13790
13791.1
13792.2
13793.2
13794.3
13795.4
13796.5
13797.5
13798.6
13799.7
13800.7
13801.8
13802.9
13804
13805
13806.1
13807.2
13808.3
13809.3
13810.4
13811.5
13812.6
13813.6
13814.7
13815.8
13816.9
13817.9
13819
13820.1
13821.2
13822.2
13823.3
13824.4
13825.5
13826.5
13827.6
13828.7
13829.8
13830.8
13831.9
13833
13834.1
13835.2
13836.2
13837.3
13838.4
13839.5
13840.5
13841.6
13842.7
13843.8
13844.8
13845.9
13847
13848.1
13849.2
13850.2
13851.3
13852.4
13853.5
13854.5
13855.6
13856.7
13857.8
13858.9
13859.9
13861
13862.1
13863.2
13864.2
13865.3
13866.4
13867.5
13868.6
13869.6
13870.7
13871.8
13872.9
13874
13875
13876.1
13877.2
13878.3
13879.4
13880.4
13881.5
13882.6
13883.7
13884.8
13885.8
13886.9
13888
13889.1
13890.2
13891.2
13892.3
13893.4
13894.5
13895.6
13896.7
13897.7
13898.8
13899.9
13901
13902.1
13903.1
13904.2
13905.3
13906.4
13907.5
13908.6
13909.6
13910.7
13911.8
13912.9
13914
13915.1
13916.1
13917.2
13918.3
13919.4
13920.5
13921.6
13922.6
13923.7
13924.8
13925.9
13927
13928.1
13929.1
13930.2
13931.3
13932.4
13933.5
13934.6
13935.6
13936.7
13937.8
13938.9
13940
13941.1
13942.2
13943.2
13944.3
13945.4
13946.5
13947.6
13948.7
13949.8
13950.8
13951.9
13953
13954.1
13955.2
13956.3
13957.4
13958.4
13959.5
13960.6
13961.7
13962.8
13963.9
13965
13966.1
13967.1
13968.2
13969.3
13970.4
13971.5
13972.6
13973.7
13974.8
13975.8
13976.9
13978
13979.1
13980.2
13981.3
13982.4
13983.5
13984.6
13985.6
13986.7
13987.8
13988.9
13990
13991.1
13992.2
13993.3
13994.4
13995.4
13996.5
13997.6
13998.7
13999.8
14000.9
14002
14003.1
14004.2
14005.3
14006.4
14007.4
14008.5
14009.6
14010.7
14011.8
14012.9
14014
14015.1
14016.2
14017.3
14018.4
14019.4
14020.5
14021.6
14022.7
14023.8
14024.9
14026
14027.1
14028.2
14029.3
14030.4
14031.5
14032.6
14033.6
14034.7
14035.8
14036.9
14038
14039.1
14040.2
14041.3
14042.4
14043.5
14044.6
14045.7
14046.8
14047.9
14049
14050
14051.1
14052.2
14053.3
14054.4
14055.5
14056.6
14057.7
14058.8
14059.9
14061
14062.1
14063.2
14064.3
14065.4
14066.5
14067.6
14068.7
14069.8
14070.9
14072
14073
14074.1
14075.2
14076.3
14077.4
14078.5
14079.6
14080.7
14081.8
14082.9
14084
14085.1
14086.2
14087.3
14088.4
14089.5
14090.6
14091.7
14092.8
14093.9
14095
14096.1
14097.2
14098.3
14099.4
14100.5
14101.6
14102.7
14103.8
14104.9
14106
14107.1
14108.2
14109.3
14110.4
14111.5
14112.6
14113.7
14114.8
14115.9
14117
14118.1
14119.2
14120.3
14121.4
14122.5
14123.6
14124.7
14125.8
14126.9
14128
14129.1
14130.2
14131.3
14132.4
14133.5
14134.6
14135.7
14136.8
14137.9
14139
14140.1
14141.2
14142.3
14143.4
14144.5
14145.6
14146.7
14147.8
14148.9
14150
14151.1
14152.2
14153.3
14154.4
14155.5
14156.6
14157.7
14158.8
14159.9
14161
14162.1
14163.2
14164.3
14165.4
14166.6
14167.7
14168.8
14169.9
14171
14172.1
14173.2
14174.3
14175.4
14176.5
14177.6
14178.7
14179.8
14180.9
14182
14183.1
14184.2
14185.3
14186.4
14187.5
14188.6
14189.8
14190.9
14192
14193.1
14194.2
14195.3
14196.4
14197.5
14198.6
14199.7
14200.8
14201.9
14203
14204.1
14205.2
14206.4
14207.5
14208.6
14209.7
14210.8
14211.9
14213
14214.1
14215.2
14216.3
14217.4
14218.5
14219.6
14220.8
14221.9
14223
14224.1
14225.2
14226.3
14227.4
14228.5
14229.6
14230.7
14231.8
14232.9
14234.1
14235.2
14236.3
14237.4
14238.5
14239.6
14240.7
14241.8
14242.9
14244
14245.2
14246.3
14247.4
14248.5
14249.6
14250.7
14251.8
14252.9
14254
14255.2
14256.3
14257.4
14258.5
14259.6
14260.7
14261.8
14262.9
14264
14265.2
14266.3
14267.4
14268.5
14269.6
14270.7
14271.8
14272.9
14274.1
14275.2
14276.3
14277.4
14278.5
14279.6
14280.7
14281.9
14283
14284.1
14285.2
14286.3
14287.4
14288.5
14289.6
14290.8
14291.9
14293
14294.1
14295.2
14296.3
14297.4
14298.6
14299.7
14300.8
14301.9
14303
14304.1
14305.3
14306.4
14307.5
14308.6
14309.7
14310.8
14311.9
14313.1
14314.2
14315.3
14316.4
14317.5
14318.6
14319.8
14320.9
14322
14323.1
14324.2
14325.3
14326.5
14327.6
14328.7
14329.8
14330.9
14332
14333.2
14334.3
14335.4
14336.5
14337.6
14338.8
14339.9
14341
14342.1
14343.2
14344.3
14345.5
14346.6
14347.7
14348.8
14349.9
14351.1
14352.2
14353.3
14354.4
14355.5
14356.7
14357.8
14358.9
14360
14361.1
14362.3
14363.4
14364.5
14365.6
14366.7
14367.9
14369
14370.1
14371.2
14372.3
14373.5
14374.6
14375.7
14376.8
14377.9
14379.1
14380.2
14381.3
14382.4
14383.6
14384.7
14385.8
14386.9
14388
14389.2
14390.3
14391.4
14392.5
14393.7
14394.8
14395.9
14397
14398.1
14399.3
14400.4
14401.5
14402.6
14403.8
14404.9
14406
14407.1
14408.3
14409.4
14410.5
14411.6
14412.8
14413.9
14415
14416.1
14417.2
14418.4
14419.5
14420.6
14421.7
14422.9
14424
14425.1
14426.2
14427.4
14428.5
14429.6
14430.8
14431.9
14433
14434.1
14435.3
14436.4
14437.5
14438.6
14439.8
14440.9
14442
14443.1
14444.3
14445.4
14446.5
14447.6
14448.8
14449.9
14451
14452.2
14453.3
14454.4
14455.5
14456.7
14457.8
14458.9
14460.1
14461.2
14462.3
14463.4
14464.6
14465.7
14466.8
14468
14469.1
14470.2
14471.3
14472.5
14473.6
14474.7
14475.9
14477
14478.1
14479.2
14480.4
14481.5
14482.6
14483.8
14484.9
14486
14487.2
14488.3
14489.4
14490.5
14491.7
14492.8
14493.9
14495.1
14496.2
14497.3
14498.5
14499.6
14500.7
14501.9
14503
14504.1
14505.3
14506.4
14507.5
14508.6
14509.8
14510.9
14512
14513.2
14514.3
14515.4
14516.6
14517.7
14518.8
14520
14521.1
14522.2
14523.4
14524.5
14525.6
14526.8
14527.9
14529
14530.2
14531.3
14532.4
14533.6
14534.7
14535.8
14537
14538.1
14539.2
14540.4
14541.5
14542.7
14543.8
14544.9
14546.1
14547.2
14548.3
14549.5
14550.6
14551.7
14552.9
14554
14555.1
14556.3
14557.4
14558.6
14559.7
14560.8
14562
14563.1
14564.2
14565.4
14566.5
14567.6
14568.8
14569.9
14571.1
14572.2
14573.3
14574.5
14575.6
14576.7
14577.9
14579
14580.2
14581.3
14582.4
14583.6
14584.7
14585.8
14587
14588.1
14589.3
14590.4
14591.5
14592.7
14593.8
14595
14596.1
14597.2
14598.4
14599.5
14600.7
14601.8
14602.9
14604.1
14605.2
14606.4
14607.5
14608.6
14609.8
14610.9
14612.1
14613.2
14614.3
14615.5
14616.6
14617.8
14618.9
14620
14621.2
14622.3
14623.5
14624.6
14625.8
14626.9
14628
14629.2
14630.3
14631.5
14632.6
14633.7
14634.9
14636
14637.2
14638.3
14639.5
14640.6
14641.7
14642.9
14644
14645.2
14646.3
14647.5
14648.6
14649.7
14650.9
14652
14653.2
14654.3
14655.5
14656.6
14657.8
14658.9
14660
14661.2
14662.3
14663.5
14664.6
14665.8
14666.9
14668.1
14669.2
14670.4
14671.5
14672.6
14673.8
14674.9
14676.1
14677.2
14678.4
14679.5
14680.7
14681.8
14683
14684.1
14685.2
14686.4
14687.5
14688.7
14689.8
14691
14692.1
14693.3
14694.4
14695.6
14696.7
14697.9
14699
14700.2
14701.3
14702.5
14703.6
14704.8
14705.9
14707.1
14708.2
14709.3
14710.5
14711.6
14712.8
14713.9
14715.1
14716.2
14717.4
14718.5
14719.7
14720.8
14722
14723.1
14724.3
14725.4
14726.6
14727.7
14728.9
14730
14731.2
14732.3
14733.5
14734.6
14735.8
14736.9
14738.1
14739.2
14740.4
14741.5
14742.7
14743.9
14745
14746.2
14747.3
14748.5
14749.6
14750.8
14751.9
14753.1
14754.2
14755.4
14756.5
14757.7
14758.8
14760
14761.1
14762.3
14763.4
14764.6
14765.7
14766.9
14768.1
14769.2
14770.4
14771.5
14772.7
14773.8
14775
14776.1
14777.3
14778.4
14779.6
14780.7
14781.9
14783.1
14784.2
14785.4
14786.5
14787.7
14788.8
14790
14791.1
14792.3
14793.5
14794.6
14795.8
14796.9
14798.1
14799.2
14800.4
14801.5
14802.7
14803.9
14805
14806.2
14807.3
14808.5
14809.6
14810.8
14812
14813.1
14814.3
14815.4
14816.6
14817.7
14818.9
14820.1
14821.2
14822.4
14823.5
14824.7
14825.8
14827
14828.2
14829.3
14830.5
14831.6
14832.8
14834
14835.1
14836.3
14837.4
14838.6
14839.8
14840.9
14842.1
14843.2
14844.4
14845.5
14846.7
14847.9
14849
14850.2
14851.3
14852.5
14853.7
14854.8
14856
14857.2
14858.3
14859.5
14860.6
14861.8
14863
14864.1
14865.3
14866.4
14867.6
14868.8
14869.9
14871.1
14872.3
14873.4
14874.6
14875.7
14876.9
14878.1
14879.2
14880.4
14881.6
14882.7
14883.9
14885
14886.2
14887.4
14888.5
14889.7
14890.9
14892
14893.2
14894.3
14895.5
14896.7
14897.8
14899
14900.2
14901.3
14902.5
14903.7
14904.8
14906
14907.2
14908.3
14909.5
14910.7
14911.8
14913
14914.1
14915.3
14916.5
14917.6
14918.8
14920
14921.1
14922.3
14923.5
14924.6
14925.8
14927
14928.1
14929.3
14930.5
14931.6
14932.8
14934
14935.1
14936.3
14937.5
14938.6
14939.8
14941
14942.1
14943.3
14944.5
14945.6
14946.8
14948
14949.2
14950.3
14951.5
14952.7
14953.8
14955
14956.2
14957.3
14958.5
14959.7
14960.8
14962
14963.2
14964.4
14965.5
14966.7
14967.9
14969
14970.2
14971.4
14972.5
14973.7
14974.9
14976.1
14977.2
14978.4
14979.6
14980.7
14981.9
14983.1
14984.2
14985.4
14986.6
14987.8
14988.9
14990.1
14991.3
14992.4
14993.6
14994.8
14996
14997.1
14998.3
14999.5
15000.7
15001.8
15003
15004.2
15005.3
15006.5
15007.7
15008.9
15010
15011.2
15012.4
15013.6
15014.7
15015.9
15017.1
15018.3
15019.4
15020.6
15021.8
15023
15024.1
15025.3
15026.5
15027.7
15028.8
15030
15031.2
15032.4
15033.5
15034.7
15035.9
15037.1
15038.2
15039.4
15040.6
15041.8
15042.9
15044.1
15045.3
15046.5
15047.6
15048.8
15050
15051.2
15052.3
15053.5
15054.7
15055.9
15057.1
15058.2
15059.4
15060.6
15061.8
15062.9
15064.1
15065.3
15066.5
15067.7
15068.8
15070
15071.2
15072.4
15073.5
15074.7
15075.9
15077.1
15078.3
15079.4
15080.6
15081.8
15083
15084.2
15085.3
15086.5
15087.7
15088.9
15090.1
15091.2
15092.4
15093.6
15094.8
15096
15097.1
15098.3
15099.5
15100.7
15101.9
15103
15104.2
15105.4
15106.6
15107.8
15108.9
15110.1
15111.3
15112.5
15113.7
15114.9
15116
15117.2
15118.4
15119.6
15120.8
15121.9
15123.1
15124.3
15125.5
15126.7
15127.9
15129
15130.2
15131.4
15132.6
15133.8
15135
15136.1
15137.3
15138.5
15139.7
15140.9
15142.1
15143.2
15144.4
15145.6
15146.8
15148
15149.2
15150.4
15151.5
15152.7
15153.9
15155.1
15156.3
15157.5
15158.7
15159.8
15161
15162.2
15163.4
15164.6
15165.8
15167
15168.1
15169.3
15170.5
15171.7
15172.9
15174.1
15175.3
15176.4
15177.6
15178.8
15180
15181.2
15182.4
15183.6
15184.8
15185.9
15187.1
15188.3
15189.5
15190.7
15191.9
15193.1
15194.3
15195.5
15196.6
15197.8
15199
15200.2
15201.4
15202.6
15203.8
15205
15206.2
15207.3
15208.5
15209.7
15210.9
15212.1
15213.3
15214.5
15215.7
15216.9
15218.1
15219.2
15220.4
15221.6
15222.8
15224
15225.2
15226.4
15227.6
15228.8
15230
15231.2
15232.3
15233.5
15234.7
15235.9
15237.1
15238.3
15239.5
15240.7
15241.9
15243.1
15244.3
15245.5
15246.7
15247.8
15249
15250.2
15251.4
15252.6
15253.8
15255
15256.2
15257.4
15258.6
15259.8
15261
15262.2
15263.4
15264.6
15265.7
15266.9
15268.1
15269.3
15270.5
15271.7
15272.9
15274.1
15275.3
15276.5
15277.7
15278.9
15280.1
15281.3
15282.5
15283.7
15284.9
15286.1
15287.3
15288.5
15289.7
15290.9
15292
15293.2
15294.4
15295.6
15296.8
15298
15299.2
15300.4
15301.6
15302.8
15304
15305.2
15306.4
15307.6
15308.8
15310
15311.2
15312.4
15313.6
15314.8
15316
15317.2
15318.4
15319.6
15320.8
15322
15323.2
15324.4
15325.6
15326.8
15328
15329.2
15330.4
15331.6
15332.8
15334
15335.2
15336.4
15337.6
15338.8
15340
15341.2
15342.4
15343.6
15344.8
15346
15347.2
15348.4
15349.6
15350.8
15352
15353.2
15354.4
15355.6
15356.8
15358
15359.2
15360.4
15361.6
15362.8
15364
15365.2
15366.4
15367.6
15368.8
15370
15371.2
15372.4
15373.6
15374.8
15376
15377.3
15378.5
15379.7
15380.9
15382.1
15383.3
15384.5
15385.7
15386.9
15388.1
15389.3
15390.5
15391.7
15392.9
15394.1
15395.3
15396.5
15397.7
15398.9
15400.1
15401.3
15402.5
15403.8
15405
15406.2
15407.4
15408.6
15409.8
15411
15412.2
15413.4
15414.6
15415.8
15417
15418.2
15419.4
15420.6
15421.9
15423.1
15424.3
15425.5
15426.7
15427.9
15429.1
15430.3
15431.5
15432.7
15433.9
15435.1
15436.3
15437.6
15438.8
15440
15441.2
15442.4
15443.6
15444.8
15446
15447.2
15448.4
15449.6
15450.9
15452.1
15453.3
15454.5
15455.7
15456.9
15458.1
15459.3
15460.5
15461.7
15463
15464.2
15465.4
15466.6
15467.8
15469
15470.2
15471.4
15472.6
15473.9
15475.1
15476.3
15477.5
15478.7
15479.9
15481.1
15482.3
15483.6
15484.8
15486
15487.2
15488.4
15489.6
15490.8
15492
15493.3
15494.5
15495.7
15496.9
15498.1
15499.3
15500.5
15501.7
15503
15504.2
15505.4
15506.6
15507.8
15509
15510.2
15511.5
15512.7
15513.9
15515.1
15516.3
15517.5
15518.8
15520
15521.2
15522.4
15523.6
15524.8
15526
15527.3
15528.5
15529.7
15530.9
15532.1
15533.3
15534.6
15535.8
15537
15538.2
15539.4
15540.6
15541.9
15543.1
15544.3
15545.5
15546.7
15547.9
15549.2
15550.4
15551.6
15552.8
15554
15555.3
15556.5
15557.7
15558.9
15560.1
15561.3
15562.6
15563.8
15565
15566.2
15567.4
15568.7
15569.9
15571.1
15572.3
15573.5
15574.8
15576
15577.2
15578.4
15579.6
15580.9
15582.1
15583.3
15584.5
15585.7
15587
15588.2
15589.4
15590.6
15591.8
15593.1
15594.3
15595.5
15596.7
15597.9
15599.2
15600.4
15601.6
15602.8
15604.1
15605.3
15606.5
15607.7
15608.9
15610.2
15611.4
15612.6
15613.8
15615.1
15616.3
15617.5
15618.7
15620
15621.2
15622.4
15623.6
15624.8
15626.1
15627.3
15628.5
15629.7
15631
15632.2
15633.4
15634.6
15635.9
15637.1
15638.3
15639.5
15640.8
15642
15643.2
15644.4
15645.7
15646.9
15648.1
15649.3
15650.6
15651.8
15653
15654.2
15655.5
15656.7
15657.9
15659.2
15660.4
15661.6
15662.8
15664.1
15665.3
15666.5
15667.7
15669
15670.2
15671.4
15672.7
15673.9
15675.1
15676.3
15677.6
15678.8
15680
15681.3
15682.5
15683.7
15684.9
15686.2
15687.4
15688.6
15689.9
15691.1
15692.3
15693.5
15694.8
15696
15697.2
15698.5
15699.7
15700.9
15702.1
15703.4
15704.6
15705.8
15707.1
15708.3
15709.5
15710.8
15712
15713.2
15714.5
15715.7
15716.9
15718.1
15719.4
15720.6
15721.8
15723.1
15724.3
15725.5
15726.8
15728
15729.2
15730.5
15731.7
15732.9
15734.2
15735.4
15736.6
15737.9
15739.1
15740.3
15741.6
15742.8
15744
15745.3
15746.5
15747.7
15749
15750.2
15751.4
15752.7
15753.9
15755.1
15756.4
15757.6
15758.8
15760.1
15761.3
15762.5
15763.8
15765
15766.3
15767.5
15768.7
15770
15771.2
15772.4
15773.7
15774.9
15776.1
15777.4
15778.6
15779.8
15781.1
15782.3
15783.6
15784.8
15786
15787.3
15788.5
15789.7
15791
15792.2
15793.5
15794.7
15795.9
15797.2
15798.4
15799.6
15800.9
15802.1
15803.4
15804.6
15805.8
15807.1
15808.3
15809.6
15810.8
15812
15813.3
15814.5
15815.7
15817
15818.2
15819.5
15820.7
15821.9
15823.2
15824.4
15825.7
15826.9
15828.1
15829.4
15830.6
15831.9
15833.1
15834.4
15835.6
15836.8
15838.1
15839.3
15840.6
15841.8
15843
15844.3
15845.5
15846.8
15848
15849.2
15850.5
15851.7
15853
15854.2
15855.5
15856.7
15857.9
15859.2
15860.4
15861.7
15862.9
15864.2
15865.4
15866.6
15867.9
15869.1
15870.4
15871.6
15872.9
15874.1
15875.4
15876.6
15877.8
15879.1
15880.3
15881.6
15882.8
15884.1
15885.3
15886.6
15887.8
15889.1
15890.3
15891.5
15892.8
15894
15895.3
15896.5
15897.8
15899
15900.3
15901.5
15902.8
15904
15905.2
15906.5
15907.7
15909
15910.2
15911.5
15912.7
15914
15915.2
15916.5
15917.7
15919
15920.2
15921.5
15922.7
15924
15925.2
15926.5
15927.7
15929
15930.2
15931.5
15932.7
15934
15935.2
15936.5
15937.7
15938.9
15940.2
15941.4
15942.7
15943.9
15945.2
15946.4
15947.7
15948.9
15950.2
15951.4
15952.7
15954
15955.2
15956.5
15957.7
15959
15960.2
15961.5
15962.7
15964
15965.2
15966.5
15967.7
15969
15970.2
15971.5
15972.7
15974
15975.2
15976.5
15977.7
15979
15980.2
15981.5
15982.7
15984
15985.3
15986.5
15987.8
15989
15990.3
15991.5
15992.8
15994
15995.3
15996.5
15997.8
15999
16000.3
16001.6
16002.8
16004.1
16005.3
16006.6
16007.8
16009.1
16010.3
16011.6
16012.8
16014.1
16015.4
16016.6
16017.9
16019.1
16020.4
16021.6
16022.9
16024.2
16025.4
16026.7
16027.9
16029.2
16030.4
16031.7
16032.9
16034.2
16035.5
16036.7
16038
16039.2
16040.5
16041.8
16043
16044.3
16045.5
16046.8
16048
16049.3
16050.6
16051.8
16053.1
16054.3
16055.6
16056.9
16058.1
16059.4
16060.6
16061.9
16063.2
16064.4
16065.7
16066.9
16068.2
16069.5
16070.7
16072
16073.2
16074.5
16075.8
16077
16078.3
16079.5
16080.8
16082.1
16083.3
16084.6
16085.8
16087.1
16088.4
16089.6
16090.9
16092.2
16093.4
16094.7
16095.9
16097.2
16098.5
16099.7
16101
16102.2
16103.5
16104.8
16106
16107.3
16108.6
16109.8
16111.1
16112.4
16113.6
16114.9
16116.1
16117.4
16118.7
16119.9
16121.2
16122.5
16123.7
16125
16126.3
16127.5
16128.8
16130.1
16131.3
16132.6
16133.9
16135.1
16136.4
16137.6
16138.9
16140.2
16141.4
16142.7
16144
16145.2
16146.5
16147.8
16149
16150.3
16151.6
16152.8
16154.1
16155.4
16156.6
16157.9
16159.2
16160.4
16161.7
16163
16164.3
16165.5
16166.8
16168.1
16169.3
16170.6
16171.9
16173.1
16174.4
16175.7
16176.9
16178.2
16179.5
16180.7
16182
16183.3
16184.6
16185.8
16187.1
16188.4
16189.6
16190.9
16192.2
16193.4
16194.7
16196
16197.3
16198.5
16199.8
16201.1
16202.3
16203.6
16204.9
16206.1
16207.4
16208.7
16210
16211.2
16212.5
16213.8
16215.1
16216.3
16217.6
16218.9
16220.1
16221.4
16222.7
16224
16225.2
16226.5
16227.8
16229
16230.3
16231.6
16232.9
16234.1
16235.4
16236.7
16238
16239.2
16240.5
16241.8
16243.1
16244.3
16245.6
16246.9
16248.2
16249.4
16250.7
16252
16253.3
16254.5
16255.8
16257.1
16258.4
16259.6
16260.9
16262.2
16263.5
16264.7
16266
16267.3
16268.6
16269.8
16271.1
16272.4
16273.7
16275
16276.2
16277.5
16278.8
16280.1
16281.3
16282.6
16283.9
16285.2
16286.4
16287.7
16289
16290.3
16291.6
16292.8
16294.1
16295.4
16296.7
16298
16299.2
16300.5
16301.8
16303.1
16304.3
16305.6
16306.9
16308.2
16309.5
16310.7
16312
16313.3
16314.6
16315.9
16317.1
16318.4
16319.7
16321
16322.3
16323.5
16324.8
16326.1
16327.4
16328.7
16330
16331.2
16332.5
16333.8
16335.1
16336.4
16337.6
16338.9
16340.2
16341.5
16342.8
16344.1
16345.3
16346.6
16347.9
16349.2
16350.5
16351.8
16353
16354.3
16355.6
16356.9
16358.2
16359.5
16360.7
16362
16363.3
16364.6
16365.9
16367.2
16368.4
16369.7
16371
16372.3
16373.6
16374.9
16376.2
16377.4
16378.7
16380
16381.3
16382.6
16383.9
16385.2
16386.4
16387.7
16389
16390.3
16391.6
16392.9
16394.2
16395.4
16396.7
16398
16399.3
16400.6
16401.9
16403.2
16404.5
16405.7
16407
16408.3
16409.6
16410.9
16412.2
16413.5
16414.8
16416
16417.3
16418.6
16419.9
16421.2
16422.5
16423.8
16425.1
16426.4
16427.6
16428.9
16430.2
16431.5
16432.8
16434.1
16435.4
16436.7
16438
16439.3
16440.5
16441.8
16443.1
16444.4
16445.7
16447
16448.3
16449.6
16450.9
16452.2
16453.5
16454.7
16456
16457.3
16458.6
16459.9
16461.2
16462.5
16463.8
16465.1
16466.4
16467.7
16469
16470.3
16471.5
16472.8
16474.1
16475.4
16476.7
16478
16479.3
16480.6
16481.9
16483.2
16484.5
16485.8
16487.1
16488.4
16489.7
16490.9
16492.2
16493.5
16494.8
16496.1
16497.4
16498.7
16500
16501.3
16502.6
16503.9
16505.2
16506.5
16507.8
16509.1
16510.4
16511.7
16513
16514.3
16515.6
16516.9
16518.2
16519.5
16520.8
16522
16523.3
16524.6
16525.9
16527.2
16528.5
16529.8
16531.1
16532.4
16533.7
16535
16536.3
16537.6
16538.9
16540.2
16541.5
16542.8
16544.1
16545.4
16546.7
16548
16549.3
16550.6
16551.9
16553.2
16554.5
16555.8
16557.1
16558.4
16559.7
16561
16562.3
16563.6
16564.9
16566.2
16567.5
16568.8
16570.1
16571.4
16572.7
16574
16575.3
16576.6
16577.9
16579.2
16580.5
16581.8
16583.1
16584.4
16585.7
16587
16588.3
16589.6
16590.9
16592.2
16593.5
16594.8
16596.2
16597.5
16598.8
16600.1
16601.4
16602.7
16604
16605.3
16606.6
16607.9
16609.2
16610.5
16611.8
16613.1
16614.4
16615.7
16617
16618.3
16619.6
16620.9
16622.2
16623.5
16624.8
16626.2
16627.5
16628.8
16630.1
16631.4
16632.7
16634
16635.3
16636.6
16637.9
16639.2
16640.5
16641.8
16643.1
16644.4
16645.7
16647.1
16648.4
16649.7
16651
16652.3
16653.6
16654.9
16656.2
16657.5
16658.8
16660.1
16661.4
16662.7
16664.1
16665.4
16666.7
16668
16669.3
16670.6
16671.9
16673.2
16674.5
16675.8
16677.1
16678.5
16679.8
16681.1
16682.4
16683.7
16685
16686.3
16687.6
16688.9
16690.2
16691.6
16692.9
16694.2
16695.5
16696.8
16698.1
16699.4
16700.7
16702
16703.4
16704.7
16706
16707.3
16708.6
16709.9
16711.2
16712.5
16713.9
16715.2
16716.5
16717.8
16719.1
16720.4
16721.7
16723
16724.4
16725.7
16727
16728.3
16729.6
16730.9
16732.2
16733.6
16734.9
16736.2
16737.5
16738.8
16740.1
16741.4
16742.8
16744.1
16745.4
16746.7
16748
16749.3
16750.7
16752
16753.3
16754.6
16755.9
16757.2
16758.5
16759.9
16761.2
16762.5
16763.8
16765.1
16766.4
16767.8
16769.1
16770.4
16771.7
16773
16774.4
16775.7
16777
16778.3
16779.6
16780.9
16782.3
16783.6
16784.9
16786.2
16787.5
16788.9
16790.2
16791.5
16792.8
16794.1
16795.4
16796.8
16798.1
16799.4
16800.7
16802
16803.4
16804.7
16806
16807.3
16808.6
16810
16811.3
16812.6
16813.9
16815.2
16816.6
16817.9
16819.2
16820.5
16821.9
16823.2
16824.5
16825.8
16827.1
16828.5
16829.8
16831.1
16832.4
16833.8
16835.1
16836.4
16837.7
16839
16840.4
16841.7
16843
16844.3
16845.7
16847
16848.3
16849.6
16851
16852.3
16853.6
16854.9
16856.2
16857.6
16858.9
16860.2
16861.5
16862.9
16864.2
16865.5
16866.8
16868.2
16869.5
16870.8
16872.1
16873.5
16874.8
16876.1
16877.4
16878.8
16880.1
16881.4
16882.8
16884.1
16885.4
16886.7
16888.1
16889.4
16890.7
16892
16893.4
16894.7
16896
16897.3
16898.7
16900
16901.3
16902.7
16904
16905.3
16906.6
16908
16909.3
16910.6
16912
16913.3
16914.6
16915.9
16917.3
16918.6
16919.9
16921.3
16922.6
16923.9
16925.3
16926.6
16927.9
16929.2
16930.6
16931.9
16933.2
16934.6
16935.9
16937.2
16938.6
16939.9
16941.2
16942.5
16943.9
16945.2
16946.5
16947.9
16949.2
16950.5
16951.9
16953.2
16954.5
16955.9
16957.2
16958.5
16959.9
16961.2
16962.5
16963.9
16965.2
16966.5
16967.9
16969.2
16970.5
16971.9
16973.2
16974.5
16975.9
16977.2
16978.5
16979.9
16981.2
16982.5
16983.9
16985.2
16986.5
16987.9
16989.2
16990.5
16991.9
16993.2
16994.6
16995.9
16997.2
16998.6
16999.9
17001.2
17002.6
17003.9
17005.2
17006.6
17007.9
17009.3
17010.6
17011.9
17013.3
17014.6
17015.9
17017.3
17018.6
17020
17021.3
17022.6
17024
17025.3
17026.6
17028
17029.3
17030.7
17032
17033.3
17034.7
17036
17037.4
17038.7
17040
17041.4
17042.7
17044.1
17045.4
17046.7
17048.1
17049.4
17050.8
17052.1
17053.5
17054.8
17056.1
17057.5
17058.8
17060.2
17061.5
17062.9
17064.2
17065.5
17066.9
17068.2
17069.6
17070.9
17072.3
17073.6
17075
17076.3
17077.7
17079
17080.4
17081.7
17083
17084.4
17085.7
17087.1
17088.4
17089.8
17091.1
17092.5
17093.8
17095.2
17096.5
17097.9
17099.3
17100.6
17102
17103.3
17104.7
17106
17107.4
17108.7
17110.1
17111.4
17112.8
17114.2
17115.5
17116.9
17118.2
17119.6
17121
17122.3
17123.7
17125
17126.4
17127.8
17129.1
17130.5
17131.9
17133.2
17134.6
17136
17137.3
17138.7
17140.1
17141.5
17142.8
17144.2
17145.6
17147
17148.3
17149.7
17151.1
17152.5
17153.9
17155.2
17156.6
17158
17159.4
17160.8
17162.2
17163.6
17165
17166.4
17167.8
17169.2
17170.6
17172
17173.4
17174.8
17176.2
17177.6
17179
17180.4
17181.8
17183.2
17184.7
17186.1
17187.5
17188.9
17190.4
17191.8
17193.2
17194.7
17196.1
17197.5
17199
17200.4
17201.9
17203.3
17204.8
17206.2
17207.7
17209.2
17210.6
17212.1
17213.6
17215
17216.5
17218
17219.5
17221
17222.5
17224
17225.5
17227
17228.5
17230
17231.5
17233
17234.6
17236.1
17237.6
17239.2
17240.7
17242.3
17243.8
17245.4
17247
17248.5
17250.1
17251.7
17253.3
17254.9
17256.5
17258.1
17259.7
17261.3
17262.9
17264.5
17266.2
17267.8
17269.4
17271.1
17272.7
17274.4
17276.1
17277.8
17279.4
17281.1
17282.8
17284.5
17286.3
17288
17289.7
17291.4
17293.2
17294.9
17296.7
17298.5
17300.2
17302
17303.8
17305.6
17307.4
17309.2
17311
17312.9
17314.7
17316.5
17318.4
17320.3
17322.1
17324
17325.9
17327.8
17329.7
17331.6
17333.5
17335.5
17337.4
17339.4
17341.3
17343.3
17345.3
17347.3
17349.3
17351.3
17353.3
17355.3
17357.3
17359.4
17361.4
17363.5
17365.5
17367.6
17369.7
17371.8
17373.9
17376
17378.1
17380.2
17382.4
17384.5
17386.7
17388.8
17391
17393.2
17395.3
17397.5
17399.7
17401.9
17404.1
17406.4
17408.6
17410.8
17413
17415.3
17417.5
17419.8
17422.1
17424.3
17426.6
17428.9
17431.2
17433.4
17435.7
17438
17440.3
17442.6
17444.9
17447.3
17449.6
17451.9
17454.2
17456.5
17458.9
17461.2
17463.5
17465.9
17468.2
17470.5
17472.9
17475.2
17477.6
17479.9
17482.2
17484.6
17486.9
17489.2
17491.6
17493.9
17496.3
17498.6
17500.9
17503.2
17505.6
17507.9
17510.2
17512.5
17514.8
17517.2
17519.5
17521.8
17524.1
17526.4
17528.7
17530.9
17533.2
17535.5
17537.8
17540
17542.3
17544.5
17546.8
17549
17551.3
17553.5
17555.7
17557.9
17560.1
17562.3
17564.5
17566.7
17568.9
17571.1
17573.2
17575.4
17577.5
17579.7
17581.8
17583.9
17586
17588.2
17590.3
17592.3
17594.4
17596.5
17598.6
17600.6
17602.7
17604.7
17606.7
17608.8
17610.8
17612.8
17614.8
17616.8
17618.7
17620.7
17622.7
17624.6
17626.6
17628.5
17630.4
17632.4
17634.3
17636.2
17638.1
17640
17641.8
17643.7
17645.6
17647.4
17649.3
17651.1
17652.9
17654.8
17656.6
17658.4
17660.2
17662
17663.7
17665.5
17667.3
17669.1
17670.8
17672.6
17674.3
17676
17677.7
17679.5
17681.2
17682.9
17684.6
17686.3
17688
17689.6
17691.3
17693
17694.7
17696.3
17698
17699.6
17701.2
17702.9
17704.5
17706.1
17707.8
17709.4
17711
17712.6
17714.2
17715.8
17717.4
17718.9
17720.5
17722.1
17723.7
17725.2
17726.8
17728.4
17729.9
17731.5
17733
17734.5
17736.1
17737.6
17739.2
17740.7
17742.2
17743.7
17745.2
17746.8
17748.3
17749.8
17751.3
17752.8
17754.3
17755.8
17757.3
17758.8
17760.3
17761.8
17763.2
17764.7
17766.2
17767.7
17769.2
17770.6
17772.1
17773.6
17775
17776.5
17778
17779.4
17780.9
17782.4
17783.8
17785.3
17786.7
17788.2
17789.6
17791.1
17792.5
17794
17795.4
17796.9
17798.3
17799.7
17801.2
17802.6
17804.1
17805.5
17806.9
17808.4
17809.8
17811.2
17812.7
17814.1
17815.5
17817
17818.4
17819.8
17821.2
17822.7
17824.1
17825.5
17826.9
17828.4
17829.8
17831.2
17832.6
17834.1
17835.5
17836.9
17838.3
17839.7
17841.2
17842.6
17844
17845.4
17846.8
17848.2
17849.7
17851.1
17852.5
17853.9
17855.3
17856.7
17858.2
17859.6
17861
17862.4
17863.8
17865.2
17866.6
17868.1
17869.5
17870.9
17872.3
17873.7
17875.1
17876.5
17878
17879.4
17880.8
17882.2
17883.6
17885
17886.4
17887.8
17889.3
17890.7
17892.1
17893.5
17894.9
17896.3
17897.7
17899.1
17900.6
17902
17903.4
17904.8
17906.2
17907.6
17909
17910.4
17911.8
17913.3
17914.7
17916.1
17917.5
17918.9
17920.3
17921.7
17923.1
17924.6
17926
17927.4
17928.8
17930.2
17931.6
17933
17934.5
17935.9
17937.3
17938.7
17940.1
17941.5
17942.9
17944.3
17945.8
17947.2
17948.6
17950
17951.4
17952.8
17954.2
17955.7
17957.1
17958.5
17959.9
17961.3
17962.7
17964.2
17965.6
17967
17968.4
17969.8
17971.2
17972.6
17974.1
17975.5
17976.9
17978.3
17979.7
17981.1
17982.6
17984
17985.4
17986.8
17988.2
17989.6
17991.1
17992.5
17993.9
17995.3
17996.7
17998.1
17999.6
18001
18002.4
18003.8
18005.2
18006.7
18008.1
18009.5
18010.9
18012.3
18013.8
18015.2
18016.6
18018
18019.4
18020.8
18022.3
18023.7
18025.1
18026.5
18027.9
18029.4
18030.8
18032.2
18033.6
18035.1
18036.5
18037.9
18039.3
18040.7
18042.2
18043.6
18045
18046.4
18047.8
18049.3
18050.7
18052.1
18053.5
18055
18056.4
18057.8
18059.2
18060.6
18062.1
18063.5
18064.9
18066.3
18067.8
18069.2
18070.6
18072
18073.5
18074.9
18076.3
18077.7
18079.2
18080.6
18082
18083.4
18084.9
18086.3
18087.7
18089.1
18090.6
18092
18093.4
18094.8
18096.3
18097.7
18099.1
18100.5
18102
18103.4
18104.8
18106.2
18107.7
18109.1
18110.5
18112
18113.4
18114.8
18116.2
18117.7
18119.1
18120.5
18122
18123.4
18124.8
18126.2
18127.7
18129.1
18130.5
18132
18133.4
18134.8
18136.2
18137.7
18139.1
18140.5
18142
18143.4
18144.8
18146.3
18147.7
18149.1
18150.6
18152
18153.4
18154.8
18156.3
18157.7
18159.1
18160.6
18162
18163.4
18164.9
18166.3
18167.7
18169.2
18170.6
18172
18173.5
18174.9
18176.3
18177.8
18179.2
18180.6
18182.1
18183.5
18184.9
18186.4
18187.8
18189.3
18190.7
18192.1
18193.6
18195
18196.4
18197.9
18199.3
18200.7
18202.2
18203.6
18205.1
18206.5
18207.9
18209.4
18210.8
18212.2
18213.7
18215.1
18216.6
18218
18219.4
18220.9
18222.3
18223.7
18225.2
18226.6
18228.1
18229.5
18230.9
18232.4
18233.8
18235.3
18236.7
18238.1
18239.6
18241
18242.5
18243.9
18245.3
18246.8
18248.2
18249.7
18251.1
18252.6
18254
18255.4
18256.9
18258.3
18259.8
18261.2
18262.7
18264.1
18265.5
18267
18268.4
18269.9
18271.3
18272.8
18274.2
18275.6
18277.1
18278.5
18280
18281.4
18282.9
18284.3
18285.8
18287.2
18288.7
18290.1
18291.5
18293
18294.4
18295.9
18297.3
18298.8
18300.2
18301.7
18303.1
18304.6
18306
18307.5
18308.9
18310.4
18311.8
18313.2
18314.7
18316.1
18317.6
18319
18320.5
18321.9
18323.4
18324.8
18326.3
18327.7
18329.2
18330.6
18332.1
18333.5
18335
18336.4
18337.9
18339.3
18340.8
18342.2
18343.7
18345.1
18346.6
18348
18349.5
18350.9
18352.4
18353.8
18355.3
18356.7
18358.2
18359.6
18361.1
18362.5
18364
18365.4
18366.9
18368.3
18369.8
18371.2
18372.7
18374.1
18375.6
18377
18378.5
18379.9
18381.4
18382.8
18384.3
18385.7
18387.2
18388.6
18390.1
18391.5
18393
18394.4
18395.9
18397.3
18398.8
18400.2
18401.7
18403.1
18404.6
18406
18407.5
18408.9
18410.4
18411.8
18413.3
18414.7
18416.2
18417.6
18419.1
18420.5
18422
18423.4
18424.9
18426.3
18427.8
18429.2
18430.6
18432.1
18433.5
18435
18436.4
18437.9
18439.3
18440.8
18442.2
18443.7
18445.1
18446.6
18448
18449.4
18450.9
18452.3
18453.8
18455.2
18456.7
18458.1
18459.6
18461
18462.4
18463.9
18465.3
18466.8
18468.2
18469.7
18471.1
18472.5
18474
18475.4
18476.9
18478.3
18479.8
18481.2
18482.6
18484.1
18485.5
18487
18488.4
18489.8
18491.3
18492.7
18494.2
18495.6
18497
18498.5
18499.9
18501.4
18502.8
18504.2
18505.7
18507.1
18508.6
18510
18511.4
18512.9
18514.3
18515.8
18517.2
18518.6
18520.1
18521.5
18523
18524.4
18525.8
18527.3
18528.7
18530.2
18531.6
18533
18534.5
18535.9
18537.4
18538.8
18540.2
18541.7
18543.1
18544.6
18546
18547.4
18548.9
18550.3
18551.8
18553.2
18554.6
18556.1
18557.5
18559
18560.4
18561.8
18563.3
18564.7
18566.2
18567.6
18569
18570.5
18571.9
18573.4
18574.8
18576.3
18577.7
18579.1
18580.6
18582
18583.5
18584.9
18586.4
18587.8
18589.2
18590.7
18592.1
18593.6
18595
18596.5
18597.9
18599.4
18600.8
18602.2
18603.7
18605.1
18606.6
18608
18609.5
18610.9
18612.4
18613.8
18615.3
18616.7
18618.2
18619.6
18621.1
18622.5
18624
18625.4
18626.9
18628.3
18629.8
18631.2
18632.7
18634.1
18635.6
18637
18638.5
18639.9
18641.4
18642.8
18644.3
18645.7
18647.2
18648.7
18650.1
18651.6
18653
18654.5
18655.9
18657.4
18658.8
18660.3
18661.8
18663.2
18664.7
18666.1
18667.6
18669.1
18670.5
18672
18673.4
18674.9
18676.4
18677.8
18679.3
18680.7
18682.2
18683.7
18685.1
18686.6
18688.1
18689.5
18691
18692.4
18693.9
18695.4
18696.8
18698.3
18699.8
18701.2
18702.7
18704.2
18705.6
18707.1
18708.6
18710
18711.5
18713
18714.4
18715.9
18717.4
18718.8
18720.3
18721.8
18723.3
18724.7
18726.2
18727.7
18729.1
18730.6
18732.1
18733.5
18735
18736.5
18738
18739.4
18740.9
18742.4
18743.9
18745.3
18746.8
18748.3
18749.7
18751.2
18752.7
18754.2
18755.6
18757.1
18758.6
18760.1
18761.5
18763
18764.5
18766
18767.5
18768.9
18770.4
18771.9
18773.4
18774.8
18776.3
18777.8
18779.3
18780.8
18782.2
18783.7
18785.2
18786.7
18788.1
18789.6
18791.1
18792.6
18794.1
18795.5
18797
18798.5
18800
18801.5
18802.9
18804.4
18805.9
18807.4
18808.9
18810.4
18811.8
18813.3
18814.8
18816.3
18817.8
18819.2
18820.7
18822.2
18823.7
18825.2
18826.7
18828.1
18829.6
18831.1
18832.6
18834.1
18835.6
18837.1
18838.5
18840
18841.5
18843
18844.5
18846
18847.4
18848.9
18850.4
18851.9
18853.4
18854.9
18856.4
18857.9
18859.3
18860.8
18862.3
18863.8
18865.3
18866.8
18868.3
18869.7
18871.2
18872.7
18874.2
18875.7
18877.2
18878.7
18880.2
18881.7
18883.1
18884.6
18886.1
18887.6
18889.1
18890.6
18892.1
18893.6
18895.1
18896.5
18898
18899.5
18901
18902.5
18904
18905.5
18907
18908.5
18910
18911.5
18912.9
18914.4
18915.9
18917.4
18918.9
18920.4
18921.9
18923.4
18924.9
18926.4
18927.9
18929.4
18930.8
18932.3
18933.8
18935.3
18936.8
18938.3
18939.8
18941.3
18942.8
18944.3
18945.8
18947.3
18948.8
18950.3
18951.8
18953.3
18954.7
18956.2
18957.7
18959.2
18960.7
18962.2
18963.7
18965.2
18966.7
18968.2
18969.7
18971.2
18972.7
18974.2
18975.7
18977.2
18978.7
18980.2
18981.7
18983.2
18984.7
18986.2
18987.7
18989.2
18990.7
18992.2
18993.7
18995.1
18996.6
18998.1
18999.6
19001.1
19002.6
19004.1
19005.6
19007.1
19008.6
19010.1
19011.6
19013.1
19014.6
19016.1
19017.6
19019.1
19020.6
19022.1
19023.6
19025.1
19026.6
19028.1
19029.6
19031.1
19032.6
19034.1
19035.6
19037.1
19038.6
19040.1
19041.7
19043.2
19044.7
19046.2
19047.7
19049.2
19050.7
19052.2
19053.7
19055.2
19056.7
19058.2
19059.7
19061.2
19062.7
19064.2
19065.7
19067.2
19068.7
19070.2
19071.7
19073.3
19074.8
19076.3
19077.8
19079.3
19080.8
19082.3
19083.8
19085.3
19086.8
19088.4
19089.9
19091.4
19092.9
19094.4
19095.9
19097.4
19099
19100.5
19102
19103.5
19105
19106.6
19108.1
19109.6
19111.1
19112.7
19114.2
19115.7
19117.3
19118.8
19120.3
19121.9
19123.4
19125
19126.5
19128
19129.6
19131.1
19132.7
19134.2
19135.8
19137.4
19138.9
19140.5
19142.1
19143.6
19145.2
19146.8
19148.4
19150
19151.5
19153.1
19154.7
19156.3
19157.9
19159.6
19161.2
19162.8
19164.4
19166.1
19167.7
19169.3
19171
19172.6
19174.3
19176
19177.6
19179.3
19181
19182.7
19184.4
19186.1
19187.8
19189.6
19191.3
19193.1
19194.8
19196.6
19198.3
19200.1
19201.9
19203.7
19205.5
19207.3
19209.2
19211
19212.8
19214.7
19216.6
19218.5
19220.4
19222.3
19224.2
19226.1
19228
19230
19232
19233.9
19235.9
19237.9
19240
19242
19244
19246.1
19248.1
19250.2
19252.3
19254.4
19256.5
19258.7
19260.8
19263
19265.1
19267.3
19269.5
19271.7
19274
19276.2
19278.4
19280.7
19283
19285.3
19287.6
19289.9
19292.2
19294.6
19296.9
19299.3
19301.7
19304
19306.4
19308.8
19311.3
19313.7
19316.1
19318.6
19321.1
19323.5
19326
19328.5
19331
19333.5
19336
19338.6
19341.1
19343.6
19346.2
19348.7
19351.3
19353.9
19356.4
19359
19361.6
19364.2
19366.8
19369.4
19372
19374.6
19377.3
19379.9
19382.5
19385.1
19387.8
19390.4
19393
19395.7
19398.3
19401
19403.6
19406.2
19408.9
19411.5
19414.2
19416.8
19419.5
19422.1
19424.8
19427.4
19430.1
19432.7
19435.4
19438
19440.6
19443.3
19445.9
19448.6
19451.2
19453.8
19456.5
19459.1
19461.7
19464.3
19467
19469.6
19472.2
19474.8
19477.4
19480
19482.7
19485.3
19487.9
19490.5
19493.1
19495.6
19498.2
19500.8
19503.4
19506
19508.5
19511.1
19513.7
19516.2
19518.8
19521.4
19523.9
19526.5
19529
19531.6
19534.1
19536.6
19539.2
19541.7
19544.2
19546.7
19549.3
19551.8
19554.3
19556.8
19559.3
19561.8
19564.3
19566.8
19569.3
19571.8
19574.3
19576.7
19579.2
19581.7
19584.2
19586.6
19589.1
19591.6
19594
19596.5
19598.9
19601.4
19603.8
19606.3
19608.7
19611.1
19613.6
19616
19618.4
19620.8
19623.3
19625.7
19628.1
19630.5
19632.9
19635.3
19637.7
19640.1
19642.5
19644.9
19647.3
19649.7
19652.1
19654.5
19656.8
19659.2
19661.6
19664
19666.3
19668.7
19671.1
19673.4
19675.8
19678.1
19680.5
19682.9
19685.2
19687.5
19689.9
19692.2
19694.6
19696.9
19699.2
19701.6
19703.9
19706.2
19708.5
19710.9
19713.2
19715.5
19717.8
19720.1
19722.4
19724.7
19727
19729.3
19731.6
19733.9
19736.2
19738.5
19740.8
19743.1
19745.4
19747.7
19749.9
19752.2
19754.5
19756.8
19759
19761.3
19763.6
19765.8
19768.1
19770.4
19772.6
19774.9
19777.1
19779.4
19781.6
19783.9
19786.1
19788.4
19790.6
19792.9
19795.1
19797.3
19799.6
19801.8
19804
19806.3
19808.5
19810.7
19812.9
19815.2
19817.4
19819.6
19821.8
19824
19826.2
19828.4
19830.6
19832.9
19835.1
19837.3
19839.5
19841.7
19843.8
19846
19848.2
19850.4
19852.6
19854.8
19857
19859.2
19861.3
19863.5
19865.7
19867.9
19870.1
19872.2
19874.4
19876.6
19878.7
19880.9
19883.1
19885.2
19887.4
19889.5
19891.7
19893.9
19896
19898.2
19900.3
19902.5
19904.6
19906.8
19908.9
19911
19913.2
19915.3
19917.5
19919.6
19921.7
19923.9
19926
19928.1
19930.2
19932.4
19934.5
19936.6
19938.7
19940.9
19943
19945.1
19947.2
19949.3
19951.4
19953.5
19955.7
19957.8
19959.9
19962
19964.1
19966.2
19968.3
19970.4
19972.5
19974.6
19976.7
19978.8
19980.9
19982.9
19985
19987.1
19989.2
19991.3
19993.4
19995.5
19997.5
19999.6
20001.7
20003.8
20005.8
20007.9
20010
20012.1
20014.1
20016.2
20018.3
20020.3
20022.4
20024.4
20026.5
20028.6
20030.6
20032.7
20034.7
20036.8
20038.8
20040.9
20043
20045
20047
20049.1
20051.1
20053.2
20055.2
20057.3
20059.3
20061.3
20063.4
20065.4
20067.5
20069.5
20071.5
20073.6
20075.6
20077.6
20079.6
20081.7
20083.7
20085.7
20087.7
20089.8
20091.8
20093.8
20095.8
20097.8
20099.9
20101.9
20103.9
20105.9
20107.9
20109.9
20111.9
20113.9
20115.9
20117.9
20119.9
20122
20124
20126
20128
20130
20132
20133.9
20135.9
20137.9
20139.9
20141.9
20143.9
20145.9
20147.9
20149.9
20151.9
20153.9
20155.8
20157.8
20159.8
20161.8
20163.8
20165.7
20167.7
20169.7
20171.7
20173.6
20175.6
20177.6
20179.6
20181.5
20183.5
20185.5
20187.4
20189.4
20191.4
20193.3
20195.3
20197.3
20199.2
20201.2
20203.1
20205.1
20207.1
20209
20211
20212.9
20214.9
20216.8
20218.8
20220.7
20222.7
20224.6
20226.6
20228.5
20230.5
20232.4
20234.4
20236.3
20238.2
20240.2
20242.1
20244.1
20246
20247.9
20249.9
20251.8
20253.7
20255.7
20257.6
20259.5
20261.5
20263.4
20265.3
20267.3
20269.2
20271.1
20273
20275
20276.9
20278.8
20280.7
20282.6
20284.6
20286.5
20288.4
20290.3
20292.2
20294.1
20296
20298
20299.9
20301.8
20303.7
20305.6
20307.5
20309.4
20311.3
20313.2
20315.1
20317
20318.9
20320.8
20322.7
20324.6
20326.5
20328.4
20330.3
20332.2
20334.1
20336
20337.9
20339.8
20341.7
20343.6
20345.5
20347.4
20349.3
20351.1
20353
20354.9
20356.8
20358.7
20360.6
20362.5
20364.3
20366.2
20368.1
20370
20371.9
20373.7
20375.6
20377.5
20379.4
20381.2
20383.1
20385
20386.9
20388.7
20390.6
20392.5
20394.3
20396.2
20398.1
20399.9
20401.8
20403.7
20405.5
20407.4
20409.3
20411.1
20413
20414.8
20416.7
20418.6
20420.4
20422.3
20424.1
20426
20427.8
20429.7
20431.5
20433.4
20435.2
20437.1
20438.9
20440.8
20442.6
20444.5
20446.3
20448.2
20450
20451.9
20453.7
20455.6
20457.4
20459.2
20461.1
20462.9
20464.8
20466.6
20468.4
20470.3
20472.1
20473.9
20475.8
20477.6
20479.4
20481.3
20483.1
20484.9
20486.8
20488.6
20490.4
20492.2
20494.1
20495.9
20497.7
20499.5
20501.4
20503.2
20505
20506.8
20508.7
20510.5
20512.3
20514.1
20515.9
20517.8
20519.6
20521.4
20523.2
20525
20526.8
20528.6
20530.5
20532.3
20534.1
20535.9
20537.7
20539.5
20541.3
20543.1
20544.9
20546.7
20548.5
20550.3
)
;

boundaryField
{
    sides
    {
        type            zeroGradient;
    }
    empty
    {
        type            empty;
    }
}


// ************************************************************************* //
