/*--------------------------------*- C++ -*----------------------------------*\
  =========                 |
  \\      /  F ield         | OpenFOAM: The Open Source CFD Toolbox
   \\    /   O peration     | Website:  https://openfoam.org
    \\  /    A nd           | Version:  9
     \\/     M anipulation  |
\*---------------------------------------------------------------------------*/
FoamFile
{
    format      ascii;
    class       volScalarField;
    location    "0.042";
    object      ddt0(rho,e);
}
// * * * * * * * * * * * * * * * * * * * * * * * * * * * * * * * * * * * * * //

dimensions      [1 -1 -3 0 0 0 0];

internalField   nonuniform List<scalar> 
10000
(
673092
673062
673014
672966
672919
672870
672822
672775
672728
672679
672630
672584
672539
672492
672441
672393
672350
672306
672257
672205
672156
672114
672072
672024
671970
671918
671874
671837
671793
671740
671682
671633
671596
671562
671518
671459
671399
671350
671318
671289
671246
671185
671118
671065
671032
671011
670978
670921
670848
670779
670736
670717
670702
670667
670601
670519
670447
670407
670396
670392
670365
670299
670208
670121
670067
670053
670063
670059
670016
669929
669822
669732
669687
669690
669715
669724
669685
669592
669471
669360
669296
669292
669330
669370
669369
669304
669183
669039
668920
668860
668870
668928
668992
669014
668964
668844
668682
668524
668419
668391
668438
668528
668613
668644
668594
668462
668276
668086
667941
667877
667904
668001
668127
668229
668263
668204
668055
667845
667620
667433
667325
667315
667399
667544
667706
667832
667881
667829
667678
667451
667189
666943
666758
666667
666683
666797
666978
667183
667366
667482
667503
667415
667225
666960
666658
666363
666119
665960
665908
665964
666118
666341
666597
666845
667045
667166
667185
667095
666903
666626
666293
665939
665600
665310
665097
664981
664972
665068
665258
665522
665834
666164
666484
666764
666980
667112
667149
667086
666924
666671
666342
665954
665528
665087
664655
664252
663897
663607
663393
663268
663235
663297
663452
663697
664026
664430
664900
665426
665995
666597
667219
667849
668477
669094
669684
670237
670741
671189
671572
671885
672128
672302
672413
672474
672493
672492
672498
672524
672596
672804
673480
674099
674141
674193
674235
674268
674288
674301
674308
674310
674310
674307
674302
674298
674293
674286
674280
674275
674270
674265
674259
674253
674248
674244
674240
674236
674233
674229
674226
674223
674220
674217
674213
674210
674207
674205
674202
674199
674196
674192
674189
674185
674182
674180
674177
674174
674171
674168
674165
674162
674159
674156
674153
674151
674148
674145
674142
674139
674135
674132
674129
674126
674123
674120
674117
674114
674111
674108
674105
674102
674099
674096
674093
674090
674087
674084
674081
674077
674074
674071
674067
674064
674061
674058
674055
674052
674049
674046
674043
674040
674037
674034
674031
674027
674024
674021
674017
674014
674010
674007
674004
674001
673998
673995
673991
673988
673985
673982
673979
673976
673973
673969
673966
673963
673959
673956
673952
673949
673945
673942
673938
673935
673932
673929
673925
673922
673919
673916
673913
673909
673906
673903
673900
673896
673892
673889
673885
673881
673878
673874
673871
673867
673864
673861
673857
673854
673851
673847
673844
673841
673838
673834
673831
673827
673823
673820
673816
673812
673809
673805
673801
673798
673794
673791
673787
673784
673780
673777
673774
673770
673767
673763
673760
673756
673752
673748
673745
673741
673737
673734
673730
673726
673723
673719
673715
673712
673708
673704
673701
673697
673694
673690
673686
673682
673679
673675
673671
673667
673663
673660
673656
673652
673648
673645
673641
673637
673634
673630
673626
673622
673618
673615
673611
673607
673603
673599
673595
673591
673587
673583
673580
673576
673572
673568
673564
673560
673557
673553
673549
673545
673541
673537
673533
673529
673525
673521
673517
673513
673509
673505
673501
673497
673493
673489
673485
673481
673477
673473
673469
673465
673461
673457
673453
673449
673445
673440
673436
673432
673428
673424
673420
673416
673411
673407
673403
673399
673395
673391
673387
673383
673379
673375
673371
673366
673362
673357
673354
673348
673346
673339
673338
673329
673331
673319
673325
673307
673320
673294
673318
673279
673318
673261
673319
673242
673319
673226
673316
673215
673303
673218
673273
673241
673231
673244
673235
673223
673222
673224
673214
673210
673204
673206
673190
673209
673157
673234
673107
673270
673055
673296
673023
673291
673035
673233
673101
673122
673206
673009
673288
672931
673306
672945
673219
673066
673049
673222
672896
673307
672860
673246
672983
673042
673190
672844
673304
672803
673216
672976
672958
673220
672754
673294
672802
673095
673071
672792
673281
672699
673192
672922
672861
673222
672650
673240
672803
672916
673158
672623
673257
672718
672952
673098
672600
673255
672664
672947
673070
672562
673244
672640
672902
673080
672508
673222
672650
672808
673125
672449
673170
672710
672679
673178
672418
673067
672820
672522
673212
672443
672894
672971
672379
673176
672558
672658
673115
672317
673025
672764
672413
673180
672390
672750
673008
672250
673069
672636
672411
673155
672300
672749
672959
672189
673044
672600
672339
673137
672270
672650
672981
672121
672953
672661
672206
673104
672314
672472
673026
672103
672796
672747
672104
673001
672417
672291
673024
672153
672560
672869
672038
672807
672607
672083
672949
672326
672249
672954
672104
672474
672834
671982
672687
672630
671975
672840
672393
672063
672907
672171
672214
672885
671998
672390
672786
671890
672560
672636
671850
672696
672460
671869
672788
672282
671930
672834
672117
672017
672840
671974
672117
672811
671854
672220
672759
671758
672320
672689
671685
672414
672603
671631
672499
672510
671595
672570
672414
671574
672627
672319
671566
672669
672229
671563
672699
672149
671563
672715
672080
671563
672722
672022
671559
672722
671976
671549
672716
671942
671533
672703
671919
671512
672685
671906
671485
672662
671905
671452
672631
671916
671416
672592
671938
671378
672543
671970
671339
672485
672012
671301
672414
672063
671268
672330
672118
671244
672235
672176
671229
672128
672234
671227
672007
672289
671243
671875
672334
671279
671735
672365
671336
671590
672378
671418
671441
672365
671526
671297
672317
671659
671170
672226
671811
671073
672089
671969
671021
671906
672119
671028
671681
672236
671108
671433
672292
671260
671192
672265
671470
670993
672145
671709
670868
671934
671941
670846
671652
672120
670939
671337
672202
671139
671042
672158
671410
670824
671984
671701
670724
671699
671950
670769
671351
672096
670957
671003
672092
671253
670734
671919
671589
670611
671600
671877
670673
671201
672030
670913
670814
671986
671277
670547
671730
671660
670490
671312
671932
670677
670848
671979
671058
670492
671756
671500
670376
671316
671832
670551
670804
671911
670959
670408
671677
671440
670288
671199
671786
670501
670660
671826
670957
670288
671517
671447
670251
670981
671730
670563
670453
671656
671070
670173
671243
671516
670272
670679
671663
670692
670236
671416
671208
670138
670883
671532
670431
670335
671469
670945
670062
671035
671375
670209
670463
671454
670678
670073
671116
671180
670086
670540
671393
670486
670062
671161
671012
669973
670603
671307
670328
670061
671145
670886
669888
670600
671246
670203
670024
671119
670778
669820
670559
671174
670137
669949
671059
670730
669739
670481
671123
670090
669859
670965
670719
669679
670339
671090
670088
669731
670851
670733
669640
670162
671034
670144
669588
670682
670785
669629
669947
670951
670241
669474
670444
670835
669689
669700
670817
670373
669402
670161
670840
669823
669471
670592
670524
669406
669839
670772
670009
669310
670276
670633
669521
669514
670597
670222
669249
669906
670641
669732
669257
670294
670412
669321
669520
670512
669993
669137
669884
670492
669536
669195
670220
670231
669191
669448
670388
669839
669030
669785
670347
669417
669091
670075
670114
669093
669304
670242
669752
668928
669601
670221
669370
668937
669876
670042
669038
669098
670054
669741
668834
669336
670101
669387
668769
669595
669997
669059
668835
669800
669784
668795
669002
669912
669493
668644
669209
669919
669178
668597
669423
669811
668890
668648
669589
669625
668652
668773
669687
669379
668495
668929
669710
669110
668413
669099
669648
668852
668403
669244
669526
668617
668456
669350
669349
668432
668542
669412
669142
668294
668654
669416
668927
668205
668765
669376
668709
668166
668865
669291
668511
668157
668950
669172
668334
668180
669002
669034
668181
668219
669030
668877
668060
668264
669030
668717
667959
668315
669002
668559
667883
668357
668958
668403
667827
668391
668891
668261
667781
668416
668812
668125
667750
668425
668726
668001
667723
668427
668629
667891
667698
668415
668533
667786
667678
668390
668436
667692
667652
668361
668336
667606
667624
668320
668245
667521
667592
668274
668155
667446
667550
668224
668070
667373
667506
668165
667994
667303
667452
668104
667920
667240
667390
668038
667853
667176
667325
667963
667792
667118
667251
667888
667731
667066
667171
667804
667677
667014
667091
667713
667624
666969
667005
667621
667568
666928
666920
667521
667516
666886
666835
667416
667460
666851
666746
667311
667402
666817
666661
667197
667345
666783
666575
667082
667282
666756
666488
666962
667217
666730
666407
666833
667148
666708
666330
666701
667069
666691
666257
666564
666982
666676
666195
666420
666885
666662
666144
666277
666769
666649
666106
666136
666639
666625
666086
666001
666493
666591
666077
665880
666330
666542
666079
665776
666157
666467
666091
665693
665978
666368
666099
665638
665801
666242
666099
665606
665637
666088
666082
665594
665492
665915
666039
665600
665370
665731
665967
665610
665280
665540
665864
665615
665219
665358
665728
665608
665182
665193
665569
665578
665165
665047
665394
665521
665159
664928
665205
665438
665158
664838
665013
665320
665154
664776
664830
665168
665135
664745
664663
664990
665088
664738
664524
664789
665008
664741
664425
664578
664883
664745
664367
664378
664709
664726
664351
664208
664500
664662
664362
664085
664274
664543
664372
664019
664057
664369
664354
663998
663879
664153
664288
664001
663754
663924
664160
664001
663683
663713
663980
663968
663653
663540
663770
663884
663640
663417
663552
663751
663615
663339
663351
663575
663563
663290
663183
663372
663473
663255
663051
663162
663339
663220
662957
662957
663163
663164
662903
662777
662951
663069
662873
662643
662722
662919
662839
662565
662507
662711
662772
662530
662341
662468
662642
662508
662239
662232
662440
662456
662195
662042
662193
662335
662174
661923
661945
662139
662122
661867
661744
661896
662004
661832
661611
661649
661817
661771
661535
661442
661584
661656
661479
661291
661342
661482
661410
661190
661126
661260
661302
661117
660954
661018
661139
661047
660831
660787
660920
660945
660752
660596
660669
660784
660684
660466
660423
660559
660582
660387
660224
660294
660412
660319
660096
660039
660171
660207
660021
659844
659894
660018
659946
659724
659640
659758
659814
659648
659457
659475
659600
659557
659346
659232
659323
659398
659263
659066
659044
659157
659147
658958
658819
658873
658956
658858
658664
658606
658695
658711
658551
658397
658413
658492
658428
658246
658160
658222
658252
658120
657959
657944
658014
657975
657806
657696
657735
657777
657671
657500
657454
657518
657507
657351
657211
657224
657282
657208
657030
656941
656994
657018
656888
656717
656685
656751
656725
656557
656418
656434
656488
656408
656226
656133
656179
656201
656074
655902
655858
655912
655889
655730
655587
655584
655627
655555
655385
655282
655305
655319
655206
655043
654982
655015
654990
654847
654707
654683
654707
654641
654484
654376
654378
654381
654277
654120
654048
654064
654036
653901
653757
653719
653735
653673
653517
653397
653386
653391
653294
653129
653036
653044
653029
652902
652738
652673
652689
652651
652500
652347
652305
652320
652257
652091
651954
651929
651935
651847
651676
651558
651544
651535
651423
651255
651157
651148
651118
650988
650830
650750
650739
650685
650542
650398
650335
650316
650238
650087
649959
649909
649879
649777
649623
649511
649472
649427
649304
649150
649054
649021
648960
648821
648668
648585
648555
648478
648326
648177
648106
648073
647981
647820
647676
647614
647576
647470
647302
647164
647108
647063
646945
646772
646641
646587
646533
646405
646231
646106
646050
645986
645849
645676
645558
645499
645423
645276
645107
644995
644932
644844
644689
644523
644415
644348
644248
644086
643923
643817
643747
643635
643467
643306
643203
643126
643004
642832
642674
642573
642489
642357
642181
642025
641926
641837
641696
641516
641362
641265
641172
641026
640846
640689
640663
640685
640658
640445
640323
640118
639956
639801
639588
639392
639254
639128
638968
638779
638601
638464
638347
638190
638004
637829
637691
637566
637415
637229
637052
636908
636778
636623
636435
636251
636103
635967
635807
635616
635432
635278
635134
634965
634770
634585
634427
634278
634101
633902
633709
633551
633395
633212
633002
632809
632648
632491
632298
632080
631882
631715
631552
631355
631136
630929
630753
630585
630390
630166
629946
629759
629589
629395
629167
628936
628740
628565
628370
628136
627899
627692
627509
627308
627075
626834
626616
626422
626214
625981
625736
625511
625304
625090
624851
624604
624373
624156
623933
623688
623436
623199
622976
622743
622490
622232
621988
621758
621522
621263
620992
620735
620505
620266
619999
619714
619449
619211
618969
618698
618405
618127
617873
617629
617357
617061
616766
616497
616245
615975
615677
615370
615084
614819
614546
614247
613933
613634
613353
613073
612771
612453
612142
611847
611556
611247
610925
610605
610301
609998
609678
609346
609021
608711
608395
608063
607721
607388
607067
606745
606408
606053
605703
605370
605046
604704
604338
603970
603623
603291
602947
602575
602193
601826
601481
601132
600759
600367
599982
599617
599260
598887
598489
598088
597703
597333
596954
596552
596141
595740
595351
594961
594557
594139
593722
593316
592914
592500
592072
591645
591228
590811
590383
589944
589509
589080
588652
588210
587758
587308
586868
586431
585980
585514
585046
584590
584144
583689
583213
582726
582250
581791
581330
580848
580349
579852
579372
578900
578416
577910
577396
576892
576404
575913
575403
574878
574355
573846
573340
572825
572293
571756
571226
570704
570177
569638
569089
568544
568005
567464
566912
566353
565796
565243
564687
564121
563549
562978
562413
561846
561268
560680
560092
559513
558937
558351
557749
557143
556546
555958
555365
554756
554134
553516
552910
552309
551695
551064
550428
549801
549185
548565
547930
547281
546635
546000
545368
544728
544073
543413
542759
542111
541461
540800
540131
539463
538800
538137
537466
536789
536110
535436
534761
534079
533390
532700
532016
531332
530642
529942
529239
528542
527851
527156
526449
525734
525022
524319
523620
522911
522190
521465
520747
520038
519328
518605
517873
517141
516420
515703
514981
514247
513508
512774
512047
511321
510588
509847
509106
508370
507638
506902
506160
505416
504676
503938
503199
502455
501710
500967
500227
499487
498742
497993
497248
496508
495771
495028
494279
493529
492788
492053
491317
490573
489823
489077
488340
487611
486877
486134
485388
484649
483920
483194
482464
481726
480988
480258
479537
478817
478092
477363
476637
475919
475206
474492
473775
473060
472349
471643
470938
470233
469529
468830
468136
467443
466749
466056
465368
464688
464011
463333
462652
461974
461305
460645
459987
459325
458661
458002
457355
456715
456076
455432
454789
454152
453527
452908
452290
451668
451048
450436
449834
449237
448640
448043
447449
446863
446286
445711
445138
444567
444002
443444
442891
442340
441792
441250
440715
440186
439658
439132
438612
438100
437595
437094
436593
436094
435603
435122
434647
434175
433702
433232
432771
432320
431876
431432
430987
430548
430118
429698
429282
428867
428453
428045
427646
427256
426869
426483
426100
425723
425355
424994
424635
424278
423926
423581
423243
422909
422578
422251
421930
421615
421306
421000
420697
420398
420107
419822
419541
419261
418985
418715
418453
418197
417942
417688
417438
417196
416962
416732
416503
416274
416050
415834
415626
415421
415216
415012
414813
414621
414437
414255
414074
413894
413718
413550
413388
413227
413068
412910
412758
412612
412469
412328
412189
412054
411923
411797
411672
411549
411429
411314
411203
411095
410988
410882
410779
410682
410590
410499
410407
410317
410230
410150
410074
409998
409921
409845
409774
409708
409646
409583
409520
409458
409401
409348
409298
409248
409197
409148
409103
409062
409022
408983
408943
408906
408872
408841
408811
408781
408752
408725
408701
408679
408656
408635
408615
408598
408583
408568
408553
408538
408527
408518
408511
408503
408494
408486
408481
408479
408479
408477
408474
408472
408473
408477
408482
408486
408488
408491
408497
408506
408516
408524
408531
408539
408549
408562
408575
408588
408599
408612
408625
408641
408657
408673
408688
408705
408722
408740
408758
408777
408795
408815
408836
408857
408876
408896
408917
408941
408964
408987
409008
409029
409052
409078
409104
409129
409152
409174
409198
409225
409253
409280
409305
409329
409354
409381
409410
409439
409465
409492
409518
409546
409575
409604
409632
409660
409688
409717
409745
409774
409803
409832
409862
409892
409921
409950
409979
410009
410041
410072
410101
410129
410158
410189
410221
410253
410284
410312
410341
410371
410404
410437
410468
410498
410527
410557
410589
410622
410654
410685
410715
410745
410776
410808
410840
410872
410903
410934
410965
410997
411028
411060
411092
411124
411156
411187
411217
411249
411281
411314
411348
411379
411408
411439
411471
411504
411538
411570
411600
411630
411661
411694
411729
411762
411792
411822
411853
411885
411919
411952
411984
412015
412046
412077
412110
412142
412175
412207
412239
412270
412302
412333
412365
412398
412431
412464
412495
412526
412556
412589
412622
412656
412688
412719
412749
412780
412813
412847
412880
412912
412942
412972
413004
413038
413072
413104
413135
413166
413197
413229
413262
413295
413328
413359
413390
413422
413453
413486
413518
413552
413584
413615
413646
413677
413709
413742
413776
413808
413840
413870
413900
413933
413966
414000
414033
414063
414093
414124
414157
414191
414224
414256
414287
414317
414348
414381
414415
414448
414480
414511
414542
414573
414605
414638
414671
414703
414735
414766
414797
414828
414861
414894
414928
414960
414990
415021
415052
415085
415118
415152
415184
415214
415244
415276
415309
415343
415376
415407
415437
415468
415500
415533
415566
415599
415631
415662
415692
415724
415757
415790
415822
415854
415886
415917
415948
415980
416013
416046
416078
416110
416141
416172
416203
416236
416269
416303
416334
416365
416395
416427
416460
416493
416525
416558
416589
416619
416650
416683
416716
416749
416781
416812
416843
416875
416907
416939
416971
417004
417037
417068
417098
417129
417161
417196
417229
417260
417290
417321
417353
417386
417419
417452
417483
417514
417545
417576
417609
417642
417674
417706
417738
417768
417800
417832
417865
417897
417929
417961
417992
418024
418055
418088
418120
418153
418184
418216
418247
418278
418310
418343
418375
418407
418439
418471
418502
418533
418566
418598
418631
418662
418694
418725
418756
418789
418821
418854
418886
418916
418948
418979
419011
419044
419076
419108
419140
419171
419202
419234
419266
419299
419330
419363
419394
419426
419457
419489
419521
419553
419586
419617
419649
419680
419712
419744
419776
419809
419840
419872
419902
419934
419966
419999
420031
420062
420095
420125
420158
420189
420221
420254
420285
420317
420349
420380
420412
420444
420476
420508
420540
420572
420603
420635
420666
420698
420730
420763
420795
420826
420858
420889
420921
420953
420985
421017
421049
421080
421112
421144
421175
421208
421239
421272
421303
421335
421367
421398
421431
421462
421495
421526
421558
421590
421621
421654
421684
421717
421749
421782
421813
421845
421876
421907
421941
421971
422005
422036
422067
422099
422131
422164
422194
422228
422258
422291
422323
422354
422387
422418
422450
422482
422514
422546
422578
422610
422641
422673
422705
422738
422770
422802
422833
422865
422897
422929
422962
422993
423025
423057
423088
423120
423152
423184
423217
423249
423281
423313
423345
423376
423408
423440
423472
423505
423537
423569
423601
423632
423664
423696
423729
423761
423793
423825
423856
423888
423920
423953
423985
424017
424050
424081
424113
424145
424176
424209
424241
424274
424306
424338
424369
424401
424433
424465
424499
424530
424563
424595
424626
424658
424690
424723
424755
424788
424820
424852
424883
424915
424947
424980
425012
425045
425077
425109
425140
425172
425205
425237
425270
425302
425335
425366
425398
425430
425462
425495
425527
425560
425592
425624
425655
425687
425720
425753
425786
425818
425850
425882
425913
425945
425978
426011
426044
426076
426108
426140
426172
426204
426236
426269
426302
426334
426366
426398
426430
426462
426494
426528
426560
426593
426625
426656
426688
426720
426753
426786
426819
426851
426883
426915
426947
426979
427012
427045
427078
427110
427142
427174
427206
427238
427271
427304
427337
427369
427401
427433
427465
427497
427530
427563
427596
427628
427660
427692
427724
427756
427789
427822
427855
427887
427919
427951
427983
428015
428048
428081
428114
428146
428178
428210
428242
428274
428307
428340
428373
428405
428438
428470
428502
428534
428567
428600
428633
428665
428697
428729
428761
428793
428826
428859
428892
428924
428956
428989
429020
429053
429085
429119
429151
429184
429216
429248
429280
429312
429345
429378
429411
429443
429475
429507
429539
429572
429604
429637
429670
429702
429735
429767
429799
429831
429864
429897
429929
429962
429994
430026
430058
430091
430123
430156
430189
430221
430253
430285
430317
430350
430382
430415
430448
430480
430513
430545
430577
430609
430641
430674
430707
430740
430772
430804
430836
430868
430901
430933
430966
430999
431031
431063
431095
431127
431159
431192
431225
431258
431290
431322
431354
431386
431418
431451
431483
431517
431549
431581
431613
431645
431677
431709
431743
431774
431808
431839
431872
431903
431936
431968
432001
432034
432066
432098
432130
432162
432194
432227
432259
432292
432324
432356
432388
432420
432452
432485
432517
432550
432582
432615
432646
432679
432710
432743
432775
432808
432840
432872
432905
432936
432969
433000
433033
433065
433098
433129
433163
433194
433226
433258
433290
433323
433355
433388
433419
433452
433483
433516
433548
433580
433612
433645
433677
433709
433741
433773
433805
433837
433870
433902
433934
433966
433998
434030
434062
434094
434126
434159
434191
434223
434255
434287
434319
434351
434383
434415
434448
434479
434512
434543
434576
434608
434640
434672
434704
434736
434768
434800
434832
434864
434896
434928
434960
434993
435024
435056
435088
435120
435152
435185
435217
435249
435281
435312
435345
435376
435409
435440
435473
435505
435537
435569
435600
435632
435664
435697
435729
435761
435793
435825
435856
435888
435920
435952
435985
436017
436049
436081
436112
436144
436176
436208
436240
436273
436305
436337
436369
436400
436432
436464
436496
436528
436560
436592
436624
436656
436688
436719
436752
436783
436816
436848
436880
436912
436944
436976
437007
437039
437071
437104
437136
437168
437200
437231
437263
437295
437327
437359
437392
437424
437456
437488
437519
437551
437583
437615
437647
437680
437712
437744
437776
437807
437839
437871
437903
437935
437968
438000
438032
438064
438095
438127
438159
438192
438223
438256
438288
438320
438352
438383
438416
438447
438480
438512
438544
438576
438608
438640
438672
438704
438736
438768
438800
438832
438864
438897
438928
438960
438992
439025
439057
439089
439121
439153
439185
439217
439249
439281
439313
439346
439377
439410
439442
439474
439506
439538
439570
439602
439635
439666
439699
439731
439763
439795
439827
439860
439891
439924
439956
439988
440020
440052
440085
440117
440149
440181
440213
440245
440278
440310
440342
440374
440406
440439
440471
440503
440535
440567
440599
440632
440664
440696
440728
440761
440793
440825
440857
440889
440922
440954
440986
441018
441051
441083
441115
441147
441180
441212
441244
441276
441309
441341
441373
441405
441438
441470
441503
441535
441567
441599
441631
441664
441696
441729
441761
441793
441826
441858
441890
441922
441955
441987
442019
442052
442084
442117
442149
442181
442213
442245
442278
442310
442343
442375
442408
442440
442472
442504
442536
442569
442601
442634
442667
442699
442731
442763
442796
442828
442860
442893
442925
442958
442990
443023
443054
443087
443119
443152
443184
443217
443249
443282
443314
443346
443378
443411
443443
443476
443508
443542
443574
443606
443638
443670
443703
443735
443768
443800
443834
443866
443899
443930
443963
443994
444027
444059
444092
444125
444158
444191
444223
444255
444287
444319
444352
444385
444417
444451
444482
444516
444547
444579
444611
444644
444677
444709
444743
444775
444808
444840
444872
444904
444936
444969
445002
445035
445068
445100
445132
445165
445196
445229
445261
445295
445327
445360
445393
445425
445457
445489
445522
445554
445587
445620
445653
445686
445718
445750
445782
445815
445847
445880
445913
445945
445978
446011
446043
446075
446107
446140
446173
446205
446238
446271
446303
446336
446368
446400
446433
446466
446498
446531
446564
446596
446629
446661
446693
446726
446758
446791
446824
446857
446889
446922
446954
446986
447019
447051
447084
447117
447150
447183
447215
447247
447279
447312
447344
447377
447410
447443
447476
447508
447540
447572
447605
447637
447669
447703
447735
447769
447801
447833
447866
447897
447930
447962
447996
448028
448061
448093
448126
448159
448191
448223
448255
448288
448320
448354
448386
448419
448451
448484
448516
448548
448581
448613
448647
448679
448712
448744
448777
448809
448841
448874
448906
448939
448971
449005
449036
449070
449101
449134
449166
449198
449232
449264
449297
449329
449362
449394
449426
449459
449491
449524
449556
449589
449622
449654
449687
449719
449751
449783
449816
449849
449881
449914
449947
449979
450011
450043
450076
450108
450140
450173
450206
450239
450271
450303
450336
450368
450400
450432
450465
450497
450531
450563
450596
450628
450660
450692
450724
450757
450789
450822
450854
450887
450919
450952
450984
451016
451049
451081
451114
451146
451179
451211
451243
451275
451308
451340
451372
451405
451437
451470
451502
451535
451567
451599
451631
451664
451696
451728
451762
451793
451826
451858
451891
451923
451955
451988
452019
452052
452084
452117
452149
452182
452214
452246
452278
452311
452343
452375
452408
452440
452473
452505
452537
452570
452602
452634
452666
452699
452731
452763
452796
452828
452860
452893
452925
452957
452990
453022
453054
453086
453119
453151
453183
453216
453248
453280
453313
453345
453377
453410
453442
453474
453506
453538
453571
453603
453636
453668
453700
453732
453765
453797
453829
453862
453894
453926
453958
453991
454023
454055
454087
454120
454152
454184
454217
454249
454281
454313
454346
454378
454410
454443
454475
454507
454539
454572
454604
454636
454668
454701
454733
454765
454798
454830
454862
454895
454927
454959
454991
455024
455056
455088
455121
455153
455185
455217
455250
455282
455314
455346
455379
455411
455443
455476
455508
455540
455573
455605
455637
455669
455702
455734
455766
455799
455831
455863
455895
455928
455960
455992
456025
456057
456090
456122
456154
456186
456218
456250
456283
456315
456348
456380
456413
456445
456477
456510
456541
456574
456606
456638
456671
456703
456736
456768
456801
456833
456865
456897
456929
456961
456994
457026
457059
457092
457124
457156
457188
457220
457252
457285
457317
457350
457382
457415
457447
457480
457512
457544
457576
457608
457641
457673
457706
457738
457771
457803
457835
457867
457900
457931
457964
457996
458030
458062
458095
458127
458159
458191
458223
458255
458288
458320
458353
458386
458418
458451
458483
458515
458547
458579
458611
458644
458676
458709
458742
458774
458807
458839
458871
458903
458936
458968
459000
459033
459066
459098
459131
459163
459195
459227
459259
459292
459324
459357
459389
459423
459455
459487
459519
459551
459584
459616
459648
459681
459714
459746
459779
459812
459844
459876
459908
459940
459972
460005
460038
460070
460103
460136
460168
460200
460233
460265
460297
460329
460362
460394
460427
460460
460493
460525
460557
460589
460621
460654
460686
460719
460751
460784
460817
460849
460882
460914
460946
460978
461011
461043
461076
461108
461141
461174
461206
461239
461271
461303
461335
461368
461400
461433
461466
461498
461531
461563
461596
461628
461660
461692
461725
461757
461790
461823
461855
461888
461920
461953
461985
462017
462050
462082
462115
462147
462180
462213
462245
462277
462310
462342
462375
462407
462439
462472
462505
462538
462570
462603
462635
462667
462700
462732
462765
462797
462830
462862
462895
462928
462960
462993
463025
463057
463089
463122
463154
463187
463220
463252
463285
463317
463350
463382
463415
463447
463480
463512
463545
463578
463610
463643
463675
463707
463740
463772
463805
463837
463870
463902
463935
463968
464000
464033
464065
464097
464130
464162
464195
464228
464260
464293
464325
464358
464390
464422
464455
464487
464520
464552
464585
464618
464650
464683
464715
464748
464780
464813
464845
464877
464910
464943
464975
465008
465041
465073
465106
465138
465171
465203
465235
465268
465300
465333
465366
465398
465431
465463
465496
465528
465561
465593
465625
465658
465691
465723
465756
465788
465821
465853
465886
465918
465951
465983
466016
466048
466081
466114
466146
466179
466211
466244
466276
466308
466341
466373
466406
466439
466471
466504
466536
466569
466601
466634
466666
466699
466731
466764
466796
466829
466862
466894
466927
466959
466992
467024
467056
467089
467121
467154
467186
467219
467252
467284
467317
467349
467382
467414
467446
467479
467511
467544
467577
467609
467642
467674
467707
467739
467772
467804
467837
467869
467901
467934
467967
467999
468032
468065
468097
468129
468162
468194
468226
468259
468291
468324
468357
468389
468422
468455
468487
468519
468552
468584
468616
468649
468681
468714
468747
468780
468812
468845
468877
468909
468942
468974
469006
469039
469071
469104
469137
469169
469202
469234
469267
469299
469331
469364
469396
469429
469461
469494
469526
469559
469591
469624
469656
469689
469721
469753
469786
469818
469851
469884
469916
469949
469981
470014
470046
470078
470111
470143
470176
470208
470241
470274
470306
470339
470371
470403
470435
470468
470500
470533
470565
470598
470630
470663
470696
470728
470760
470793
470825
470857
470890
470922
470955
470987
471020
471053
471086
471118
471150
471182
471215
471247
471279
471312
471344
471377
471410
471442
471475
471507
471539
471572
471604
471636
471669
471701
471734
471766
471799
471831
471864
471896
471929
471961
471993
472025
472058
472090
472123
472155
472188
472221
472253
472286
472318
472350
472382
472415
472447
472480
472512
472545
472577
472610
472642
472675
472707
472739
472772
472804
472837
472869
472901
472934
472966
472999
473031
473064
473096
473129
473161
473194
473226
473258
473291
473323
473356
473388
473421
473453
473485
473518
473550
473583
473615
473647
473680
473712
473745
473777
473810
473842
473874
473907
473939
473972
474004
474037
474069
474102
474134
474166
474199
474231
474264
474296
474328
474361
474393
474426
474458
474491
474523
474555
474588
474620
474653
474685
474717
474750
474782
474815
474847
474880
474912
474945
474977
475009
475042
475074
475107
475139
475172
475204
475237
475269
475302
475334
475366
475399
475431
475463
475496
475528
475561
475593
475626
475658
475691
475723
475755
475788
475820
475853
475885
475918
475950
475982
476015
476047
476080
476112
476145
476177
476209
476242
476274
476307
476339
476372
476404
476437
476469
476502
476534
476566
476599
476631
476663
476696
476728
476761
476793
476826
476858
476891
476923
476956
476988
477020
477053
477085
477118
477150
477183
477215
477248
477280
477313
477345
477377
477410
477442
477475
477507
477540
477572
477605
477637
477670
477702
477735
477767
477800
477832
477864
477897
477929
477962
477994
478027
478060
478092
478125
478157
478189
478221
478254
478286
478319
478351
478384
478417
478449
478482
478514
478546
478579
478611
478644
478676
478708
478741
478773
478806
478838
478871
478904
478936
478969
479001
479034
479066
479099
479131
479163
479196
479228
479261
479293
479326
479359
479391
479424
479456
479488
479521
479553
479586
479618
479651
479683
479716
479748
479781
479814
479846
479878
479911
479943
479976
480008
480041
480073
480106
480138
480171
480204
480236
480269
480301
480334
480366
480398
480431
480463
480496
480528
480561
480593
480626
480659
480691
480724
480755
480789
480820
480854
480885
480919
480950
480984
481016
481048
481081
481113
481147
481178
481212
481243
481277
481308
481341
481373
481406
481439
481471
481504
481536
481569
481601
481634
481666
481699
481731
481764
481796
481828
481862
481893
481927
481959
481992
482024
482057
482089
482121
482154
482186
482219
482252
482284
482317
482349
482382
482414
482447
482480
482511
482545
482576
482609
482641
482674
482707
482739
482772
482804
482837
482869
482902
482935
482967
483000
483032
483064
483097
483129
483162
483194
483227
483259
483292
483325
483357
483390
483422
483455
483487
483520
483552
483585
483618
483650
483683
483715
483748
483780
483812
483845
483877
483910
483942
483975
484007
484040
484072
484105
484137
484170
484202
484235
484267
484300
484332
484365
484397
484430
484462
484495
484528
484560
484593
484625
484658
484690
484723
484755
484787
484820
484852
484885
484917
484951
484983
485016
485048
485080
485113
485145
485178
485210
485243
485275
485308
485340
485372
485405
485438
485470
485503
485536
485568
485601
485633
485665
485698
485730
485763
485795
485828
485860
485893
485925
485958
485990
486023
486055
486088
486120
486153
486185
486217
486250
486282
486315
486347
486380
486413
486445
486478
486510
486543
486575
486608
486640
486673
486705
486738
486770
486803
486835
486868
486900
486933
486965
486998
487030
487063
487095
487128
487160
487192
487225
487257
487290
487322
487355
487387
487420
487452
487486
487517
487550
487582
487615
487647
487680
487712
487745
487778
487810
487843
487875
487907
487940
487973
488005
488038
488070
488103
488135
488168
488200
488233
488265
488298
488330
488363
488395
488428
488460
488493
488525
488558
488590
488622
488655
488687
488720
488752
488784
488817
488850
488882
488915
488947
488980
489012
489045
489077
489110
489142
489175
489207
489239
489272
489304
489337
489370
489402
489435
489467
489500
489532
489565
489598
489630
489662
489695
489727
489759
489792
489824
489857
489889
489922
489955
489987
490020
490053
490085
490117
490149
490182
490214
490247
490279
490312
490345
490377
490410
490442
490475
490507
490540
490573
490605
490638
490670
490702
490735
490767
490800
490832
490865
490897
490930
490962
490994
491027
491059
491092
491124
491157
491189
491222
491254
491287
491319
491352
491384
491417
491450
491482
491515
491547
491580
491612
491645
491677
491709
491741
491774
491807
491840
491872
491905
491937
491970
492002
492034
492067
492099
492132
492164
492197
492229
492261
492294
492326
492359
492391
492424
492456
492489
492521
492554
492586
492619
492651
492683
492716
492749
492781
492814
492846
492879
492911
492944
492976
493009
493041
493073
493106
493138
493171
493203
493236
493268
493301
493333
493366
493398
493431
493463
493496
493528
493561
493593
493626
493658
493691
493723
493756
493788
493821
493853
493886
493918
493950
493983
494015
494048
494080
494112
494145
494177
494210
494242
494275
494307
494340
494373
494405
494437
494470
494502
494534
494567
494599
494631
494664
494696
494729
494761
494794
494826
494859
494892
494924
494956
494989
495021
495053
495086
495118
495150
495183
495215
495248
495280
495313
495345
495378
495410
495443
495475
495508
495540
495573
495605
495637
495670
495702
495735
495767
495799
495832
495864
495897
495929
495962
495995
496027
496060
496092
496124
496157
496189
496222
496254
496286
496319
496351
496384
496416
496448
496481
496513
496546
496578
496610
496643
496675
496708
496740
496772
496805
496837
496870
496902
496935
496967
497000
497032
497065
497097
497130
497162
497194
497227
497259
497291
497324
497356
497389
497421
497453
497486
497518
497551
497583
497615
497648
497680
497713
497745
497778
497810
497843
497875
497908
497940
497973
498005
498037
498070
498102
498135
498167
498199
498231
498264
498296
498328
498361
498393
498426
498458
498491
498523
498556
498588
498621
498653
498685
498718
498750
498782
498815
498847
498879
498912
498944
498977
499009
499042
499074
499107
499139
499171
499204
499236
499268
499301
499333
499366
499398
499430
499462
499495
499527
499560
499593
499625
499658
499689
499723
499754
499788
499819
499852
499884
499917
499949
499981
500014
500046
500079
500111
500144
500176
500208
500241
500273
500306
500338
500370
500402
500435
500466
500499
500531
500564
500596
500629
500662
500694
500727
500759
500793
500824
500857
500889
500921
500953
500985
501018
501049
501082
501113
501147
501178
501211
501244
501276
501310
501341
501376
501407
501441
501472
501505
501537
501569
501602
501633
501666
501697
501730
501762
501795
501828
501860
501893
501925
501958
501990
502022
502055
502087
502119
502151
502184
502215
502248
502280
502313
502345
502378
502410
502443
502476
502509
502542
502575
502607
502639
502672
502704
502736
502767
502799
502831
502863
502895
502927
502960
502992
503025
503057
503090
503123
503155
503188
503221
503253
503285
503317
503350
503381
503413
503445
503478
503510
503542
503575
503607
503640
503673
503706
503739
503771
503804
503836
503869
503901
503933
503965
503997
504029
504061
504094
504126
504159
504191
504224
504256
504290
504322
504355
504388
504420
504452
504485
504517
504549
504580
504612
504644
504676
504708
504740
504773
504805
504838
504870
504903
504936
504969
505001
505034
505066
505098
505131
505162
505194
505226
505258
505291
505323
505355
505388
505420
505453
505486
505519
505552
505584
505617
505649
505682
505714
505746
505778
505810
505842
505874
505906
505938
505971
506003
506035
506068
506101
506134
506166
506199
506231
506264
506296
506328
506360
506392
506424
506455
506488
506519
506552
506584
506617
506649
506683
506715
506749
506782
506815
506847
506880
506913
506945
506977
507008
507041
507072
507104
507136
507168
507200
507232
507264
507298
507330
507363
507396
507429
507462
507495
507528
507560
507592
507624
507656
507687
507719
507750
507782
507813
507845
507877
507909
507942
507974
508007
508040
508073
508106
508139
508171
508204
508236
508269
508300
508332
508364
508396
508428
508460
508492
508524
508557
508588
508622
508654
508687
508720
508753
508786
508819
508852
508884
508917
508949
508981
509013
509045
509077
509109
509141
509173
509205
509237
509269
509302
509334
509367
509399
509432
509464
509496
509529
509561
509593
509625
509657
509689
509721
509753
509785
509817
509849
509881
509913
509946
509978
510011
510044
510077
510109
510142
510175
510207
510239
510271
510303
510336
510367
510400
510431
510464
510496
510528
510560
510593
510625
510658
510690
510723
510756
510788
510821
510853
510885
510917
510950
510981
511013
511045
511077
511108
511140
511172
511204
511236
511269
511301
511334
511366
511399
511432
511464
511497
511530
511562
511594
511626
511658
511690
511722
511753
511785
511816
511848
511880
511911
511943
511975
512008
512040
512073
512105
512138
512170
512203
512236
512269
512301
512334
512366
512399
512431
512463
512495
512527
512558
512590
512622
512654
512686
512718
512751
512783
512815
512848
512880
512913
512946
512979
513011
513044
513076
513109
513141
513173
513205
513237
513269
513301
513332
513364
513396
513428
513460
513492
513524
513556
513588
513620
513653
513685
513717
513750
513782
513814
513847
513879
513911
513943
513975
514007
514039
514071
514102
514134
514166
514198
514229
514261
514293
514325
514358
514390
514422
514455
514487
514520
514552
514585
514617
514650
514682
514715
514747
514779
514811
514844
514875
514908
514940
514971
515004
515035
515068
515099
515132
515164
515196
515228
515260
515292
515325
515357
515389
515421
515453
515485
515517
515549
515581
515613
515645
515677
515709
515740
515772
515804
515836
515868
515901
515933
515965
515998
516031
516063
516096
516129
516161
516194
516226
516259
516291
516324
516356
516388
516420
516451
516483
516515
516546
516578
516609
516641
516673
516704
516736
516768
516800
516833
516865
516898
516930
516963
516996
517028
517061
517094
517126
517158
517190
517222
517254
517286
517318
517349
517381
517412
517444
517476
517507
517539
517571
517603
517635
517668
517700
517733
517766
517799
517832
517865
517898
517931
517964
517997
518030
518062
518094
518126
518158
518189
518220
518251
518282
518313
518344
518375
518406
518438
518469
518501
518533
518565
518598
518630
518663
518696
518730
518763
518796
518830
518863
518896
518929
518962
518995
519027
519059
519091
519122
519153
519185
519215
519246
519277
519308
519339
519370
519401
519432
519464
519496
519528
519561
519593
519626
519660
519693
519727
519760
519794
519828
519861
519894
519927
519960
519993
520025
520058
520089
520121
520153
520184
520215
520246
520277
520308
520340
520371
520402
520434
520465
520497
520529
520562
520594
520626
520659
520692
520725
520757
520790
520823
520856
520888
520920
520953
520985
521017
521048
521080
521112
521143
521175
521206
521237
521269
521300
521332
521364
521396
521428
521461
521494
521527
521560
521593
521626
521659
521693
521726
521759
521793
521826
521859
521892
521924
521957
521989
522021
522053
522084
522116
522147
522178
522209
522239
522271
522301
522332
522363
522394
522426
522457
522489
522520
522552
522584
522617
522649
522682
522715
522747
522781
522813
522847
522879
522912
522945
522977
523010
523042
523075
523107
523139
523171
523203
523234
523266
523298
523329
523361
523393
523424
523456
523488
523520
523552
523585
523617
523649
523682
523715
523748
523780
523814
523846
523880
523913
523946
523979
524012
524045
524077
524110
524142
524174
524206
524238
524270
524301
524333
524364
524396
524427
524458
524489
524520
524552
524582
524614
524645
524676
524708
524738
524772
524802
524835
524867
524899
524932
524963
524997
525029
525062
525095
525127
525161
525193
525227
525259
525292
525325
525358
525390
525423
525456
525488
525520
525553
525585
525617
525649
525681
525714
525745
525778
525809
525843
525874
525907
525938
525971
526002
526035
526067
526100
526132
526165
526196
526230
526261
526295
526326
526360
526391
526425
526456
526490
526522
526554
526587
526619
526652
526683
526717
526748
526781
526812
526845
526875
526909
526939
526973
527002
527037
527065
527101
527128
527165
527191
527228
527255
527291
527319
527353
527382
527416
527446
527478
527509
527540
527572
527603
527634
527664
527697
527726
527759
527787
527821
527848
527882
527908
527942
527969
528002
528029
528062
528089
528121
528148
528181
528207
528240
528266
528299
528325
528359
528384
528419
528442
528479
528501
528540
528561
528601
528622
528662
528684
528723
528747
528784
528811
528845
528878
528907
528945
528969
529012
529033
529080
529099
529147
529166
529215
529234
529282
529302
529351
529371
529420
529441
529489
529511
529558
529581
529627
529651
529696
529721
529764
529791
529833
529861
529901
529931
529968
530002
530034
530073
530099
530144
530162
530216
530225
530288
530286
530359
530348
530429
530411
530496
530475
530561
530541
530623
530609
530682
530679
530740
530750
530796
530821
530852
530891
530909
530959
530968
531025
531029
531089
531092
531150
531156
531210
531222
531269
531288
531328
531354
531387
531419
531447
531484
531508
531547
531570
531610
531634
531671
531699
531729
531767
531786
531836
531843
531906
531900
531974
531959
532039
532021
532103
532084
532165
532149
532226
532215
532286
532283
532344
532353
532399
532427
532450
532504
532499
532583
532547
532662
532597
532737
532651
532808
532710
532873
532775
532933
532845
532988
532921
533038
533001
533082
533087
533121
533178
533156
533271
533191
533363
533229
533448
533278
533520
533340
533579
533416
533623
533505
533659
533599
533692
533693
533728
533781
533772
533860
533824
533932
533883
533999
533943
534067
534003
534135
534063
534201
534127
534261
534200
534310
534285
534347
534379
534378
534476
534409
534568
534451
534648
534506
534713
534575
534765
534654
534811
534738
534854
534822
534897
534905
534942
534987
534988
535069
535033
535152
535078
535234
535124
535311
535179
535378
535247
535430
535329
535468
535424
535497
535523
535527
535616
535567
535695
535623
535759
535693
535811
535772
535858
535852
535907
535927
535961
535997
536022
536060
536088
536119
536159
536173
536233
536226
536307
536280
536376
536342
536437
536412
536491
536488
536540
536566
536590
536644
536637
536728
536675
536822
536702
536927
536723
537030
536754
537114
536813
537163
536909
537178
537032
537177
537159
537185
537263
537228
537327
537310
537355
537420
537368
537531
537395
537614
537461
537649
537579
537633
537743
537581
537929
537523
538102
537498
538226
537534
538281
537642
538270
537805
538215
537998
538145
538195
538077
538386
538016
538572
537960
538749
537918
538903
537914
539004
537976
539030
538118
538976
538330
538871
538570
538761
538791
538692
538957
538684
539063
538727
539132
538791
539198
538843
539287
538865
539410
538851
539565
538813
539734
538773
539890
538766
539992
538832
540006
538995
539923
539242
539779
539520
539639
539760
539562
539924
539561
540026
539596
540128
539595
540294
539514
540538
539374
540803
539265
540983
539293
540986
539517
540797
539903
540501
540324
540247
540630
540170
540719
540319
540606
540616
540423
540891
540355
540971
540534
540789
540950
540432
541452
540092
541836
539952
541971
540070
541875
540365
541672
540698
541489
540971
541382
541173
541327
541346
541281
541523
541231
541689
541216
541791
541296
541772
541509
541627
541822
541430
542120
541319
542267
541410
542186
541724
541921
542155
541624
542526
541472
542686
541571
542584
541910
542295
542358
541989
542732
541838
542889
541936
542798
542252
542543
542665
542263
543031
542096
543228
542141
543186
542429
542922
542890
542565
543344
542321
543583
542372
543486
542758
543100
543344
542631
543880
542349
544108
542464
543894
543008
543326
543777
542701
544421
542367
544651
542507
544413
543052
543875
543773
543285
544436
542846
544868
542704
544951
542943
544657
543510
544129
544175
543657
544644
543485
544766
543642
544627
543966
544414
544292
544242
544563
544121
544788
544051
544944
544077
544977
544246
544863
544547
544650
544895
544459
545140
544455
545124
544755
544815
545270
544435
545663
544377
545577
544867
544992
545692
544319
546327
544084
546362
544494
545827
545297
545135
546010
544751
546258
544904
545995
545449
545536
545947
545364
545977
545733
545536
546363
545137
546629
545350
546192
546163
545435
546908
545136
546909
545684
546171
546686
545364
547373
545165
547302
545711
546639
546608
545903
547313
545574
547469
545843
547074
546527
546474
547170
546144
547382
546305
547155
546760
546822
547147
546670
547318
546709
547347
546852
547276
547123
547054
547521
546799
547793
546846
547637
547340
547150
547935
546838
548124
547039
547850
547520
547542
547818
547534
547823
547711
547789
547815
547861
547857
547916
547979
547888
548115
547949
548082
548188
547952
548379
548014
548301
548317
548112
548552
548148
548488
548443
548291
548722
548222
548839
548277
548897
548351
548913
548547
548721
548977
548377
549367
548316
549277
548795
548769
549414
548466
549537
548786
549120
549392
548746
549670
548845
549501
549230
549259
549509
549209
549611
549263
549684
549318
549725
549465
549629
549740
549481
549948
549511
549925
549742
549805
549936
549829
549947
549993
549920
550083
550040
550021
550248
549973
550348
550084
550299
550282
550244
550419
550281
550476
550359
550530
550423
550588
550510
550597
550650
550583
550763
550642
550783
550773
550788
550850
550893
550830
551039
550858
551057
551044
550956
551249
550960
551257
551176
551124
551401
551123
551407
551335
551293
551532
551311
551546
551478
551509
551590
551585
551604
551687
551674
551691
551814
551712
551842
551885
551767
552039
551850
551956
552135
551815
552284
551959
552123
552295
551984
552401
552173
552240
552439
552226
552415
552491
552270
552650
552407
552494
552737
552363
552837
552551
552680
552827
552619
552898
552755
552872
552867
552935
552913
552982
553050
552932
553206
552982
553173
553219
553058
553383
553139
553325
553362
553264
553470
553352
553482
553442
553555
553485
553600
553631
553534
553801
553585
553749
553847
553631
553963
553816
553777
554121
553747
554056
554110
553798
554336
553957
554075
554414
553876
554470
554209
554140
554585
554121
554476
554497
554259
554665
554417
554519
554664
554522
554660
554691
554684
554674
554897
554632
554913
554908
554694
555162
554781
554976
555190
554786
555270
555074
555000
555376
555058
555213
555424
555099
555408
555464
555128
555688
555332
555367
555802
555244
555702
555738
555309
556010
555541
555615
556087
555451
555988
555962
555589
556215
555851
555813
556348
555756
556119
556358
555728
556488
556187
555896
556778
555893
556358
556747
555758
556956
556300
556159
557132
555970
556788
556862
556077
557198
556517
556466
557308
556310
556942
557189
556303
557390
556904
556535
557718
556484
557147
557593
556344
557828
557053
556766
558094
556546
557583
557717
556618
558164
557129
557225
558168
556874
557885
557799
557088
558233
557439
557565
558211
557358
557971
558079
557438
558307
557858
557710
558487
557632
558182
558359
557656
558612
558021
558049
558697
557820
558601
558386
558079
558832
558116
558589
558639
558257
558868
558415
558659
558778
558522
558878
558687
558772
558899
558755
558962
558871
558951
558999
558965
559091
559016
559143
559112
559156
559225
559184
559294
559263
559329
559350
559371
559436
559397
559542
559434
559580
559580
559524
559738
559574
559706
559799
559620
559909
559773
559779
560030
559748
560035
559987
559896
560172
559967
560115
560183
560069
560270
560174
560269
560280
560310
560362
560330
560481
560361
560505
560543
560412
560708
560499
560605
560797
560482
560889
560694
560695
560982
560682
560934
560969
560790
561102
560949
560967
561187
560975
561162
561198
561095
561285
561235
561236
561357
561331
561322
561476
561386
561439
561587
561412
561624
561610
561509
561793
561576
561725
561826
561636
561931
561779
561834
561998
561815
562031
561998
561938
562178
561973
562165
562176
562085
562316
562167
562277
562355
562254
562420
562389
562382
562520
562441
562525
562579
562542
562633
562648
562656
562708
562762
562718
562839
562827
562811
562970
562855
562967
563033
562931
563114
563070
563042
563247
563074
563236
563275
563166
563396
563266
563347
563455
563328
563517
563468
563457
563643
563463
563678
563630
563599
563807
563626
563802
563828
563724
563954
563835
563879
564045
563868
564063
564065
563978
564201
564075
564147
564262
564144
564303
564286
564281
564391
564353
564411
564453
564461
564503
564540
564560
564593
564635
564650
564689
564729
564738
564788
564821
564819
564908
564876
564948
564984
564956
565082
565019
565101
565148
565106
565223
565209
565212
565332
565265
565341
565414
565332
565485
565455
565450
565595
565495
565604
565648
565588
565732
565691
565716
565824
565751
565858
565879
565848
565986
565907
566010
566026
566021
566112
566093
566139
566196
566173
566259
566260
566282
566356
566327
566410
566416
566441
566496
566509
566526
566614
566555
566676
566656
566670
566784
566698
566832
566810
566836
566906
566901
566933
567002
566975
567050
567076
567065
567170
567124
567202
567233
567219
567313
567298
567332
567401
567376
567446
567475
567472
567548
567548
567584
567626
567647
567672
567723
567728
567779
567798
567830
567873
567871
567954
567925
567997
568026
568015
568108
568090
568127
568194
568170
568237
568272
568259
568344
568342
568359
568444
568407
568478
568523
568482
568607
568566
568607
568687
568645
568715
568771
568718
568838
568827
568823
568940
568879
568960
568990
568992
569040
569081
569075
569143
569152
569176
569232
569223
569294
569288
569338
569366
569381
569424
569461
569450
569540
569515
569564
569616
569594
569673
569674
569704
569744
569768
569780
569848
569827
569896
569909
569919
569990
569974
570021
570068
570052
570117
570143
570132
570215
570207
570227
570295
570281
570319
570373
570356
570414
570440
570442
570497
570510
570531
570575
570581
570621
570643
570661
570706
570706
570751
570775
570782
570833
570844
570855
570918
570899
570949
570977
570976
571024
571047
571040
571113
571090
571135
571168
571160
571209
571230
571223
571288
571280
571298
571355
571332
571375
571409
571395
571437
571475
571437
571524
571505
571512
571581
571546
571586
571622
571601
571643
571670
571648
571705
571706
571703
571757
571736
571770
571778
571800
571790
571846
571804
571871
571838
571882
571871
571896
571900
571909
571925
571923
571949
571928
571981
571931
571993
571963
571978
571992
571991
571978
572024
571976
572014
572005
572003
571997
572029
571979
572019
572009
571976
572023
571976
571990
571984
571981
571950
571990
571923
571965
571924
571926
571908
571909
571868
571890
571845
571837
571840
571781
571809
571750
571757
571711
571721
571652
571676
571612
571601
571578
571535
571509
571492
571427
571430
571370
571336
571316
571248
571237
571167
571159
571061
571090
570958
570981
570890
570844
570804
570739
570673
570644
570549
570512
570442
570371
570311
570241
570174
570080
570061
569899
569916
569759
569721
569619
569548
569431
569381
569254
569173
569083
568972
568872
568781
568655
568563
568441
568339
568204
568109
567966
567857
567723
567593
567470
567312
567210
567032
566908
566765
566596
566457
566305
566127
565979
565812
565638
565452
565318
565078
564942
564744
564528
564368
564153
563938
563761
563523
563330
563085
562904
562623
562440
562179
561935
561715
561437
561201
560942
560659
560429
560105
559879
559550
559296
558979
558692
558392
558053
557788
557410
557124
556779
556428
556101
555745
555375
555036
554638
554293
553871
553532
553079
552726
552287
551873
551466
551011
550587
550143
549669
549235
548741
548279
547787
547293
546798
546267
545790
545199
544733
544129
543609
543029
542470
541863
541305
540671
540077
539451
538822
538168
537533
536857
536179
535514
534792
534103
533377
532647
531903
531156
530378
529612
528808
528018
527185
526378
525504
524689
523772
522934
522005
521109
520178
519241
518284
517310
516341
515315
514322
513282
512229
511172
510096
508983
507885
506754
505583
504457
503228
502074
500801
499624
498299
497089
495742
494457
493113
491756
490386
488988
487577
486124
484701
483166
481735
480131
478677
477001
475536
473785
472286
470493
468937
467096
465509
463590
461981
459995
458346
456299
454617
452489
450790
448573
446859
444545
442834
440390
438715
436125
434470
431768
430107
427286
425653
422674
421089
417951
416413
413098
411638
408129
406725
403073
401676
397988
395857
392830
391177
387220
385809
381557
380494
375825
374910
370095
369180
364229
363383
358226
357493
352125
351493
345940
345373
339693
339126
333390
332775
327008
326352
320537
319867
313997
313309
307417
306670
300813
299952
294207
293165
287591
286350
280948
279531
274308
272685
267719
265809
261185
258945
254697
252122
248265
245371
241871
238750
235514
232255
229264
225865
223136
219638
217108
213606
211214
207785
205452
202215
199846
196886
194468
191772
189354
186897
184513
182294
179960
177972
175728
173942
171832
170221
168306
166803
165172
163720
162409
161030
159996
158752
157958
156892
156292
155472
155015
154461
154171
153860
153741
153695
153723
153950
154143
154610
155000
155670
156297
157118
158028
158959
160164
161218
162656
163908
165497
166990
168702
170437
172258
174229
176176
178316
180443
182711
185011
187397
189874
192355
195000
197576
200371
203041
205944
208750
211712
214654
217661
220746
223778
226968
230080
233290
236529
239723
243080
246275
249694
252932
256352
259677
263049
266467
269808
273248
276630
280022
283458
286805
290279
293590
297053
300374
303786
307129
310482
313821
317150
320444
323758
327008
330298
333498
336761
339912
343141
346242
349426
352491
355615
358642
361702
364701
367688
370641
373591
376459
379392
382173
385061
387801
390606
393450
396545
398283
401505
403977
406583
409105
411715
414147
416654
419111
421528
423890
426322
428584
430947
433201
435465
437665
439926
441985
444254
446271
448396
450480
452467
454494
456522
458367
460440
462215
464176
466005
467830
469633
471445
473145
474948
476588
478340
479933
481658
483185
484857
486389
487949
489482
491015
492426
494014
495335
496856
498213
499619
500968
502360
503618
505004
506227
507565
508748
510074
511197
512477
513625
514800
515931
517133
518140
519367
520358
521480
522501
523592
524545
525633
526565
527601
528498
529551
530377
531394
532256
533184
534029
534977
535730
536687
537440
538328
539072
539950
540654
541502
542212
543032
543679
544522
545139
545933
546579
547315
547922
548696
549250
549989
550553
551269
551793
552502
553033
553690
554196
554887
555329
556009
556449
557132
557464
558271
558516
559253
559542
560290
560532
561241
561497
562199
562433
563106
563341
564001
564225
564861
565080
565702
565912
566514
566720
567305
567502
568071
568264
568817
569002
569539
569720
570241
570415
570921
571090
571583
571746
572224
572383
572847
573000
573452
573600
574039
574183
574609
574747
575161
575296
575698
575828
576219
576345
576725
576846
577215
577333
577692
577806
578154
578264
578602
578709
579038
579141
579461
579560
579871
579967
580269
580362
580656
580746
581031
581118
581395
581479
581749
581830
582092
582170
582425
582500
582748
582821
583062
583133
583367
583435
583663
583728
583950
584013
584229
584290
584500
584559
584763
584820
585018
585073
585266
585319
585507
585558
585741
585790
585968
586016
586189
586235
586404
586447
586612
586654
586815
586855
587012
587051
587203
587240
587389
587425
587570
587605
587746
587779
587916
587948
588083
588113
588244
588274
588402
588430
588555
588582
588704
588730
588849
588874
588990
589014
589128
589151
589262
589284
589392
589413
589519
589540
589643
589663
589764
589783
589882
589900
589997
590014
590109
590125
590218
590234
590325
590340
590429
590444
590531
590545
590631
590644
590728
590741
590824
590836
590917
590928
591008
591019
591097
591108
591185
591195
591271
591280
591355
591364
591437
591446
591518
591526
591597
591605
591675
591683
591752
591759
591828
591834
591902
591908
591975
591981
592047
592053
592118
592123
592188
592193
592257
592262
592325
592329
592392
592396
592458
592463
592524
592528
592589
592593
592654
592657
592717
592721
592780
592784
592843
592846
592905
592908
592967
592970
593028
593031
593089
593092
593150
593153
593210
593213
593270
593273
593330
593333
593390
593392
593449
593452
593509
593511
593568
593570
593627
593629
593686
593688
593745
593748
593804
593807
593864
593866
593923
593925
593982
593984
594041
594044
594101
594103
594160
594163
594220
594223
594280
594283
594340
594343
594401
594403
594461
594464
594522
594525
594583
594586
594645
594648
594706
594709
594768
594771
594831
594834
594893
594897
594956
594960
595020
595023
595083
595087
595147
595151
595211
595215
595276
595280
595341
595345
595407
595411
595473
595477
595539
595543
595606
595610
595673
595677
595740
595745
595808
595812
595876
595881
595945
595950
596014
596019
596083
596088
596153
596158
596224
596229
596294
596300
596365
596371
596437
596442
596509
596514
596581
596587
596654
596659
596726
596732
596800
596806
596873
596879
596947
596954
597022
597028
597096
597103
597171
597178
597246
597253
597322
597328
597398
597404
597474
597481
597550
597557
597627
597634
597704
597711
597781
597788
597859
597866
597936
597943
598014
598021
598092
598099
598170
598177
598248
598255
598327
598334
598405
598413
598484
598492
598563
598570
598642
598649
598721
598729
598800
598808
598880
598887
598959
598966
599038
599046
599118
599125
599197
599204
599276
599284
599356
599363
599435
599443
599515
599522
599594
599601
599673
599680
599752
599760
599831
599839
599911
599918
599990
599997
600069
600076
600147
600155
600226
600233
600305
600312
600383
600390
600461
600468
600539
600546
600617
600624
600694
600701
600772
600779
600849
600856
600926
600933
601003
601009
601079
601086
601155
601162
601231
601237
601306
601313
601382
601388
601456
601462
601531
601537
601605
601611
601679
601684
601752
601758
601825
601831
601898
601904
601971
601976
602043
602048
602114
602119
602185
602190
602256
602260
602326
602330
602396
602400
602465
602469
602533
602538
602602
602606
602670
602673
602737
602741
602804
602807
602870
602873
602936
602939
603001
603004
603066
603069
603130
603133
603194
603197
603257
603260
603320
603322
603382
603384
603444
603446
603505
603507
603566
603568
603626
603628
603686
603688
603745
603747
603804
603805
603862
603863
603920
603921
603977
603978
604034
604035
604090
604091
604146
604146
604201
604202
604256
604257
604311
604311
604365
604365
604418
604418
604472
604472
604525
604524
604577
604576
604629
604628
604680
604680
604731
604731
604782
604781
604833
604831
604882
604881
604932
604931
604981
604980
605030
605029
605079
605077
605127
605125
605175
605173
605223
605221
605270
605268
605317
605315
605364
605362
605411
605409
605457
605455
605504
605502
605550
605548
605596
605593
605641
605639
605686
605684
605731
605729
605776
605773
605821
605818
605865
605863
605910
605907
605954
605951
605999
605996
606043
606040
606087
606084
606131
606129
606175
606173
606219
606217
606263
606261
606307
606305
606351
606349
606395
606392
606439
606436
606483
606480
606527
606524
606571
606568
606615
606612
606658
606656
606702
606699
606746
606743
606790
606787
606834
606831
606878
606875
606922
606920
606967
606964
607011
607008
607056
607053
607101
607098
607145
607143
607191
607188
607236
607233
607281
607279
607326
607324
607372
607370
607418
607415
607463
607461
607509
607507
607555
607553
607601
607599
607648
607645
607694
607692
607740
607738
607787
607784
607833
607831
607880
607877
607926
607924
607973
607971
608021
608019
608068
608066
608115
608114
608163
608161
608211
608209
608259
608258
608307
608306
608356
608354
608404
608403
608453
608451
608501
608500
608550
608548
608599
608597
608648
608646
608697
608695
608746
608744
608795
608794
608845
608844
608895
608893
608945
608944
608995
608994
609045
609044
609095
609094
609146
609145
609196
609195
609247
609246
609298
609297
609349
609348
609400
609399
609451
609450
609502
609501
609553
609553
609605
609605
609657
609657
609709
609709
609762
609761
609814
609814
609867
609866
609919
609919
609972
609972
610025
610025
610078
610077
610131
610130
610184
610183
610237
610237
610290
610290
610343
610343
610397
610397
610451
610450
610504
610504
610558
610558
610612
610612
610666
610667
610721
610721
610775
610776
610830
610830
610885
610885
610940
610940
610995
610995
611050
611050
611105
611106
611161
611161
611216
611216
611271
611272
611327
611327
611383
611383
611438
611439
611494
611495
611550
611550
611606
611606
611662
611662
611718
611718
611774
611774
611830
611830
611886
611886
611942
611943
611998
611999
612054
612055
612110
612110
612166
612166
612221
612222
612277
612277
612332
612332
612387
612387
612441
612441
612495
612495
612549
612548
612602
612601
612654
612653
612705
612704
612756
612754
612805
612803
612853
612851
612899
612897
612944
612941
612987
612982
613027
613022
613064
613059
613099
613092
613129
613122
613156
613147
613179
613168
613196
613184
613207
613194
613212
613197
613210
613192
613199
613179
613180
613157
613150
613124
613109
613080
613055
613022
612988
612950
612905
612863
612805
612758
612687
612634
612548
612489
612386
612322
612201
612129
611988
611909
611747
611659
611475
611378
611168
611061
610825
610708
610443
610314
610018
609877
609548
609395
609030
608863
608460
608278
607836
607638
607153
606940
606409
606179
605601
605353
604725
604458
603778
603491
602757
602449
601658
601329
600480
600128
599218
598843
597870
597472
596434
596013
594908
594462
593290
592819
591578
591082
589771
589249
587868
587321
585869
585297
583774
583176
581584
580961
579299
578651
576921
576249
574452
573756
571895
571177
569253
568514
566531
565771
563732
562953
560861
560065
557925
557113
554930
554104
551882
551044
548790
547942
545660
544804
542501
541640
539322
538457
536131
535267
532939
532077
529755
528897
526589
525738
523450
522609
520349
519520
517295
516474
514365
513081
512028
510035
508686
507667
506073
504384
503593
502162
500547
499524
498588
496878
495856
495023
493700
492352
491795
490655
489386
488628
488002
486667
485916
485394
484480
483429
483143
482439
481523
480994
480776
479880
479343
479147
478729
477950
477880
477661
477129
476751
476906
476503
476148
476161
476254
475788
475801
475979
475905
475618
475965
476066
475943
475982
476456
476403
476431
476756
477158
477045
477348
477789
478042
478035
478586
478971
479142
479349
480022
480269
480484
480914
481557
481693
482064
482624
483147
483270
483826
484396
484792
484999
485697
486180
486508
486857
487606
487966
488308
488793
489507
489760
490183
490758
491374
491578
492114
492705
493210
493427
494063
494611
495023
495302
496003
496464
496828
497190
497903
498270
498630
499070
499755
500035
500430
500928
501548
501773
502223
502744
503289
503488
503998
504514
504982
505185
505750
506231
506638
506865
507465
507899
508260
508525
509144
509518
509855
510162
510778
511097
511427
511769
512371
512638
512975
513349
513920
514149
514500
514893
515434
515629
516001
516407
516909
517084
517479
517886
518352
518516
518930
519333
519766
519923
520357
520748
521152
521309
521755
522135
522513
522670
523130
523492
523849
524012
524477
524823
525164
525330
525800
526130
526456
526629
527097
527413
527731
527904
528372
528676
528982
529159
529625
529915
530217
530394
530854
531136
531431
531608
532064
532336
532629
532804
533252
533519
533809
533979
534423
534683
534971
535138
535572
535831
536118
536277
536705
536961
537247
537402
537820
538074
538363
538508
538917
539173
539461
539601
539999
540252
540547
540678
541063
541319
541616
541740
542114
542368
542672
542790
543148
543403
543714
543825
544171
544422
544741
544851
545178
545425
545756
545862
546174
546416
546755
546864
547159
547390
547741
547853
548132
548353
548710
548832
549098
549301
549667
549799
550053
550240
550608
550753
551002
551167
551534
551695
551939
552086
552448
552621
552870
552997
553346
553534
553791
553900
554236
554432
554701
554800
555113
555314
555601
555692
555984
556183
556485
556579
556849
557038
557357
557458
557709
557884
558212
558327
558567
558718
559053
559187
559419
559550
559880
560031
560270
560377
560693
560862
561111
561202
561501
561675
561942
562027
562300
562475
562762
562847
563099
563262
563564
563663
563897
564039
564353
564468
564694
564815
565124
565261
565491
565587
565885
566038
566280
566363
566638
566796
567061
567138
567389
567543
567825
567910
568144
568275
568580
568662
568928
568985
569311
569404
569696
569735
570031
570127
570423
570491
570767
570838
571138
571222
571509
571565
571850
571930
572222
572293
572574
572637
572923
573001
573285
573349
573629
573698
573982
574054
574333
574396
574674
574744
575023
575090
575365
575431
575707
575777
576051
576116
576388
576454
576726
576792
577063
577127
577398
577464
577733
577798
578065
578128
578395
578460
578725
578788
579053
579117
579381
579444
579707
579769
580031
580093
580354
580416
580676
580737
580996
581058
581316
581377
581634
581695
581951
582011
582267
582326
582581
582640
582894
582953
583206
583265
583517
583575
583826
583884
584134
584192
584441
584499
584748
584805
585053
585110
585357
585414
585659
585715
585960
586017
586261
586317
586561
586616
586859
586914
587156
587211
587452
587506
587746
587801
588041
588095
588334
588388
588626
588679
588916
588969
589206
589259
589495
589548
589783
589836
590070
590122
590355
590407
590640
590692
590923
590975
591206
591258
591489
591540
591769
591820
592049
592099
592327
592378
592606
592656
592883
592933
593159
593209
593434
593483
593708
593757
593981
594030
594254
594303
594526
594574
594796
594844
595066
595114
595335
595383
595603
595651
595870
595918
596137
596184
596402
596449
596666
596713
596930
596977
597194
597240
597456
597502
597717
597763
597977
598023
598237
598283
598496
598541
598754
598799
599012
599056
599268
599312
599523
599568
599778
599823
600033
600077
600286
600330
600538
600582
600790
600833
601041
601084
601292
601335
601541
601584
601790
601832
602038
602080
602285
602328
602532
602575
602779
602821
603024
603066
603269
603310
603512
603554
603756
603797
603999
604040
604241
604281
604482
604522
604722
604763
604962
605003
605202
605242
605440
605480
605678
605718
605916
605955
606152
606192
606389
606428
606624
606663
606859
606898
607093
607132
607327
607366
607560
607599
607792
607831
608024
608062
608255
608293
608486
608524
608716
608754
608945
608983
609174
609211
609402
609439
609629
609667
609856
609893
610083
610119
610308
610345
610533
610570
610758
610794
610981
611018
611205
611241
611427
611463
611649
611685
611871
611906
612092
612127
612312
612347
612532
612567
612751
612786
612969
613004
613188
613222
613405
613440
613622
613656
613838
613873
614054
614089
614270
614304
614484
614518
614699
614732
614912
614946
615125
615159
615338
615372
615550
615583
615762
615795
615973
616006
616183
616216
616393
616426
616602
616635
616811
616844
617020
617052
617228
617260
617435
617467
617642
617674
617849
617881
618055
618087
618260
618292
618465
618497
618670
618701
618874
618905
619077
619108
619280
619311
619483
619514
619685
619716
619887
619917
620088
620118
620288
620319
620489
620519
620688
620718
620888
620918
621086
621116
621285
621315
621483
621512
621680
621710
621877
621907
622074
622103
622270
622299
622465
622494
622660
622689
622855
622884
623049
623078
623243
623272
623436
623465
623629
623658
623822
623850
624014
624042
624206
624234
624397
624425
624588
624616
624779
624807
624969
624996
625158
625186
625348
625375
625536
625564
625725
625752
625913
625940
626100
626127
626287
626314
626474
626501
626660
626687
626846
626873
627032
627058
627217
627244
627402
627428
627586
627612
627770
627796
627954
627980
628137
628163
628320
628345
628502
628528
628684
628709
628865
628891
629046
629072
629227
629252
629407
629433
629588
629613
629767
629792
629947
629972
630126
630151
630305
630330
630483
630508
630661
630686
630839
630864
631016
631041
631193
631218
631369
631394
631545
631570
631720
631746
631896
631920
632071
632096
632245
632270
632420
632444
632593
632618
632767
632791
632941
632965
633113
633137
633286
633310
633458
633482
633632
633636
633821
633779
)
;

boundaryField
{
    sides
    {
        type            calculated;
        value           nonuniform List<scalar> 2(633779 673092);
    }
    empty
    {
        type            empty;
    }
}


// ************************************************************************* //
